         0     241.50
      3600     243.29
      7200     245.00
     10800     246.35
     14400     247.07
     18000     247.44
     21600     247.43
     25200     247.05
     28800     246.40
     32400     245.10
     36000     243.31
     39600     241.21
     43200     238.86
     46800     236.67
     50400     234.43
     54000     233.04
     57600     231.92
     61200     231.24
     64800     231.15
     68400     231.71
     72000     232.79
     75600     234.58
     79200     236.50
     82800     238.82
     86400     241.25
     90000     243.23
     93600     244.88
     97200     246.17
    100800     247.00
    104400     247.46
    108000     247.36
    111600     246.67
    115200     245.80
    118800     244.38
    122400     242.71
    126000     240.54
    129600     237.69
