     0.      241.0     0.      6.2         0.    9.4          0    0.0
     51.     241.0     51.     6.2        51.    9.4         51.   0.0
     99.     241.0     99.     6.2        99.    9.4         99.   0.0
     126.    241.0     126.    6.2       126.    9.4         126.  0.0
     155.    244.16    155.    6.2       155.    9.4         155.  0.0
     186.5   246.75    186.5   6.2       186.5   9.4         186.5 0.0
     221.0   248.37    221.0   6.2       221.0   9.4         221.0 0.0
     258.5   249.18    258.5   6.2       258.5   9.4         258.5 0.0
     299.    249.68    299.    6.2       299.    9.4          299.  0.0
     343.    250.13    343.    6.2       343.    9.4         343.  0.0
     391.    250.61    391.    6.2       391.    9.4         391.  0.0
     441.    251.11    441.    6.2       441.    9.4         441.  0.0
     491.    251.61    491.    6.2       491.    9.4         491.  0.0
     541.    252.11    541.    6.2       541.    9.4         541.  0.0
     591.    252.61    591.    6.2       591.    9.4         591.  0.0
     641     253.11    641     6.2       641     9.4         641   0.0
     691     253.62    691     6.2       691     9.4         691   0.0
     741     254.11    741     6.2       741     9.4         741   0.0
     791     254.61    792     6.2       792     9.4         792   0.0
     841     255.11    841     6.2       841     9.4         841   0.0
     891     255.61    891     6.2       891     9.4         891   0.0
     943     256.14    943     6.2       943     9.4         943   0.0
    1000.    256.27    1000.    6.2      1000.    9.4        1000  0.0
    2000.    263.24    2000.    6.2      2000.   9.4         2000  0.0
    3000.    269.99    3000.    6.2     3000.    9.4         3000  0.0
    4000.    274.20    4000.    6.2     4000.    9.4         4000  0.0
    5000.    278.20    5000.    6.2     5000.    9.4         5000  0.0
    6000.    282.15    6000.    6.2     6000.    9.4         6000  0.0
    7000.    280.00    7000.    6.2     7000.    9.4         7000  0.0
    8000.    290.20    8000.    6.2     8000.    9.4         8000  0.0
    9000.    294.20    9000.    6.2     9000.    9.4         9000  0.0
   10000.    302.2   10000.    6.2    10000.    9.4        10000  0.0
   11000.    300.00   11000.    6.2    11000.    9.4        11000  0.0
   12000.    310.2   12000.    6.2    12000.    9.4        12000  0.0