       0.0000 0.0000 0.0000 240.9949
      10.0000 -0.1795 -7.8537 240.9958
      30.0000 -0.2464 -8.7892 240.9959
      51.0000 -0.3081 -9.3614 240.9960
      74.0000 -0.3741 -9.8295 240.9961
      99.0000 -0.4343 -10.1803 240.9962
     126.0000 -0.5144 -10.5683 240.9964
     155.0000 -6.2023 -9.4044 244.1552
     186.5000 -6.2010 -9.3999 246.7453
     221.0000 -6.2003 -9.4000 248.3663
     258.5000 -6.2001 -9.4000 249.1798
     299.0000 -6.2000 -9.4000 249.6776
     343.0000 -6.2000 -9.4000 250.1305
     391.0000 -6.2000 -9.4000 250.6118
     441.0000 -6.2000 -9.4000 251.1119
     491.0000 -6.2000 -9.4000 251.6120
     541.0000 -6.2000 -9.4000 252.1121
     591.0000 -6.2000 -9.4000 252.6122
     641.0000 -6.2000 -9.4000 253.1122
     691.0000 -6.2000 -9.4000 253.6123
     741.0000 -6.2000 -9.4000 254.1124
     791.0000 -6.2000 -9.4000 254.6125
     841.0000 -6.2000 -9.4000 255.1125
     891.0000 -6.2000 -9.4000 255.6126
     943.5000 -6.2000 -9.4000 256.1375
    1002.5000 -6.2000 -9.4000 256.7259
    1070.0000 -6.2000 -9.4000 257.3800
    1147.0000 -6.2000 -9.4000 257.9758
    1235.0000 -6.2000 -9.4000 258.5262
    1336.0000 -6.2000 -9.4000 259.1430
    1452.0000 -6.2000 -9.4000 259.8506
    1585.0000 -6.2000 -9.4000 260.6619
    1737.5000 -6.2000 -9.4000 261.5922
    1912.5000 -6.2000 -9.4000 262.6618
    2113.5000 -6.2000 -9.4000 263.9895
    2344.5000 -6.2000 -9.4000 265.6053
    2610.0000 -6.2000 -9.4000 267.4640
    2915.0000 -6.2000 -9.4000 269.5942
    3265.0000 -6.2000 -9.4000 271.2534
    3667.0000 -6.2000 -9.4000 272.8631
    4129.0000 -6.2000 -9.4000 274.7114
    4660.0000 -6.2000 -9.4000 276.8359
    5270.5000 -6.2000 -9.4000 279.2787
    5972.0000 -6.2000 -9.4000 282.0856
    6778.0000 -6.2000 -9.4000 285.3110
    7640.0000 -6.2000 -9.4000 288.7605
    8502.0000 -6.2000 -9.4000 292.2101
    9364.0000 -6.2000 -9.4000 295.6598