     0.010    240.05
     0.030    241.40
     0.050    242.73
     0.070    244.04
     0.090    245.33
     0.110    246.61
     0.130    247.87
     0.150    249.12
     0.170    250.36
     0.190    251.58
     0.210    252.80
     0.230    254.01
     0.250    255.22
     0.270    256.42
     0.290    257.61
     0.340    258.44
     0.420    258.89
     0.500    259.34
     0.580    259.80
     0.660    260.26
     0.740    260.72
     0.820    261.19
     0.900    261.67
     0.980    262.15
     1.060    262.65
     1.140    263.15
     1.220    263.67
     1.300    264.19
     1.380    264.72
     1.460    265.26
     1.540    265.80
     1.620    266.35
     1.700    266.90
     1.780    267.46
     1.860    268.02
     1.940    268.59
     2.020    269.16
     2.100    269.72
     2.180    270.29
     2.260    270.86
