     0.010    252.11
     0.030    253.37
     0.050    254.32
     0.070    254.98
     0.090    255.41
     0.110    255.68
     0.130    255.85
     0.150    255.94
     0.170    256.01
     0.190    256.06
     0.210    256.13
     0.230    256.23
     0.250    256.37
     0.270    256.56
     0.290    256.80
     0.340    257.00
     0.420    257.36
     0.500    257.86
     0.580    258.43
     0.660    259.03
     0.740    259.64
     0.820    260.24
     0.900    260.85
     0.980    261.45
     1.060    262.06
     1.140    262.67
     1.220    263.27
     1.300    263.88
     1.380    264.48
     1.460    265.09
     1.540    265.70
     1.620    266.30
     1.700    266.91
     1.780    267.51
     1.860    268.12
     1.940    268.72
     2.020    269.32
     2.100    269.90
     2.180    270.45
     2.260    270.93
