     0.010    246.13
     0.030    247.24
     0.050    248.29
     0.070    249.29
     0.090    250.23
     0.110    251.12
     0.130    251.97
     0.150    252.78
     0.170    253.55
     0.190    254.29
     0.210    255.01
     0.230    255.71
     0.250    256.39
     0.270    257.06
     0.290    257.73
     0.340    258.20
     0.420    258.48
     0.500    258.81
     0.580    259.18
     0.660    259.59
     0.740    260.04
     0.820    260.53
     0.900    261.04
     0.980    261.58
     1.060    262.14
     1.140    262.72
     1.220    263.30
     1.300    263.89
     1.380    264.49
     1.460    265.08
     1.540    265.68
     1.620    266.27
     1.700    266.86
     1.780    267.44
     1.860    268.03
     1.940    268.60
     2.020    269.18
     2.100    269.74
     2.180    270.31
     2.260    270.87
