     0.010    248.33
     0.030    249.37
     0.050    250.33
     0.070    251.22
     0.090    252.02
     0.110    252.76
     0.130    253.44
     0.150    254.07
     0.170    254.64
     0.190    255.18
     0.210    255.69
     0.230    256.17
     0.250    256.64
     0.270    257.10
     0.290    257.57
     0.340    257.89
     0.420    258.14
     0.500    258.46
     0.580    258.85
     0.660    259.30
     0.740    259.80
     0.820    260.34
     0.900    260.90
     0.980    261.48
     1.060    262.07
     1.140    262.67
     1.220    263.28
     1.300    263.88
     1.380    264.48
     1.460    265.09
     1.540    265.69
     1.620    266.29
     1.700    266.89
     1.780    267.48
     1.860    268.07
     1.940    268.64
     2.020    269.21
     2.100    269.78
     2.180    270.33
     2.260    270.88
