       1.0      0.000    256.86    0.000000    0.000000    0.000000    0.000000    0.000000
       2.0      0.000    256.86    0.000000    0.000000    0.000000    0.000000    0.000000
       3.0      0.000    256.86    0.000000    0.000000    0.000000    0.000000    0.000000
       4.0      0.000    256.86    0.000000    0.000000    0.000000    0.000000    0.000000
       5.0      0.000    256.85    0.000000    0.000000    0.000000    0.000000    0.000000
       6.0      0.000    256.85    0.000000    0.000000    0.000000    0.000000    0.000000
       7.0      0.000    256.85    0.000000    0.000000    0.000000    0.000000    0.000000
       8.0      0.000    256.84    0.000000    0.000000    0.000000    0.000000    0.000000
       9.0      0.000    256.84    0.000000    0.000000    0.000000    0.000000    0.000000
      10.0      0.000    256.83    0.000000    0.000000    0.000000    0.000000    0.000000
      11.0      0.000    256.83    0.000000    0.000000    0.000000    0.000000    0.000000
      12.0      0.000    256.82    0.000000    0.000000    0.000000    0.000000    0.000000
      13.0      0.000    256.81    0.000000    0.000000    0.000000    0.000000    0.000000
      14.0      0.000    256.81    0.000000    0.000000    0.000000    0.000000    0.000000
      15.0      0.000    256.80    0.000000    0.000000    0.000000    0.000000    0.000000
      16.0      0.000    256.80    0.000000    0.000000    0.000000    0.000000    0.000000
      17.0      0.000    256.79    0.000000    0.000000    0.000000    0.000000    0.000000
      18.0      0.000    256.79    0.000000    0.000000    0.000000    0.000000    0.000000
      19.0      0.000    256.78    0.000000    0.000000    0.000000    0.000000    0.000000
      20.0      0.000    256.78    0.000000    0.000000    0.000000    0.000000    0.000000
      21.0      0.000    256.77    0.000000    0.000000    0.000000    0.000000    0.000000
      22.0      0.000    256.76    0.000000    0.000000    0.000000    0.000000    0.000000
      23.0      0.000    256.76    0.000000    0.000000    0.000000    0.000000    0.000000
      24.0      0.000    256.75    0.000000    0.000000    0.000000    0.000000    0.000000
      25.0      0.000    256.75    0.000000    0.000000    0.000000    0.000000    0.000000
      26.0      0.000    256.74    0.000000    0.000000    0.000000    0.000000    0.000000
      27.0      0.000    256.73    0.000000    0.000000    0.000000    0.000000    0.000000
      28.0      0.000    256.73    0.000000    0.000000    0.000000    0.000000    0.000000
      29.0      0.000    256.72    0.000000    0.000000    0.000000    0.000000    0.000000
      30.0      0.000    256.71    0.000000    0.000000    0.000000    0.000000    0.000000
      31.0      0.000    256.71    0.000000    0.000000    0.000000    0.000000    0.000000
      32.0      0.000    256.70    0.000000    0.000000    0.000000    0.000000    0.000000
      33.0      0.000    256.69    0.000000    0.000000    0.000000    0.000000    0.000000
      34.0      0.000    256.69    0.000000    0.000000    0.000000    0.000000    0.000000
      35.0      0.000    256.68    0.000000    0.000000    0.000000    0.000000    0.000000
      36.0      0.000    256.68    0.000000    0.000000    0.000000    0.000000    0.000000
      37.0      0.000    256.67    0.000000    0.000000    0.000000    0.000000    0.000000
      38.0      0.000    256.66    0.000000    0.000000    0.000000    0.000000    0.000000
      39.0      0.000    256.66    0.000000    0.000000    0.000000    0.000000    0.000000
      40.0      0.000    256.65    0.000000    0.000000    0.000000    0.000000    0.000000
      41.0      0.000    256.64    0.000000    0.000000    0.000000    0.000000    0.000000
      42.0      0.000    256.64    0.000000    0.000000    0.000000    0.000000    0.000000
      43.0      0.000    256.63    0.000000    0.000000    0.000000    0.000000    0.000000
      44.0      0.000    256.62    0.000000    0.000000    0.000000    0.000000    0.000000
      45.0      0.000    256.61    0.000000    0.000000    0.000000    0.000000    0.000000
      46.0      0.000    256.61    0.000000    0.000000    0.000000    0.000000    0.000000
      47.0      0.000    256.60    0.000000    0.000000    0.000000    0.000000    0.000000
      48.0      0.000    256.59    0.000000    0.000000    0.000000    0.000000    0.000000
      49.0      0.000    256.59    0.000000    0.000000    0.000000    0.000000    0.000000
      50.0      0.000    256.48    0.000000    0.000000    0.000000    0.000000    0.000000
      51.0      0.000    256.47    0.000000    0.000000    0.000000    0.000000    0.000000
      52.0      0.000    256.46    0.000000    0.000000    0.000000    0.000000    0.000000
      53.0      0.000    256.45    0.000000    0.000000    0.000000    0.000000    0.000000
      54.0      0.000    256.44    0.000000    0.000000    0.000000    0.000000    0.000000
      55.0      0.000    256.43    0.000000    0.000000    0.000000    0.000000    0.000000
      56.0      0.000    256.42    0.000000    0.000000    0.000000    0.000000    0.000000
      57.0      0.000    256.41    0.000000    0.000000    0.000000    0.000000    0.000000
