   0.00    0.0000    0.0000    0.0000  242.4575  242.4575  0.000000       0.00000       0.00000              0.0000    0.000000     0.00000     0.00000    0.000000000    0.000000000    0.000000000    0.000000      0.0000
   6.00    7.6620    3.5470    8.4432  244.1332  244.1332  0.000000       0.70091       0.70091              0.0000    0.000000     0.00000     0.00000   -0.000017835    0.000000000    0.000000000  244.045450  99874.1696
  18.00    8.7229    3.9533    9.5769  244.2681  244.2681  0.000000       2.09012       2.09012              0.0630    0.000000    -0.00000     0.00000   -0.000031939    0.000000000    0.000000000  244.033850  99664.6241
  30.00    9.4115    4.1685   10.2933  244.3585  244.3585  0.000000       1.97182       1.97182              0.0900    0.000000    -0.00000     0.00000   -0.000037284   -0.000000030   -0.000000075  244.007057  99497.3256
  42.00   10.0482    4.3247   10.9394  244.4450  244.4450  0.000000       2.14801       2.14801              0.1051    0.000000    -0.00000     0.00000   -0.000040007   -0.000000042   -0.000000087  243.976345  99330.2882
  54.00   10.6237    4.4280   11.5096  244.5263  244.5263  0.000000       2.09660       2.09660              0.1212    0.000000    -0.00000     0.00000   -0.000042097   -0.000000050   -0.000000095  243.940344  99163.5084
  66.00   11.1698    4.4904   12.0386  244.6068  244.6068  0.000000       2.03623       2.03623              0.1352    0.000000    -0.00000     0.00000   -0.000043898   -0.000000051   -0.000000095  243.903570  98996.9839
  78.00   11.6919    4.5155   12.5336  244.6876  244.6876  0.000000       1.92478       1.92478              0.1490    0.000000    -0.00000     0.00000   -0.000045571   -0.000000048   -0.000000093  243.867057  98830.7140
  90.00   12.1966    4.5057   13.0022  244.7702  244.7702  0.000000       1.79519       1.79519              0.1627    0.000000    -0.00000     0.00000   -0.000047196   -0.000000043   -0.000000087  243.832209  98664.6992
 102.00   12.6861    4.4619   13.4479  244.8554  244.8554  0.000000       1.64922       1.64922              0.1767    0.000000    -0.00000     0.00000   -0.000048799   -0.000000034   -0.000000079  243.799968  98498.9404
 114.00   13.1620    4.3839   13.8729  244.9442  244.9442  0.000000       1.49518       1.49518              0.1912    0.000000    -0.00000     0.00000   -0.000050408   -0.000000023   -0.000000068  243.771328  98333.4394
 126.00   13.6245    4.2713   14.2783  245.0378  245.0378  0.000000       1.33661       1.33661              0.2066    0.000000    -0.00000     0.00000   -0.000052047   -0.000000009   -0.000000055  243.747304  98168.1987
 138.00   14.0726    4.1231   14.6642  245.1372  245.1372  0.000000       1.17704       1.17704              0.2233    0.000000    -0.00000     0.00000   -0.000053756    0.000000008   -0.000000038  243.729079  98003.2214
 150.00   14.5050    3.9379   15.0300  245.2440  245.2440  0.000000       1.01881       1.01881              0.2417    0.000000    -0.00001     0.00000   -0.000055551    0.000000031   -0.000000017  243.718100  97838.5115
 162.00   14.9191    3.7136   15.3744  245.3600  245.3600  0.000000       0.86407       0.86407              0.2627    0.000000    -0.00001     0.00000   -0.000057574    0.000000059    0.000000010  243.716257  97674.0741
 174.00   15.3115    3.4478   15.6949  245.4878  245.4878  0.000000       0.71422       0.71422              0.2871    0.000000    -0.00001     0.00000   -0.000059608    0.000000096    0.000000046  243.726156  97509.9157
 186.00   15.6771    3.1371   15.9879  245.6315  245.6315  0.000000       0.57113       0.57113              0.3165    0.000000    -0.00001     0.00000   -0.000061882    0.000000147    0.000000095  243.751666  97346.0451
 198.00   16.0089    2.7766   16.2479  245.7973  245.7973  0.000000       0.43528       0.43528              0.3538    0.000000    -0.00001     0.00000   -0.000064403    0.000000223    0.000000167  243.799044  97182.4744
 210.00   16.2948    2.3593   16.4647  245.9960  245.9960  0.000000       0.31104       0.31104              0.4037    0.000000    -0.00002     0.00000   -0.000067267    0.000000346    0.000000285  243.878986  97019.2211
 222.00   16.5148    1.8717   16.6206  246.2508  246.2508  0.000000       0.19497       0.19497              0.4798    0.000000    -0.00002     0.00000   -0.000070920    0.000000577    0.000000505  244.014418  96856.3139
 234.00   16.6201    1.3004   16.6709  246.6120  246.6120  0.000000       0.10539       0.10539              0.6044    0.000000    -0.00005     0.00000   -0.000077242    0.000001202    0.000001092  244.255181  96693.8054
 246.00   16.4663    0.5916   16.4769  247.2900  247.2900  0.000000       0.02181       0.02181              1.0366    0.000000    -0.00005     0.00000   -0.000067520    0.000005595    0.000004839  244.809484  96531.8328
 258.00   15.4449   -0.0948   15.4452  250.2361  250.2361  0.000000       0.00087       0.00087              2.3340    0.000000     0.00000     0.00000   -0.000222149    0.000011459    0.000010786  247.608399  96371.2261
 270.00   15.0041   -0.0053   15.0041  253.4800  253.4800  0.000000       0.00000       0.00000             20.3521    0.000000    -0.00011     0.00000   -0.000009796    0.000009707    0.000010049  250.700245  96212.7796
 282.00   15.0000   -0.0000   15.0000  254.7711  254.7711  0.000000       0.00000       0.00000          42411.3150    0.000000    -0.00007     0.00000   -0.000000000    0.000004933    0.000004786  251.859747  96055.9363
 294.00   15.0000   -0.0000   15.0000  255.5798  255.5798  0.000000       0.00000       0.00000        2403713.9899    0.000000    -0.00006     0.00000    0.000000000    0.000003625    0.000003440  252.541958  95899.9206
 306.00   15.0000   -0.0000   15.0000  256.2746  256.2746  0.000000       0.00000       0.00000        2005976.4139    0.000000    -0.00005     0.00000    0.000000000    0.000003078    0.000002904  253.111210  95744.5437
 318.00   15.0000   -0.0000   15.0000  256.8380  256.8380  0.000000       0.00000       0.00000        1691770.2272    0.000000    -0.00005     0.00000    0.000000000    0.000002609    0.000002436  253.550397  95589.7271
 330.00   15.0000   -0.0000   15.0000  257.3380  257.3380  0.000000       0.00000       0.00000        1500747.8037    0.000000    -0.00005     0.00000    0.000000000    0.000002321    0.000002152  253.926817  95435.4091
 342.00   15.0000    0.0000   15.0000  257.7831  257.7831  0.000000       0.00000       0.00000        1352789.1570    0.000000    -0.00004     0.00000    0.000000000    0.000002091    0.000001923  254.248851  95281.5519
 354.00   15.0000    0.0000   15.0000  258.1914  258.1914  0.000000       0.00000       0.00000        1238808.4686    0.000000    -0.00004     0.00000    0.000000000    0.000001908    0.000001742  254.534386  95128.1260
 366.00   15.0000    0.0000   15.0000  258.5659  258.5659  0.000000       0.00000       0.00000        1151847.1863    0.000000    -0.00004     0.00000    0.000000000    0.000001769    0.000001602  254.786362  94975.1087
 378.00   15.0000    0.0000   15.0000  258.9203  258.9203  0.000000       0.00000       0.00000        1074468.4396    0.000000    -0.00004     0.00000    0.000000000    0.000001638    0.000001473  255.018433  94822.4825
 390.00   15.0000    0.0000   15.0000  259.2468  259.2468  0.000000       0.00000       0.00000        1014868.2799    0.000000    -0.00004     0.00000    0.000000000    0.000001539    0.000001373  255.222772  94670.2318
 402.00   15.0000    0.0000   15.0000  259.5642  259.5642  0.000000       0.00000       0.00000         956364.1681    0.000000    -0.00004     0.00000    0.000000000    0.000001434    0.000001270  255.418149  94518.3444
 414.00   15.0000    0.0000   15.0000  259.8543  259.8543  0.000000       0.00000       0.00000         905947.4257    0.000000    -0.00004     0.00000    0.000000000    0.000001344    0.000001179  255.586407  94366.8086
 426.00   15.0000    0.0000   15.0000  260.1404  260.1404  0.000000       0.00000       0.00000         865771.3928    0.000000    -0.00004     0.00000    0.000000000    0.000001271    0.000001106  255.750637  94215.6140
 438.00   15.0000    0.0000   15.0000  260.4055  260.4055  0.000000       0.00000       0.00000         824205.2815    0.000000    -0.00004     0.00000    0.000000000    0.000001192    0.000001027  255.894116  94064.7524
 450.00   15.0000    0.0000   15.0000  260.6656  260.6656  0.000000       0.00000       0.00000         794560.6217    0.000000    -0.00003     0.00000    0.000000000    0.000001137    0.000000972  256.032616  93914.2153
 462.00   15.0000    0.0000   15.0000  260.9124  260.9124  0.000000       0.00000       0.00000         762702.2540    0.000000    -0.00003     0.00000    0.000000000    0.000001075    0.000000909  256.157801  93763.9963
 474.00   15.0000    0.0000   15.0000  261.1527  261.1527  0.000000       0.00000       0.00000         738430.5078    0.000000    -0.00003     0.00000    0.000000000    0.000001028    0.000000863  256.276570  93614.0891
 486.00   15.0000    0.0000   15.0000  261.3843  261.3843  0.000000       0.00000       0.00000         714385.1134    0.000000    -0.00003     0.00000    0.000000000    0.000000981    0.000000815  256.386754  93464.4882
 498.00   15.0000    0.0000   15.0000  261.6096  261.6096  0.000000       0.00000       0.00000         691888.7760    0.000000    -0.00003     0.00000    0.000000000    0.000000935    0.000000769  256.490634  93315.1888
 510.00   15.0000    0.0000   15.0000  261.8273  261.8273  0.000000       0.00000       0.00000         669530.2268    0.000000    -0.00003     0.00000    0.000000000    0.000000889    0.000000722  256.586879  93166.1859
 522.00   15.0000    0.0000   15.0000  262.0387  262.0387  0.000000       0.00000       0.00000         649141.4806    0.000000    -0.00003     0.00000    0.000000000    0.000000846    0.000000679  256.676882  93017.4749
 534.00   15.0000    0.0000   15.0000  262.2436  262.2436  0.000000       0.00000       0.00000         631136.3294    0.000000    -0.00003     0.00000    0.000000000    0.000000807    0.000000640  256.760467  92869.0514
 546.00   15.0000    0.0000   15.0000  262.4437  262.4437  0.000000       0.00000       0.00000         613128.1752    0.000000    -0.00003     0.00000    0.000000000    0.000000768    0.000000600  256.839287  92720.9116
 558.00   15.0000    0.0000   15.0000  262.6374  262.6374  0.000000       0.00000       0.00000         597096.5721    0.000000    -0.00003     0.00000    0.000000000    0.000000733    0.000000565  256.911675  92573.0515
 570.00   15.0000    0.0000   15.0000  262.8275  262.8275  0.000000       0.00000       0.00000         580153.2563    0.000000    -0.00003     0.00000    0.000000000    0.000000694    0.000000526  256.980524  92425.4678
 582.00   15.0000    0.0000   15.0000  263.0106  263.0106  0.000000       0.00000       0.00000         564656.3845    0.000000    -0.00003     0.00000    0.000000000    0.000000659    0.000000490  257.042357  92278.1569
 594.00   15.0000    0.0000   15.0000  263.1910  263.1910  0.000000       0.00000       0.00000         549801.9851    0.000000    -0.00003     0.00000    0.000000000    0.000000624    0.000000456  257.101544  92131.1153
 606.00   15.0000    0.0000   15.0000  263.3647  263.3647  0.000000       0.00000       0.00000         534216.5862    0.000000    -0.00003     0.00000    0.000000000    0.000000587    0.000000418  257.154114  91984.3398
 618.00   15.0000    0.0000   15.0000  263.5353  263.5353  0.000000       0.00000       0.00000         521383.8927    0.000000    -0.00003     0.00000    0.000000000    0.000000556    0.000000387  257.203562  91837.8273
 630.00   15.0000    0.0000   15.0000  263.7010  263.7010  0.000000       0.00000       0.00000         507895.7252    0.000000    -0.00003     0.00000    0.000000000    0.000000523    0.000000354  257.248119  91691.5748
 642.00   15.0000    0.0000   15.0000  263.8631  263.8631  0.000000       0.00000       0.00000         496500.1456    0.000000    -0.00003     0.00000    0.000000000    0.000000496    0.000000327  257.289132  91545.5795
 654.00   15.0000    0.0000   15.0000  264.0216  264.0216  0.000000       0.00000       0.00000         485603.9107    0.000000    -0.00003     0.00000    0.000000000    0.000000469    0.000000299  257.326564  91399.8389
 666.00   15.0000    0.0000   15.0000  264.1768  264.1768  0.000000       0.00000       0.00000         476096.7029    0.000000    -0.00003     0.00000    0.000000000    0.000000445    0.000000276  257.360761  91254.3505
 678.00   15.0000    0.0000   15.0000  264.3294  264.3294  0.000000       0.00000       0.00000         467612.1863    0.000000    -0.00003     0.00000    0.000000000    0.000000424    0.000000254  257.392245  91109.1123
 690.00   15.0000    0.0000   15.0000  264.4793  264.4793  0.000000       0.00000       0.00000         459432.1093    0.000000    -0.00003     0.00000    0.000000000    0.000000404    0.000000234  257.421134  90964.1222
 702.00   15.0000    0.0000   15.0000  264.6268  264.6268  0.000000       0.00000       0.00000         451567.4277    0.000000    -0.00003     0.00000    0.000000000    0.000000384    0.000000214  257.447498  90819.3783
 714.00   15.0000    0.0000   15.0000  264.7718  264.7718  0.000000       0.00000       0.00000         444755.3168    0.000000    -0.00003     0.00000    0.000000000    0.000000367    0.000000196  257.471461  90674.8789
 726.00   15.0000    0.0000   15.0000  264.9150  264.9150  0.000000       0.00000       0.00000         439121.0473    0.000000    -0.00003     0.00000    0.000000000    0.000000352    0.000000182  257.493560  90530.6223
 738.00   15.0000    0.0000   15.0000  265.0565  265.0565  0.000000       0.00000       0.00000         434280.8513    0.000000    -0.00003     0.00000    0.000000000    0.000000340    0.000000169  257.513996  90386.6070
 750.00   15.0000    0.0000   15.0000  265.1967  265.1967  0.000000       0.00000       0.00000         430011.7703    0.000000    -0.00003     0.00000    0.000000000    0.000000330    0.000000158  257.533066  90242.8319
 762.00   15.0000    0.0000   15.0000  265.3356  265.3356  0.000000       0.00000       0.00000         426606.7308    0.000000    -0.00003     0.00000    0.000000000    0.000000321    0.000000150  257.550832  90099.2957
 774.00   15.0000    0.0000   15.0000  265.4737  265.4737  0.000000       0.00000       0.00000         423643.2733    0.000000    -0.00003     0.00000    0.000000000    0.000000314    0.000000142  257.567774  89955.9975
 786.00   15.0000    0.0000   15.0000  265.6108  265.6108  0.000000       0.00000       0.00000         421663.3381    0.000000    -0.00003     0.00000    0.000000000    0.000000309    0.000000137  257.583690  89812.9363
 798.00   15.0000    0.0000   15.0000  265.7478  265.7478  0.000000       0.00000       0.00000         420567.4922    0.000000    -0.00003     0.00000    0.000000000    0.000000307    0.000000135  257.599400  89670.1114
 810.00   15.0000    0.0000   15.0000  265.8843  265.8843  0.000000       0.00000       0.00000         420640.3628    0.000000    -0.00003     0.00000    0.000000000    0.000000308    0.000000135  257.614641  89527.5222
 822.00   15.0000    0.0000   15.0000  266.0215  266.0215  0.000000       0.00000       0.00000         421510.4806    0.000000    -0.00004     0.00000    0.000000000    0.000000312    0.000000138  257.630413  89385.1683
 834.00   15.0000    0.0000   15.0000  266.1588  266.1588  0.000000       0.00000       0.00000         423063.2945    0.000000    -0.00004     0.00000    0.000000000    0.000000317    0.000000143  257.646219  89243.0494
 846.00   15.0000    0.0000   15.0000  266.2971  266.2971  0.000000       0.00000       0.00000         426529.7335    0.000000    -0.00004     0.00000    0.000000000    0.000000328    0.000000153  257.662986  89101.1655
 858.00   15.0000    0.0000   15.0000  266.4367  266.4367  0.000000       0.00000       0.00000         432135.6006    0.000000    -0.00004     0.00000    0.000000000    0.000000345    0.000000169  257.680995  88959.5167
 870.00   15.0000    0.0000   15.0000  266.5789  266.5789  0.000000       0.00000       0.00000         440782.0674    0.000000    -0.00004     0.00000    0.000000000    0.000000371    0.000000194  257.701316  88818.1036
 882.00   15.0000    0.0000   15.0000  266.7243  266.7243  0.000000       0.00000       0.00000         451492.6489    0.000000    -0.00004     0.00000    0.000000000    0.000000403    0.000000225  257.724800  88676.9272
 894.00   15.0000    0.0000   15.0000  266.8736  266.8736  0.000000       0.00000       0.00000         467674.9152    0.000000    -0.00004     0.00000    0.000000000    0.000000451    0.000000271  257.751901  88535.9891
 906.00   15.0000    0.0000   15.0000  267.0298  267.0298  0.000000       0.00000       0.00000         484850.3073    0.000000    -0.00005     0.00000    0.000000000    0.000000502    0.000000321  257.785622  88395.2916
 918.00   15.0000    0.0000   15.0000  267.1904  267.1904  0.000000       0.00000       0.00000         521417.5203    0.000000    -0.00005     0.00000    0.000000000    0.000000611    0.000000426  257.823598  88254.8372
 930.00   15.0000    0.0000   15.0000  267.3707  267.3707  0.000000       0.00000       0.00000         540565.0228    0.000000    -0.00005     0.00000    0.000000000    0.000000670    0.000000484  257.880434  88114.6317
 942.00   15.0000    0.0000   15.0000  267.5442  267.5442  0.000000       0.00000       0.00000         644811.5202    0.000000    -0.00007     0.00000    0.000000000    0.000000983    0.000000786  257.930573  87974.6779
 954.00   15.0000    0.0000   15.0000  267.7929  267.7929  0.000000       0.00000       0.00000         641362.6880    0.000000    -0.00005     0.00000    0.000000000    0.000000979    0.000000785  258.053262  87834.9932
 966.00   15.0000    0.0000   15.0000  267.9645  267.9645  0.000000       0.00000       0.00000         962239.1742    0.000000    -0.00014     0.00000    0.000000000    0.000001963    0.000001726  258.101450  87695.5765
 978.00   15.0000    0.0000   15.0000  268.4240  268.4240  0.000000       0.00000       0.00000         887651.5969    0.000000    -0.00004     0.00000    0.000000000    0.000001748    0.000001552  258.426819  87556.4815
 990.00   15.0000    0.0000   15.0000  268.5476  268.5476  0.000000       0.00000       0.00000        2417775.8796    0.000000    -0.00045     0.00000    0.000000000    0.000006779    0.000006152  258.428736  87417.6951
1002.00   15.0000    0.0000   15.0000  270.0130  270.0130  0.000000       0.00000       0.00000        2335584.0106    0.000000    -0.00002     0.00000    0.000000000    0.000006556    0.000006552  259.721487  87279.4735
1014.00   15.0000    0.0000   15.0000  270.0910  270.0910  0.000000       0.00000       0.00000         236005.2723    0.000000    -0.00002     0.00000    0.000000000   -0.000000243   -0.000000441  259.679404  87141.8036
1026.00   15.0000    0.0000   15.0000  270.1690  270.1690  0.000000       0.00000       0.00000         235937.1356    0.000000    -0.00002     0.00000    0.000000000   -0.000000243   -0.000000440  259.637286  87004.3287
1038.00   15.0000    0.0000   15.0000  270.2470  270.2470  0.000000       0.00000       0.00000         235869.0383    0.000000    -0.00003     0.00000    0.000000000   -0.000000243   -0.000000440  259.595135  86867.0483
1050.00   15.0000    0.0000   15.0000  270.3250  270.3250  0.000000       0.00000       0.00000         235800.9803    0.000000    -0.00003     0.00000    0.000000000   -0.000000243   -0.000000440  259.552950  86729.9623
1062.00   15.0000    0.0000   15.0000  270.4030  270.4030  0.000000       0.00000       0.00000         235732.9615    0.000000    -0.00003     0.00000    0.000000000   -0.000000243   -0.000000439  259.510731  86593.0705
1074.00   15.0000    0.0000   15.0000  270.4810  270.4810  0.000000       0.00000       0.00000         235664.9820    0.000000    -0.00003     0.00000    0.000000000   -0.000000243   -0.000000439  259.468479  86456.3724
1086.00   15.0000    0.0000   15.0000  270.5590  270.5590  0.000000       0.00000       0.00000         235597.0417    0.000000    -0.00003     0.00000    0.000000000   -0.000000243   -0.000000439  259.426192  86319.8679
1098.00   15.0000    0.0000   15.0000  270.6370  270.6370  0.000000       0.00000       0.00000         235529.1405    0.000000    -0.00003     0.00000    0.000000000   -0.000000243   -0.000000438  259.383872  86183.5568
1110.00   15.0000    0.0000   15.0000  270.7150  270.7150  0.000000       0.00000       0.00000         235461.2785    0.000000    -0.00003     0.00000    0.000000000   -0.000000243   -0.000000438  259.341518  86047.4387
1122.00   15.0000    0.0000   15.0000  270.7930  270.7930  0.000000       0.00000       0.00000         235393.4555    0.000000    -0.00003     0.00000    0.000000000   -0.000000243   -0.000000438  259.299131  85911.5134
1134.00   15.0000    0.0000   15.0000  270.8710  270.8710  0.000000       0.00000       0.00000         235325.6716    0.000000    -0.00003     0.00000    0.000000000   -0.000000243   -0.000000437  259.256710  85775.7806
1146.00   15.0000    0.0000   15.0000  270.9490  270.9490  0.000000       0.00000       0.00000         235257.9268    0.000000    -0.00003     0.00000    0.000000000   -0.000000243   -0.000000437  259.214255  85640.2401
1158.00   15.0000    0.0000   15.0000  271.0270  271.0270  0.000000       0.00000       0.00000         235190.2209    0.000000    -0.00003     0.00000    0.000000000   -0.000000243   -0.000000436  259.171766  85504.8916
1170.00   15.0000    0.0000   15.0000  271.1050  271.1050  0.000000       0.00000       0.00000         235122.5540    0.000000    -0.00003     0.00000    0.000000000   -0.000000243   -0.000000436  259.129243  85369.7349
1182.00   15.0000    0.0000   15.0000  271.1830  271.1830  0.000000       0.00000       0.00000         235054.9260    0.000000    -0.00003     0.00000    0.000000000   -0.000000244   -0.000000436  259.086687  85234.7697
1194.00   15.0000    0.0000   15.0000  271.2610  271.2610  0.000000       0.00000       0.00000         234987.3369    0.000000    -0.00003     0.00000    0.000000000   -0.000000244   -0.000000435  259.044097  85099.9958
1206.00   15.0000    0.0000   15.0000  271.3390  271.3390  0.000000       0.00000       0.00000         234919.7867    0.000000    -0.00003     0.00000    0.000000000   -0.000000244   -0.000000435  259.001474  84965.4128
1218.00   15.0000    0.0000   15.0000  271.4170  271.4170  0.000000       0.00000       0.00000         234852.2753    0.000000    -0.00003     0.00000    0.000000000   -0.000000244   -0.000000435  258.958817  84831.0206
1230.00   15.0000    0.0000   15.0000  271.4950  271.4950  0.000000       0.00000       0.00000         234784.8027    0.000000    -0.00003     0.00000    0.000000000   -0.000000244   -0.000000434  258.916126  84696.8188
1242.00   15.0000    0.0000   15.0000  271.5730  271.5730  0.000000       0.00000       0.00000         234717.3688    0.000000    -0.00003     0.00000    0.000000000   -0.000000244   -0.000000434  258.873401  84562.8073
1254.00   15.0000    0.0000   15.0000  271.6510  271.6510  0.000000       0.00000       0.00000         234649.9737    0.000000    -0.00003     0.00000    0.000000000   -0.000000244   -0.000000434  258.830643  84428.9857
1266.00   15.0000    0.0000   15.0000  271.7290  271.7290  0.000000       0.00000       0.00000         234582.6172    0.000000    -0.00003     0.00000    0.000000000   -0.000000244   -0.000000433  258.787852  84295.3539
1278.00   15.0000    0.0000   15.0000  271.8070  271.8070  0.000000       0.00000       0.00000         234515.2995    0.000000    -0.00003     0.00000    0.000000000   -0.000000244   -0.000000433  258.745026  84161.9114
1290.00   15.0000    0.0000   15.0000  271.8850  271.8850  0.000000       0.00000       0.00000         234448.0203    0.000000    -0.00003     0.00000    0.000000000   -0.000000244   -0.000000433  258.702167  84028.6582
1302.00   15.0000    0.0000   15.0000  271.9630  271.9630  0.000000       0.00000       0.00000         234380.7797    0.000000    -0.00003     0.00000    0.000000000   -0.000000244   -0.000000432  258.659275  83895.5940
1314.00   15.0000    0.0000   15.0000  272.0410  272.0410  0.000000       0.00000       0.00000         234313.5777    0.000000    -0.00003     0.00000    0.000000000   -0.000000244   -0.000000432  258.616349  83762.7184
1326.00   15.0000    0.0000   15.0000  272.1190  272.1190  0.000000       0.00000       0.00000         234246.4143    0.000000    -0.00003     0.00000    0.000000000   -0.000000244   -0.000000431  258.573389  83630.0313
1338.00   15.0000    0.0000   15.0000  272.1970  272.1970  0.000000       0.00000       0.00000         234179.2893    0.000000    -0.00003     0.00000    0.000000000   -0.000000244   -0.000000431  258.530396  83497.5323
1350.00   15.0000    0.0000   15.0000  272.2750  272.2750  0.000000       0.00000       0.00000         234112.2027    0.000000    -0.00003     0.00000    0.000000000   -0.000000244   -0.000000431  258.487369  83365.2213
1362.00   15.0000    0.0000   15.0000  272.3530  272.3530  0.000000       0.00000       0.00000         234045.1546    0.000000    -0.00003     0.00000    0.000000000   -0.000000244   -0.000000430  258.444309  83233.0979
1374.00   15.0000    0.0000   15.0000  272.4310  272.4310  0.000000       0.00000       0.00000         233978.1449    0.000000    -0.00003     0.00000    0.000000000   -0.000000244   -0.000000430  258.401215  83101.1620
1386.00   15.0000    0.0000   15.0000  272.5090  272.5090  0.000000       0.00000       0.00000         233911.1736    0.000000    -0.00003     0.00000    0.000000000   -0.000000244   -0.000000430  258.358088  82969.4133
1398.00   15.0000    0.0000   15.0000  272.5870  272.5870  0.000000       0.00000       0.00000         233844.2406    0.000000    -0.00003     0.00000    0.000000000   -0.000000244   -0.000000429  258.314927  82837.8515
1410.00   15.0000    0.0000   15.0000  272.6650  272.6650  0.000000       0.00000       0.00000         233777.3458    0.000000    -0.00003     0.00000    0.000000000   -0.000000244   -0.000000429  258.271732  82706.4763
1422.00   15.0000    0.0000   15.0000  272.7430  272.7430  0.000000       0.00000       0.00000         233710.4894    0.000000    -0.00003     0.00000    0.000000000   -0.000000244   -0.000000428  258.228505  82575.2876
1434.00   15.0000    0.0000   15.0000  272.8210  272.8210  0.000000       0.00000       0.00000         233643.6711    0.000000    -0.00003     0.00000    0.000000000   -0.000000244   -0.000000428  258.185243  82444.2851
1446.00   15.0000    0.0000   15.0000  272.8990  272.8990  0.000000       0.00000       0.00000         233576.8911    0.000000    -0.00004     0.00000    0.000000000   -0.000000244   -0.000000428  258.141948  82313.4685
1458.00   15.0000    0.0000   15.0000  272.9770  272.9770  0.000000       0.00000       0.00000         233510.1492    0.000000    -0.00004     0.00000    0.000000000   -0.000000244   -0.000000427  258.098620  82182.8375
1470.00   15.0000    0.0000   15.0000  273.0550  273.0550  0.000000       0.00000       0.00000         233443.4455    0.000000    -0.00004     0.00000    0.000000000   -0.000000244   -0.000000427  258.055258  82052.3920
1482.00   15.0000    0.0000   15.0000  273.1330  273.1330  0.000000       0.00000       0.00000         233376.7798    0.000000    -0.00004     0.00000    0.000000000   -0.000000244   -0.000000427  258.011863  81922.1316
1494.00   15.0000    0.0000   15.0000  273.2110  273.2110  0.000000       0.00000       0.00000         233310.1522    0.000000    -0.00004     0.00000    0.000000000   -0.000000244   -0.000000426  257.968434  81792.0562
1506.00   15.0000    0.0000   15.0000  273.2890  273.2890  0.000000       0.00000       0.00000         233243.5627    0.000000    -0.00004     0.00000    0.000000000   -0.000000243   -0.000000426  257.924972  81662.1654
1518.00   15.0000    0.0000   15.0000  273.3670  273.3670  0.000000       0.00000       0.00000         233177.0111    0.000000    -0.00004     0.00000    0.000000000   -0.000000243   -0.000000425  257.881477  81532.4591
1530.00   15.0000    0.0000   15.0000  273.4450  273.4450  0.000000       0.00000       0.00000         233110.4975    0.000000    -0.00004     0.00000    0.000000000   -0.000000243   -0.000000425  257.837948  81402.9370
1542.00   15.0000    0.0000   15.0000  273.5230  273.5230  0.000000       0.00000       0.00000         233044.0219    0.000000    -0.00004     0.00000    0.000000000   -0.000000243   -0.000000425  257.794385  81273.5987
1554.00   15.0000    0.0000   15.0000  273.6010  273.6010  0.000000       0.00000       0.00000         232977.5841    0.000000    -0.00004     0.00000    0.000000000   -0.000000243   -0.000000424  257.750790  81144.4442
1566.00   15.0000    0.0000   15.0000  273.6790  273.6790  0.000000       0.00000       0.00000         232911.1843    0.000000    -0.00004     0.00000    0.000000000   -0.000000243   -0.000000424  257.707161  81015.4731
1578.00   15.0000    0.0000   15.0000  273.7570  273.7570  0.000000       0.00000       0.00000         232844.8222    0.000000    -0.00004     0.00000    0.000000000   -0.000000243   -0.000000423  257.663498  80886.6853
1590.00   15.0000    0.0000   15.0000  273.8350  273.8350  0.000000       0.00000       0.00000         232778.4980    0.000000    -0.00004     0.00000    0.000000000   -0.000000243   -0.000000423  257.619802  80758.0803
1602.00   15.0000    0.0000   15.0000  273.9130  273.9130  0.000000       0.00000       0.00000         232712.2115    0.000000    -0.00004     0.00000    0.000000000   -0.000000243   -0.000000423  257.576073  80629.6581
1614.00   15.0000    0.0000   15.0000  273.9910  273.9910  0.000000       0.00000       0.00000         232645.9628    0.000000    -0.00004     0.00000    0.000000000   -0.000000243   -0.000000422  257.532310  80501.4183
1626.00   15.0000    0.0000   15.0000  274.0690  274.0690  0.000000       0.00000       0.00000         232579.7518    0.000000    -0.00004     0.00000    0.000000000   -0.000000243   -0.000000422  257.488515  80373.3607
1638.00   15.0000    0.0000   15.0000  274.1470  274.1470  0.000000       0.00000       0.00000         232513.5785    0.000000    -0.00004     0.00000    0.000000000   -0.000000243   -0.000000421  257.444685  80245.4851
1650.00   15.0000    0.0000   15.0000  274.2250  274.2250  0.000000       0.00000       0.00000         232447.4428    0.000000    -0.00004     0.00000    0.000000000   -0.000000243   -0.000000421  257.400823  80117.7913
1662.00   15.0000    0.0000   15.0000  274.3030  274.3030  0.000000       0.00000       0.00000         232381.3447    0.000000    -0.00004     0.00000    0.000000000   -0.000000243   -0.000000421  257.356927  79990.2789
1674.00   15.0000    0.0000   15.0000  274.3810  274.3810  0.000000       0.00000       0.00000         232315.2842    0.000000    -0.00004     0.00000    0.000000000   -0.000000243   -0.000000420  257.312998  79862.9477
1686.00   15.0000    0.0000   15.0000  274.4590  274.4590  0.000000       0.00000       0.00000         232249.2613    0.000000    -0.00004     0.00000    0.000000000   -0.000000243   -0.000000420  257.269036  79735.7975
1698.00   15.0000    0.0000   15.0000  274.5370  274.5370  0.000000       0.00000       0.00000         232183.2758    0.000000    -0.00004     0.00000    0.000000000   -0.000000243   -0.000000419  257.225040  79608.8281
1710.00   15.0000    0.0000   15.0000  274.6150  274.6150  0.000000       0.00000       0.00000         232117.3279    0.000000    -0.00004     0.00000    0.000000000   -0.000000243   -0.000000419  257.181011  79482.0392
1722.00   15.0000    0.0000   15.0000  274.6930  274.6930  0.000000       0.00000       0.00000         232051.4174    0.000000    -0.00004     0.00000    0.000000000   -0.000000243   -0.000000418  257.136949  79355.4306
1734.00   15.0000    0.0000   15.0000  274.7710  274.7710  0.000000       0.00000       0.00000         231985.5443    0.000000    -0.00004     0.00000    0.000000000   -0.000000243   -0.000000418  257.092853  79229.0020
1746.00   15.0000    0.0000   15.0000  274.8490  274.8490  0.000000       0.00000       0.00000         231919.7086    0.000000    -0.00004     0.00000    0.000000000   -0.000000243   -0.000000418  257.048725  79102.7531
1758.00   15.0000    0.0000   15.0000  274.9270  274.9270  0.000000       0.00000       0.00000         231853.9103    0.000000    -0.00004     0.00000    0.000000000   -0.000000243   -0.000000417  257.004563  78976.6838
1770.00   15.0000    0.0000   15.0000  275.0050  275.0050  0.000000       0.00000       0.00000         231788.1493    0.000000    -0.00004     0.00000    0.000000000   -0.000000243   -0.000000417  256.960367  78850.7938
1782.00   15.0000    0.0000   15.0000  275.0830  275.0830  0.000000       0.00000       0.00000         231722.4256    0.000000    -0.00004     0.00000    0.000000000   -0.000000243   -0.000000416  256.916139  78725.0829
1794.00   15.0000    0.0000   15.0000  275.1610  275.1610  0.000000       0.00000       0.00000         231656.7391    0.000000    -0.00004     0.00000    0.000000000   -0.000000243   -0.000000416  256.871878  78599.5508
1806.00   15.0000    0.0000   15.0000  275.2390  275.2390  0.000000       0.00000       0.00000         231591.0899    0.000000    -0.00004     0.00000    0.000000000   -0.000000242   -0.000000416  256.827583  78474.1973
1818.00   15.0000    0.0000   15.0000  275.3170  275.3170  0.000000       0.00000       0.00000         231525.4779    0.000000    -0.00004     0.00000    0.000000000   -0.000000242   -0.000000415  256.783255  78349.0221
1830.00   15.0000    0.0000   15.0000  275.3950  275.3950  0.000000       0.00000       0.00000         231459.9030    0.000000    -0.00004     0.00000    0.000000000   -0.000000242   -0.000000415  256.738894  78224.0250
1842.00   15.0000    0.0000   15.0000  275.4730  275.4730  0.000000       0.00000       0.00000         231394.3653    0.000000    -0.00004     0.00000    0.000000000   -0.000000242   -0.000000414  256.694499  78099.2058
1854.00   15.0000    0.0000   15.0000  275.5510  275.5510  0.000000       0.00000       0.00000         231328.8647    0.000000    -0.00005     0.00000    0.000000000   -0.000000242   -0.000000414  256.650072  77974.5642
1866.00   15.0000    0.0000   15.0000  275.6290  275.6290  0.000000       0.00000       0.00000         231263.4012    0.000000    -0.00005     0.00000    0.000000000   -0.000000242   -0.000000413  256.605611  77850.1000
1878.00   15.0000    0.0000   15.0000  275.7070  275.7070  0.000000       0.00000       0.00000         231197.9747    0.000000    -0.00005     0.00000    0.000000000   -0.000000242   -0.000000413  256.561118  77725.8129
1890.00   15.0000    0.0000   15.0000  275.7850  275.7850  0.000000       0.00000       0.00000         231132.5852    0.000000    -0.00005     0.00000    0.000000000   -0.000000242   -0.000000412  256.516591  77601.7027
1902.00   15.0000    0.0000   15.0000  275.8630  275.8630  0.000000       0.00000       0.00000         231067.2326    0.000000    -0.00005     0.00000    0.000000000   -0.000000242   -0.000000412  256.472031  77477.7692
1914.00   15.0000    0.0000   15.0000  275.9410  275.9410  0.000000       0.00000       0.00000         231001.9171    0.000000    -0.00005     0.00000    0.000000000   -0.000000242   -0.000000412  256.427438  77354.0122
1926.00   15.0000    0.0000   15.0000  276.0190  276.0190  0.000000       0.00000       0.00000         230936.6384    0.000000    -0.00005     0.00000    0.000000000   -0.000000242   -0.000000411  256.382812  77230.4314
1938.00   15.0000    0.0000   15.0000  276.0970  276.0970  0.000000       0.00000       0.00000         230871.3966    0.000000    -0.00005     0.00000    0.000000000   -0.000000242   -0.000000411  256.338152  77107.0265
1950.00   15.0000    0.0000   15.0000  276.1750  276.1750  0.000000       0.00000       0.00000         230806.1917    0.000000    -0.00005     0.00000    0.000000000   -0.000000242   -0.000000410  256.293460  76983.7973
1962.00   15.0000    0.0000   15.0000  276.2530  276.2530  0.000000       0.00000       0.00000         230741.0236    0.000000    -0.00005     0.00000    0.000000000   -0.000000242   -0.000000410  256.248735  76860.7437
1974.00   15.0000    0.0000   15.0000  276.3310  276.3310  0.000000       0.00000       0.00000         230675.8923    0.000000    -0.00005     0.00000    0.000000000   -0.000000242   -0.000000409  256.203976  76737.8653
1986.00   15.0000    0.0000   15.0000  276.4090  276.4090  0.000000       0.00000       0.00000         230610.7978    0.000000    -0.00005     0.00000    0.000000000   -0.000000241   -0.000000409  256.159185  76615.1619
1998.00   15.0000    0.0000   15.0000  276.4870  276.4870  0.000000       0.00000       0.00000         230545.7399    0.000000    -0.00005     0.00000    0.000000000   -0.000000241   -0.000000408  256.114360  76492.6333
2010.00   15.0000    0.0000   15.0000  276.5650  276.5650  0.000000       0.00000       0.00000         230480.7188    0.000000    -0.00005     0.00000    0.000000000   -0.000000241   -0.000000408  256.069503  76370.2792
2022.00   15.0000    0.0000   15.0000  276.6430  276.6430  0.000000       0.00000       0.00000         230415.7344    0.000000    -0.00005     0.00000    0.000000000   -0.000000241   -0.000000408  256.024612  76248.0995
2034.00   15.0000    0.0000   15.0000  276.7210  276.7210  0.000000       0.00000       0.00000         230350.7865    0.000000    -0.00005     0.00000    0.000000000   -0.000000241   -0.000000407  255.979688  76126.0939
2046.00   15.0000    0.0000   15.0000  276.7990  276.7990  0.000000       0.00000       0.00000         230285.8753    0.000000    -0.00005     0.00000    0.000000000   -0.000000241   -0.000000407  255.934732  76004.2621
2058.00   15.0000    0.0000   15.0000  276.8770  276.8770  0.000000       0.00000       0.00000         230221.0007    0.000000    -0.00005     0.00000    0.000000000   -0.000000241   -0.000000406  255.889742  75882.6040
2070.00   15.0000    0.0000   15.0000  276.9550  276.9550  0.000000       0.00000       0.00000         230156.1626    0.000000    -0.00005     0.00000    0.000000000   -0.000000241   -0.000000406  255.844719  75761.1192
2082.00   15.0000    0.0000   15.0000  277.0330  277.0330  0.000000       0.00000       0.00000         230091.3610    0.000000    -0.00005     0.00000    0.000000000   -0.000000241   -0.000000405  255.799664  75639.8076
2094.00   15.0000    0.0000   15.0000  277.1110  277.1110  0.000000       0.00000       0.00000         230026.5958    0.000000    -0.00005     0.00000    0.000000000   -0.000000241   -0.000000405  255.754575  75518.6689
2106.00   15.0000    0.0000   15.0000  277.1890  277.1890  0.000000       0.00000       0.00000         229961.8672    0.000000    -0.00005     0.00000    0.000000000   -0.000000241   -0.000000404  255.709454  75397.7029
2118.00   15.0000    0.0000   15.0000  277.2670  277.2670  0.000000       0.00000       0.00000         229897.1749    0.000000    -0.00005     0.00000    0.000000000   -0.000000240   -0.000000404  255.664299  75276.9093
2130.00   15.0000    0.0000   15.0000  277.3450  277.3450  0.000000       0.00000       0.00000         229832.5191    0.000000    -0.00005     0.00000    0.000000000   -0.000000240   -0.000000403  255.619112  75156.2880
2142.00   15.0000    0.0000   15.0000  277.4230  277.4230  0.000000       0.00000       0.00000         229767.8996    0.000000    -0.00005     0.00000    0.000000000   -0.000000240   -0.000000403  255.573892  75035.8387
2154.00   15.0000    0.0000   15.0000  277.5010  277.5010  0.000000       0.00000       0.00000         229703.3164    0.000000    -0.00005     0.00000    0.000000000   -0.000000240   -0.000000403  255.528638  74915.5611
2166.00   15.0000    0.0000   15.0000  277.5790  277.5790  0.000000       0.00000       0.00000         229638.7695    0.000000    -0.00005     0.00000    0.000000000   -0.000000240   -0.000000402  255.483352  74795.4551
2178.00   15.0000    0.0000   15.0000  277.6570  277.6570  0.000000       0.00000       0.00000         229574.2589    0.000000    -0.00005     0.00000    0.000000000   -0.000000240   -0.000000402  255.438033  74675.5204
2190.00   15.0000    0.0000   15.0000  277.7350  277.7350  0.000000       0.00000       0.00000         229509.7845    0.000000    -0.00005     0.00000    0.000000000   -0.000000240   -0.000000401  255.392681  74555.7568
2202.00   15.0000    0.0000   15.0000  277.8130  277.8130  0.000000       0.00000       0.00000         229445.3463    0.000000    -0.00005     0.00000    0.000000000   -0.000000240   -0.000000401  255.347296  74436.1640
2214.00   15.0000    0.0000   15.0000  277.8910  277.8910  0.000000       0.00000       0.00000         229380.9443    0.000000    -0.00005     0.00000    0.000000000   -0.000000240   -0.000000400  255.301878  74316.7419
2226.00   15.0000    0.0000   15.0000  277.9690  277.9690  0.000000       0.00000       0.00000         229316.5785    0.000000    -0.00005     0.00000    0.000000000   -0.000000240   -0.000000400  255.256428  74197.4901
2238.00   15.0000    0.0000   15.0000  278.0470  278.0470  0.000000       0.00000       0.00000         229252.2487    0.000000    -0.00005     0.00000    0.000000000   -0.000000239   -0.000000399  255.210944  74078.4085
2250.00   15.0000    0.0000   15.0000  278.1250  278.1250  0.000000       0.00000       0.00000         229187.9551    0.000000    -0.00005     0.00000    0.000000000   -0.000000239   -0.000000399  255.165428  73959.4969
2262.00   15.0000    0.0000   15.0000  278.2030  278.2030  0.000000       0.00000       0.00000         229123.6974    0.000000    -0.00006     0.00000    0.000000000   -0.000000239   -0.000000398  255.119879  73840.7549
2274.00   15.0000    0.0000   15.0000  278.2810  278.2810  0.000000       0.00000       0.00000         229059.4759    0.000000    -0.00006     0.00000    0.000000000   -0.000000239   -0.000000398  255.074297  73722.1824
2286.00   15.0000    0.0000   15.0000  278.3590  278.3590  0.000000       0.00000       0.00000         228995.2903    0.000000    -0.00006     0.00000    0.000000000   -0.000000239   -0.000000397  255.028682  73603.7792
2298.00   15.0000    0.0000   15.0000  278.4370  278.4370  0.000000       0.00000       0.00000         228931.1406    0.000000    -0.00006     0.00000    0.000000000   -0.000000239   -0.000000397  254.983034  73485.5450
2310.00   15.0000    0.0000   15.0000  278.5150  278.5150  0.000000       0.00000       0.00000         228867.0269    0.000000    -0.00006     0.00000    0.000000000   -0.000000239   -0.000000396  254.937354  73367.4797
2322.00   15.0000    0.0000   15.0000  278.5930  278.5930  0.000000       0.00000       0.00000         228802.9491    0.000000    -0.00006     0.00000    0.000000000   -0.000000239   -0.000000396  254.891641  73249.5828
2334.00   15.0000    0.0000   15.0000  278.6710  278.6710  0.000000       0.00000       0.00000         228738.9072    0.000000    -0.00006     0.00000    0.000000000   -0.000000239   -0.000000395  254.845895  73131.8544
2346.00   15.0000    0.0000   15.0000  278.7490  278.7490  0.000000       0.00000       0.00000         228674.9011    0.000000    -0.00006     0.00000    0.000000000   -0.000000238   -0.000000395  254.800116  73014.2940
2358.00   15.0000    0.0000   15.0000  278.8270  278.8270  0.000000       0.00000       0.00000         228610.9308    0.000000    -0.00006     0.00000    0.000000000   -0.000000238   -0.000000394  254.754305  72896.9016
2370.00   15.0000    0.0000   15.0000  278.9050  278.9050  0.000000       0.00000       0.00000         228546.9963    0.000000    -0.00006     0.00000    0.000000000   -0.000000238   -0.000000394  254.708460  72779.6769
2382.00   15.0000    0.0000   15.0000  278.9830  278.9830  0.000000       0.00000       0.00000              0.0000    0.000000    -0.00006     0.00000    0.000000000    0.000000000    0.000000000  254.662583  72662.6195
2394.00   15.0000    0.0000   15.0000  279.0610  279.0610  0.000000       0.00000       0.00000              0.0000    0.000000     0.00000     0.00000    0.000000000    0.000000000    0.000000000  254.616673  72545.7295
