   0.00    0.0000    0.0000    0.0000  244.6616  244.6616  0.000000       0.00000       0.00000              0.0000    0.000000     0.00000     0.00000    0.000000000    0.000000000    0.000000000    0.000000      0.0000
   6.00    7.4476    3.5725    8.2601  246.5845  246.5845  0.000000       0.65839       0.65839              0.0000    0.000000     0.00000     0.00000   -0.000038006    0.000000000    0.000000000  246.496766  99875.4193
  18.00    8.5529    4.0060    9.4446  246.7629  246.7629  0.000000       1.85646       1.85646              0.0750    0.000000    -0.00000     0.00000   -0.000042385    0.000000000    0.000000000  246.528606  99667.9681
  30.00    9.2879    4.2374   10.2088  246.8855  246.8855  0.000000       1.70042       1.70042              0.1054    0.000000    -0.00000     0.00000   -0.000051366    0.000000073    0.000000012  246.534051  99502.3664
  42.00    9.9780    4.4033   10.9064  247.0049  247.0049  0.000000       1.83242       1.83242              0.1223    0.000000    -0.00000     0.00000   -0.000055015    0.000000057   -0.000000004  246.536080  99337.0424
  54.00   10.6058    4.5086   11.5243  247.1178  247.1178  0.000000       1.75798       1.75798              0.1404    0.000000    -0.00000     0.00000   -0.000057837    0.000000046   -0.000000014  246.531738  99171.9924
  66.00   11.2053    4.5655   12.0997  247.2308  247.2308  0.000000       1.68623       1.68623              0.1562    0.000000    -0.00000     0.00000   -0.000060268    0.000000048   -0.000000013  246.527302  99007.2136
  78.00   11.7800    4.5773   12.6381  247.3449  247.3449  0.000000       1.57192       1.57192              0.1720    0.000000    -0.00000     0.00000   -0.000062540    0.000000055   -0.000000006  246.523931  98842.7060
  90.00   12.3362    4.5462   13.1472  247.4620  247.4620  0.000000       1.44669       1.44669              0.1876    0.000000    -0.00000     0.00000   -0.000064730    0.000000067    0.000000006  246.523580  98678.4705
 102.00   12.8749    4.4724   13.6296  247.5835  247.5835  0.000000       1.31046       1.31046              0.2037    0.000000    -0.00000     0.00000   -0.000066962    0.000000084    0.000000022  246.527504  98514.5091
 114.00   13.3966    4.3556   14.0869  247.7108  247.7108  0.000000       1.17069       1.17069              0.2205    0.000000    -0.00000     0.00000   -0.000069257    0.000000106    0.000000043  246.537088  98350.8247
 126.00   13.8999    4.1951   14.5192  247.8452  247.8452  0.000000       1.03006       1.03006              0.2384    0.000000    -0.00001     0.00000   -0.000071669    0.000000133    0.000000069  246.553727  98187.4208
 138.00   14.3823    3.9895   14.9254  247.9884  247.9884  0.000000       0.89139       0.89139              0.2580    0.000000    -0.00001     0.00000   -0.000074251    0.000000167    0.000000101  246.579048  98024.3023
 150.00   14.8400    3.7374   15.3034  248.1424  248.1424  0.000000       0.75659       0.75659              0.2798    0.000000    -0.00001     0.00000   -0.000077029    0.000000208    0.000000141  246.615023  97861.4750
 162.00   15.2678    3.4370   15.6499  248.3097  248.3097  0.000000       0.62681       0.62681              0.3048    0.000000    -0.00001     0.00000   -0.000080065    0.000000262    0.000000192  246.664252  97698.9463
 174.00   15.6588    3.0867   15.9602  248.4942  248.4942  0.000000       0.50382       0.50382              0.3343    0.000000    -0.00001     0.00000   -0.000083404    0.000000332    0.000000260  246.730314  97536.7253
 186.00   16.0039    2.6837   16.2274  248.7013  248.7013  0.000000       0.38683       0.38683              0.3711    0.000000    -0.00001     0.00000   -0.000087215    0.000000430    0.000000353  246.818845  97374.8244
 198.00   16.2888    2.2264   16.4403  248.9400  248.9400  0.000000       0.28097       0.28097              0.4186    0.000000    -0.00002     0.00000   -0.000091552    0.000000581    0.000000498  246.938542  97213.2603
 210.00   16.4933    1.7068   16.5814  249.2299  249.2299  0.000000       0.17771       0.17771              0.4913    0.000000    -0.00002     0.00000   -0.000097154    0.000000835    0.000000741  247.109017  97052.0589
 222.00   16.5704    1.1315   16.6090  249.6048  249.6048  0.000000       0.10244       0.10244              0.6010    0.000000    -0.00003     0.00000   -0.000107430    0.000001499    0.000001369  247.363522  96891.2630
 234.00   16.3884    0.4520   16.3947  250.2406  250.2406  0.000000       0.01408       0.01408              1.1500    0.000000     0.00000     0.00000   -0.000089094    0.000007895    0.000006778  247.876300  96730.9818
 246.00   15.2751   -0.0997   15.2754  253.5098  253.5098  0.000000       0.00074       0.00074              2.3718    0.000000    -0.00016     0.00000   -0.000162576    0.000012424    0.000012431  250.996898  96572.1234
 258.00   15.0016   -0.0027   15.0016  255.6821  255.6821  0.000000       0.00000       0.00000             34.0660    0.000000    -0.00008     0.00000   -0.000005549    0.000008213    0.000008246  253.029989  96415.1502
 270.00   15.0000   -0.0000   15.0000  256.6785  256.6785  0.000000       0.00000       0.00000         148941.0783    0.000000    -0.00006     0.00000   -0.000000000    0.000004454    0.000004281  253.898693  96259.3309
 282.00   15.0000   -0.0000   15.0000  257.3390  257.3390  0.000000       0.00000       0.00000        1915432.3742    0.000000    -0.00005     0.00000    0.000000000    0.000003237    0.000003051  254.434831  96104.1933
 294.00   15.0000   -0.0000   15.0000  257.8848  257.8848  0.000000       0.00000       0.00000        1608509.7832    0.000000    -0.00004     0.00000    0.000000000    0.000002716    0.000002534  254.857245  95949.5972
 306.00   15.0000   -0.0000   15.0000  258.3542  258.3542  0.000000       0.00000       0.00000        1401644.9128    0.000000    -0.00004     0.00000    0.000000000    0.000002353    0.000002174  255.203920  95795.4823
 318.00   15.0000   -0.0000   15.0000  258.7711  258.7711  0.000000       0.00000       0.00000        1263394.1667    0.000000    -0.00004     0.00000    0.000000000    0.000002109    0.000001931  255.498493  95641.8081
 330.00   15.0000    0.0000   15.0000  259.1543  259.1543  0.000000       0.00000       0.00000        1166830.4962    0.000000    -0.00004     0.00000    0.000000000    0.000001939    0.000001761  255.759727  95488.5471
 342.00   15.0000    0.0000   15.0000  259.5111  259.5111  0.000000       0.00000       0.00000        1094816.8480    0.000000    -0.00004     0.00000    0.000000000    0.000001813    0.000001636  255.994664  95335.6799
 354.00   15.0000    0.0000   15.0000  259.8497  259.8497  0.000000       0.00000       0.00000        1034491.1708    0.000000    -0.00004     0.00000    0.000000000    0.000001705    0.000001528  256.211451  95183.1919
 366.00   15.0000    0.0000   15.0000  260.1690  260.1690  0.000000       0.00000       0.00000         984197.8164    0.000000    -0.00003     0.00000    0.000000000    0.000001615    0.000001438  256.409142  95031.0709
 378.00   15.0000    0.0000   15.0000  260.4763  260.4763  0.000000       0.00000       0.00000         928637.7773    0.000000    -0.00003     0.00000    0.000000000    0.000001506    0.000001329  256.594868  94879.3064
 390.00   15.0000    0.0000   15.0000  260.7610  260.7610  0.000000       0.00000       0.00000         890163.2261    0.000000    -0.00003     0.00000    0.000000000    0.000001434    0.000001256  256.758119  94727.8871
 402.00   15.0000    0.0000   15.0000  261.0444  261.0444  0.000000       0.00000       0.00000         841208.8005    0.000000    -0.00003     0.00000    0.000000000    0.000001331    0.000001155  256.920035  94576.8052
 414.00   15.0000    0.0000   15.0000  261.2984  261.2984  0.000000       0.00000       0.00000         798663.6765    0.000000    -0.00003     0.00000    0.000000000    0.000001241    0.000001063  257.052864  94426.0507
 426.00   15.0000    0.0000   15.0000  261.5551  261.5551  0.000000       0.00000       0.00000         771076.8993    0.000000    -0.00003     0.00000    0.000000000    0.000001185    0.000001007  257.188281  94275.6149
 438.00   15.0000    0.0000   15.0000  261.7920  261.7920  0.000000       0.00000       0.00000         736011.7000    0.000000    -0.00003     0.00000    0.000000000    0.000001107    0.000000929  257.304016  94125.4921
 450.00   15.0000    0.0000   15.0000  262.0267  262.0267  0.000000       0.00000       0.00000         715856.8717    0.000000    -0.00003     0.00000    0.000000000    0.000001066    0.000000888  257.417566  93975.6750
 462.00   15.0000    0.0000   15.0000  262.2510  262.2510  0.000000       0.00000       0.00000         690394.4561    0.000000    -0.00003     0.00000    0.000000000    0.000001009    0.000000830  257.520810  93826.1593
 474.00   15.0000    0.0000   15.0000  262.4698  262.4698  0.000000       0.00000       0.00000         670663.6672    0.000000    -0.00003     0.00000    0.000000000    0.000000966    0.000000787  257.618493  93676.9397
 486.00   15.0000    0.0000   15.0000  262.6818  262.6818  0.000000       0.00000       0.00000         651490.0872    0.000000    -0.00003     0.00000    0.000000000    0.000000923    0.000000743  257.709463  93528.0119
 498.00   15.0000    0.0000   15.0000  262.8886  262.8886  0.000000       0.00000       0.00000         634417.9447    0.000000    -0.00003     0.00000    0.000000000    0.000000884    0.000000704  257.795202  93379.3718
 510.00   15.0000    0.0000   15.0000  263.0900  263.0900  0.000000       0.00000       0.00000         618765.6897    0.000000    -0.00003     0.00000    0.000000000    0.000000849    0.000000668  257.875537  93231.0156
 522.00   15.0000    0.0000   15.0000  263.2870  263.2870  0.000000       0.00000       0.00000         604200.9896    0.000000    -0.00003     0.00000    0.000000000    0.000000815    0.000000634  257.951523  93082.9401
 534.00   15.0000    0.0000   15.0000  263.4793  263.4793  0.000000       0.00000       0.00000         590355.1630    0.000000    -0.00003     0.00000    0.000000000    0.000000782    0.000000601  258.022779  92935.1418
 546.00   15.0000    0.0000   15.0000  263.6677  263.6677  0.000000       0.00000       0.00000         575134.3297    0.000000    -0.00003     0.00000    0.000000000    0.000000745    0.000000563  258.090126  92787.6179
 558.00   15.0000    0.0000   15.0000  263.8504  263.8504  0.000000       0.00000       0.00000         561268.1273    0.000000    -0.00003     0.00000    0.000000000    0.000000711    0.000000529  258.151866  92640.3649
 570.00   15.0000    0.0000   15.0000  264.0301  264.0301  0.000000       0.00000       0.00000         544019.4528    0.000000    -0.00003     0.00000    0.000000000    0.000000666    0.000000484  258.210539  92493.3798
 582.00   15.0000    0.0000   15.0000  264.2020  264.2020  0.000000       0.00000       0.00000         528411.2946    0.000000    -0.00003     0.00000    0.000000000    0.000000626    0.000000443  258.261460  92346.6591
 594.00   15.0000    0.0000   15.0000  264.3718  264.3718  0.000000       0.00000       0.00000         511353.3019    0.000000    -0.00003     0.00000    0.000000000    0.000000580    0.000000398  258.310335  92200.1995
 606.00   15.0000    0.0000   15.0000  264.5328  264.5328  0.000000       0.00000       0.00000         491125.8229    0.000000    -0.00003     0.00000    0.000000000    0.000000525    0.000000342  258.350538  92053.9972
 618.00   15.0000    0.0000   15.0000  264.6897  264.6897  0.000000       0.00000       0.00000         476556.4128    0.000000    -0.00003     0.00000    0.000000000    0.000000485    0.000000303  258.386672  91908.0484
 630.00   15.0000    0.0000   15.0000  264.8415  264.8415  0.000000       0.00000       0.00000         461175.9675    0.000000    -0.00003     0.00000    0.000000000    0.000000442    0.000000260  258.417705  91762.3499
 642.00   15.0000    0.0000   15.0000  264.9887  264.9887  0.000000       0.00000       0.00000         447928.7923    0.000000    -0.00003     0.00000    0.000000000    0.000000405    0.000000223  258.444149  91616.8985
 654.00   15.0000    0.0000   15.0000  265.1320  265.1320  0.000000       0.00000       0.00000         436431.7943    0.000000    -0.00003     0.00000    0.000000000    0.000000373    0.000000191  258.466833  91471.6915
 666.00   15.0000    0.0000   15.0000  265.2718  265.2718  0.000000       0.00000       0.00000         426405.6955    0.000000    -0.00003     0.00000    0.000000000    0.000000344    0.000000162  258.486029  91326.7264
 678.00   15.0000    0.0000   15.0000  265.4088  265.4088  0.000000       0.00000       0.00000         417767.9487    0.000000    -0.00003     0.00000    0.000000000    0.000000320    0.000000138  258.502391  91182.0009
 690.00   15.0000    0.0000   15.0000  265.5432  265.5432  0.000000       0.00000       0.00000         410161.4380    0.000000    -0.00003     0.00000    0.000000000    0.000000298    0.000000116  258.516139  91037.5132
 702.00   15.0000    0.0000   15.0000  265.6754  265.6754  0.000000       0.00000       0.00000         403567.5445    0.000000    -0.00003     0.00000    0.000000000    0.000000279    0.000000097  258.527703  90893.2615
 714.00   15.0000    0.0000   15.0000  265.8056  265.8056  0.000000       0.00000       0.00000         397824.0972    0.000000    -0.00003     0.00000    0.000000000    0.000000263    0.000000081  258.537291  90749.2443
 726.00   15.0000    0.0000   15.0000  265.9342  265.9342  0.000000       0.00000       0.00000         392848.3374    0.000000    -0.00003     0.00000    0.000000000    0.000000249    0.000000067  258.545229  90605.4601
 738.00   15.0000    0.0000   15.0000  266.0613  266.0613  0.000000       0.00000       0.00000         388430.1956    0.000000    -0.00003     0.00000    0.000000000    0.000000236    0.000000054  258.551677  90461.9077
 750.00   15.0000    0.0000   15.0000  266.1871  266.1871  0.000000       0.00000       0.00000         384357.7176    0.000000    -0.00003     0.00000    0.000000000    0.000000224    0.000000042  258.556826  90318.5860
 762.00   15.0000    0.0000   15.0000  266.3117  266.3117  0.000000       0.00000       0.00000         380851.0889    0.000000    -0.00003     0.00000    0.000000000    0.000000214    0.000000032  258.560701  90175.4939
 774.00   15.0000    0.0000   15.0000  266.4353  266.4353  0.000000       0.00000       0.00000         377396.8660    0.000000    -0.00003     0.00000    0.000000000    0.000000204    0.000000022  258.563635  90032.6303
 786.00   15.0000    0.0000   15.0000  266.5577  266.5577  0.000000       0.00000       0.00000         374858.7964    0.000000    -0.00003     0.00000    0.000000000    0.000000197    0.000000014  258.565327  89889.9943
 798.00   15.0000    0.0000   15.0000  266.6799  266.6799  0.000000       0.00000       0.00000         372605.1810    0.000000    -0.00003     0.00000    0.000000000    0.000000191    0.000000007  258.566656  89747.5852
 810.00   15.0000    0.0000   15.0000  266.8009  266.8009  0.000000       0.00000       0.00000         370929.4632    0.000000    -0.00003     0.00000    0.000000000    0.000000186    0.000000003  258.566924  89605.4021
 822.00   15.0000    0.0000   15.0000  266.9221  266.9221  0.000000       0.00000       0.00000         370280.9050    0.000000    -0.00003     0.00000    0.000000000    0.000000184    0.000000001  258.567193  89463.4444
 834.00   15.0000    0.0000   15.0000  267.0428  267.0428  0.000000       0.00000       0.00000         369691.0413    0.000000    -0.00003     0.00000    0.000000000    0.000000183   -0.000000001  258.567050  89321.7116
 846.00   15.0000    0.0000   15.0000  267.1637  267.1637  0.000000       0.00000       0.00000         369818.5671    0.000000    -0.00003     0.00000    0.000000000    0.000000183   -0.000000001  258.566945  89180.2033
 858.00   15.0000    0.0000   15.0000  267.2846  267.2846  0.000000       0.00000       0.00000         371221.3774    0.000000    -0.00003     0.00000    0.000000000    0.000000188    0.000000003  258.566883  89038.9192
 870.00   15.0000    0.0000   15.0000  267.4065  267.4065  0.000000       0.00000       0.00000         374434.9683    0.000000    -0.00003     0.00000    0.000000000    0.000000198    0.000000013  258.567666  88897.8591
 882.00   15.0000    0.0000   15.0000  267.5297  267.5297  0.000000       0.00000       0.00000         379029.2585    0.000000    -0.00003     0.00000    0.000000000    0.000000212    0.000000027  258.569638  88757.0232
 894.00   15.0000    0.0000   15.0000  267.6547  267.6547  0.000000       0.00000       0.00000         385882.9316    0.000000    -0.00004     0.00000    0.000000000    0.000000234    0.000000047  258.573330  88616.4119
 906.00   15.0000    0.0000   15.0000  267.7824  267.7824  0.000000       0.00000       0.00000         395824.4040    0.000000    -0.00004     0.00000    0.000000000    0.000000265    0.000000077  258.579643  88476.0261
 918.00   15.0000    0.0000   15.0000  267.9141  267.9141  0.000000       0.00000       0.00000         412097.2513    0.000000    -0.00004     0.00000    0.000000000    0.000000316    0.000000127  258.589631  88335.8672
 930.00   15.0000    0.0000   15.0000  268.0526  268.0526  0.000000       0.00000       0.00000         428751.4190    0.000000    -0.00004     0.00000    0.000000000    0.000000368    0.000000177  258.606251  88195.9374
 942.00   15.0000    0.0000   15.0000  268.1953  268.1953  0.000000       0.00000       0.00000         479808.8599    0.000000    -0.00005     0.00000    0.000000000    0.000000527    0.000000333  258.626798  88056.2394
 954.00   15.0000    0.0000   15.0000  268.3676  268.3676  0.000000       0.00000       0.00000         492891.8015    0.000000    -0.00005     0.00000    0.000000000    0.000000570    0.000000375  258.675750  87916.7813
 966.00   15.0000    0.0000   15.0000  268.5191  268.5191  0.000000       0.00000       0.00000         694656.2235    0.000000    -0.00009     0.00000    0.000000000    0.000001209    0.000000993  258.704647  87777.5651
 978.00   15.0000    0.0000   15.0000  268.8241  268.8241  0.000000       0.00000       0.00000         647433.0197    0.000000    -0.00004     0.00000    0.000000000    0.000001065    0.000000863  258.881341  87638.6244
 990.00   15.0000    0.0000   15.0000  268.9450  268.9450  0.000000       0.00000       0.00000        1806339.7702    0.000000    -0.00033     0.00000    0.000000000    0.000004912    0.000004469  258.880693  87499.9508
1002.00   15.0000    0.0000   15.0000  270.0130  270.0130  0.000000       0.00000       0.00000        1734206.2682    0.000000    -0.00002     0.00000    0.000000000    0.000004697    0.000004569  259.791384  87361.7388
1014.00   15.0000    0.0000   15.0000  270.0910  270.0910  0.000000       0.00000       0.00000         236005.2723    0.000000    -0.00002     0.00000    0.000000000   -0.000000244   -0.000000442  259.749321  87223.9762
1026.00   15.0000    0.0000   15.0000  270.1690  270.1690  0.000000       0.00000       0.00000         235937.1356    0.000000    -0.00002     0.00000    0.000000000   -0.000000244   -0.000000442  259.707224  87086.4087
1038.00   15.0000    0.0000   15.0000  270.2470  270.2470  0.000000       0.00000       0.00000         235869.0383    0.000000    -0.00003     0.00000    0.000000000   -0.000000244   -0.000000442  259.665093  86949.0358
1050.00   15.0000    0.0000   15.0000  270.3250  270.3250  0.000000       0.00000       0.00000         235800.9803    0.000000    -0.00003     0.00000    0.000000000   -0.000000244   -0.000000441  259.622928  86811.8574
1062.00   15.0000    0.0000   15.0000  270.4030  270.4030  0.000000       0.00000       0.00000         235732.9615    0.000000    -0.00003     0.00000    0.000000000   -0.000000244   -0.000000441  259.580729  86674.8731
1074.00   15.0000    0.0000   15.0000  270.4810  270.4810  0.000000       0.00000       0.00000         235664.9820    0.000000    -0.00003     0.00000    0.000000000   -0.000000244   -0.000000441  259.538497  86538.0828
1086.00   15.0000    0.0000   15.0000  270.5590  270.5590  0.000000       0.00000       0.00000         235597.0417    0.000000    -0.00003     0.00000    0.000000000   -0.000000244   -0.000000440  259.496231  86401.4862
1098.00   15.0000    0.0000   15.0000  270.6370  270.6370  0.000000       0.00000       0.00000         235529.1405    0.000000    -0.00003     0.00000    0.000000000   -0.000000244   -0.000000440  259.453931  86265.0829
1110.00   15.0000    0.0000   15.0000  270.7150  270.7150  0.000000       0.00000       0.00000         235461.2785    0.000000    -0.00003     0.00000    0.000000000   -0.000000244   -0.000000440  259.411597  86128.8728
1122.00   15.0000    0.0000   15.0000  270.7930  270.7930  0.000000       0.00000       0.00000         235393.4555    0.000000    -0.00003     0.00000    0.000000000   -0.000000244   -0.000000439  259.369230  85992.8556
1134.00   15.0000    0.0000   15.0000  270.8710  270.8710  0.000000       0.00000       0.00000         235325.6716    0.000000    -0.00003     0.00000    0.000000000   -0.000000244   -0.000000439  259.326829  85857.0310
1146.00   15.0000    0.0000   15.0000  270.9490  270.9490  0.000000       0.00000       0.00000         235257.9268    0.000000    -0.00003     0.00000    0.000000000   -0.000000244   -0.000000438  259.284394  85721.3988
1158.00   15.0000    0.0000   15.0000  271.0270  271.0270  0.000000       0.00000       0.00000         235190.2209    0.000000    -0.00003     0.00000    0.000000000   -0.000000244   -0.000000438  259.241925  85585.9587
1170.00   15.0000    0.0000   15.0000  271.1050  271.1050  0.000000       0.00000       0.00000         235122.5540    0.000000    -0.00003     0.00000    0.000000000   -0.000000244   -0.000000438  259.199423  85450.7105
1182.00   15.0000    0.0000   15.0000  271.1830  271.1830  0.000000       0.00000       0.00000         235054.9260    0.000000    -0.00003     0.00000    0.000000000   -0.000000244   -0.000000437  259.156887  85315.6538
1194.00   15.0000    0.0000   15.0000  271.2610  271.2610  0.000000       0.00000       0.00000         234987.3369    0.000000    -0.00003     0.00000    0.000000000   -0.000000244   -0.000000437  259.114317  85180.7885
1206.00   15.0000    0.0000   15.0000  271.3390  271.3390  0.000000       0.00000       0.00000         234919.7867    0.000000    -0.00003     0.00000    0.000000000   -0.000000244   -0.000000437  259.071714  85046.1142
1218.00   15.0000    0.0000   15.0000  271.4170  271.4170  0.000000       0.00000       0.00000         234852.2753    0.000000    -0.00003     0.00000    0.000000000   -0.000000244   -0.000000436  259.029077  84911.6308
1230.00   15.0000    0.0000   15.0000  271.4950  271.4950  0.000000       0.00000       0.00000         234784.8027    0.000000    -0.00003     0.00000    0.000000000   -0.000000244   -0.000000436  258.986406  84777.3379
1242.00   15.0000    0.0000   15.0000  271.5730  271.5730  0.000000       0.00000       0.00000         234717.3688    0.000000    -0.00003     0.00000    0.000000000   -0.000000244   -0.000000436  258.943702  84643.2354
1254.00   15.0000    0.0000   15.0000  271.6510  271.6510  0.000000       0.00000       0.00000         234649.9737    0.000000    -0.00003     0.00000    0.000000000   -0.000000244   -0.000000435  258.900964  84509.3229
1266.00   15.0000    0.0000   15.0000  271.7290  271.7290  0.000000       0.00000       0.00000         234582.6172    0.000000    -0.00003     0.00000    0.000000000   -0.000000244   -0.000000435  258.858193  84375.6001
1278.00   15.0000    0.0000   15.0000  271.8070  271.8070  0.000000       0.00000       0.00000         234515.2995    0.000000    -0.00003     0.00000    0.000000000   -0.000000244   -0.000000435  258.815388  84242.0670
1290.00   15.0000    0.0000   15.0000  271.8850  271.8850  0.000000       0.00000       0.00000         234448.0203    0.000000    -0.00003     0.00000    0.000000000   -0.000000244   -0.000000434  258.772549  84108.7231
1302.00   15.0000    0.0000   15.0000  271.9630  271.9630  0.000000       0.00000       0.00000         234380.7797    0.000000    -0.00003     0.00000    0.000000000   -0.000000244   -0.000000434  258.729677  83975.5683
1314.00   15.0000    0.0000   15.0000  272.0410  272.0410  0.000000       0.00000       0.00000         234313.5777    0.000000    -0.00003     0.00000    0.000000000   -0.000000244   -0.000000434  258.686771  83842.6022
1326.00   15.0000    0.0000   15.0000  272.1190  272.1190  0.000000       0.00000       0.00000         234246.4143    0.000000    -0.00003     0.00000    0.000000000   -0.000000244   -0.000000433  258.643831  83709.8246
1338.00   15.0000    0.0000   15.0000  272.1970  272.1970  0.000000       0.00000       0.00000         234179.2893    0.000000    -0.00003     0.00000    0.000000000   -0.000000244   -0.000000433  258.600858  83577.2354
1350.00   15.0000    0.0000   15.0000  272.2750  272.2750  0.000000       0.00000       0.00000         234112.2027    0.000000    -0.00003     0.00000    0.000000000   -0.000000244   -0.000000432  258.557852  83444.8341
1362.00   15.0000    0.0000   15.0000  272.3530  272.3530  0.000000       0.00000       0.00000         234045.1546    0.000000    -0.00003     0.00000    0.000000000   -0.000000244   -0.000000432  258.514812  83312.6206
1374.00   15.0000    0.0000   15.0000  272.4310  272.4310  0.000000       0.00000       0.00000         233978.1449    0.000000    -0.00003     0.00000    0.000000000   -0.000000244   -0.000000432  258.471738  83180.5947
1386.00   15.0000    0.0000   15.0000  272.5090  272.5090  0.000000       0.00000       0.00000         233911.1736    0.000000    -0.00003     0.00000    0.000000000   -0.000000244   -0.000000431  258.428631  83048.7560
1398.00   15.0000    0.0000   15.0000  272.5870  272.5870  0.000000       0.00000       0.00000         233844.2406    0.000000    -0.00003     0.00000    0.000000000   -0.000000244   -0.000000431  258.385490  82917.1043
1410.00   15.0000    0.0000   15.0000  272.6650  272.6650  0.000000       0.00000       0.00000         233777.3458    0.000000    -0.00003     0.00000    0.000000000   -0.000000244   -0.000000431  258.342316  82785.6393
1422.00   15.0000    0.0000   15.0000  272.7430  272.7430  0.000000       0.00000       0.00000         233710.4894    0.000000    -0.00003     0.00000    0.000000000   -0.000000244   -0.000000430  258.299108  82654.3609
1434.00   15.0000    0.0000   15.0000  272.8210  272.8210  0.000000       0.00000       0.00000         233643.6711    0.000000    -0.00003     0.00000    0.000000000   -0.000000244   -0.000000430  258.255867  82523.2687
1446.00   15.0000    0.0000   15.0000  272.8990  272.8990  0.000000       0.00000       0.00000         233576.8911    0.000000    -0.00004     0.00000    0.000000000   -0.000000244   -0.000000429  258.212592  82392.3626
1458.00   15.0000    0.0000   15.0000  272.9770  272.9770  0.000000       0.00000       0.00000         233510.1492    0.000000    -0.00004     0.00000    0.000000000   -0.000000244   -0.000000429  258.169284  82261.6422
1470.00   15.0000    0.0000   15.0000  273.0550  273.0550  0.000000       0.00000       0.00000         233443.4455    0.000000    -0.00004     0.00000    0.000000000   -0.000000244   -0.000000429  258.125943  82131.1073
1482.00   15.0000    0.0000   15.0000  273.1330  273.1330  0.000000       0.00000       0.00000         233376.7798    0.000000    -0.00004     0.00000    0.000000000   -0.000000244   -0.000000428  258.082567  82000.7576
1494.00   15.0000    0.0000   15.0000  273.2110  273.2110  0.000000       0.00000       0.00000         233310.1522    0.000000    -0.00004     0.00000    0.000000000   -0.000000244   -0.000000428  258.039159  81870.5930
1506.00   15.0000    0.0000   15.0000  273.2890  273.2890  0.000000       0.00000       0.00000         233243.5627    0.000000    -0.00004     0.00000    0.000000000   -0.000000244   -0.000000427  257.995717  81740.6131
1518.00   15.0000    0.0000   15.0000  273.3670  273.3670  0.000000       0.00000       0.00000         233177.0111    0.000000    -0.00004     0.00000    0.000000000   -0.000000244   -0.000000427  257.952242  81610.8178
1530.00   15.0000    0.0000   15.0000  273.4450  273.4450  0.000000       0.00000       0.00000         233110.4975    0.000000    -0.00004     0.00000    0.000000000   -0.000000244   -0.000000427  257.908733  81481.2067
1542.00   15.0000    0.0000   15.0000  273.5230  273.5230  0.000000       0.00000       0.00000         233044.0219    0.000000    -0.00004     0.00000    0.000000000   -0.000000244   -0.000000426  257.865191  81351.7797
1554.00   15.0000    0.0000   15.0000  273.6010  273.6010  0.000000       0.00000       0.00000         232977.5841    0.000000    -0.00004     0.00000    0.000000000   -0.000000244   -0.000000426  257.821615  81222.5364
1566.00   15.0000    0.0000   15.0000  273.6790  273.6790  0.000000       0.00000       0.00000         232911.1843    0.000000    -0.00004     0.00000    0.000000000   -0.000000244   -0.000000425  257.778006  81093.4766
1578.00   15.0000    0.0000   15.0000  273.7570  273.7570  0.000000       0.00000       0.00000         232844.8222    0.000000    -0.00004     0.00000    0.000000000   -0.000000244   -0.000000425  257.734364  80964.6001
1590.00   15.0000    0.0000   15.0000  273.8350  273.8350  0.000000       0.00000       0.00000         232778.4980    0.000000    -0.00004     0.00000    0.000000000   -0.000000244   -0.000000425  257.690688  80835.9067
1602.00   15.0000    0.0000   15.0000  273.9130  273.9130  0.000000       0.00000       0.00000         232712.2115    0.000000    -0.00004     0.00000    0.000000000   -0.000000244   -0.000000424  257.646979  80707.3960
1614.00   15.0000    0.0000   15.0000  273.9910  273.9910  0.000000       0.00000       0.00000         232645.9628    0.000000    -0.00004     0.00000    0.000000000   -0.000000244   -0.000000424  257.603237  80579.0679
1626.00   15.0000    0.0000   15.0000  274.0690  274.0690  0.000000       0.00000       0.00000         232579.7518    0.000000    -0.00004     0.00000    0.000000000   -0.000000244   -0.000000423  257.559461  80450.9221
1638.00   15.0000    0.0000   15.0000  274.1470  274.1470  0.000000       0.00000       0.00000         232513.5785    0.000000    -0.00004     0.00000    0.000000000   -0.000000244   -0.000000423  257.515652  80322.9583
1650.00   15.0000    0.0000   15.0000  274.2250  274.2250  0.000000       0.00000       0.00000         232447.4428    0.000000    -0.00004     0.00000    0.000000000   -0.000000244   -0.000000423  257.471810  80195.1764
1662.00   15.0000    0.0000   15.0000  274.3030  274.3030  0.000000       0.00000       0.00000         232381.3447    0.000000    -0.00004     0.00000    0.000000000   -0.000000244   -0.000000422  257.427934  80067.5760
1674.00   15.0000    0.0000   15.0000  274.3810  274.3810  0.000000       0.00000       0.00000         232315.2842    0.000000    -0.00004     0.00000    0.000000000   -0.000000244   -0.000000422  257.384026  79940.1569
1686.00   15.0000    0.0000   15.0000  274.4590  274.4590  0.000000       0.00000       0.00000         232249.2613    0.000000    -0.00004     0.00000    0.000000000   -0.000000244   -0.000000421  257.340083  79812.9189
1698.00   15.0000    0.0000   15.0000  274.5370  274.5370  0.000000       0.00000       0.00000         232183.2758    0.000000    -0.00004     0.00000    0.000000000   -0.000000244   -0.000000421  257.296108  79685.8618
1710.00   15.0000    0.0000   15.0000  274.6150  274.6150  0.000000       0.00000       0.00000         232117.3279    0.000000    -0.00004     0.00000    0.000000000   -0.000000244   -0.000000421  257.252099  79558.9852
1722.00   15.0000    0.0000   15.0000  274.6930  274.6930  0.000000       0.00000       0.00000         232051.4174    0.000000    -0.00004     0.00000    0.000000000   -0.000000244   -0.000000420  257.208057  79432.2890
1734.00   15.0000    0.0000   15.0000  274.7710  274.7710  0.000000       0.00000       0.00000         231985.5443    0.000000    -0.00004     0.00000    0.000000000   -0.000000244   -0.000000420  257.163982  79305.7729
1746.00   15.0000    0.0000   15.0000  274.8490  274.8490  0.000000       0.00000       0.00000         231919.7086    0.000000    -0.00004     0.00000    0.000000000   -0.000000244   -0.000000419  257.119873  79179.4367
1758.00   15.0000    0.0000   15.0000  274.9270  274.9270  0.000000       0.00000       0.00000         231853.9103    0.000000    -0.00004     0.00000    0.000000000   -0.000000244   -0.000000419  257.075732  79053.2801
1770.00   15.0000    0.0000   15.0000  275.0050  275.0050  0.000000       0.00000       0.00000         231788.1493    0.000000    -0.00004     0.00000    0.000000000   -0.000000243   -0.000000418  257.031557  78927.3029
1782.00   15.0000    0.0000   15.0000  275.0830  275.0830  0.000000       0.00000       0.00000         231722.4256    0.000000    -0.00004     0.00000    0.000000000   -0.000000243   -0.000000418  256.987348  78801.5048
1794.00   15.0000    0.0000   15.0000  275.1610  275.1610  0.000000       0.00000       0.00000         231656.7391    0.000000    -0.00004     0.00000    0.000000000   -0.000000243   -0.000000418  256.943107  78675.8856
1806.00   15.0000    0.0000   15.0000  275.2390  275.2390  0.000000       0.00000       0.00000         231591.0899    0.000000    -0.00004     0.00000    0.000000000   -0.000000243   -0.000000417  256.898832  78550.4451
1818.00   15.0000    0.0000   15.0000  275.3170  275.3170  0.000000       0.00000       0.00000         231525.4779    0.000000    -0.00004     0.00000    0.000000000   -0.000000243   -0.000000417  256.854525  78425.1830
1830.00   15.0000    0.0000   15.0000  275.3950  275.3950  0.000000       0.00000       0.00000         231459.9030    0.000000    -0.00004     0.00000    0.000000000   -0.000000243   -0.000000416  256.810184  78300.0991
1842.00   15.0000    0.0000   15.0000  275.4730  275.4730  0.000000       0.00000       0.00000         231394.3653    0.000000    -0.00004     0.00000    0.000000000   -0.000000243   -0.000000416  256.765810  78175.1932
1854.00   15.0000    0.0000   15.0000  275.5510  275.5510  0.000000       0.00000       0.00000         231328.8647    0.000000    -0.00005     0.00000    0.000000000   -0.000000243   -0.000000415  256.721403  78050.4649
1866.00   15.0000    0.0000   15.0000  275.6290  275.6290  0.000000       0.00000       0.00000         231263.4012    0.000000    -0.00005     0.00000    0.000000000   -0.000000243   -0.000000415  256.676962  77925.9142
1878.00   15.0000    0.0000   15.0000  275.7070  275.7070  0.000000       0.00000       0.00000         231197.9747    0.000000    -0.00005     0.00000    0.000000000   -0.000000243   -0.000000415  256.632489  77801.5406
1890.00   15.0000    0.0000   15.0000  275.7850  275.7850  0.000000       0.00000       0.00000         231132.5852    0.000000    -0.00005     0.00000    0.000000000   -0.000000243   -0.000000414  256.587982  77677.3441
1902.00   15.0000    0.0000   15.0000  275.8630  275.8630  0.000000       0.00000       0.00000         231067.2326    0.000000    -0.00005     0.00000    0.000000000   -0.000000243   -0.000000414  256.543442  77553.3243
1914.00   15.0000    0.0000   15.0000  275.9410  275.9410  0.000000       0.00000       0.00000         231001.9171    0.000000    -0.00005     0.00000    0.000000000   -0.000000243   -0.000000413  256.498869  77429.4810
1926.00   15.0000    0.0000   15.0000  276.0190  276.0190  0.000000       0.00000       0.00000         230936.6384    0.000000    -0.00005     0.00000    0.000000000   -0.000000243   -0.000000413  256.454263  77305.8140
1938.00   15.0000    0.0000   15.0000  276.0970  276.0970  0.000000       0.00000       0.00000         230871.3966    0.000000    -0.00005     0.00000    0.000000000   -0.000000243   -0.000000412  256.409624  77182.3231
1950.00   15.0000    0.0000   15.0000  276.1750  276.1750  0.000000       0.00000       0.00000         230806.1917    0.000000    -0.00005     0.00000    0.000000000   -0.000000242   -0.000000412  256.364952  77059.0080
1962.00   15.0000    0.0000   15.0000  276.2530  276.2530  0.000000       0.00000       0.00000         230741.0236    0.000000    -0.00005     0.00000    0.000000000   -0.000000242   -0.000000412  256.320247  76935.8684
1974.00   15.0000    0.0000   15.0000  276.3310  276.3310  0.000000       0.00000       0.00000         230675.8923    0.000000    -0.00005     0.00000    0.000000000   -0.000000242   -0.000000411  256.275509  76812.9042
1986.00   15.0000    0.0000   15.0000  276.4090  276.4090  0.000000       0.00000       0.00000         230610.7978    0.000000    -0.00005     0.00000    0.000000000   -0.000000242   -0.000000411  256.230737  76690.1151
1998.00   15.0000    0.0000   15.0000  276.4870  276.4870  0.000000       0.00000       0.00000         230545.7399    0.000000    -0.00005     0.00000    0.000000000   -0.000000242   -0.000000410  256.185933  76567.5009
2010.00   15.0000    0.0000   15.0000  276.5650  276.5650  0.000000       0.00000       0.00000         230480.7188    0.000000    -0.00005     0.00000    0.000000000   -0.000000242   -0.000000410  256.141096  76445.0613
2022.00   15.0000    0.0000   15.0000  276.6430  276.6430  0.000000       0.00000       0.00000         230415.7344    0.000000    -0.00005     0.00000    0.000000000   -0.000000242   -0.000000409  256.096225  76322.7961
2034.00   15.0000    0.0000   15.0000  276.7210  276.7210  0.000000       0.00000       0.00000         230350.7865    0.000000    -0.00005     0.00000    0.000000000   -0.000000242   -0.000000409  256.051322  76200.7050
2046.00   15.0000    0.0000   15.0000  276.7990  276.7990  0.000000       0.00000       0.00000         230285.8753    0.000000    -0.00005     0.00000    0.000000000   -0.000000242   -0.000000408  256.006385  76078.7880
2058.00   15.0000    0.0000   15.0000  276.8770  276.8770  0.000000       0.00000       0.00000         230221.0007    0.000000    -0.00005     0.00000    0.000000000   -0.000000242   -0.000000408  255.961416  75957.0446
2070.00   15.0000    0.0000   15.0000  276.9550  276.9550  0.000000       0.00000       0.00000         230156.1626    0.000000    -0.00005     0.00000    0.000000000   -0.000000242   -0.000000407  255.916413  75835.4747
2082.00   15.0000    0.0000   15.0000  277.0330  277.0330  0.000000       0.00000       0.00000         230091.3610    0.000000    -0.00005     0.00000    0.000000000   -0.000000242   -0.000000407  255.871378  75714.0780
2094.00   15.0000    0.0000   15.0000  277.1110  277.1110  0.000000       0.00000       0.00000         230026.5958    0.000000    -0.00005     0.00000    0.000000000   -0.000000241   -0.000000407  255.826310  75592.8543
2106.00   15.0000    0.0000   15.0000  277.1890  277.1890  0.000000       0.00000       0.00000         229961.8672    0.000000    -0.00005     0.00000    0.000000000   -0.000000241   -0.000000406  255.781208  75471.8034
2118.00   15.0000    0.0000   15.0000  277.2670  277.2670  0.000000       0.00000       0.00000         229897.1749    0.000000    -0.00005     0.00000    0.000000000   -0.000000241   -0.000000406  255.736074  75350.9250
2130.00   15.0000    0.0000   15.0000  277.3450  277.3450  0.000000       0.00000       0.00000         229832.5191    0.000000    -0.00005     0.00000    0.000000000   -0.000000241   -0.000000405  255.690907  75230.2190
2142.00   15.0000    0.0000   15.0000  277.4230  277.4230  0.000000       0.00000       0.00000         229767.8996    0.000000    -0.00005     0.00000    0.000000000   -0.000000241   -0.000000405  255.645707  75109.6850
2154.00   15.0000    0.0000   15.0000  277.5010  277.5010  0.000000       0.00000       0.00000         229703.3164    0.000000    -0.00005     0.00000    0.000000000   -0.000000241   -0.000000404  255.600474  74989.3229
2166.00   15.0000    0.0000   15.0000  277.5790  277.5790  0.000000       0.00000       0.00000         229638.7695    0.000000    -0.00005     0.00000    0.000000000   -0.000000241   -0.000000404  255.555208  74869.1324
2178.00   15.0000    0.0000   15.0000  277.6570  277.6570  0.000000       0.00000       0.00000         229574.2589    0.000000    -0.00005     0.00000    0.000000000   -0.000000241   -0.000000403  255.509909  74749.1133
2190.00   15.0000    0.0000   15.0000  277.7350  277.7350  0.000000       0.00000       0.00000         229509.7845    0.000000    -0.00005     0.00000    0.000000000   -0.000000241   -0.000000403  255.464577  74629.2654
2202.00   15.0000    0.0000   15.0000  277.8130  277.8130  0.000000       0.00000       0.00000         229445.3463    0.000000    -0.00005     0.00000    0.000000000   -0.000000241   -0.000000402  255.419212  74509.5883
2214.00   15.0000    0.0000   15.0000  277.8910  277.8910  0.000000       0.00000       0.00000         229380.9443    0.000000    -0.00005     0.00000    0.000000000   -0.000000240   -0.000000402  255.373815  74390.0820
2226.00   15.0000    0.0000   15.0000  277.9690  277.9690  0.000000       0.00000       0.00000         229316.5785    0.000000    -0.00005     0.00000    0.000000000   -0.000000240   -0.000000401  255.328384  74270.7462
2238.00   15.0000    0.0000   15.0000  278.0470  278.0470  0.000000       0.00000       0.00000         229252.2487    0.000000    -0.00005     0.00000    0.000000000   -0.000000240   -0.000000401  255.282921  74151.5806
2250.00   15.0000    0.0000   15.0000  278.1250  278.1250  0.000000       0.00000       0.00000         229187.9551    0.000000    -0.00005     0.00000    0.000000000   -0.000000240   -0.000000400  255.237425  74032.5850
2262.00   15.0000    0.0000   15.0000  278.2030  278.2030  0.000000       0.00000       0.00000         229123.6974    0.000000    -0.00006     0.00000    0.000000000   -0.000000240   -0.000000400  255.191896  73913.7592
2274.00   15.0000    0.0000   15.0000  278.2810  278.2810  0.000000       0.00000       0.00000         229059.4759    0.000000    -0.00006     0.00000    0.000000000   -0.000000240   -0.000000399  255.146334  73795.1030
2286.00   15.0000    0.0000   15.0000  278.3590  278.3590  0.000000       0.00000       0.00000         228995.2903    0.000000    -0.00006     0.00000    0.000000000   -0.000000240   -0.000000399  255.100739  73676.6161
2298.00   15.0000    0.0000   15.0000  278.4370  278.4370  0.000000       0.00000       0.00000         228931.1406    0.000000    -0.00006     0.00000    0.000000000   -0.000000240   -0.000000398  255.055112  73558.2983
2310.00   15.0000    0.0000   15.0000  278.5150  278.5150  0.000000       0.00000       0.00000         228867.0269    0.000000    -0.00006     0.00000    0.000000000   -0.000000240   -0.000000398  255.009452  73440.1495
2322.00   15.0000    0.0000   15.0000  278.5930  278.5930  0.000000       0.00000       0.00000         228802.9491    0.000000    -0.00006     0.00000    0.000000000   -0.000000239   -0.000000398  254.963759  73322.1692
2334.00   15.0000    0.0000   15.0000  278.6710  278.6710  0.000000       0.00000       0.00000         228738.9072    0.000000    -0.00006     0.00000    0.000000000   -0.000000239   -0.000000397  254.918033  73204.3574
2346.00   15.0000    0.0000   15.0000  278.7490  278.7490  0.000000       0.00000       0.00000         228674.9011    0.000000    -0.00006     0.00000    0.000000000   -0.000000239   -0.000000397  254.872274  73086.7138
2358.00   15.0000    0.0000   15.0000  278.8270  278.8270  0.000000       0.00000       0.00000         228610.9308    0.000000    -0.00006     0.00000    0.000000000   -0.000000239   -0.000000396  254.826483  72969.2382
2370.00   15.0000    0.0000   15.0000  278.9050  278.9050  0.000000       0.00000       0.00000         228546.9963    0.000000    -0.00006     0.00000    0.000000000   -0.000000239   -0.000000396  254.780659  72851.9303
2382.00   15.0000    0.0000   15.0000  278.9830  278.9830  0.000000       0.00000       0.00000              0.0000    0.000000    -0.00006     0.00000    0.000000000    0.000000000    0.000000000  254.734802  72734.7900
2394.00   15.0000    0.0000   15.0000  279.0610  279.0610  0.000000       0.00000       0.00000              0.0000    0.000000     0.00000     0.00000    0.000000000    0.000000000    0.000000000  254.688913  72617.8169
