   0.00    0.0000    0.0000    0.0000  240.3960  240.3960  0.000000       0.00000       0.00000              0.0000    0.000000     0.00000     0.00000    0.000000000    0.000000000    0.000000000    0.000000      0.0000
   6.00    7.8226    3.5379    8.5855  241.8774  241.8774  0.000000       0.73535       0.73535              0.0000    0.000000     0.00000     0.00000   -0.000006745    0.000000000    0.000000000  241.789633  99872.9971
  18.00    8.8449    3.9234    9.6761  241.9804  241.9804  0.000000       2.29915       2.29915              0.0529    0.000000    -0.00000     0.00000   -0.000018067    0.000000000    0.000000000  241.746130  99661.4897
  30.00    9.4950    4.1255   10.3526  242.0483  242.0483  0.000000       2.22266       2.22266              0.0772    0.000000    -0.00000     0.00000   -0.000022341   -0.000000074   -0.000000109  241.696891  99492.6066
  42.00   10.0889    4.2724   10.9562  242.1128  242.1128  0.000000       2.43839       2.43839              0.0912    0.000000    -0.00000     0.00000   -0.000024453   -0.000000082   -0.000000116  241.644212  99323.9743
  54.00   10.6233    4.3713   11.4875  242.1734  242.1734  0.000000       2.40809       2.40809              0.1060    0.000000    -0.00000     0.00000   -0.000026084   -0.000000087   -0.000000121  241.587587  99155.5897
  66.00   11.1285    4.4336   11.9792  242.2335  242.2335  0.000000       2.35633       2.35633              0.1190    0.000000    -0.00000     0.00000   -0.000027475   -0.000000087   -0.000000121  241.530400  98987.4510
  78.00   11.6111    4.4628   12.4393  242.2939  242.2939  0.000000       2.24607       2.24607              0.1318    0.000000    -0.00000     0.00000   -0.000028735   -0.000000085   -0.000000118  241.473578  98819.5578
  90.00   12.0778    4.4612   12.8754  242.3559  242.3559  0.000000       2.11168       2.11168              0.1445    0.000000    -0.00000     0.00000   -0.000029979   -0.000000081   -0.000000114  241.418217  98651.9105
 102.00   12.5315    4.4293   13.2912  242.4201  242.4201  0.000000       1.95735       1.95735              0.1573    0.000000    -0.00000     0.00000   -0.000031249   -0.000000075   -0.000000108  241.365091  98484.5100
 114.00   12.9738    4.3670   13.6890  242.4874  242.4874  0.000000       1.79262       1.79262              0.1706    0.000000    -0.00000     0.00000   -0.000032589   -0.000000067   -0.000000101  241.314985  98317.3579
 126.00   13.4052    4.2738   14.0700  242.5586  242.5586  0.000000       1.62233       1.62233              0.1845    0.000000    -0.00000     0.00000   -0.000034045   -0.000000058   -0.000000092  241.268680  98150.4562
 138.00   13.8255    4.1485   14.4345  242.6344  242.6344  0.000000       1.45089       1.45089              0.1993    0.000000    -0.00000     0.00000   -0.000035686   -0.000000046   -0.000000081  241.227035  97983.8074
 150.00   14.2334    3.9898   14.7820  242.7160  242.7160  0.000000       1.28140       1.28140              0.2151    0.000000    -0.00000     0.00000   -0.000037574   -0.000000033   -0.000000068  241.191025  97817.4148
 162.00   14.6268    3.7959   15.1113  242.8045  242.8045  0.000000       1.11644       1.11644              0.2325    0.000000    -0.00000     0.00000   -0.000039820   -0.000000017   -0.000000052  241.161797  97651.2824
 174.00   15.0026    3.5652   15.4204  242.9012  242.9012  0.000000       0.95782       0.95782              0.2517    0.000000    -0.00001     0.00000   -0.000042571    0.000000003   -0.000000033  241.140737  97485.4148
 186.00   15.3567    3.2956   15.7063  243.0079  243.0079  0.000000       0.80746       0.80746              0.2732    0.000000    -0.00001     0.00000   -0.000046029    0.000000027   -0.000000011  241.129538  97319.8179
 198.00   15.6835    2.9855   15.9652  243.1267  243.1267  0.000000       0.66549       0.66549              0.2979    0.000000    -0.00001     0.00000   -0.000050276    0.000000056    0.000000017  241.130365  97154.4988
 210.00   15.9756    2.6338   16.1912  243.2605  243.2605  0.000000       0.53503       0.53503              0.3265    0.000000    -0.00001     0.00000   -0.000055860    0.000000092    0.000000052  241.145924  96989.4660
 222.00   16.2238    2.2391   16.3776  243.4133  243.4133  0.000000       0.41082       0.41082              0.3619    0.000000    -0.00001     0.00000   -0.000063390    0.000000138    0.000000096  241.180261  96824.7307
 234.00   16.4136    1.8055   16.5126  243.5891  243.5891  0.000000       0.30755       0.30755              0.4037    0.000000    -0.00002     0.00000   -0.000073707    0.000000202    0.000000157  241.237281  96660.3062
 246.00   16.5296    1.3274   16.5828  243.7997  243.7997  0.000000       0.19117       0.19117              0.4704    0.000000    -0.00002     0.00000   -0.000089199    0.000000271    0.000000222  241.328723  96496.2114
 258.00   16.5380    0.8553   16.5601  244.0366  244.0366  0.000000       0.14381       0.14381              0.5221    0.000000    -0.00002     0.00000   -0.000122736    0.000000378    0.000000323  241.446071  96332.4659
 270.00   16.3590    0.3435   16.3626  244.3394  244.3394  0.000000       0.00141       0.00141              2.1261    0.000000     0.00000     0.00000   -0.000117953    0.000009655    0.000007031  241.628564  96169.0997
 282.00   15.0246   -0.0113   15.0246  250.7498  250.7498  0.000000       0.00015       0.00015              3.5958    0.000000    -0.00010     0.00000   -0.000034201    0.000011457    0.000013511  247.849191  96008.1146
 294.00   15.0000   -0.0000   15.0000  251.8660  251.8660  0.000000       0.00000       0.00000           2985.0949    0.000000    -0.00011     0.00000   -0.000000577    0.000004468    0.000004230  248.835068  95849.7552
 306.00   15.0000   -0.0000   15.0000  253.0879  253.0879  0.000000       0.00000       0.00000        3311157.0971    0.000000    -0.00008     0.00000    0.000000000    0.000004153    0.000004005  249.924933  95692.3143
 318.00   15.0000   -0.0000   15.0000  253.9205  253.9205  0.000000       0.00000       0.00000        2469303.7023    0.000000    -0.00007     0.00000    0.000000000    0.000003197    0.000003031  250.629767  95535.6957
 330.00   15.0000   -0.0000   15.0000  254.6224  254.6224  0.000000       0.00000       0.00000        2090010.5520    0.000000    -0.00006     0.00000    0.000000000    0.000002771    0.000002610  251.205382  95379.7322
 342.00   15.0000   -0.0000   15.0000  255.2229  255.2229  0.000000       0.00000       0.00000        1814365.4650    0.000000    -0.00006     0.00000    0.000000000    0.000002441    0.000002283  251.680506  95224.3484
 354.00   15.0000    0.0000   15.0000  255.7557  255.7557  0.000000       0.00000       0.00000        1614225.7965    0.000000    -0.00005     0.00000    0.000000000    0.000002192    0.000002037  252.088761  95069.4897
 366.00   15.0000    0.0000   15.0000  256.2332  256.2332  0.000000       0.00000       0.00000        1464058.0704    0.000000    -0.00005     0.00000    0.000000000    0.000002001    0.000001847  252.442219  94915.1161
 378.00   15.0000    0.0000   15.0000  256.6738  256.6738  0.000000       0.00000       0.00000        1339159.6046    0.000000    -0.00005     0.00000    0.000000000    0.000001833    0.000001682  252.759091  94761.1974
 390.00   15.0000    0.0000   15.0000  257.0744  257.0744  0.000000       0.00000       0.00000        1239998.0962    0.000000    -0.00005     0.00000    0.000000000    0.000001698    0.000001546  253.036425  94607.7089
 402.00   15.0000    0.0000   15.0000  257.4540  257.4540  0.000000       0.00000       0.00000        1156113.1079    0.000000    -0.00004     0.00000    0.000000000    0.000001579    0.000001429  253.292794  94454.6303
 414.00   15.0000    0.0000   15.0000  257.8029  257.8029  0.000000       0.00000       0.00000        1087005.9305    0.000000    -0.00004     0.00000    0.000000000    0.000001480    0.000001329  253.518909  94301.9448
 426.00   15.0000    0.0000   15.0000  258.1398  258.1398  0.000000       0.00000       0.00000        1029906.3682    0.000000    -0.00004     0.00000    0.000000000    0.000001396    0.000001247  253.733037  94149.6383
 438.00   15.0000    0.0000   15.0000  258.4535  258.4535  0.000000       0.00000       0.00000         974850.2438    0.000000    -0.00004     0.00000    0.000000000    0.000001312    0.000001162  253.924266  93997.6991
 450.00   15.0000    0.0000   15.0000  258.7564  258.7564  0.000000       0.00000       0.00000         929325.8258    0.000000    -0.00004     0.00000    0.000000000    0.000001242    0.000001092  254.104660  93846.1160
 462.00   15.0000    0.0000   15.0000  259.0420  259.0420  0.000000       0.00000       0.00000         886015.2526    0.000000    -0.00004     0.00000    0.000000000    0.000001172    0.000001022  254.268010  93694.8797
 474.00   15.0000    0.0000   15.0000  259.3181  259.3181  0.000000       0.00000       0.00000         850343.0719    0.000000    -0.00004     0.00000    0.000000000    0.000001114    0.000000965  254.421822  93543.9811
 486.00   15.0000    0.0000   15.0000  259.5817  259.5817  0.000000       0.00000       0.00000         816042.4466    0.000000    -0.00004     0.00000    0.000000000    0.000001057    0.000000907  254.563296  93393.4128
 498.00   15.0000    0.0000   15.0000  259.8365  259.8365  0.000000       0.00000       0.00000         786683.5223    0.000000    -0.00004     0.00000    0.000000000    0.000001008    0.000000858  254.696032  93243.1679
 510.00   15.0000    0.0000   15.0000  260.0820  260.0820  0.000000       0.00000       0.00000         759603.0828    0.000000    -0.00004     0.00000    0.000000000    0.000000962    0.000000811  254.819470  93093.2399
 522.00   15.0000    0.0000   15.0000  260.3200  260.3200  0.000000       0.00000       0.00000         734550.6124    0.000000    -0.00004     0.00000    0.000000000    0.000000918    0.000000767  254.935555  92943.6234
 534.00   15.0000    0.0000   15.0000  260.5499  260.5499  0.000000       0.00000       0.00000         712292.9782    0.000000    -0.00004     0.00000    0.000000000    0.000000878    0.000000727  255.043579  92794.3128
 546.00   15.0000    0.0000   15.0000  260.7742  260.7742  0.000000       0.00000       0.00000         691697.9402    0.000000    -0.00004     0.00000    0.000000000    0.000000841    0.000000690  255.145965  92645.3036
 558.00   15.0000    0.0000   15.0000  260.9914  260.9914  0.000000       0.00000       0.00000         672037.3293    0.000000    -0.00004     0.00000    0.000000000    0.000000805    0.000000654  255.241308  92496.5913
 570.00   15.0000    0.0000   15.0000  261.2035  261.2035  0.000000       0.00000       0.00000         652325.1104    0.000000    -0.00004     0.00000    0.000000000    0.000000768    0.000000616  255.331574  92348.1716
 582.00   15.0000    0.0000   15.0000  261.4084  261.4084  0.000000       0.00000       0.00000         634852.9671    0.000000    -0.00004     0.00000    0.000000000    0.000000735    0.000000582  255.414748  92200.0403
 594.00   15.0000    0.0000   15.0000  261.6096  261.6096  0.000000       0.00000       0.00000         618761.7225    0.000000    -0.00004     0.00000    0.000000000    0.000000704    0.000000551  255.494224  92052.1937
 606.00   15.0000    0.0000   15.0000  261.8045  261.8045  0.000000       0.00000       0.00000         602994.9019    0.000000    -0.00004     0.00000    0.000000000    0.000000673    0.000000520  255.567460  91904.6282
 618.00   15.0000    0.0000   15.0000  261.9960  261.9960  0.000000       0.00000       0.00000         589255.9708    0.000000    -0.00004     0.00000    0.000000000    0.000000645    0.000000492  255.637185  91757.3405
 630.00   15.0000    0.0000   15.0000  262.1824  262.1824  0.000000       0.00000       0.00000         575587.9117    0.000000    -0.00004     0.00000    0.000000000    0.000000618    0.000000464  255.701930  91610.3274
 642.00   15.0000    0.0000   15.0000  262.3653  262.3653  0.000000       0.00000       0.00000         563991.0663    0.000000    -0.00004     0.00000    0.000000000    0.000000594    0.000000441  255.763194  91463.5860
 654.00   15.0000    0.0000   15.0000  262.5445  262.5445  0.000000       0.00000       0.00000         553249.3666    0.000000    -0.00004     0.00000    0.000000000    0.000000573    0.000000418  255.820766  91317.1137
 666.00   15.0000    0.0000   15.0000  262.7208  262.7208  0.000000       0.00000       0.00000         543776.3534    0.000000    -0.00004     0.00000    0.000000000    0.000000554    0.000000399  255.875385  91170.9080
 678.00   15.0000    0.0000   15.0000  262.8941  262.8941  0.000000       0.00000       0.00000         534802.3817    0.000000    -0.00004     0.00000    0.000000000    0.000000535    0.000000380  255.927098  91024.9667
 690.00   15.0000    0.0000   15.0000  263.0649  263.0649  0.000000       0.00000       0.00000         526851.5953    0.000000    -0.00004     0.00000    0.000000000    0.000000519    0.000000364  255.976165  90879.2876
 702.00   15.0000    0.0000   15.0000  263.2333  263.2333  0.000000       0.00000       0.00000         519604.2421    0.000000    -0.00004     0.00000    0.000000000    0.000000504    0.000000348  256.022962  90733.8689
 714.00   15.0000    0.0000   15.0000  263.3996  263.3996  0.000000       0.00000       0.00000         513418.7980    0.000000    -0.00004     0.00000    0.000000000    0.000000492    0.000000336  256.067548  90588.7088
 726.00   15.0000    0.0000   15.0000  263.5643  263.5643  0.000000       0.00000       0.00000         508589.7766    0.000000    -0.00004     0.00000    0.000000000    0.000000483    0.000000326  256.110525  90443.8057
 738.00   15.0000    0.0000   15.0000  263.7276  263.7276  0.000000       0.00000       0.00000         504760.5379    0.000000    -0.00004     0.00000    0.000000000    0.000000476    0.000000318  256.152139  90299.1582
 750.00   15.0000    0.0000   15.0000  263.8901  263.8901  0.000000       0.00000       0.00000         501799.0306    0.000000    -0.00004     0.00000    0.000000000    0.000000471    0.000000313  256.192767  90154.7653
 762.00   15.0000    0.0000   15.0000  264.0517  264.0517  0.000000       0.00000       0.00000         499837.7418    0.000000    -0.00004     0.00000    0.000000000    0.000000468    0.000000310  256.232574  90010.6258
 774.00   15.0000    0.0000   15.0000  264.2131  264.2131  0.000000       0.00000       0.00000         498109.4050    0.000000    -0.00004     0.00000    0.000000000    0.000000466    0.000000307  256.272021  89866.7390
 786.00   15.0000    0.0000   15.0000  264.3738  264.3738  0.000000       0.00000       0.00000         497400.7695    0.000000    -0.00004     0.00000    0.000000000    0.000000467    0.000000307  256.310792  89723.1042
 798.00   15.0000    0.0000   15.0000  264.5349  264.5349  0.000000       0.00000       0.00000         498390.2898    0.000000    -0.00004     0.00000    0.000000000    0.000000472    0.000000311  256.349841  89579.7206
 810.00   15.0000    0.0000   15.0000  264.6965  264.6965  0.000000       0.00000       0.00000         500484.8701    0.000000    -0.00004     0.00000    0.000000000    0.000000479    0.000000318  256.389281  89436.5881
 822.00   15.0000    0.0000   15.0000  264.8591  264.8591  0.000000       0.00000       0.00000         504040.0643    0.000000    -0.00004     0.00000    0.000000000    0.000000491    0.000000328  256.429693  89293.7066
 834.00   15.0000    0.0000   15.0000  265.0232  265.0232  0.000000       0.00000       0.00000         510018.7086    0.000000    -0.00004     0.00000    0.000000000    0.000000509    0.000000345  256.471413  89151.0761
 846.00   15.0000    0.0000   15.0000  265.1899  265.1899  0.000000       0.00000       0.00000         518758.6098    0.000000    -0.00004     0.00000    0.000000000    0.000000534    0.000000369  256.515628  89008.6973
 858.00   15.0000    0.0000   15.0000  265.3599  265.3599  0.000000       0.00000       0.00000         529933.1825    0.000000    -0.00005     0.00000    0.000000000    0.000000567    0.000000400  256.562890  88866.5711
 870.00   15.0000    0.0000   15.0000  265.5341  265.5341  0.000000       0.00000       0.00000         547092.5383    0.000000    -0.00005     0.00000    0.000000000    0.000000615    0.000000446  256.614182  88724.6992
 882.00   15.0000    0.0000   15.0000  265.7154  265.7154  0.000000       0.00000       0.00000         564157.7921    0.000000    -0.00005     0.00000    0.000000000    0.000000664    0.000000493  256.672286  88583.0839
 894.00   15.0000    0.0000   15.0000  265.9009  265.9009  0.000000       0.00000       0.00000         595967.3958    0.000000    -0.00006     0.00000    0.000000000    0.000000753    0.000000579  256.734376  88441.7277
 906.00   15.0000    0.0000   15.0000  266.1032  266.1032  0.000000       0.00000       0.00000         615966.2621    0.000000    -0.00006     0.00000    0.000000000    0.000000812    0.000000637  256.812550  88300.6356
 918.00   15.0000    0.0000   15.0000  266.3021  266.3021  0.000000       0.00000       0.00000         684708.3768    0.000000    -0.00007     0.00000    0.000000000    0.000001006    0.000000823  256.887327  88159.8105
 930.00   15.0000    0.0000   15.0000  266.5495  266.5495  0.000000       0.00000       0.00000         696075.9947    0.000000    -0.00006     0.00000    0.000000000    0.000001045    0.000000863  257.008820  88019.2637
 942.00   15.0000    0.0000   15.0000  266.7562  266.7562  0.000000       0.00000       0.00000         870659.3170    0.000000    -0.00011     0.00000    0.000000000    0.000001544    0.000001340  257.090971  87878.9964
 954.00   15.0000    0.0000   15.0000  267.1179  267.1179  0.000000       0.00000       0.00000         840172.0202    0.000000    -0.00006     0.00000    0.000000000    0.000001472    0.000001284  257.322405  87739.0380
 966.00   15.0000    0.0000   15.0000  267.3054  267.3054  0.000000       0.00000       0.00000        1287297.6925    0.000000    -0.00020     0.00000    0.000000000    0.000002799    0.000002527  257.385922  87599.3825
 978.00   15.0000    0.0000   15.0000  267.9600  267.9600  0.000000       0.00000       0.00000        1192105.6863    0.000000    -0.00004     0.00000    0.000000000    0.000002544    0.000002364  257.898996  87460.1049
 990.00   15.0000    0.0000   15.0000  268.0872  268.0872  0.000000       0.00000       0.00000        3129085.0944    0.000000    -0.00059     0.00000    0.000000000    0.000008857    0.000007958  257.904265  87321.1887
1002.00   15.0000    0.0000   15.0000  270.0130  270.0130  0.000000       0.00000       0.00000        3032365.9278    0.000000    -0.00002     0.00000    0.000000000    0.000008622    0.000008825  259.639422  87182.9572
1014.00   15.0000    0.0000   15.0000  270.0910  270.0910  0.000000       0.00000       0.00000         236005.2723    0.000000    -0.00002     0.00000    0.000000000   -0.000000242   -0.000000439  259.597315  87045.3962
1026.00   15.0000    0.0000   15.0000  270.1690  270.1690  0.000000       0.00000       0.00000         235937.1356    0.000000    -0.00002     0.00000    0.000000000   -0.000000242   -0.000000438  259.555174  86908.0299
1038.00   15.0000    0.0000   15.0000  270.2470  270.2470  0.000000       0.00000       0.00000         235869.0383    0.000000    -0.00003     0.00000    0.000000000   -0.000000242   -0.000000438  259.512999  86770.8581
1050.00   15.0000    0.0000   15.0000  270.3250  270.3250  0.000000       0.00000       0.00000         235800.9803    0.000000    -0.00003     0.00000    0.000000000   -0.000000242   -0.000000438  259.470790  86633.8806
1062.00   15.0000    0.0000   15.0000  270.4030  270.4030  0.000000       0.00000       0.00000         235732.9615    0.000000    -0.00003     0.00000    0.000000000   -0.000000242   -0.000000437  259.428548  86497.0971
1074.00   15.0000    0.0000   15.0000  270.4810  270.4810  0.000000       0.00000       0.00000         235664.9820    0.000000    -0.00003     0.00000    0.000000000   -0.000000242   -0.000000437  259.386271  86360.5074
1086.00   15.0000    0.0000   15.0000  270.5590  270.5590  0.000000       0.00000       0.00000         235597.0417    0.000000    -0.00003     0.00000    0.000000000   -0.000000242   -0.000000437  259.343961  86224.1111
1098.00   15.0000    0.0000   15.0000  270.6370  270.6370  0.000000       0.00000       0.00000         235529.1405    0.000000    -0.00003     0.00000    0.000000000   -0.000000242   -0.000000436  259.301617  86087.9080
1110.00   15.0000    0.0000   15.0000  270.7150  270.7150  0.000000       0.00000       0.00000         235461.2785    0.000000    -0.00003     0.00000    0.000000000   -0.000000243   -0.000000436  259.259240  85951.8978
1122.00   15.0000    0.0000   15.0000  270.7930  270.7930  0.000000       0.00000       0.00000         235393.4555    0.000000    -0.00003     0.00000    0.000000000   -0.000000243   -0.000000436  259.216829  85816.0804
1134.00   15.0000    0.0000   15.0000  270.8710  270.8710  0.000000       0.00000       0.00000         235325.6716    0.000000    -0.00003     0.00000    0.000000000   -0.000000243   -0.000000435  259.174384  85680.4554
1146.00   15.0000    0.0000   15.0000  270.9490  270.9490  0.000000       0.00000       0.00000         235257.9268    0.000000    -0.00003     0.00000    0.000000000   -0.000000243   -0.000000435  259.131905  85545.0225
1158.00   15.0000    0.0000   15.0000  271.0270  271.0270  0.000000       0.00000       0.00000         235190.2209    0.000000    -0.00003     0.00000    0.000000000   -0.000000243   -0.000000435  259.089392  85409.7816
1170.00   15.0000    0.0000   15.0000  271.1050  271.1050  0.000000       0.00000       0.00000         235122.5540    0.000000    -0.00003     0.00000    0.000000000   -0.000000243   -0.000000434  259.046846  85274.7323
1182.00   15.0000    0.0000   15.0000  271.1830  271.1830  0.000000       0.00000       0.00000         235054.9260    0.000000    -0.00003     0.00000    0.000000000   -0.000000243   -0.000000434  259.004266  85139.8745
1194.00   15.0000    0.0000   15.0000  271.2610  271.2610  0.000000       0.00000       0.00000         234987.3369    0.000000    -0.00003     0.00000    0.000000000   -0.000000243   -0.000000433  258.961653  85005.2077
1206.00   15.0000    0.0000   15.0000  271.3390  271.3390  0.000000       0.00000       0.00000         234919.7867    0.000000    -0.00003     0.00000    0.000000000   -0.000000243   -0.000000433  258.919006  84870.7319
1218.00   15.0000    0.0000   15.0000  271.4170  271.4170  0.000000       0.00000       0.00000         234852.2753    0.000000    -0.00003     0.00000    0.000000000   -0.000000243   -0.000000433  258.876325  84736.4467
1230.00   15.0000    0.0000   15.0000  271.4950  271.4950  0.000000       0.00000       0.00000         234784.8027    0.000000    -0.00003     0.00000    0.000000000   -0.000000243   -0.000000432  258.833610  84602.3519
1242.00   15.0000    0.0000   15.0000  271.5730  271.5730  0.000000       0.00000       0.00000         234717.3688    0.000000    -0.00003     0.00000    0.000000000   -0.000000243   -0.000000432  258.790862  84468.4471
1254.00   15.0000    0.0000   15.0000  271.6510  271.6510  0.000000       0.00000       0.00000         234649.9737    0.000000    -0.00003     0.00000    0.000000000   -0.000000243   -0.000000432  258.748080  84334.7323
1266.00   15.0000    0.0000   15.0000  271.7290  271.7290  0.000000       0.00000       0.00000         234582.6172    0.000000    -0.00003     0.00000    0.000000000   -0.000000243   -0.000000431  258.705265  84201.2070
1278.00   15.0000    0.0000   15.0000  271.8070  271.8070  0.000000       0.00000       0.00000         234515.2995    0.000000    -0.00003     0.00000    0.000000000   -0.000000243   -0.000000431  258.662416  84067.8711
1290.00   15.0000    0.0000   15.0000  271.8850  271.8850  0.000000       0.00000       0.00000         234448.0203    0.000000    -0.00003     0.00000    0.000000000   -0.000000243   -0.000000431  258.619533  83934.7243
1302.00   15.0000    0.0000   15.0000  271.9630  271.9630  0.000000       0.00000       0.00000         234380.7797    0.000000    -0.00003     0.00000    0.000000000   -0.000000243   -0.000000430  258.576617  83801.7664
1314.00   15.0000    0.0000   15.0000  272.0410  272.0410  0.000000       0.00000       0.00000         234313.5777    0.000000    -0.00003     0.00000    0.000000000   -0.000000243   -0.000000430  258.533667  83668.9970
1326.00   15.0000    0.0000   15.0000  272.1190  272.1190  0.000000       0.00000       0.00000         234246.4143    0.000000    -0.00003     0.00000    0.000000000   -0.000000243   -0.000000430  258.490684  83536.4160
1338.00   15.0000    0.0000   15.0000  272.1970  272.1970  0.000000       0.00000       0.00000         234179.2893    0.000000    -0.00003     0.00000    0.000000000   -0.000000243   -0.000000429  258.447667  83404.0230
1350.00   15.0000    0.0000   15.0000  272.2750  272.2750  0.000000       0.00000       0.00000         234112.2027    0.000000    -0.00003     0.00000    0.000000000   -0.000000243   -0.000000429  258.404617  83271.8179
1362.00   15.0000    0.0000   15.0000  272.3530  272.3530  0.000000       0.00000       0.00000         234045.1546    0.000000    -0.00003     0.00000    0.000000000   -0.000000243   -0.000000428  258.361532  83139.8003
1374.00   15.0000    0.0000   15.0000  272.4310  272.4310  0.000000       0.00000       0.00000         233978.1449    0.000000    -0.00003     0.00000    0.000000000   -0.000000243   -0.000000428  258.318415  83007.9701
1386.00   15.0000    0.0000   15.0000  272.5090  272.5090  0.000000       0.00000       0.00000         233911.1736    0.000000    -0.00003     0.00000    0.000000000   -0.000000243   -0.000000428  258.275264  82876.3270
1398.00   15.0000    0.0000   15.0000  272.5870  272.5870  0.000000       0.00000       0.00000         233844.2406    0.000000    -0.00003     0.00000    0.000000000   -0.000000243   -0.000000427  258.232079  82744.8706
1410.00   15.0000    0.0000   15.0000  272.6650  272.6650  0.000000       0.00000       0.00000         233777.3458    0.000000    -0.00003     0.00000    0.000000000   -0.000000243   -0.000000427  258.188861  82613.6009
1422.00   15.0000    0.0000   15.0000  272.7430  272.7430  0.000000       0.00000       0.00000         233710.4894    0.000000    -0.00003     0.00000    0.000000000   -0.000000243   -0.000000427  258.145610  82482.5175
1434.00   15.0000    0.0000   15.0000  272.8210  272.8210  0.000000       0.00000       0.00000         233643.6711    0.000000    -0.00003     0.00000    0.000000000   -0.000000243   -0.000000426  258.102324  82351.6201
1446.00   15.0000    0.0000   15.0000  272.8990  272.8990  0.000000       0.00000       0.00000         233576.8911    0.000000    -0.00004     0.00000    0.000000000   -0.000000243   -0.000000426  258.059006  82220.9085
1458.00   15.0000    0.0000   15.0000  272.9770  272.9770  0.000000       0.00000       0.00000         233510.1492    0.000000    -0.00004     0.00000    0.000000000   -0.000000243   -0.000000425  258.015654  82090.3826
1470.00   15.0000    0.0000   15.0000  273.0550  273.0550  0.000000       0.00000       0.00000         233443.4455    0.000000    -0.00004     0.00000    0.000000000   -0.000000243   -0.000000425  257.972268  81960.0419
1482.00   15.0000    0.0000   15.0000  273.1330  273.1330  0.000000       0.00000       0.00000         233376.7798    0.000000    -0.00004     0.00000    0.000000000   -0.000000243   -0.000000425  257.928849  81829.8863
1494.00   15.0000    0.0000   15.0000  273.2110  273.2110  0.000000       0.00000       0.00000         233310.1522    0.000000    -0.00004     0.00000    0.000000000   -0.000000243   -0.000000424  257.885397  81699.9156
1506.00   15.0000    0.0000   15.0000  273.2890  273.2890  0.000000       0.00000       0.00000         233243.5627    0.000000    -0.00004     0.00000    0.000000000   -0.000000243   -0.000000424  257.841911  81570.1294
1518.00   15.0000    0.0000   15.0000  273.3670  273.3670  0.000000       0.00000       0.00000         233177.0111    0.000000    -0.00004     0.00000    0.000000000   -0.000000243   -0.000000423  257.798392  81440.5275
1530.00   15.0000    0.0000   15.0000  273.4450  273.4450  0.000000       0.00000       0.00000         233110.4975    0.000000    -0.00004     0.00000    0.000000000   -0.000000243   -0.000000423  257.754839  81311.1098
1542.00   15.0000    0.0000   15.0000  273.5230  273.5230  0.000000       0.00000       0.00000         233044.0219    0.000000    -0.00004     0.00000    0.000000000   -0.000000243   -0.000000423  257.711253  81181.8758
1554.00   15.0000    0.0000   15.0000  273.6010  273.6010  0.000000       0.00000       0.00000         232977.5841    0.000000    -0.00004     0.00000    0.000000000   -0.000000242   -0.000000422  257.667634  81052.8255
1566.00   15.0000    0.0000   15.0000  273.6790  273.6790  0.000000       0.00000       0.00000         232911.1843    0.000000    -0.00004     0.00000    0.000000000   -0.000000242   -0.000000422  257.623981  80923.9584
1578.00   15.0000    0.0000   15.0000  273.7570  273.7570  0.000000       0.00000       0.00000         232844.8222    0.000000    -0.00004     0.00000    0.000000000   -0.000000242   -0.000000421  257.580295  80795.2745
1590.00   15.0000    0.0000   15.0000  273.8350  273.8350  0.000000       0.00000       0.00000         232778.4980    0.000000    -0.00004     0.00000    0.000000000   -0.000000242   -0.000000421  257.536575  80666.7735
1602.00   15.0000    0.0000   15.0000  273.9130  273.9130  0.000000       0.00000       0.00000         232712.2115    0.000000    -0.00004     0.00000    0.000000000   -0.000000242   -0.000000421  257.492822  80538.4550
1614.00   15.0000    0.0000   15.0000  273.9910  273.9910  0.000000       0.00000       0.00000         232645.9628    0.000000    -0.00004     0.00000    0.000000000   -0.000000242   -0.000000420  257.449036  80410.3189
1626.00   15.0000    0.0000   15.0000  274.0690  274.0690  0.000000       0.00000       0.00000         232579.7518    0.000000    -0.00004     0.00000    0.000000000   -0.000000242   -0.000000420  257.405217  80282.3649
1638.00   15.0000    0.0000   15.0000  274.1470  274.1470  0.000000       0.00000       0.00000         232513.5785    0.000000    -0.00004     0.00000    0.000000000   -0.000000242   -0.000000419  257.361364  80154.5927
1650.00   15.0000    0.0000   15.0000  274.2250  274.2250  0.000000       0.00000       0.00000         232447.4428    0.000000    -0.00004     0.00000    0.000000000   -0.000000242   -0.000000419  257.317477  80027.0022
1662.00   15.0000    0.0000   15.0000  274.3030  274.3030  0.000000       0.00000       0.00000         232381.3447    0.000000    -0.00004     0.00000    0.000000000   -0.000000242   -0.000000419  257.273558  79899.5931
1674.00   15.0000    0.0000   15.0000  274.3810  274.3810  0.000000       0.00000       0.00000         232315.2842    0.000000    -0.00004     0.00000    0.000000000   -0.000000242   -0.000000418  257.229605  79772.3651
1686.00   15.0000    0.0000   15.0000  274.4590  274.4590  0.000000       0.00000       0.00000         232249.2613    0.000000    -0.00004     0.00000    0.000000000   -0.000000242   -0.000000418  257.185619  79645.3180
1698.00   15.0000    0.0000   15.0000  274.5370  274.5370  0.000000       0.00000       0.00000         232183.2758    0.000000    -0.00004     0.00000    0.000000000   -0.000000242   -0.000000417  257.141600  79518.4515
1710.00   15.0000    0.0000   15.0000  274.6150  274.6150  0.000000       0.00000       0.00000         232117.3279    0.000000    -0.00004     0.00000    0.000000000   -0.000000242   -0.000000417  257.097547  79391.7655
1722.00   15.0000    0.0000   15.0000  274.6930  274.6930  0.000000       0.00000       0.00000         232051.4174    0.000000    -0.00004     0.00000    0.000000000   -0.000000242   -0.000000417  257.053461  79265.2596
1734.00   15.0000    0.0000   15.0000  274.7710  274.7710  0.000000       0.00000       0.00000         231985.5443    0.000000    -0.00004     0.00000    0.000000000   -0.000000242   -0.000000416  257.009342  79138.9337
1746.00   15.0000    0.0000   15.0000  274.8490  274.8490  0.000000       0.00000       0.00000         231919.7086    0.000000    -0.00004     0.00000    0.000000000   -0.000000242   -0.000000416  256.965189  79012.7874
1758.00   15.0000    0.0000   15.0000  274.9270  274.9270  0.000000       0.00000       0.00000         231853.9103    0.000000    -0.00004     0.00000    0.000000000   -0.000000242   -0.000000415  256.921004  78886.8206
1770.00   15.0000    0.0000   15.0000  275.0050  275.0050  0.000000       0.00000       0.00000         231788.1493    0.000000    -0.00004     0.00000    0.000000000   -0.000000242   -0.000000415  256.876785  78761.0330
1782.00   15.0000    0.0000   15.0000  275.0830  275.0830  0.000000       0.00000       0.00000         231722.4256    0.000000    -0.00004     0.00000    0.000000000   -0.000000242   -0.000000414  256.832533  78635.4243
1794.00   15.0000    0.0000   15.0000  275.1610  275.1610  0.000000       0.00000       0.00000         231656.7391    0.000000    -0.00004     0.00000    0.000000000   -0.000000242   -0.000000414  256.788248  78509.9944
1806.00   15.0000    0.0000   15.0000  275.2390  275.2390  0.000000       0.00000       0.00000         231591.0899    0.000000    -0.00004     0.00000    0.000000000   -0.000000242   -0.000000414  256.743929  78384.7429
1818.00   15.0000    0.0000   15.0000  275.3170  275.3170  0.000000       0.00000       0.00000         231525.4779    0.000000    -0.00004     0.00000    0.000000000   -0.000000241   -0.000000413  256.699578  78259.6697
1830.00   15.0000    0.0000   15.0000  275.3950  275.3950  0.000000       0.00000       0.00000         231459.9030    0.000000    -0.00004     0.00000    0.000000000   -0.000000241   -0.000000413  256.655193  78134.7745
1842.00   15.0000    0.0000   15.0000  275.4730  275.4730  0.000000       0.00000       0.00000         231394.3653    0.000000    -0.00004     0.00000    0.000000000   -0.000000241   -0.000000412  256.610775  78010.0570
1854.00   15.0000    0.0000   15.0000  275.5510  275.5510  0.000000       0.00000       0.00000         231328.8647    0.000000    -0.00005     0.00000    0.000000000   -0.000000241   -0.000000412  256.566324  77885.5171
1866.00   15.0000    0.0000   15.0000  275.6290  275.6290  0.000000       0.00000       0.00000         231263.4012    0.000000    -0.00005     0.00000    0.000000000   -0.000000241   -0.000000411  256.521839  77761.1545
1878.00   15.0000    0.0000   15.0000  275.7070  275.7070  0.000000       0.00000       0.00000         231197.9747    0.000000    -0.00005     0.00000    0.000000000   -0.000000241   -0.000000411  256.477322  77636.9689
1890.00   15.0000    0.0000   15.0000  275.7850  275.7850  0.000000       0.00000       0.00000         231132.5852    0.000000    -0.00005     0.00000    0.000000000   -0.000000241   -0.000000411  256.432771  77512.9601
1902.00   15.0000    0.0000   15.0000  275.8630  275.8630  0.000000       0.00000       0.00000         231067.2326    0.000000    -0.00005     0.00000    0.000000000   -0.000000241   -0.000000410  256.388188  77389.1279
1914.00   15.0000    0.0000   15.0000  275.9410  275.9410  0.000000       0.00000       0.00000         231001.9171    0.000000    -0.00005     0.00000    0.000000000   -0.000000241   -0.000000410  256.343571  77265.4721
1926.00   15.0000    0.0000   15.0000  276.0190  276.0190  0.000000       0.00000       0.00000         230936.6384    0.000000    -0.00005     0.00000    0.000000000   -0.000000241   -0.000000409  256.298921  77141.9923
1938.00   15.0000    0.0000   15.0000  276.0970  276.0970  0.000000       0.00000       0.00000         230871.3966    0.000000    -0.00005     0.00000    0.000000000   -0.000000241   -0.000000409  256.254238  77018.6884
1950.00   15.0000    0.0000   15.0000  276.1750  276.1750  0.000000       0.00000       0.00000         230806.1917    0.000000    -0.00005     0.00000    0.000000000   -0.000000241   -0.000000408  256.209522  76895.5602
1962.00   15.0000    0.0000   15.0000  276.2530  276.2530  0.000000       0.00000       0.00000         230741.0236    0.000000    -0.00005     0.00000    0.000000000   -0.000000241   -0.000000408  256.164773  76772.6073
1974.00   15.0000    0.0000   15.0000  276.3310  276.3310  0.000000       0.00000       0.00000         230675.8923    0.000000    -0.00005     0.00000    0.000000000   -0.000000241   -0.000000407  256.119991  76649.8296
1986.00   15.0000    0.0000   15.0000  276.4090  276.4090  0.000000       0.00000       0.00000         230610.7978    0.000000    -0.00005     0.00000    0.000000000   -0.000000240   -0.000000407  256.075176  76527.2268
1998.00   15.0000    0.0000   15.0000  276.4870  276.4870  0.000000       0.00000       0.00000         230545.7399    0.000000    -0.00005     0.00000    0.000000000   -0.000000240   -0.000000407  256.030327  76404.7987
2010.00   15.0000    0.0000   15.0000  276.5650  276.5650  0.000000       0.00000       0.00000         230480.7188    0.000000    -0.00005     0.00000    0.000000000   -0.000000240   -0.000000406  255.985446  76282.5451
2022.00   15.0000    0.0000   15.0000  276.6430  276.6430  0.000000       0.00000       0.00000         230415.7344    0.000000    -0.00005     0.00000    0.000000000   -0.000000240   -0.000000406  255.940532  76160.4657
2034.00   15.0000    0.0000   15.0000  276.7210  276.7210  0.000000       0.00000       0.00000         230350.7865    0.000000    -0.00005     0.00000    0.000000000   -0.000000240   -0.000000405  255.895584  76038.5603
2046.00   15.0000    0.0000   15.0000  276.7990  276.7990  0.000000       0.00000       0.00000         230285.8753    0.000000    -0.00005     0.00000    0.000000000   -0.000000240   -0.000000405  255.850604  75916.8286
2058.00   15.0000    0.0000   15.0000  276.8770  276.8770  0.000000       0.00000       0.00000         230221.0007    0.000000    -0.00005     0.00000    0.000000000   -0.000000240   -0.000000404  255.805591  75795.2705
2070.00   15.0000    0.0000   15.0000  276.9550  276.9550  0.000000       0.00000       0.00000         230156.1626    0.000000    -0.00005     0.00000    0.000000000   -0.000000240   -0.000000404  255.760544  75673.8856
2082.00   15.0000    0.0000   15.0000  277.0330  277.0330  0.000000       0.00000       0.00000         230091.3610    0.000000    -0.00005     0.00000    0.000000000   -0.000000240   -0.000000403  255.715465  75552.6738
2094.00   15.0000    0.0000   15.0000  277.1110  277.1110  0.000000       0.00000       0.00000         230026.5958    0.000000    -0.00005     0.00000    0.000000000   -0.000000240   -0.000000403  255.670353  75431.6349
2106.00   15.0000    0.0000   15.0000  277.1890  277.1890  0.000000       0.00000       0.00000         229961.8672    0.000000    -0.00005     0.00000    0.000000000   -0.000000240   -0.000000402  255.625207  75310.7685
2118.00   15.0000    0.0000   15.0000  277.2670  277.2670  0.000000       0.00000       0.00000         229897.1749    0.000000    -0.00005     0.00000    0.000000000   -0.000000240   -0.000000402  255.580029  75190.0745
2130.00   15.0000    0.0000   15.0000  277.3450  277.3450  0.000000       0.00000       0.00000         229832.5191    0.000000    -0.00005     0.00000    0.000000000   -0.000000239   -0.000000402  255.534818  75069.5526
2142.00   15.0000    0.0000   15.0000  277.4230  277.4230  0.000000       0.00000       0.00000         229767.8996    0.000000    -0.00005     0.00000    0.000000000   -0.000000239   -0.000000401  255.489574  74949.2026
2154.00   15.0000    0.0000   15.0000  277.5010  277.5010  0.000000       0.00000       0.00000         229703.3164    0.000000    -0.00005     0.00000    0.000000000   -0.000000239   -0.000000401  255.444297  74829.0243
2166.00   15.0000    0.0000   15.0000  277.5790  277.5790  0.000000       0.00000       0.00000         229638.7695    0.000000    -0.00005     0.00000    0.000000000   -0.000000239   -0.000000400  255.398987  74709.0175
2178.00   15.0000    0.0000   15.0000  277.6570  277.6570  0.000000       0.00000       0.00000         229574.2589    0.000000    -0.00005     0.00000    0.000000000   -0.000000239   -0.000000400  255.353644  74589.1818
2190.00   15.0000    0.0000   15.0000  277.7350  277.7350  0.000000       0.00000       0.00000         229509.7845    0.000000    -0.00005     0.00000    0.000000000   -0.000000239   -0.000000399  255.308269  74469.5171
2202.00   15.0000    0.0000   15.0000  277.8130  277.8130  0.000000       0.00000       0.00000         229445.3463    0.000000    -0.00005     0.00000    0.000000000   -0.000000239   -0.000000399  255.262860  74350.0232
2214.00   15.0000    0.0000   15.0000  277.8910  277.8910  0.000000       0.00000       0.00000         229380.9443    0.000000    -0.00005     0.00000    0.000000000   -0.000000239   -0.000000398  255.217419  74230.6999
2226.00   15.0000    0.0000   15.0000  277.9690  277.9690  0.000000       0.00000       0.00000         229316.5785    0.000000    -0.00005     0.00000    0.000000000   -0.000000239   -0.000000398  255.171944  74111.5468
2238.00   15.0000    0.0000   15.0000  278.0470  278.0470  0.000000       0.00000       0.00000         229252.2487    0.000000    -0.00005     0.00000    0.000000000   -0.000000238   -0.000000397  255.126437  73992.5637
2250.00   15.0000    0.0000   15.0000  278.1250  278.1250  0.000000       0.00000       0.00000         229187.9551    0.000000    -0.00005     0.00000    0.000000000   -0.000000238   -0.000000397  255.080897  73873.7506
2262.00   15.0000    0.0000   15.0000  278.2030  278.2030  0.000000       0.00000       0.00000         229123.6974    0.000000    -0.00006     0.00000    0.000000000   -0.000000238   -0.000000396  255.035324  73755.1070
2274.00   15.0000    0.0000   15.0000  278.2810  278.2810  0.000000       0.00000       0.00000         229059.4759    0.000000    -0.00006     0.00000    0.000000000   -0.000000238   -0.000000396  254.989719  73636.6328
2286.00   15.0000    0.0000   15.0000  278.3590  278.3590  0.000000       0.00000       0.00000         228995.2903    0.000000    -0.00006     0.00000    0.000000000   -0.000000238   -0.000000395  254.944080  73518.3278
2298.00   15.0000    0.0000   15.0000  278.4370  278.4370  0.000000       0.00000       0.00000         228931.1406    0.000000    -0.00006     0.00000    0.000000000   -0.000000238   -0.000000395  254.898409  73400.1917
2310.00   15.0000    0.0000   15.0000  278.5150  278.5150  0.000000       0.00000       0.00000         228867.0269    0.000000    -0.00006     0.00000    0.000000000   -0.000000238   -0.000000394  254.852705  73282.2243
2322.00   15.0000    0.0000   15.0000  278.5930  278.5930  0.000000       0.00000       0.00000         228802.9491    0.000000    -0.00006     0.00000    0.000000000   -0.000000238   -0.000000394  254.806968  73164.4254
2334.00   15.0000    0.0000   15.0000  278.6710  278.6710  0.000000       0.00000       0.00000         228738.9072    0.000000    -0.00006     0.00000    0.000000000   -0.000000238   -0.000000393  254.761198  73046.7948
2346.00   15.0000    0.0000   15.0000  278.7490  278.7490  0.000000       0.00000       0.00000         228674.9011    0.000000    -0.00006     0.00000    0.000000000   -0.000000237   -0.000000393  254.715396  72929.3322
2358.00   15.0000    0.0000   15.0000  278.8270  278.8270  0.000000       0.00000       0.00000         228610.9308    0.000000    -0.00006     0.00000    0.000000000   -0.000000237   -0.000000392  254.669560  72812.0373
2370.00   15.0000    0.0000   15.0000  278.9050  278.9050  0.000000       0.00000       0.00000         228546.9963    0.000000    -0.00006     0.00000    0.000000000   -0.000000237   -0.000000392  254.623692  72694.9101
2382.00   15.0000    0.0000   15.0000  278.9830  278.9830  0.000000       0.00000       0.00000              0.0000    0.000000    -0.00006     0.00000    0.000000000    0.000000000    0.000000000  254.577792  72577.9502
2394.00   15.0000    0.0000   15.0000  279.0610  279.0610  0.000000       0.00000       0.00000              0.0000    0.000000     0.00000     0.00000    0.000000000    0.000000000    0.000000000  254.531858  72461.1575
