   0.00    0.0000    0.0000    0.0000  238.9298  238.9298  0.000000       0.00000       0.00000              0.0000    0.000000     0.00000     0.00000    0.000000000    0.000000000    0.000000000    0.000000      0.0000
   6.00    8.0147    3.4490    8.7253  240.2805  240.2805  0.000000       0.76367       0.76367              0.0000    0.000000     0.00000     0.00000   -0.000004804    0.000000000    0.000000000  240.192783  99872.1538
  18.00    9.0169    3.8098    9.7887  240.3627  240.3627  0.000000       2.48573       2.48573              0.0449    0.000000    -0.00000     0.00000   -0.000014842    0.000000000    0.000000000  240.128534  99659.2358
  30.00    9.6419    3.9963   10.4373  240.4158  240.4158  0.000000       2.47214       2.47214              0.0662    0.000000    -0.00000     0.00000   -0.000018656   -0.000000094   -0.000000122  240.064382  99489.2145
  42.00   10.2039    4.1310   11.0084  240.4651  240.4651  0.000000       2.74653       2.74653              0.0787    0.000000    -0.00000     0.00000   -0.000020599   -0.000000101   -0.000000128  239.996529  99319.4367
  54.00   10.7050    4.2226   11.5077  240.5107  240.5107  0.000000       2.76244       2.76244              0.0915    0.000000    -0.00000     0.00000   -0.000022081   -0.000000105   -0.000000132  239.924983  99149.8994
  66.00   11.1743    4.2818   11.9666  240.5552  240.5552  0.000000       2.74403       2.74403              0.1027    0.000000    -0.00000     0.00000   -0.000023333   -0.000000106   -0.000000133  239.852284  98980.6007
  78.00   11.6194    4.3129   12.3940  240.5994  240.5994  0.000000       2.65919       2.65919              0.1136    0.000000    -0.00000     0.00000   -0.000024474   -0.000000105   -0.000000132  239.779170  98811.5397
  90.00   12.0469    4.3184   12.7976  240.6438  240.6438  0.000000       2.54206       2.54206              0.1242    0.000000    -0.00000     0.00000   -0.000025559   -0.000000104   -0.000000130  239.706392  98642.7161
 102.00   12.4602    4.2995   13.1811  240.6892  240.6892  0.000000       2.39843       2.39843              0.1348    0.000000    -0.00000     0.00000   -0.000026624   -0.000000101   -0.000000128  239.634446  98474.1302
 114.00   12.8614    4.2569   13.5476  240.7358  240.7358  0.000000       2.23816       2.23816              0.1456    0.000000    -0.00000     0.00000   -0.000027694   -0.000000098   -0.000000125  239.563789  98305.7823
 126.00   13.2516    4.1907   13.8985  240.7842  240.7842  0.000000       2.06660       2.06660              0.1567    0.000000    -0.00000     0.00000   -0.000028808   -0.000000094   -0.000000121  239.494844  98137.6734
 138.00   13.6314    4.1007   14.2349  240.8348  240.8348  0.000000       1.88840       1.88840              0.1684    0.000000    -0.00000     0.00000   -0.000029971   -0.000000089   -0.000000116  239.428045  97969.8043
 150.00   14.0006    3.9867   14.5571  240.8880  240.8880  0.000000       1.70687       1.70687              0.1808    0.000000    -0.00000     0.00000   -0.000031215   -0.000000084   -0.000000110  239.363865  97802.1766
 162.00   14.3587    3.8479   14.8653  240.9445  240.9445  0.000000       1.52466       1.52466              0.1941    0.000000    -0.00000     0.00000   -0.000032554   -0.000000077   -0.000000104  239.302849  97634.7920
 174.00   14.7046    3.6836   15.1590  241.0048  241.0048  0.000000       1.34384       1.34384              0.2088    0.000000    -0.00000     0.00000   -0.000033989   -0.000000069   -0.000000096  239.245653  97467.6526
 186.00   15.0370    3.4926   15.4373  241.0699  241.0699  0.000000       1.16598       1.16598              0.2252    0.000000    -0.00000     0.00000   -0.000035584   -0.000000059   -0.000000087  239.193114  97300.7611
 198.00   15.3538    3.2738   15.6990  241.1407  241.1407  0.000000       0.99267       0.99267              0.2438    0.000000    -0.00000     0.00000   -0.000037385   -0.000000047   -0.000000075  239.146329  97134.1208
 210.00   15.6525    3.0254   15.9422  241.2190  241.2190  0.000000       0.82462       0.82462              0.2656    0.000000    -0.00001     0.00000   -0.000039447   -0.000000032   -0.000000060  239.106836  96967.7359
 222.00   15.9292    2.7453   16.1641  241.3069  241.3069  0.000000       0.66425       0.66425              0.2919    0.000000    -0.00001     0.00000   -0.000041848   -0.000000011   -0.000000041  239.076852  96801.6119
 234.00   16.1792    2.4300   16.3607  241.4081  241.4081  0.000000       0.50952       0.50952              0.3255    0.000000    -0.00001     0.00000   -0.000044915    0.000000018   -0.000000013  239.060027  96635.7563
 246.00   16.3934    2.0758   16.5243  241.5285  241.5285  0.000000       0.37035       0.37035              0.3694    0.000000    -0.00001     0.00000   -0.000048706    0.000000065    0.000000032  239.062074  96470.1797
 258.00   16.5592    1.6702   16.6432  241.6817  241.6817  0.000000       0.22902       0.22902              0.4397    0.000000    -0.00002     0.00000   -0.000054465    0.000000145    0.000000108  239.096635  96304.8995
 270.00   16.6385    1.2154   16.6829  241.8898  241.8898  0.000000       0.13707       0.13707              0.5392    0.000000    -0.00002     0.00000   -0.000068971    0.000000363    0.000000314  239.185345  96139.9449
 282.00   16.5166    0.6334   16.5288  242.2785  242.2785  0.000000       0.00778       0.00778              1.4068    0.000000     0.00000     0.00000   -0.000049761    0.000005879    0.000004548  239.452454  95975.3950
 294.00   15.2019   -0.0533   15.2020  247.2096  247.2096  0.000000       0.00073       0.00073              2.5088    0.000000    -0.00020     0.00000   -0.000140199    0.000008831    0.000009375  244.207904  95812.8143
 306.00   15.0016   -0.0017   15.0016  249.3905  249.3905  0.000000       0.00000       0.00000             79.0666    0.000000    -0.00014     0.00000   -0.000005529    0.000005664    0.000005552  246.244681  95652.7683
 318.00   15.0000   -0.0000   15.0000  250.8644  250.8644  0.000000       0.00000       0.00000         372621.2560    0.000000    -0.00009     0.00000   -0.000000000    0.000004026    0.000003910  247.582465  95494.0823
 330.00   15.0000   -0.0000   15.0000  251.7767  251.7767  0.000000       0.00000       0.00000        2770417.9275    0.000000    -0.00008     0.00000    0.000000000    0.000003014    0.000002857  248.365576  95336.3375
 342.00   15.0000   -0.0000   15.0000  252.5715  252.5715  0.000000       0.00000       0.00000        2377509.8681    0.000000    -0.00007     0.00000    0.000000000    0.000002683    0.000002534  249.032256  95179.3120
 354.00   15.0000   -0.0000   15.0000  253.2463  253.2463  0.000000       0.00000       0.00000        2040720.1786    0.000000    -0.00006     0.00000    0.000000000    0.000002357    0.000002212  249.580424  95022.9269
 366.00   15.0000   -0.0000   15.0000  253.8362  253.8362  0.000000       0.00000       0.00000        1809459.1160    0.000000    -0.00006     0.00000    0.000000000    0.000002128    0.000001985  250.044572  94867.1150
 378.00   15.0000    0.0000   15.0000  254.3704  254.3704  0.000000       0.00000       0.00000        1634165.0180    0.000000    -0.00006     0.00000    0.000000000    0.000001947    0.000001806  250.453534  94711.8297
 390.00   15.0000    0.0000   15.0000  254.8536  254.8536  0.000000       0.00000       0.00000        1496863.7731    0.000000    -0.00005     0.00000    0.000000000    0.000001801    0.000001662  250.812046  94557.0358
 402.00   15.0000    0.0000   15.0000  255.3040  255.3040  0.000000       0.00000       0.00000        1380694.4771    0.000000    -0.00005     0.00000    0.000000000    0.000001671    0.000001533  251.138159  94402.7055
 414.00   15.0000    0.0000   15.0000  255.7162  255.7162  0.000000       0.00000       0.00000        1282547.6676    0.000000    -0.00005     0.00000    0.000000000    0.000001558    0.000001420  251.426467  94248.8153
 426.00   15.0000    0.0000   15.0000  256.1067  256.1067  0.000000       0.00000       0.00000        1202256.4747    0.000000    -0.00005     0.00000    0.000000000    0.000001462    0.000001326  251.693158  94095.3454
 438.00   15.0000    0.0000   15.0000  256.4698  256.4698  0.000000       0.00000       0.00000        1132510.6022    0.000000    -0.00005     0.00000    0.000000000    0.000001377    0.000001241  251.932847  93942.2793
 450.00   15.0000    0.0000   15.0000  256.8175  256.8175  0.000000       0.00000       0.00000        1075409.6035    0.000000    -0.00005     0.00000    0.000000000    0.000001307    0.000001171  252.157239  93789.6028
 462.00   15.0000    0.0000   15.0000  257.1457  257.1457  0.000000       0.00000       0.00000        1024143.1679    0.000000    -0.00005     0.00000    0.000000000    0.000001242    0.000001105  252.362313  93637.3041
 474.00   15.0000    0.0000   15.0000  257.4620  257.4620  0.000000       0.00000       0.00000         978904.5477    0.000000    -0.00004     0.00000    0.000000000    0.000001183    0.000001047  252.555579  93485.3725
 486.00   15.0000    0.0000   15.0000  257.7625  257.7625  0.000000       0.00000       0.00000         934924.9785    0.000000    -0.00004     0.00000    0.000000000    0.000001123    0.000000987  252.733177  93333.7987
 498.00   15.0000    0.0000   15.0000  258.0518  258.0518  0.000000       0.00000       0.00000         897554.1472    0.000000    -0.00004     0.00000    0.000000000    0.000001072    0.000000935  252.899666  93182.5736
 510.00   15.0000    0.0000   15.0000  258.3294  258.3294  0.000000       0.00000       0.00000         863670.1273    0.000000    -0.00004     0.00000    0.000000000    0.000001024    0.000000887  253.054515  93031.6893
 522.00   15.0000    0.0000   15.0000  258.5978  258.5978  0.000000       0.00000       0.00000         833211.3491    0.000000    -0.00004     0.00000    0.000000000    0.000000980    0.000000844  253.200358  92881.1388
 534.00   15.0000    0.0000   15.0000  258.8567  258.8567  0.000000       0.00000       0.00000         805356.1825    0.000000    -0.00004     0.00000    0.000000000    0.000000940    0.000000803  253.336642  92730.9155
 546.00   15.0000    0.0000   15.0000  259.1080  259.1080  0.000000       0.00000       0.00000         779627.8435    0.000000    -0.00004     0.00000    0.000000000    0.000000901    0.000000764  253.465492  92581.0136
 558.00   15.0000    0.0000   15.0000  259.3511  259.3511  0.000000       0.00000       0.00000         757019.0344    0.000000    -0.00004     0.00000    0.000000000    0.000000868    0.000000730  253.586070  92431.4276
 570.00   15.0000    0.0000   15.0000  259.5885  259.5885  0.000000       0.00000       0.00000         736390.4782    0.000000    -0.00004     0.00000    0.000000000    0.000000836    0.000000698  253.701119  92282.1526
 582.00   15.0000    0.0000   15.0000  259.8189  259.8189  0.000000       0.00000       0.00000         717918.1728    0.000000    -0.00004     0.00000    0.000000000    0.000000808    0.000000670  253.809102  92133.1841
 594.00   15.0000    0.0000   15.0000  260.0450  260.0450  0.000000       0.00000       0.00000         701533.4883    0.000000    -0.00004     0.00000    0.000000000    0.000000783    0.000000644  253.912871  91984.5180
 606.00   15.0000    0.0000   15.0000  260.2653  260.2653  0.000000       0.00000       0.00000         685016.9020    0.000000    -0.00004     0.00000    0.000000000    0.000000757    0.000000618  254.010855  91836.1508
 618.00   15.0000    0.0000   15.0000  260.4814  260.4814  0.000000       0.00000       0.00000         669131.1188    0.000000    -0.00004     0.00000    0.000000000    0.000000732    0.000000592  254.104524  91688.0787
 630.00   15.0000    0.0000   15.0000  260.6919  260.6919  0.000000       0.00000       0.00000         654199.9382    0.000000    -0.00004     0.00000    0.000000000    0.000000707    0.000000567  254.192787  91540.2982
 642.00   15.0000    0.0000   15.0000  260.8987  260.8987  0.000000       0.00000       0.00000         641439.3326    0.000000    -0.00004     0.00000    0.000000000    0.000000687    0.000000546  254.277311  91392.8060
 654.00   15.0000    0.0000   15.0000  261.1015  261.1015  0.000000       0.00000       0.00000         629501.1064    0.000000    -0.00004     0.00000    0.000000000    0.000000667    0.000000525  254.357769  91245.5992
 666.00   15.0000    0.0000   15.0000  261.3010  261.3010  0.000000       0.00000       0.00000         619151.7386    0.000000    -0.00004     0.00000    0.000000000    0.000000650    0.000000508  254.434988  91098.6749
 678.00   15.0000    0.0000   15.0000  261.4974  261.4974  0.000000       0.00000       0.00000         609712.2061    0.000000    -0.00004     0.00000    0.000000000    0.000000635    0.000000493  254.509119  90952.0309
 690.00   15.0000    0.0000   15.0000  261.6912  261.6912  0.000000       0.00000       0.00000         601597.0853    0.000000    -0.00004     0.00000    0.000000000    0.000000623    0.000000479  254.580571  90805.6647
 702.00   15.0000    0.0000   15.0000  261.8827  261.8827  0.000000       0.00000       0.00000         594451.2043    0.000000    -0.00004     0.00000    0.000000000    0.000000612    0.000000468  254.649753  90659.5745
 714.00   15.0000    0.0000   15.0000  262.0722  262.0722  0.000000       0.00000       0.00000         588578.6424    0.000000    -0.00004     0.00000    0.000000000    0.000000603    0.000000459  254.716853  90513.7582
 726.00   15.0000    0.0000   15.0000  262.2602  262.2602  0.000000       0.00000       0.00000         584209.0283    0.000000    -0.00004     0.00000    0.000000000    0.000000598    0.000000452  254.782472  90368.2144
 738.00   15.0000    0.0000   15.0000  262.4471  262.4471  0.000000       0.00000       0.00000         581044.6581    0.000000    -0.00004     0.00000    0.000000000    0.000000595    0.000000449  254.846942  90222.9416
 750.00   15.0000    0.0000   15.0000  262.6334  262.6334  0.000000       0.00000       0.00000         578892.7071    0.000000    -0.00004     0.00000    0.000000000    0.000000594    0.000000447  254.910679  90077.9389
 762.00   15.0000    0.0000   15.0000  262.8192  262.8192  0.000000       0.00000       0.00000         578211.0019    0.000000    -0.00004     0.00000    0.000000000    0.000000597    0.000000449  254.973897  89933.2052
 774.00   15.0000    0.0000   15.0000  263.0053  263.0053  0.000000       0.00000       0.00000         578817.2295    0.000000    -0.00004     0.00000    0.000000000    0.000000603    0.000000454  255.037299  89788.7398
 786.00   15.0000    0.0000   15.0000  263.1918  263.1918  0.000000       0.00000       0.00000         580767.2683    0.000000    -0.00005     0.00000    0.000000000    0.000000612    0.000000461  255.100985  89644.5425
 798.00   15.0000    0.0000   15.0000  263.3794  263.3794  0.000000       0.00000       0.00000         583705.9099    0.000000    -0.00005     0.00000    0.000000000    0.000000623    0.000000472  255.165694  89500.6130
 810.00   15.0000    0.0000   15.0000  263.5680  263.5680  0.000000       0.00000       0.00000         588403.3811    0.000000    -0.00005     0.00000    0.000000000    0.000000638    0.000000486  255.231307  89356.9511
 822.00   15.0000    0.0000   15.0000  263.7589  263.7589  0.000000       0.00000       0.00000         596329.8118    0.000000    -0.00005     0.00000    0.000000000    0.000000662    0.000000508  255.299043  89213.5574
 834.00   15.0000    0.0000   15.0000  263.9530  263.9530  0.000000       0.00000       0.00000         607090.7238    0.000000    -0.00005     0.00000    0.000000000    0.000000692    0.000000536  255.369706  89070.4324
 846.00   15.0000    0.0000   15.0000  264.1511  264.1511  0.000000       0.00000       0.00000         621520.4082    0.000000    -0.00005     0.00000    0.000000000    0.000000732    0.000000574  255.444271  88927.5777
 858.00   15.0000    0.0000   15.0000  264.3548  264.3548  0.000000       0.00000       0.00000         636470.9948    0.000000    -0.00006     0.00000    0.000000000    0.000000774    0.000000614  255.524065  88784.9952
 870.00   15.0000    0.0000   15.0000  264.5629  264.5629  0.000000       0.00000       0.00000         662799.5478    0.000000    -0.00006     0.00000    0.000000000    0.000000845    0.000000682  255.608101  88642.6869
 882.00   15.0000    0.0000   15.0000  264.7839  264.7839  0.000000       0.00000       0.00000         682542.3361    0.000000    -0.00006     0.00000    0.000000000    0.000000901    0.000000736  255.704494  88500.6567
 894.00   15.0000    0.0000   15.0000  265.0052  265.0052  0.000000       0.00000       0.00000         731494.9743    0.000000    -0.00007     0.00000    0.000000000    0.000001032    0.000000861  255.801044  88358.9076
 906.00   15.0000    0.0000   15.0000  265.2583  265.2583  0.000000       0.00000       0.00000         747437.8017    0.000000    -0.00007     0.00000    0.000000000    0.000001082    0.000000911  255.928238  88217.4473
 918.00   15.0000    0.0000   15.0000  265.4904  265.4904  0.000000       0.00000       0.00000         851261.1945    0.000000    -0.00009     0.00000    0.000000000    0.000001361    0.000001176  256.035012  88076.2780
 930.00   15.0000    0.0000   15.0000  265.8114  265.8114  0.000000       0.00000       0.00000         847455.6177    0.000000    -0.00007     0.00000    0.000000000    0.000001366    0.000001188  256.227433  87935.4169
 942.00   15.0000    0.0000   15.0000  266.0417  266.0417  0.000000       0.00000       0.00000        1086414.6623    0.000000    -0.00014     0.00000    0.000000000    0.000002021    0.000001805  256.332262  87794.8625
 954.00   15.0000    0.0000   15.0000  266.5188  266.5188  0.000000       0.00000       0.00000        1030036.7616    0.000000    -0.00006     0.00000    0.000000000    0.000001893    0.000001713  256.674732  87654.6549
 966.00   15.0000    0.0000   15.0000  266.7136  266.7136  0.000000       0.00000       0.00000        1584188.8108    0.000000    -0.00025     0.00000    0.000000000    0.000003494    0.000003180  256.745172  87514.7839
 978.00   15.0000    0.0000   15.0000  267.5528  267.5528  0.000000       0.00000       0.00000        1464391.3698    0.000000    -0.00004     0.00000    0.000000000    0.000003190    0.000003036  257.435813  87375.3422
 990.00   15.0000    0.0000   15.0000  267.6725  267.6725  0.000000       0.00000       0.00000        3755480.1837    0.000000    -0.00072     0.00000    0.000000000    0.000010606    0.000009415  257.433754  87236.3092
1002.00   15.0000    0.0000   15.0000  270.0130  270.0130  0.000000       0.00000       0.00000        3659998.9217    0.000000    -0.00002     0.00000    0.000000000    0.000010409    0.000010853  259.567188  87098.0663
1014.00   15.0000    0.0000   15.0000  270.0910  270.0910  0.000000       0.00000       0.00000         236005.2723    0.000000    -0.00002     0.00000    0.000000000   -0.000000241   -0.000000437  259.525060  86960.6010
1026.00   15.0000    0.0000   15.0000  270.1690  270.1690  0.000000       0.00000       0.00000         235937.1356    0.000000    -0.00002     0.00000    0.000000000   -0.000000242   -0.000000437  259.482898  86823.3303
1038.00   15.0000    0.0000   15.0000  270.2470  270.2470  0.000000       0.00000       0.00000         235869.0383    0.000000    -0.00003     0.00000    0.000000000   -0.000000242   -0.000000436  259.440702  86686.2541
1050.00   15.0000    0.0000   15.0000  270.3250  270.3250  0.000000       0.00000       0.00000         235800.9803    0.000000    -0.00003     0.00000    0.000000000   -0.000000242   -0.000000436  259.398472  86549.3721
1062.00   15.0000    0.0000   15.0000  270.4030  270.4030  0.000000       0.00000       0.00000         235732.9615    0.000000    -0.00003     0.00000    0.000000000   -0.000000242   -0.000000436  259.356209  86412.6839
1074.00   15.0000    0.0000   15.0000  270.4810  270.4810  0.000000       0.00000       0.00000         235664.9820    0.000000    -0.00003     0.00000    0.000000000   -0.000000242   -0.000000435  259.313912  86276.1894
1086.00   15.0000    0.0000   15.0000  270.5590  270.5590  0.000000       0.00000       0.00000         235597.0417    0.000000    -0.00003     0.00000    0.000000000   -0.000000242   -0.000000435  259.271581  86139.8883
1098.00   15.0000    0.0000   15.0000  270.6370  270.6370  0.000000       0.00000       0.00000         235529.1405    0.000000    -0.00003     0.00000    0.000000000   -0.000000242   -0.000000435  259.229216  86003.7802
1110.00   15.0000    0.0000   15.0000  270.7150  270.7150  0.000000       0.00000       0.00000         235461.2785    0.000000    -0.00003     0.00000    0.000000000   -0.000000242   -0.000000434  259.186818  85867.8651
1122.00   15.0000    0.0000   15.0000  270.7930  270.7930  0.000000       0.00000       0.00000         235393.4555    0.000000    -0.00003     0.00000    0.000000000   -0.000000242   -0.000000434  259.144386  85732.1425
1134.00   15.0000    0.0000   15.0000  270.8710  270.8710  0.000000       0.00000       0.00000         235325.6716    0.000000    -0.00003     0.00000    0.000000000   -0.000000242   -0.000000434  259.101920  85596.6123
1146.00   15.0000    0.0000   15.0000  270.9490  270.9490  0.000000       0.00000       0.00000         235257.9268    0.000000    -0.00003     0.00000    0.000000000   -0.000000242   -0.000000433  259.059420  85461.2742
1158.00   15.0000    0.0000   15.0000  271.0270  271.0270  0.000000       0.00000       0.00000         235190.2209    0.000000    -0.00003     0.00000    0.000000000   -0.000000242   -0.000000433  259.016887  85326.1279
1170.00   15.0000    0.0000   15.0000  271.1050  271.1050  0.000000       0.00000       0.00000         235122.5540    0.000000    -0.00003     0.00000    0.000000000   -0.000000242   -0.000000432  258.974320  85191.1732
1182.00   15.0000    0.0000   15.0000  271.1830  271.1830  0.000000       0.00000       0.00000         235054.9260    0.000000    -0.00003     0.00000    0.000000000   -0.000000242   -0.000000432  258.931719  85056.4097
1194.00   15.0000    0.0000   15.0000  271.2610  271.2610  0.000000       0.00000       0.00000         234987.3369    0.000000    -0.00003     0.00000    0.000000000   -0.000000242   -0.000000432  258.889085  84921.8373
1206.00   15.0000    0.0000   15.0000  271.3390  271.3390  0.000000       0.00000       0.00000         234919.7867    0.000000    -0.00003     0.00000    0.000000000   -0.000000242   -0.000000431  258.846417  84787.4558
1218.00   15.0000    0.0000   15.0000  271.4170  271.4170  0.000000       0.00000       0.00000         234852.2753    0.000000    -0.00003     0.00000    0.000000000   -0.000000242   -0.000000431  258.803715  84653.2647
1230.00   15.0000    0.0000   15.0000  271.4950  271.4950  0.000000       0.00000       0.00000         234784.8027    0.000000    -0.00003     0.00000    0.000000000   -0.000000242   -0.000000431  258.760980  84519.2640
1242.00   15.0000    0.0000   15.0000  271.5730  271.5730  0.000000       0.00000       0.00000         234717.3688    0.000000    -0.00003     0.00000    0.000000000   -0.000000242   -0.000000430  258.718211  84385.4532
1254.00   15.0000    0.0000   15.0000  271.6510  271.6510  0.000000       0.00000       0.00000         234649.9737    0.000000    -0.00003     0.00000    0.000000000   -0.000000242   -0.000000430  258.675408  84251.8322
1266.00   15.0000    0.0000   15.0000  271.7290  271.7290  0.000000       0.00000       0.00000         234582.6172    0.000000    -0.00003     0.00000    0.000000000   -0.000000242   -0.000000430  258.632572  84118.4008
1278.00   15.0000    0.0000   15.0000  271.8070  271.8070  0.000000       0.00000       0.00000         234515.2995    0.000000    -0.00003     0.00000    0.000000000   -0.000000242   -0.000000429  258.589702  83985.1586
1290.00   15.0000    0.0000   15.0000  271.8850  271.8850  0.000000       0.00000       0.00000         234448.0203    0.000000    -0.00003     0.00000    0.000000000   -0.000000242   -0.000000429  258.546798  83852.1054
1302.00   15.0000    0.0000   15.0000  271.9630  271.9630  0.000000       0.00000       0.00000         234380.7797    0.000000    -0.00003     0.00000    0.000000000   -0.000000242   -0.000000429  258.503861  83719.2410
1314.00   15.0000    0.0000   15.0000  272.0410  272.0410  0.000000       0.00000       0.00000         234313.5777    0.000000    -0.00003     0.00000    0.000000000   -0.000000242   -0.000000428  258.460891  83586.5651
1326.00   15.0000    0.0000   15.0000  272.1190  272.1190  0.000000       0.00000       0.00000         234246.4143    0.000000    -0.00003     0.00000    0.000000000   -0.000000242   -0.000000428  258.417886  83454.0774
1338.00   15.0000    0.0000   15.0000  272.1970  272.1970  0.000000       0.00000       0.00000         234179.2893    0.000000    -0.00003     0.00000    0.000000000   -0.000000242   -0.000000427  258.374849  83321.7777
1350.00   15.0000    0.0000   15.0000  272.2750  272.2750  0.000000       0.00000       0.00000         234112.2027    0.000000    -0.00003     0.00000    0.000000000   -0.000000242   -0.000000427  258.331777  83189.6657
1362.00   15.0000    0.0000   15.0000  272.3530  272.3530  0.000000       0.00000       0.00000         234045.1546    0.000000    -0.00003     0.00000    0.000000000   -0.000000242   -0.000000427  258.288672  83057.7412
1374.00   15.0000    0.0000   15.0000  272.4310  272.4310  0.000000       0.00000       0.00000         233978.1449    0.000000    -0.00003     0.00000    0.000000000   -0.000000242   -0.000000426  258.245534  82926.0040
1386.00   15.0000    0.0000   15.0000  272.5090  272.5090  0.000000       0.00000       0.00000         233911.1736    0.000000    -0.00003     0.00000    0.000000000   -0.000000242   -0.000000426  258.202362  82794.4537
1398.00   15.0000    0.0000   15.0000  272.5870  272.5870  0.000000       0.00000       0.00000         233844.2406    0.000000    -0.00003     0.00000    0.000000000   -0.000000242   -0.000000426  258.159156  82663.0902
1410.00   15.0000    0.0000   15.0000  272.6650  272.6650  0.000000       0.00000       0.00000         233777.3458    0.000000    -0.00003     0.00000    0.000000000   -0.000000242   -0.000000425  258.115917  82531.9132
1422.00   15.0000    0.0000   15.0000  272.7430  272.7430  0.000000       0.00000       0.00000         233710.4894    0.000000    -0.00003     0.00000    0.000000000   -0.000000242   -0.000000425  258.072645  82400.9224
1434.00   15.0000    0.0000   15.0000  272.8210  272.8210  0.000000       0.00000       0.00000         233643.6711    0.000000    -0.00003     0.00000    0.000000000   -0.000000242   -0.000000424  258.029339  82270.1176
1446.00   15.0000    0.0000   15.0000  272.8990  272.8990  0.000000       0.00000       0.00000         233576.8911    0.000000    -0.00004     0.00000    0.000000000   -0.000000242   -0.000000424  257.986000  82139.4985
1458.00   15.0000    0.0000   15.0000  272.9770  272.9770  0.000000       0.00000       0.00000         233510.1492    0.000000    -0.00004     0.00000    0.000000000   -0.000000242   -0.000000424  257.942627  82009.0648
1470.00   15.0000    0.0000   15.0000  273.0550  273.0550  0.000000       0.00000       0.00000         233443.4455    0.000000    -0.00004     0.00000    0.000000000   -0.000000242   -0.000000423  257.899220  81878.8165
1482.00   15.0000    0.0000   15.0000  273.1330  273.1330  0.000000       0.00000       0.00000         233376.7798    0.000000    -0.00004     0.00000    0.000000000   -0.000000242   -0.000000423  257.855781  81748.7531
1494.00   15.0000    0.0000   15.0000  273.2110  273.2110  0.000000       0.00000       0.00000         233310.1522    0.000000    -0.00004     0.00000    0.000000000   -0.000000242   -0.000000423  257.812307  81618.8744
1506.00   15.0000    0.0000   15.0000  273.2890  273.2890  0.000000       0.00000       0.00000         233243.5627    0.000000    -0.00004     0.00000    0.000000000   -0.000000242   -0.000000422  257.768801  81489.1802
1518.00   15.0000    0.0000   15.0000  273.3670  273.3670  0.000000       0.00000       0.00000         233177.0111    0.000000    -0.00004     0.00000    0.000000000   -0.000000242   -0.000000422  257.725261  81359.6703
1530.00   15.0000    0.0000   15.0000  273.4450  273.4450  0.000000       0.00000       0.00000         233110.4975    0.000000    -0.00004     0.00000    0.000000000   -0.000000242   -0.000000421  257.681687  81230.3443
1542.00   15.0000    0.0000   15.0000  273.5230  273.5230  0.000000       0.00000       0.00000         233044.0219    0.000000    -0.00004     0.00000    0.000000000   -0.000000242   -0.000000421  257.638080  81101.2021
1554.00   15.0000    0.0000   15.0000  273.6010  273.6010  0.000000       0.00000       0.00000         232977.5841    0.000000    -0.00004     0.00000    0.000000000   -0.000000242   -0.000000421  257.594440  80972.2434
1566.00   15.0000    0.0000   15.0000  273.6790  273.6790  0.000000       0.00000       0.00000         232911.1843    0.000000    -0.00004     0.00000    0.000000000   -0.000000242   -0.000000420  257.550766  80843.4679
1578.00   15.0000    0.0000   15.0000  273.7570  273.7570  0.000000       0.00000       0.00000         232844.8222    0.000000    -0.00004     0.00000    0.000000000   -0.000000242   -0.000000420  257.507059  80714.8755
1590.00   15.0000    0.0000   15.0000  273.8350  273.8350  0.000000       0.00000       0.00000         232778.4980    0.000000    -0.00004     0.00000    0.000000000   -0.000000242   -0.000000419  257.463319  80586.4658
1602.00   15.0000    0.0000   15.0000  273.9130  273.9130  0.000000       0.00000       0.00000         232712.2115    0.000000    -0.00004     0.00000    0.000000000   -0.000000242   -0.000000419  257.419545  80458.2386
1614.00   15.0000    0.0000   15.0000  273.9910  273.9910  0.000000       0.00000       0.00000         232645.9628    0.000000    -0.00004     0.00000    0.000000000   -0.000000242   -0.000000419  257.375738  80330.1937
1626.00   15.0000    0.0000   15.0000  274.0690  274.0690  0.000000       0.00000       0.00000         232579.7518    0.000000    -0.00004     0.00000    0.000000000   -0.000000241   -0.000000418  257.331897  80202.3308
1638.00   15.0000    0.0000   15.0000  274.1470  274.1470  0.000000       0.00000       0.00000         232513.5785    0.000000    -0.00004     0.00000    0.000000000   -0.000000241   -0.000000418  257.288024  80074.6497
1650.00   15.0000    0.0000   15.0000  274.2250  274.2250  0.000000       0.00000       0.00000         232447.4428    0.000000    -0.00004     0.00000    0.000000000   -0.000000241   -0.000000417  257.244116  79947.1502
1662.00   15.0000    0.0000   15.0000  274.3030  274.3030  0.000000       0.00000       0.00000         232381.3447    0.000000    -0.00004     0.00000    0.000000000   -0.000000241   -0.000000417  257.200176  79819.8319
1674.00   15.0000    0.0000   15.0000  274.3810  274.3810  0.000000       0.00000       0.00000         232315.2842    0.000000    -0.00004     0.00000    0.000000000   -0.000000241   -0.000000416  257.156202  79692.6947
1686.00   15.0000    0.0000   15.0000  274.4590  274.4590  0.000000       0.00000       0.00000         232249.2613    0.000000    -0.00004     0.00000    0.000000000   -0.000000241   -0.000000416  257.112195  79565.7382
1698.00   15.0000    0.0000   15.0000  274.5370  274.5370  0.000000       0.00000       0.00000         232183.2758    0.000000    -0.00004     0.00000    0.000000000   -0.000000241   -0.000000416  257.068155  79438.9624
1710.00   15.0000    0.0000   15.0000  274.6150  274.6150  0.000000       0.00000       0.00000         232117.3279    0.000000    -0.00004     0.00000    0.000000000   -0.000000241   -0.000000415  257.024082  79312.3668
1722.00   15.0000    0.0000   15.0000  274.6930  274.6930  0.000000       0.00000       0.00000         232051.4174    0.000000    -0.00004     0.00000    0.000000000   -0.000000241   -0.000000415  256.979975  79185.9514
1734.00   15.0000    0.0000   15.0000  274.7710  274.7710  0.000000       0.00000       0.00000         231985.5443    0.000000    -0.00004     0.00000    0.000000000   -0.000000241   -0.000000414  256.935835  79059.7158
1746.00   15.0000    0.0000   15.0000  274.8490  274.8490  0.000000       0.00000       0.00000         231919.7086    0.000000    -0.00004     0.00000    0.000000000   -0.000000241   -0.000000414  256.891662  78933.6597
1758.00   15.0000    0.0000   15.0000  274.9270  274.9270  0.000000       0.00000       0.00000         231853.9103    0.000000    -0.00004     0.00000    0.000000000   -0.000000241   -0.000000414  256.847455  78807.7831
1770.00   15.0000    0.0000   15.0000  275.0050  275.0050  0.000000       0.00000       0.00000         231788.1493    0.000000    -0.00004     0.00000    0.000000000   -0.000000241   -0.000000413  256.803215  78682.0855
1782.00   15.0000    0.0000   15.0000  275.0830  275.0830  0.000000       0.00000       0.00000         231722.4256    0.000000    -0.00004     0.00000    0.000000000   -0.000000241   -0.000000413  256.758942  78556.5668
1794.00   15.0000    0.0000   15.0000  275.1610  275.1610  0.000000       0.00000       0.00000         231656.7391    0.000000    -0.00004     0.00000    0.000000000   -0.000000241   -0.000000412  256.714636  78431.2268
1806.00   15.0000    0.0000   15.0000  275.2390  275.2390  0.000000       0.00000       0.00000         231591.0899    0.000000    -0.00004     0.00000    0.000000000   -0.000000241   -0.000000412  256.670297  78306.0651
1818.00   15.0000    0.0000   15.0000  275.3170  275.3170  0.000000       0.00000       0.00000         231525.4779    0.000000    -0.00004     0.00000    0.000000000   -0.000000241   -0.000000411  256.625924  78181.0816
1830.00   15.0000    0.0000   15.0000  275.3950  275.3950  0.000000       0.00000       0.00000         231459.9030    0.000000    -0.00004     0.00000    0.000000000   -0.000000241   -0.000000411  256.581519  78056.2760
1842.00   15.0000    0.0000   15.0000  275.4730  275.4730  0.000000       0.00000       0.00000         231394.3653    0.000000    -0.00004     0.00000    0.000000000   -0.000000241   -0.000000411  256.537080  77931.6481
1854.00   15.0000    0.0000   15.0000  275.5510  275.5510  0.000000       0.00000       0.00000         231328.8647    0.000000    -0.00005     0.00000    0.000000000   -0.000000240   -0.000000410  256.492608  77807.1977
1866.00   15.0000    0.0000   15.0000  275.6290  275.6290  0.000000       0.00000       0.00000         231263.4012    0.000000    -0.00005     0.00000    0.000000000   -0.000000240   -0.000000410  256.448103  77682.9244
1878.00   15.0000    0.0000   15.0000  275.7070  275.7070  0.000000       0.00000       0.00000         231197.9747    0.000000    -0.00005     0.00000    0.000000000   -0.000000240   -0.000000409  256.403564  77558.8281
1890.00   15.0000    0.0000   15.0000  275.7850  275.7850  0.000000       0.00000       0.00000         231132.5852    0.000000    -0.00005     0.00000    0.000000000   -0.000000240   -0.000000409  256.358993  77434.9085
1902.00   15.0000    0.0000   15.0000  275.8630  275.8630  0.000000       0.00000       0.00000         231067.2326    0.000000    -0.00005     0.00000    0.000000000   -0.000000240   -0.000000408  256.314388  77311.1654
1914.00   15.0000    0.0000   15.0000  275.9410  275.9410  0.000000       0.00000       0.00000         231001.9171    0.000000    -0.00005     0.00000    0.000000000   -0.000000240   -0.000000408  256.269751  77187.5986
1926.00   15.0000    0.0000   15.0000  276.0190  276.0190  0.000000       0.00000       0.00000         230936.6384    0.000000    -0.00005     0.00000    0.000000000   -0.000000240   -0.000000408  256.225080  77064.2078
1938.00   15.0000    0.0000   15.0000  276.0970  276.0970  0.000000       0.00000       0.00000         230871.3966    0.000000    -0.00005     0.00000    0.000000000   -0.000000240   -0.000000407  256.180376  76940.9928
1950.00   15.0000    0.0000   15.0000  276.1750  276.1750  0.000000       0.00000       0.00000         230806.1917    0.000000    -0.00005     0.00000    0.000000000   -0.000000240   -0.000000407  256.135639  76817.9533
1962.00   15.0000    0.0000   15.0000  276.2530  276.2530  0.000000       0.00000       0.00000         230741.0236    0.000000    -0.00005     0.00000    0.000000000   -0.000000240   -0.000000406  256.090869  76695.0891
1974.00   15.0000    0.0000   15.0000  276.3310  276.3310  0.000000       0.00000       0.00000         230675.8923    0.000000    -0.00005     0.00000    0.000000000   -0.000000240   -0.000000406  256.046066  76572.4000
1986.00   15.0000    0.0000   15.0000  276.4090  276.4090  0.000000       0.00000       0.00000         230610.7978    0.000000    -0.00005     0.00000    0.000000000   -0.000000240   -0.000000405  256.001230  76449.8857
1998.00   15.0000    0.0000   15.0000  276.4870  276.4870  0.000000       0.00000       0.00000         230545.7399    0.000000    -0.00005     0.00000    0.000000000   -0.000000240   -0.000000405  255.956361  76327.5460
2010.00   15.0000    0.0000   15.0000  276.5650  276.5650  0.000000       0.00000       0.00000         230480.7188    0.000000    -0.00005     0.00000    0.000000000   -0.000000239   -0.000000404  255.911459  76205.3807
2022.00   15.0000    0.0000   15.0000  276.6430  276.6430  0.000000       0.00000       0.00000         230415.7344    0.000000    -0.00005     0.00000    0.000000000   -0.000000239   -0.000000404  255.866524  76083.3896
2034.00   15.0000    0.0000   15.0000  276.7210  276.7210  0.000000       0.00000       0.00000         230350.7865    0.000000    -0.00005     0.00000    0.000000000   -0.000000239   -0.000000403  255.821556  75961.5723
2046.00   15.0000    0.0000   15.0000  276.7990  276.7990  0.000000       0.00000       0.00000         230285.8753    0.000000    -0.00005     0.00000    0.000000000   -0.000000239   -0.000000403  255.776554  75839.9287
2058.00   15.0000    0.0000   15.0000  276.8770  276.8770  0.000000       0.00000       0.00000         230221.0007    0.000000    -0.00005     0.00000    0.000000000   -0.000000239   -0.000000403  255.731520  75718.4586
2070.00   15.0000    0.0000   15.0000  276.9550  276.9550  0.000000       0.00000       0.00000         230156.1626    0.000000    -0.00005     0.00000    0.000000000   -0.000000239   -0.000000402  255.686453  75597.1616
2082.00   15.0000    0.0000   15.0000  277.0330  277.0330  0.000000       0.00000       0.00000         230091.3610    0.000000    -0.00005     0.00000    0.000000000   -0.000000239   -0.000000402  255.641353  75476.0377
2094.00   15.0000    0.0000   15.0000  277.1110  277.1110  0.000000       0.00000       0.00000         230026.5958    0.000000    -0.00005     0.00000    0.000000000   -0.000000239   -0.000000401  255.596220  75355.0865
2106.00   15.0000    0.0000   15.0000  277.1890  277.1890  0.000000       0.00000       0.00000         229961.8672    0.000000    -0.00005     0.00000    0.000000000   -0.000000239   -0.000000401  255.551054  75234.3077
2118.00   15.0000    0.0000   15.0000  277.2670  277.2670  0.000000       0.00000       0.00000         229897.1749    0.000000    -0.00005     0.00000    0.000000000   -0.000000239   -0.000000400  255.505855  75113.7013
2130.00   15.0000    0.0000   15.0000  277.3450  277.3450  0.000000       0.00000       0.00000         229832.5191    0.000000    -0.00005     0.00000    0.000000000   -0.000000239   -0.000000400  255.460623  74993.2669
2142.00   15.0000    0.0000   15.0000  277.4230  277.4230  0.000000       0.00000       0.00000         229767.8996    0.000000    -0.00005     0.00000    0.000000000   -0.000000238   -0.000000399  255.415358  74873.0043
2154.00   15.0000    0.0000   15.0000  277.5010  277.5010  0.000000       0.00000       0.00000         229703.3164    0.000000    -0.00005     0.00000    0.000000000   -0.000000238   -0.000000399  255.370060  74752.9134
2166.00   15.0000    0.0000   15.0000  277.5790  277.5790  0.000000       0.00000       0.00000         229638.7695    0.000000    -0.00005     0.00000    0.000000000   -0.000000238   -0.000000398  255.324729  74632.9937
2178.00   15.0000    0.0000   15.0000  277.6570  277.6570  0.000000       0.00000       0.00000         229574.2589    0.000000    -0.00005     0.00000    0.000000000   -0.000000238   -0.000000398  255.279365  74513.2452
2190.00   15.0000    0.0000   15.0000  277.7350  277.7350  0.000000       0.00000       0.00000         229509.7845    0.000000    -0.00005     0.00000    0.000000000   -0.000000238   -0.000000397  255.233969  74393.6676
2202.00   15.0000    0.0000   15.0000  277.8130  277.8130  0.000000       0.00000       0.00000         229445.3463    0.000000    -0.00005     0.00000    0.000000000   -0.000000238   -0.000000397  255.188539  74274.2607
2214.00   15.0000    0.0000   15.0000  277.8910  277.8910  0.000000       0.00000       0.00000         229380.9443    0.000000    -0.00005     0.00000    0.000000000   -0.000000238   -0.000000397  255.143077  74155.0242
2226.00   15.0000    0.0000   15.0000  277.9690  277.9690  0.000000       0.00000       0.00000         229316.5785    0.000000    -0.00005     0.00000    0.000000000   -0.000000238   -0.000000396  255.097582  74035.9579
2238.00   15.0000    0.0000   15.0000  278.0470  278.0470  0.000000       0.00000       0.00000         229252.2487    0.000000    -0.00005     0.00000    0.000000000   -0.000000238   -0.000000396  255.052054  73917.0616
2250.00   15.0000    0.0000   15.0000  278.1250  278.1250  0.000000       0.00000       0.00000         229187.9551    0.000000    -0.00005     0.00000    0.000000000   -0.000000238   -0.000000395  255.006493  73798.3351
2262.00   15.0000    0.0000   15.0000  278.2030  278.2030  0.000000       0.00000       0.00000         229123.6974    0.000000    -0.00006     0.00000    0.000000000   -0.000000237   -0.000000395  254.960899  73679.7781
2274.00   15.0000    0.0000   15.0000  278.2810  278.2810  0.000000       0.00000       0.00000         229059.4759    0.000000    -0.00006     0.00000    0.000000000   -0.000000237   -0.000000394  254.915273  73561.3904
2286.00   15.0000    0.0000   15.0000  278.3590  278.3590  0.000000       0.00000       0.00000         228995.2903    0.000000    -0.00006     0.00000    0.000000000   -0.000000237   -0.000000394  254.869613  73443.1717
2298.00   15.0000    0.0000   15.0000  278.4370  278.4370  0.000000       0.00000       0.00000         228931.1406    0.000000    -0.00006     0.00000    0.000000000   -0.000000237   -0.000000393  254.823921  73325.1220
2310.00   15.0000    0.0000   15.0000  278.5150  278.5150  0.000000       0.00000       0.00000         228867.0269    0.000000    -0.00006     0.00000    0.000000000   -0.000000237   -0.000000393  254.778196  73207.2408
2322.00   15.0000    0.0000   15.0000  278.5930  278.5930  0.000000       0.00000       0.00000         228802.9491    0.000000    -0.00006     0.00000    0.000000000   -0.000000237   -0.000000392  254.732438  73089.5280
2334.00   15.0000    0.0000   15.0000  278.6710  278.6710  0.000000       0.00000       0.00000         228738.9072    0.000000    -0.00006     0.00000    0.000000000   -0.000000237   -0.000000392  254.686648  72971.9834
2346.00   15.0000    0.0000   15.0000  278.7490  278.7490  0.000000       0.00000       0.00000         228674.9011    0.000000    -0.00006     0.00000    0.000000000   -0.000000237   -0.000000391  254.640824  72854.6068
2358.00   15.0000    0.0000   15.0000  278.8270  278.8270  0.000000       0.00000       0.00000         228610.9308    0.000000    -0.00006     0.00000    0.000000000   -0.000000236   -0.000000391  254.594968  72737.3979
2370.00   15.0000    0.0000   15.0000  278.9050  278.9050  0.000000       0.00000       0.00000         228546.9963    0.000000    -0.00006     0.00000    0.000000000   -0.000000236   -0.000000390  254.549079  72620.3564
2382.00   15.0000    0.0000   15.0000  278.9830  278.9830  0.000000       0.00000       0.00000              0.0000    0.000000    -0.00006     0.00000    0.000000000    0.000000000    0.000000000  254.503158  72503.4823
2394.00   15.0000    0.0000   15.0000  279.0610  279.0610  0.000000       0.00000       0.00000              0.0000    0.000000     0.00000     0.00000    0.000000000    0.000000000    0.000000000  254.457203  72386.7752
