   0.00    0.0000    0.0000    0.0000  246.3417  246.3417  0.000000       0.00000       0.00000              0.0000    0.000000     0.00000     0.00000    0.000000000    0.000000000    0.000000000    0.000000      0.0000
   6.00    7.2809    3.6303    8.1357  248.4621  248.4621  0.000000       0.62771       0.62771              0.0000    0.000000     0.00000     0.00000   -0.000047622    0.000000000    0.000000000  248.374377  99876.3599
  18.00    8.4208    4.0924    9.3626  248.6797  248.6797  0.000000       1.69462       1.69462              0.0842    0.000000    -0.00000     0.00000   -0.000053186    0.000000000    0.000000000  248.445432  99670.4866
  30.00    9.1919    4.3413   10.1655  248.8322  248.8322  0.000000       1.51958       1.51958              0.1173    0.000000    -0.00000     0.00000   -0.000063701    0.000000206    0.000000130  248.480625  99506.1672
  42.00    9.9238    4.5191   10.9043  248.9823  248.9823  0.000000       1.62101       1.62101              0.1356    0.000000    -0.00000     0.00000   -0.000067936    0.000000188    0.000000113  248.513469  99342.1412
  54.00   10.5931    4.6291   11.5604  249.1258  249.1258  0.000000       1.53136       1.53136              0.1557    0.000000    -0.00000     0.00000   -0.000071147    0.000000178    0.000000102  248.539487  99178.4049
  66.00   11.2358    4.6839   12.1730  249.2705  249.2705  0.000000       1.45020       1.45020              0.1733    0.000000    -0.00000     0.00000   -0.000073930    0.000000187    0.000000110  248.566777  99014.9560
  78.00   11.8536    4.6862   12.7463  249.4180  249.4180  0.000000       1.33190       1.33190              0.1912    0.000000    -0.00000     0.00000   -0.000076481    0.000000204    0.000000126  248.596715  98851.7952
  90.00   12.4526    4.6373   13.2880  249.5709  249.5709  0.000000       1.20702       1.20702              0.2091    0.000000    -0.00000     0.00000   -0.000078963    0.000000230    0.000000151  248.632014  98688.9247
 102.00   13.0327    4.5367   13.7997  249.7311  249.7311  0.000000       1.07478       1.07478              0.2277    0.000000    -0.00001     0.00000   -0.000081465    0.000000264    0.000000184  248.674478  98526.3479
 114.00   13.5928    4.3830   14.2820  249.9007  249.9007  0.000000       0.94234       0.94234              0.2475    0.000000    -0.00001     0.00000   -0.000084027    0.000000308    0.000000226  248.726213  98364.0697
 126.00   14.1297    4.1742   14.7334  250.0819  250.0819  0.000000       0.81213       0.81213              0.2688    0.000000    -0.00001     0.00000   -0.000086716    0.000000362    0.000000278  248.789407  98202.0961
 138.00   14.6382    3.9080   15.1509  250.2773  250.2773  0.000000       0.68691       0.68691              0.2924    0.000000    -0.00001     0.00000   -0.000089623    0.000000430    0.000000343  248.866650  98040.4348
 150.00   15.1105    3.5820   15.5293  250.4900  250.4900  0.000000       0.56862       0.56862              0.3189    0.000000    -0.00001     0.00000   -0.000092828    0.000000513    0.000000423  248.961037  97879.0952
 162.00   15.5367    3.1944   15.8617  250.7240  250.7240  0.000000       0.45835       0.45835              0.3493    0.000000    -0.00001     0.00000   -0.000096401    0.000000618    0.000000524  249.076502  97718.0890
 174.00   15.9026    2.7447   16.1377  250.9844  250.9844  0.000000       0.35818       0.35818              0.3852    0.000000    -0.00002     0.00000   -0.000100548    0.000000753    0.000000653  249.217998  97557.4304
 186.00   16.1904    2.2341   16.3438  251.2784  251.2784  0.000000       0.26649       0.26649              0.4294    0.000000    -0.00002     0.00000   -0.000105598    0.000000927    0.000000820  249.392733  97397.1376
 198.00   16.3746    1.6719   16.4597  251.6141  251.6141  0.000000       0.18985       0.18985              0.4838    0.000000    -0.00002     0.00000   -0.000112047    0.000001172    0.000001055  249.608797  97237.2333
 210.00   16.4240    1.0669   16.4586  252.0113  252.0113  0.000000       0.11469       0.11469              0.5664    0.000000    -0.00003     0.00000   -0.000121351    0.000001469    0.000001341  249.885602  97077.7490
 222.00   16.2981    0.4884   16.3055  252.4671  252.4671  0.000000       0.07399       0.07399              0.6539    0.000000    -0.00003     0.00000   -0.000143223    0.000001976    0.000001823  250.220358  96918.7207
 234.00   15.8956   -0.0374   15.8957  253.0625  253.0625  0.000000       0.00116       0.00116              2.0606    0.000000     0.00000     0.00000   -0.000140884    0.000010602    0.000009058  250.693257  96760.2086
 246.00   15.0169    0.0173   15.0169  256.5957  256.5957  0.000000       0.00003       0.00003              4.9301    0.000000    -0.00006     0.00000   -0.000014417    0.000011633    0.000012441  254.075463  96603.1558
 258.00   15.0002    0.0002   15.0002  257.3793  257.3793  0.000000       0.00000       0.00000           2218.3733    0.000000    -0.00005     0.00000   -0.000000069    0.000004013    0.000003814  254.734091  96447.6096
 270.00   15.0000    0.0000   15.0000  258.0192  258.0192  0.000000       0.00000       0.00000        1536164.7549    0.000000    -0.00004     0.00000    0.000000000    0.000003253    0.000003063  255.250077  96292.6713
 282.00   15.0000   -0.0000   15.0000  258.5309  258.5309  0.000000       0.00000       0.00000        1468348.1514    0.000000    -0.00004     0.00000    0.000000000    0.000002574    0.000002391  255.639087  96138.2558
 294.00   15.0000   -0.0000   15.0000  258.9482  258.9482  0.000000       0.00000       0.00000        1267787.6423    0.000000    -0.00004     0.00000    0.000000000    0.000002187    0.000002004  255.934559  95984.2942
 306.00   15.0000   -0.0000   15.0000  259.3343  259.3343  0.000000       0.00000       0.00000        1170744.1047    0.000000    -0.00003     0.00000    0.000000000    0.000002011    0.000001829  256.198994  95830.7470
 318.00   15.0000   -0.0000   15.0000  259.6913  259.6913  0.000000       0.00000       0.00000        1095919.7502    0.000000    -0.00003     0.00000    0.000000000    0.000001875    0.000001693  256.434439  95677.5948
 330.00   15.0000    0.0000   15.0000  260.0308  260.0308  0.000000       0.00000       0.00000        1045743.9425    0.000000    -0.00003     0.00000    0.000000000    0.000001789    0.000001606  256.652588  95524.8225
 342.00   15.0000    0.0000   15.0000  260.3567  260.3567  0.000000       0.00000       0.00000        1006087.0832    0.000000    -0.00003     0.00000    0.000000000    0.000001724    0.000001540  256.857101  95372.4196
 354.00   15.0000    0.0000   15.0000  260.6719  260.6719  0.000000       0.00000       0.00000         968274.5208    0.000000    -0.00003     0.00000    0.000000000    0.000001658    0.000001473  257.050844  95220.3776
 366.00   15.0000    0.0000   15.0000  260.9745  260.9745  0.000000       0.00000       0.00000         934628.7095    0.000000    -0.00003     0.00000    0.000000000    0.000001599    0.000001413  257.232046  95068.6887
 378.00   15.0000    0.0000   15.0000  261.2688  261.2688  0.000000       0.00000       0.00000         890149.8996    0.000000    -0.00003     0.00000    0.000000000    0.000001508    0.000001323  257.405037  94917.3455
 390.00   15.0000    0.0000   15.0000  261.5436  261.5436  0.000000       0.00000       0.00000         859834.2978    0.000000    -0.00003     0.00000    0.000000000    0.000001450    0.000001263  257.558618  94766.3390
 402.00   15.0000    0.0000   15.0000  261.8192  261.8192  0.000000       0.00000       0.00000         802564.0489    0.000000    -0.00003     0.00000    0.000000000    0.000001316    0.000001131  257.712830  94615.6627
 414.00   15.0000    0.0000   15.0000  262.0579  262.0579  0.000000       0.00000       0.00000         752846.8491    0.000000    -0.00003     0.00000    0.000000000    0.000001198    0.000001012  257.830623  94465.3053
 426.00   15.0000    0.0000   15.0000  262.3020  262.3020  0.000000       0.00000       0.00000         730372.3571    0.000000    -0.00003     0.00000    0.000000000    0.000001149    0.000000964  257.953685  94315.2569
 438.00   15.0000    0.0000   15.0000  262.5267  262.5267  0.000000       0.00000       0.00000         695409.6684    0.000000    -0.00003     0.00000    0.000000000    0.000001065    0.000000879  258.057522  94165.5127
 450.00   15.0000    0.0000   15.0000  262.7488  262.7488  0.000000       0.00000       0.00000         677342.3453    0.000000    -0.00003     0.00000    0.000000000    0.000001025    0.000000839  258.158686  94016.0655
 462.00   15.0000    0.0000   15.0000  262.9623  262.9623  0.000000       0.00000       0.00000         656436.9189    0.000000    -0.00003     0.00000    0.000000000    0.000000976    0.000000789  258.251282  93866.9115
 474.00   15.0000    0.0000   15.0000  263.1713  263.1713  0.000000       0.00000       0.00000         641465.0742    0.000000    -0.00003     0.00000    0.000000000    0.000000942    0.000000754  258.339385  93718.0462
 486.00   15.0000    0.0000   15.0000  263.3754  263.3754  0.000000       0.00000       0.00000         627355.9382    0.000000    -0.00003     0.00000    0.000000000    0.000000909    0.000000721  258.422656  93569.4661
 498.00   15.0000    0.0000   15.0000  263.5757  263.5757  0.000000       0.00000       0.00000         614654.0356    0.000000    -0.00003     0.00000    0.000000000    0.000000880    0.000000691  258.501967  93421.1683
 510.00   15.0000    0.0000   15.0000  263.7719  263.7719  0.000000       0.00000       0.00000         602723.7642    0.000000    -0.00003     0.00000    0.000000000    0.000000852    0.000000663  258.577324  93273.1498
 522.00   15.0000    0.0000   15.0000  263.9647  263.9647  0.000000       0.00000       0.00000         591256.2244    0.000000    -0.00003     0.00000    0.000000000    0.000000825    0.000000635  258.649198  93125.4078
 534.00   15.0000    0.0000   15.0000  264.1539  264.1539  0.000000       0.00000       0.00000         580027.0834    0.000000    -0.00003     0.00000    0.000000000    0.000000798    0.000000607  258.717403  92977.9397
 546.00   15.0000    0.0000   15.0000  264.3397  264.3397  0.000000       0.00000       0.00000         567122.0363    0.000000    -0.00003     0.00000    0.000000000    0.000000765    0.000000574  258.782266  92830.7430
 558.00   15.0000    0.0000   15.0000  264.5208  264.5208  0.000000       0.00000       0.00000         554946.1480    0.000000    -0.00003     0.00000    0.000000000    0.000000734    0.000000542  258.842390  92683.8148
 570.00   15.0000    0.0000   15.0000  264.6990  264.6990  0.000000       0.00000       0.00000         537071.2703    0.000000    -0.00003     0.00000    0.000000000    0.000000685    0.000000493  258.899622  92537.1524
 582.00   15.0000    0.0000   15.0000  264.8687  264.8687  0.000000       0.00000       0.00000         520971.7398    0.000000    -0.00003     0.00000    0.000000000    0.000000640    0.000000448  258.948500  92390.7520
 594.00   15.0000    0.0000   15.0000  265.0367  265.0367  0.000000       0.00000       0.00000         499128.6527    0.000000    -0.00003     0.00000    0.000000000    0.000000578    0.000000386  258.995592  92244.6103
 606.00   15.0000    0.0000   15.0000  265.1924  265.1924  0.000000       0.00000       0.00000         469611.7952    0.000000    -0.00003     0.00000    0.000000000    0.000000490    0.000000300  259.030687  92098.7229
 618.00   15.0000    0.0000   15.0000  265.3414  265.3414  0.000000       0.00000       0.00000         449840.2851    0.000000    -0.00003     0.00000    0.000000000    0.000000432    0.000000241  259.059109  91953.0841
 630.00   15.0000    0.0000   15.0000  265.4846  265.4846  0.000000       0.00000       0.00000         432048.4841    0.000000    -0.00003     0.00000    0.000000000    0.000000379    0.000000189  259.081701  91807.6899
 642.00   15.0000    0.0000   15.0000  265.6222  265.6222  0.000000       0.00000       0.00000         417821.4742    0.000000    -0.00003     0.00000    0.000000000    0.000000336    0.000000146  259.098867  91662.5367
 654.00   15.0000    0.0000   15.0000  265.7562  265.7562  0.000000       0.00000       0.00000         406983.0614    0.000000    -0.00003     0.00000    0.000000000    0.000000304    0.000000114  259.112455  91517.6216
 666.00   15.0000    0.0000   15.0000  265.8869  265.8869  0.000000       0.00000       0.00000         397873.4138    0.000000    -0.00003     0.00000    0.000000000    0.000000276    0.000000087  259.122762  91372.9423
 678.00   15.0000    0.0000   15.0000  266.0151  266.0151  0.000000       0.00000       0.00000         390442.8149    0.000000    -0.00003     0.00000    0.000000000    0.000000254    0.000000064  259.130583  91228.4967
 690.00   15.0000    0.0000   15.0000  266.1411  266.1411  0.000000       0.00000       0.00000         383971.4219    0.000000    -0.00003     0.00000    0.000000000    0.000000234    0.000000045  259.136185  91084.2832
 702.00   15.0000    0.0000   15.0000  266.2652  266.2652  0.000000       0.00000       0.00000         378413.8053    0.000000    -0.00003     0.00000    0.000000000    0.000000217    0.000000028  259.139908  90940.3003
 714.00   15.0000    0.0000   15.0000  266.3876  266.3876  0.000000       0.00000       0.00000         373701.3808    0.000000    -0.00003     0.00000    0.000000000    0.000000203    0.000000014  259.141988  90796.5466
 726.00   15.0000    0.0000   15.0000  266.5088  266.5088  0.000000       0.00000       0.00000         369655.5633    0.000000    -0.00003     0.00000    0.000000000    0.000000191    0.000000001  259.142724  90653.0209
 738.00   15.0000    0.0000   15.0000  266.6287  266.6287  0.000000       0.00000       0.00000         365947.7339    0.000000    -0.00003     0.00000    0.000000000    0.000000180   -0.000000010  259.142240  90509.7222
 750.00   15.0000    0.0000   15.0000  266.7476  266.7476  0.000000       0.00000       0.00000         362408.2965    0.000000    -0.00003     0.00000    0.000000000    0.000000169   -0.000000021  259.140624  90366.6494
 762.00   15.0000    0.0000   15.0000  266.8653  266.8653  0.000000       0.00000       0.00000         359439.5833    0.000000    -0.00003     0.00000    0.000000000    0.000000160   -0.000000030  259.137893  90223.8015
 774.00   15.0000    0.0000   15.0000  266.9823  266.9823  0.000000       0.00000       0.00000         356051.3765    0.000000    -0.00003     0.00000    0.000000000    0.000000149   -0.000000041  259.134392  90081.1778
 786.00   15.0000    0.0000   15.0000  267.0980  267.0980  0.000000       0.00000       0.00000         353619.3042    0.000000    -0.00003     0.00000    0.000000000    0.000000142   -0.000000048  259.129509  89938.7772
 798.00   15.0000    0.0000   15.0000  267.2135  267.2135  0.000000       0.00000       0.00000         350667.7889    0.000000    -0.00003     0.00000    0.000000000    0.000000133   -0.000000058  259.124461  89796.5990
 810.00   15.0000    0.0000   15.0000  267.3273  267.3273  0.000000       0.00000       0.00000         347847.1988    0.000000    -0.00003     0.00000    0.000000000    0.000000124   -0.000000066  259.117703  89654.6423
 822.00   15.0000    0.0000   15.0000  267.4411  267.4411  0.000000       0.00000       0.00000         346432.0689    0.000000    -0.00003     0.00000    0.000000000    0.000000119   -0.000000071  259.110860  89512.9063
 834.00   15.0000    0.0000   15.0000  267.5540  267.5540  0.000000       0.00000       0.00000         344904.2463    0.000000    -0.00003     0.00000    0.000000000    0.000000115   -0.000000076  259.103199  89371.3905
 846.00   15.0000    0.0000   15.0000  267.6669  267.6669  0.000000       0.00000       0.00000         343951.5438    0.000000    -0.00003     0.00000    0.000000000    0.000000112   -0.000000079  259.095380  89230.0941
 858.00   15.0000    0.0000   15.0000  267.7794  267.7794  0.000000       0.00000       0.00000         343507.3334    0.000000    -0.00003     0.00000    0.000000000    0.000000110   -0.000000080  259.087108  89089.0168
 870.00   15.0000    0.0000   15.0000  267.8920  267.8920  0.000000       0.00000       0.00000         344331.3413    0.000000    -0.00003     0.00000    0.000000000    0.000000113   -0.000000078  259.079001  88948.1581
 882.00   15.0000    0.0000   15.0000  268.0051  268.0051  0.000000       0.00000       0.00000         345916.2078    0.000000    -0.00003     0.00000    0.000000000    0.000000118   -0.000000073  259.071245  88807.5177
 894.00   15.0000    0.0000   15.0000  268.1189  268.1189  0.000000       0.00000       0.00000         348675.8155    0.000000    -0.00003     0.00000    0.000000000    0.000000127   -0.000000064  259.064136  88667.0958
 906.00   15.0000    0.0000   15.0000  268.2339  268.2339  0.000000       0.00000       0.00000         353426.2065    0.000000    -0.00003     0.00000    0.000000000    0.000000142   -0.000000050  259.058123  88526.8923
 918.00   15.0000    0.0000   15.0000  268.3509  268.3509  0.000000       0.00000       0.00000         361225.8027    0.000000    -0.00003     0.00000    0.000000000    0.000000167   -0.000000025  259.054020  88386.9077
 930.00   15.0000    0.0000   15.0000  268.4711  268.4711  0.000000       0.00000       0.00000         372375.9369    0.000000    -0.00004     0.00000    0.000000000    0.000000203    0.000000009  259.052949  88247.1432
 942.00   15.0000    0.0000   15.0000  268.5956  268.5956  0.000000       0.00000       0.00000         395922.5175    0.000000    -0.00004     0.00000    0.000000000    0.000000279    0.000000083  259.055914  88107.6001
 954.00   15.0000    0.0000   15.0000  268.7314  268.7314  0.000000       0.00000       0.00000         412566.6053    0.000000    -0.00004     0.00000    0.000000000    0.000000333    0.000000136  259.069772  87968.2822
 966.00   15.0000    0.0000   15.0000  268.8669  268.8669  0.000000       0.00000       0.00000         534174.3980    0.000000    -0.00006     0.00000    0.000000000    0.000000726    0.000000519  259.083306  87829.1920
 978.00   15.0000    0.0000   15.0000  269.0829  269.0829  0.000000       0.00000       0.00000         512976.5495    0.000000    -0.00004     0.00000    0.000000000    0.000000660    0.000000457  259.174267  87690.3496
 990.00   15.0000    0.0000   15.0000  269.2047  269.2047  0.000000       0.00000       0.00000        1411744.3190    0.000000    -0.00025     0.00000    0.000000000    0.000003665    0.000003316  259.174512  87551.7511
1002.00   15.0000    0.0000   15.0000  270.0130  270.0130  0.000000       0.00000       0.00000        1341156.4672    0.000000    -0.00002     0.00000    0.000000000    0.000003444    0.000003264  259.835380  87413.5475
1014.00   15.0000    0.0000   15.0000  270.0910  270.0910  0.000000       0.00000       0.00000         236005.2723    0.000000    -0.00002     0.00000    0.000000000   -0.000000244   -0.000000443  259.793329  87275.7266
1026.00   15.0000    0.0000   15.0000  270.1690  270.1690  0.000000       0.00000       0.00000         235937.1356    0.000000    -0.00002     0.00000    0.000000000   -0.000000244   -0.000000443  259.751244  87138.1007
1038.00   15.0000    0.0000   15.0000  270.2470  270.2470  0.000000       0.00000       0.00000         235869.0383    0.000000    -0.00003     0.00000    0.000000000   -0.000000244   -0.000000443  259.709126  87000.6695
1050.00   15.0000    0.0000   15.0000  270.3250  270.3250  0.000000       0.00000       0.00000         235800.9803    0.000000    -0.00003     0.00000    0.000000000   -0.000000244   -0.000000442  259.666974  86863.4329
1062.00   15.0000    0.0000   15.0000  270.4030  270.4030  0.000000       0.00000       0.00000         235732.9615    0.000000    -0.00003     0.00000    0.000000000   -0.000000244   -0.000000442  259.624788  86726.3905
1074.00   15.0000    0.0000   15.0000  270.4810  270.4810  0.000000       0.00000       0.00000         235664.9820    0.000000    -0.00003     0.00000    0.000000000   -0.000000244   -0.000000442  259.582568  86589.5421
1086.00   15.0000    0.0000   15.0000  270.5590  270.5590  0.000000       0.00000       0.00000         235597.0417    0.000000    -0.00003     0.00000    0.000000000   -0.000000244   -0.000000441  259.540315  86452.8874
1098.00   15.0000    0.0000   15.0000  270.6370  270.6370  0.000000       0.00000       0.00000         235529.1405    0.000000    -0.00003     0.00000    0.000000000   -0.000000245   -0.000000441  259.498028  86316.4262
1110.00   15.0000    0.0000   15.0000  270.7150  270.7150  0.000000       0.00000       0.00000         235461.2785    0.000000    -0.00003     0.00000    0.000000000   -0.000000245   -0.000000441  259.455707  86180.1582
1122.00   15.0000    0.0000   15.0000  270.7930  270.7930  0.000000       0.00000       0.00000         235393.4555    0.000000    -0.00003     0.00000    0.000000000   -0.000000245   -0.000000440  259.413352  86044.0831
1134.00   15.0000    0.0000   15.0000  270.8710  270.8710  0.000000       0.00000       0.00000         235325.6716    0.000000    -0.00003     0.00000    0.000000000   -0.000000245   -0.000000440  259.370964  85908.2007
1146.00   15.0000    0.0000   15.0000  270.9490  270.9490  0.000000       0.00000       0.00000         235257.9268    0.000000    -0.00003     0.00000    0.000000000   -0.000000245   -0.000000440  259.328541  85772.5108
1158.00   15.0000    0.0000   15.0000  271.0270  271.0270  0.000000       0.00000       0.00000         235190.2209    0.000000    -0.00003     0.00000    0.000000000   -0.000000245   -0.000000439  259.286086  85637.0130
1170.00   15.0000    0.0000   15.0000  271.1050  271.1050  0.000000       0.00000       0.00000         235122.5540    0.000000    -0.00003     0.00000    0.000000000   -0.000000245   -0.000000439  259.243596  85501.7071
1182.00   15.0000    0.0000   15.0000  271.1830  271.1830  0.000000       0.00000       0.00000         235054.9260    0.000000    -0.00003     0.00000    0.000000000   -0.000000245   -0.000000438  259.201073  85366.5928
1194.00   15.0000    0.0000   15.0000  271.2610  271.2610  0.000000       0.00000       0.00000         234987.3369    0.000000    -0.00003     0.00000    0.000000000   -0.000000245   -0.000000438  259.158516  85231.6699
1206.00   15.0000    0.0000   15.0000  271.3390  271.3390  0.000000       0.00000       0.00000         234919.7867    0.000000    -0.00003     0.00000    0.000000000   -0.000000245   -0.000000438  259.115925  85096.9382
1218.00   15.0000    0.0000   15.0000  271.4170  271.4170  0.000000       0.00000       0.00000         234852.2753    0.000000    -0.00003     0.00000    0.000000000   -0.000000245   -0.000000437  259.073301  84962.3974
1230.00   15.0000    0.0000   15.0000  271.4950  271.4950  0.000000       0.00000       0.00000         234784.8027    0.000000    -0.00003     0.00000    0.000000000   -0.000000245   -0.000000437  259.030643  84828.0471
1242.00   15.0000    0.0000   15.0000  271.5730  271.5730  0.000000       0.00000       0.00000         234717.3688    0.000000    -0.00003     0.00000    0.000000000   -0.000000245   -0.000000437  258.987952  84693.8873
1254.00   15.0000    0.0000   15.0000  271.6510  271.6510  0.000000       0.00000       0.00000         234649.9737    0.000000    -0.00003     0.00000    0.000000000   -0.000000245   -0.000000436  258.945226  84559.9175
1266.00   15.0000    0.0000   15.0000  271.7290  271.7290  0.000000       0.00000       0.00000         234582.6172    0.000000    -0.00003     0.00000    0.000000000   -0.000000245   -0.000000436  258.902468  84426.1376
1278.00   15.0000    0.0000   15.0000  271.8070  271.8070  0.000000       0.00000       0.00000         234515.2995    0.000000    -0.00003     0.00000    0.000000000   -0.000000245   -0.000000436  258.859675  84292.5473
1290.00   15.0000    0.0000   15.0000  271.8850  271.8850  0.000000       0.00000       0.00000         234448.0203    0.000000    -0.00003     0.00000    0.000000000   -0.000000245   -0.000000435  258.816849  84159.1463
1302.00   15.0000    0.0000   15.0000  271.9630  271.9630  0.000000       0.00000       0.00000         234380.7797    0.000000    -0.00003     0.00000    0.000000000   -0.000000245   -0.000000435  258.773990  84025.9344
1314.00   15.0000    0.0000   15.0000  272.0410  272.0410  0.000000       0.00000       0.00000         234313.5777    0.000000    -0.00003     0.00000    0.000000000   -0.000000245   -0.000000435  258.731096  83892.9114
1326.00   15.0000    0.0000   15.0000  272.1190  272.1190  0.000000       0.00000       0.00000         234246.4143    0.000000    -0.00003     0.00000    0.000000000   -0.000000245   -0.000000434  258.688170  83760.0769
1338.00   15.0000    0.0000   15.0000  272.1970  272.1970  0.000000       0.00000       0.00000         234179.2893    0.000000    -0.00003     0.00000    0.000000000   -0.000000245   -0.000000434  258.645209  83627.4308
1350.00   15.0000    0.0000   15.0000  272.2750  272.2750  0.000000       0.00000       0.00000         234112.2027    0.000000    -0.00003     0.00000    0.000000000   -0.000000245   -0.000000433  258.602215  83494.9727
1362.00   15.0000    0.0000   15.0000  272.3530  272.3530  0.000000       0.00000       0.00000         234045.1546    0.000000    -0.00003     0.00000    0.000000000   -0.000000245   -0.000000433  258.559188  83362.7025
1374.00   15.0000    0.0000   15.0000  272.4310  272.4310  0.000000       0.00000       0.00000         233978.1449    0.000000    -0.00003     0.00000    0.000000000   -0.000000245   -0.000000433  258.516127  83230.6198
1386.00   15.0000    0.0000   15.0000  272.5090  272.5090  0.000000       0.00000       0.00000         233911.1736    0.000000    -0.00003     0.00000    0.000000000   -0.000000245   -0.000000432  258.473033  83098.7244
1398.00   15.0000    0.0000   15.0000  272.5870  272.5870  0.000000       0.00000       0.00000         233844.2406    0.000000    -0.00003     0.00000    0.000000000   -0.000000245   -0.000000432  258.429905  82967.0161
1410.00   15.0000    0.0000   15.0000  272.6650  272.6650  0.000000       0.00000       0.00000         233777.3458    0.000000    -0.00003     0.00000    0.000000000   -0.000000245   -0.000000432  258.386743  82835.4947
1422.00   15.0000    0.0000   15.0000  272.7430  272.7430  0.000000       0.00000       0.00000         233710.4894    0.000000    -0.00003     0.00000    0.000000000   -0.000000245   -0.000000431  258.343548  82704.1597
1434.00   15.0000    0.0000   15.0000  272.8210  272.8210  0.000000       0.00000       0.00000         233643.6711    0.000000    -0.00003     0.00000    0.000000000   -0.000000245   -0.000000431  258.300320  82573.0111
1446.00   15.0000    0.0000   15.0000  272.8990  272.8990  0.000000       0.00000       0.00000         233576.8911    0.000000    -0.00004     0.00000    0.000000000   -0.000000245   -0.000000430  258.257058  82442.0486
1458.00   15.0000    0.0000   15.0000  272.9770  272.9770  0.000000       0.00000       0.00000         233510.1492    0.000000    -0.00004     0.00000    0.000000000   -0.000000245   -0.000000430  258.213762  82311.2719
1470.00   15.0000    0.0000   15.0000  273.0550  273.0550  0.000000       0.00000       0.00000         233443.4455    0.000000    -0.00004     0.00000    0.000000000   -0.000000245   -0.000000430  258.170433  82180.6807
1482.00   15.0000    0.0000   15.0000  273.1330  273.1330  0.000000       0.00000       0.00000         233376.7798    0.000000    -0.00004     0.00000    0.000000000   -0.000000245   -0.000000429  258.127071  82050.2749
1494.00   15.0000    0.0000   15.0000  273.2110  273.2110  0.000000       0.00000       0.00000         233310.1522    0.000000    -0.00004     0.00000    0.000000000   -0.000000245   -0.000000429  258.083675  81920.0541
1506.00   15.0000    0.0000   15.0000  273.2890  273.2890  0.000000       0.00000       0.00000         233243.5627    0.000000    -0.00004     0.00000    0.000000000   -0.000000245   -0.000000428  258.040246  81790.0181
1518.00   15.0000    0.0000   15.0000  273.3670  273.3670  0.000000       0.00000       0.00000         233177.0111    0.000000    -0.00004     0.00000    0.000000000   -0.000000245   -0.000000428  257.996783  81660.1667
1530.00   15.0000    0.0000   15.0000  273.4450  273.4450  0.000000       0.00000       0.00000         233110.4975    0.000000    -0.00004     0.00000    0.000000000   -0.000000245   -0.000000428  257.953287  81530.4996
1542.00   15.0000    0.0000   15.0000  273.5230  273.5230  0.000000       0.00000       0.00000         233044.0219    0.000000    -0.00004     0.00000    0.000000000   -0.000000245   -0.000000427  257.909758  81401.0166
1554.00   15.0000    0.0000   15.0000  273.6010  273.6010  0.000000       0.00000       0.00000         232977.5841    0.000000    -0.00004     0.00000    0.000000000   -0.000000245   -0.000000427  257.866195  81271.7175
1566.00   15.0000    0.0000   15.0000  273.6790  273.6790  0.000000       0.00000       0.00000         232911.1843    0.000000    -0.00004     0.00000    0.000000000   -0.000000245   -0.000000427  257.822599  81142.6019
1578.00   15.0000    0.0000   15.0000  273.7570  273.7570  0.000000       0.00000       0.00000         232844.8222    0.000000    -0.00004     0.00000    0.000000000   -0.000000245   -0.000000426  257.778969  81013.6696
1590.00   15.0000    0.0000   15.0000  273.8350  273.8350  0.000000       0.00000       0.00000         232778.4980    0.000000    -0.00004     0.00000    0.000000000   -0.000000245   -0.000000426  257.735306  80884.9204
1602.00   15.0000    0.0000   15.0000  273.9130  273.9130  0.000000       0.00000       0.00000         232712.2115    0.000000    -0.00004     0.00000    0.000000000   -0.000000245   -0.000000425  257.691610  80756.3541
1614.00   15.0000    0.0000   15.0000  273.9910  273.9910  0.000000       0.00000       0.00000         232645.9628    0.000000    -0.00004     0.00000    0.000000000   -0.000000245   -0.000000425  257.647881  80627.9704
1626.00   15.0000    0.0000   15.0000  274.0690  274.0690  0.000000       0.00000       0.00000         232579.7518    0.000000    -0.00004     0.00000    0.000000000   -0.000000244   -0.000000425  257.604118  80499.7690
1638.00   15.0000    0.0000   15.0000  274.1470  274.1470  0.000000       0.00000       0.00000         232513.5785    0.000000    -0.00004     0.00000    0.000000000   -0.000000244   -0.000000424  257.560321  80371.7497
1650.00   15.0000    0.0000   15.0000  274.2250  274.2250  0.000000       0.00000       0.00000         232447.4428    0.000000    -0.00004     0.00000    0.000000000   -0.000000244   -0.000000424  257.516492  80243.9123
1662.00   15.0000    0.0000   15.0000  274.3030  274.3030  0.000000       0.00000       0.00000         232381.3447    0.000000    -0.00004     0.00000    0.000000000   -0.000000244   -0.000000423  257.472629  80116.2565
1674.00   15.0000    0.0000   15.0000  274.3810  274.3810  0.000000       0.00000       0.00000         232315.2842    0.000000    -0.00004     0.00000    0.000000000   -0.000000244   -0.000000423  257.428732  79988.7821
1686.00   15.0000    0.0000   15.0000  274.4590  274.4590  0.000000       0.00000       0.00000         232249.2613    0.000000    -0.00004     0.00000    0.000000000   -0.000000244   -0.000000422  257.384803  79861.4888
1698.00   15.0000    0.0000   15.0000  274.5370  274.5370  0.000000       0.00000       0.00000         232183.2758    0.000000    -0.00004     0.00000    0.000000000   -0.000000244   -0.000000422  257.340840  79734.3764
1710.00   15.0000    0.0000   15.0000  274.6150  274.6150  0.000000       0.00000       0.00000         232117.3279    0.000000    -0.00004     0.00000    0.000000000   -0.000000244   -0.000000422  257.296844  79607.4447
1722.00   15.0000    0.0000   15.0000  274.6930  274.6930  0.000000       0.00000       0.00000         232051.4174    0.000000    -0.00004     0.00000    0.000000000   -0.000000244   -0.000000421  257.252815  79480.6933
1734.00   15.0000    0.0000   15.0000  274.7710  274.7710  0.000000       0.00000       0.00000         231985.5443    0.000000    -0.00004     0.00000    0.000000000   -0.000000244   -0.000000421  257.208752  79354.1222
1746.00   15.0000    0.0000   15.0000  274.8490  274.8490  0.000000       0.00000       0.00000         231919.7086    0.000000    -0.00004     0.00000    0.000000000   -0.000000244   -0.000000420  257.164656  79227.7309
1758.00   15.0000    0.0000   15.0000  274.9270  274.9270  0.000000       0.00000       0.00000         231853.9103    0.000000    -0.00004     0.00000    0.000000000   -0.000000244   -0.000000420  257.120527  79101.5193
1770.00   15.0000    0.0000   15.0000  275.0050  275.0050  0.000000       0.00000       0.00000         231788.1493    0.000000    -0.00004     0.00000    0.000000000   -0.000000244   -0.000000420  257.076365  78975.4872
1782.00   15.0000    0.0000   15.0000  275.0830  275.0830  0.000000       0.00000       0.00000         231722.4256    0.000000    -0.00004     0.00000    0.000000000   -0.000000244   -0.000000419  257.032170  78849.6342
1794.00   15.0000    0.0000   15.0000  275.1610  275.1610  0.000000       0.00000       0.00000         231656.7391    0.000000    -0.00004     0.00000    0.000000000   -0.000000244   -0.000000419  256.987941  78723.9602
1806.00   15.0000    0.0000   15.0000  275.2390  275.2390  0.000000       0.00000       0.00000         231591.0899    0.000000    -0.00004     0.00000    0.000000000   -0.000000244   -0.000000418  256.943679  78598.4650
1818.00   15.0000    0.0000   15.0000  275.3170  275.3170  0.000000       0.00000       0.00000         231525.4779    0.000000    -0.00004     0.00000    0.000000000   -0.000000244   -0.000000418  256.899384  78473.1482
1830.00   15.0000    0.0000   15.0000  275.3950  275.3950  0.000000       0.00000       0.00000         231459.9030    0.000000    -0.00004     0.00000    0.000000000   -0.000000244   -0.000000417  256.855056  78348.0096
1842.00   15.0000    0.0000   15.0000  275.4730  275.4730  0.000000       0.00000       0.00000         231394.3653    0.000000    -0.00004     0.00000    0.000000000   -0.000000244   -0.000000417  256.810695  78223.0490
1854.00   15.0000    0.0000   15.0000  275.5510  275.5510  0.000000       0.00000       0.00000         231328.8647    0.000000    -0.00005     0.00000    0.000000000   -0.000000244   -0.000000417  256.766300  78098.2662
1866.00   15.0000    0.0000   15.0000  275.6290  275.6290  0.000000       0.00000       0.00000         231263.4012    0.000000    -0.00005     0.00000    0.000000000   -0.000000243   -0.000000416  256.721872  77973.6610
1878.00   15.0000    0.0000   15.0000  275.7070  275.7070  0.000000       0.00000       0.00000         231197.9747    0.000000    -0.00005     0.00000    0.000000000   -0.000000243   -0.000000416  256.677412  77849.2330
1890.00   15.0000    0.0000   15.0000  275.7850  275.7850  0.000000       0.00000       0.00000         231132.5852    0.000000    -0.00005     0.00000    0.000000000   -0.000000243   -0.000000415  256.632918  77724.9820
1902.00   15.0000    0.0000   15.0000  275.8630  275.8630  0.000000       0.00000       0.00000         231067.2326    0.000000    -0.00005     0.00000    0.000000000   -0.000000243   -0.000000415  256.588391  77600.9079
1914.00   15.0000    0.0000   15.0000  275.9410  275.9410  0.000000       0.00000       0.00000         231001.9171    0.000000    -0.00005     0.00000    0.000000000   -0.000000243   -0.000000414  256.543830  77477.0104
1926.00   15.0000    0.0000   15.0000  276.0190  276.0190  0.000000       0.00000       0.00000         230936.6384    0.000000    -0.00005     0.00000    0.000000000   -0.000000243   -0.000000414  256.499237  77353.2891
1938.00   15.0000    0.0000   15.0000  276.0970  276.0970  0.000000       0.00000       0.00000         230871.3966    0.000000    -0.00005     0.00000    0.000000000   -0.000000243   -0.000000413  256.454611  77229.7440
1950.00   15.0000    0.0000   15.0000  276.1750  276.1750  0.000000       0.00000       0.00000         230806.1917    0.000000    -0.00005     0.00000    0.000000000   -0.000000243   -0.000000413  256.409951  77106.3748
1962.00   15.0000    0.0000   15.0000  276.2530  276.2530  0.000000       0.00000       0.00000         230741.0236    0.000000    -0.00005     0.00000    0.000000000   -0.000000243   -0.000000413  256.365259  76983.1811
1974.00   15.0000    0.0000   15.0000  276.3310  276.3310  0.000000       0.00000       0.00000         230675.8923    0.000000    -0.00005     0.00000    0.000000000   -0.000000243   -0.000000412  256.320533  76860.1629
1986.00   15.0000    0.0000   15.0000  276.4090  276.4090  0.000000       0.00000       0.00000         230610.7978    0.000000    -0.00005     0.00000    0.000000000   -0.000000243   -0.000000412  256.275775  76737.3198
1998.00   15.0000    0.0000   15.0000  276.4870  276.4870  0.000000       0.00000       0.00000         230545.7399    0.000000    -0.00005     0.00000    0.000000000   -0.000000243   -0.000000411  256.230983  76614.6516
2010.00   15.0000    0.0000   15.0000  276.5650  276.5650  0.000000       0.00000       0.00000         230480.7188    0.000000    -0.00005     0.00000    0.000000000   -0.000000243   -0.000000411  256.186158  76492.1582
2022.00   15.0000    0.0000   15.0000  276.6430  276.6430  0.000000       0.00000       0.00000         230415.7344    0.000000    -0.00005     0.00000    0.000000000   -0.000000243   -0.000000410  256.141301  76369.8392
2034.00   15.0000    0.0000   15.0000  276.7210  276.7210  0.000000       0.00000       0.00000         230350.7865    0.000000    -0.00005     0.00000    0.000000000   -0.000000242   -0.000000410  256.096410  76247.6944
2046.00   15.0000    0.0000   15.0000  276.7990  276.7990  0.000000       0.00000       0.00000         230285.8753    0.000000    -0.00005     0.00000    0.000000000   -0.000000242   -0.000000409  256.051486  76125.7236
2058.00   15.0000    0.0000   15.0000  276.8770  276.8770  0.000000       0.00000       0.00000         230221.0007    0.000000    -0.00005     0.00000    0.000000000   -0.000000242   -0.000000409  256.006529  76003.9265
2070.00   15.0000    0.0000   15.0000  276.9550  276.9550  0.000000       0.00000       0.00000         230156.1626    0.000000    -0.00005     0.00000    0.000000000   -0.000000242   -0.000000408  255.961540  75882.3030
2082.00   15.0000    0.0000   15.0000  277.0330  277.0330  0.000000       0.00000       0.00000         230091.3610    0.000000    -0.00005     0.00000    0.000000000   -0.000000242   -0.000000408  255.916517  75760.8527
2094.00   15.0000    0.0000   15.0000  277.1110  277.1110  0.000000       0.00000       0.00000         230026.5958    0.000000    -0.00005     0.00000    0.000000000   -0.000000242   -0.000000408  255.871461  75639.5756
2106.00   15.0000    0.0000   15.0000  277.1890  277.1890  0.000000       0.00000       0.00000         229961.8672    0.000000    -0.00005     0.00000    0.000000000   -0.000000242   -0.000000407  255.826373  75518.4712
2118.00   15.0000    0.0000   15.0000  277.2670  277.2670  0.000000       0.00000       0.00000         229897.1749    0.000000    -0.00005     0.00000    0.000000000   -0.000000242   -0.000000407  255.781251  75397.5395
2130.00   15.0000    0.0000   15.0000  277.3450  277.3450  0.000000       0.00000       0.00000         229832.5191    0.000000    -0.00005     0.00000    0.000000000   -0.000000242   -0.000000406  255.736097  75276.7801
2142.00   15.0000    0.0000   15.0000  277.4230  277.4230  0.000000       0.00000       0.00000         229767.8996    0.000000    -0.00005     0.00000    0.000000000   -0.000000242   -0.000000406  255.690909  75156.1928
2154.00   15.0000    0.0000   15.0000  277.5010  277.5010  0.000000       0.00000       0.00000         229703.3164    0.000000    -0.00005     0.00000    0.000000000   -0.000000242   -0.000000405  255.645689  75035.7774
2166.00   15.0000    0.0000   15.0000  277.5790  277.5790  0.000000       0.00000       0.00000         229638.7695    0.000000    -0.00005     0.00000    0.000000000   -0.000000241   -0.000000405  255.600436  74915.5337
2178.00   15.0000    0.0000   15.0000  277.6570  277.6570  0.000000       0.00000       0.00000         229574.2589    0.000000    -0.00005     0.00000    0.000000000   -0.000000241   -0.000000404  255.555149  74795.4615
2190.00   15.0000    0.0000   15.0000  277.7350  277.7350  0.000000       0.00000       0.00000         229509.7845    0.000000    -0.00005     0.00000    0.000000000   -0.000000241   -0.000000404  255.509830  74675.5604
2202.00   15.0000    0.0000   15.0000  277.8130  277.8130  0.000000       0.00000       0.00000         229445.3463    0.000000    -0.00005     0.00000    0.000000000   -0.000000241   -0.000000403  255.464478  74555.8304
2214.00   15.0000    0.0000   15.0000  277.8910  277.8910  0.000000       0.00000       0.00000         229380.9443    0.000000    -0.00005     0.00000    0.000000000   -0.000000241   -0.000000403  255.419093  74436.2711
2226.00   15.0000    0.0000   15.0000  277.9690  277.9690  0.000000       0.00000       0.00000         229316.5785    0.000000    -0.00005     0.00000    0.000000000   -0.000000241   -0.000000402  255.373676  74316.8823
2238.00   15.0000    0.0000   15.0000  278.0470  278.0470  0.000000       0.00000       0.00000         229252.2487    0.000000    -0.00005     0.00000    0.000000000   -0.000000241   -0.000000402  255.328225  74197.6638
2250.00   15.0000    0.0000   15.0000  278.1250  278.1250  0.000000       0.00000       0.00000         229187.9551    0.000000    -0.00005     0.00000    0.000000000   -0.000000241   -0.000000401  255.282742  74078.6154
2262.00   15.0000    0.0000   15.0000  278.2030  278.2030  0.000000       0.00000       0.00000         229123.6974    0.000000    -0.00006     0.00000    0.000000000   -0.000000241   -0.000000401  255.237226  73959.7368
2274.00   15.0000    0.0000   15.0000  278.2810  278.2810  0.000000       0.00000       0.00000         229059.4759    0.000000    -0.00006     0.00000    0.000000000   -0.000000240   -0.000000400  255.191676  73841.0279
2286.00   15.0000    0.0000   15.0000  278.3590  278.3590  0.000000       0.00000       0.00000         228995.2903    0.000000    -0.00006     0.00000    0.000000000   -0.000000240   -0.000000400  255.146095  73722.4883
2298.00   15.0000    0.0000   15.0000  278.4370  278.4370  0.000000       0.00000       0.00000         228931.1406    0.000000    -0.00006     0.00000    0.000000000   -0.000000240   -0.000000400  255.100480  73604.1179
2310.00   15.0000    0.0000   15.0000  278.5150  278.5150  0.000000       0.00000       0.00000         228867.0269    0.000000    -0.00006     0.00000    0.000000000   -0.000000240   -0.000000399  255.054832  73485.9164
2322.00   15.0000    0.0000   15.0000  278.5930  278.5930  0.000000       0.00000       0.00000         228802.9491    0.000000    -0.00006     0.00000    0.000000000   -0.000000240   -0.000000399  255.009152  73367.8836
2334.00   15.0000    0.0000   15.0000  278.6710  278.6710  0.000000       0.00000       0.00000         228738.9072    0.000000    -0.00006     0.00000    0.000000000   -0.000000240   -0.000000398  254.963439  73250.0193
2346.00   15.0000    0.0000   15.0000  278.7490  278.7490  0.000000       0.00000       0.00000         228674.9011    0.000000    -0.00006     0.00000    0.000000000   -0.000000240   -0.000000398  254.917693  73132.3233
2358.00   15.0000    0.0000   15.0000  278.8270  278.8270  0.000000       0.00000       0.00000         228610.9308    0.000000    -0.00006     0.00000    0.000000000   -0.000000240   -0.000000397  254.871914  73014.7953
2370.00   15.0000    0.0000   15.0000  278.9050  278.9050  0.000000       0.00000       0.00000         228546.9963    0.000000    -0.00006     0.00000    0.000000000   -0.000000240   -0.000000397  254.826103  72897.4351
2382.00   15.0000    0.0000   15.0000  278.9830  278.9830  0.000000       0.00000       0.00000              0.0000    0.000000    -0.00006     0.00000    0.000000000    0.000000000    0.000000000  254.780259  72780.2425
2394.00   15.0000    0.0000   15.0000  279.0610  279.0610  0.000000       0.00000       0.00000              0.0000    0.000000     0.00000     0.00000    0.000000000    0.000000000    0.000000000  254.734382  72663.2172
