   0.00    0.0000    0.0000    0.0000  239.2605  239.2605  0.000000       0.00000       0.00000              0.0000    0.000000     0.00000     0.00000    0.000000000    0.000000000    0.000000000    0.000000      0.0000
   6.00    7.9372    3.5006    8.6749  240.6431  240.6431  0.000000       0.75507       0.75507              0.0000    0.000000     0.00000     0.00000   -0.000003127    0.000000000    0.000000000  240.555337  99872.3463
  18.00    8.9419    3.8712    9.7439  240.7305  240.7305  0.000000       2.42774       2.42774              0.0472    0.000000    -0.00000     0.00000   -0.000013336    0.000000000    0.000000000  240.496271  99659.7503
  30.00    9.5724    4.0637   10.3993  240.7874  240.7874  0.000000       2.38942       2.38942              0.0696    0.000000    -0.00000     0.00000   -0.000017201   -0.000000089   -0.000000118  240.436043  99489.9894
  42.00   10.1429    4.2030   10.9792  240.8410  240.8410  0.000000       2.63926       2.63926              0.0827    0.000000    -0.00000     0.00000   -0.000019150   -0.000000095   -0.000000124  240.372409  99320.4739
  54.00   10.6537    4.2975   11.4878  240.8910  240.8910  0.000000       2.63334       2.63334              0.0963    0.000000    -0.00000     0.00000   -0.000020629   -0.000000099   -0.000000128  240.305234  99151.2013
  66.00   11.1344    4.3580   11.9569  240.9403  240.9403  0.000000       2.59696       2.59696              0.1084    0.000000    -0.00000     0.00000   -0.000021900   -0.000000099   -0.000000128  240.237304  98982.1698
  78.00   11.5922    4.3883   12.3950  240.9897  240.9897  0.000000       2.49682       2.49682              0.1203    0.000000    -0.00000     0.00000   -0.000023066   -0.000000098   -0.000000126  240.169433  98813.3787
  90.00   12.0337    4.3906   12.8097  241.0400  241.0400  0.000000       2.36758       2.36758              0.1319    0.000000    -0.00000     0.00000   -0.000024205   -0.000000095   -0.000000124  240.102496  98644.8282
 102.00   12.4621    4.3660   13.2047  241.0919  241.0919  0.000000       2.21482       2.21482              0.1436    0.000000    -0.00000     0.00000   -0.000025355   -0.000000091   -0.000000120  240.037106  98476.5189
 114.00   12.8793    4.3145   13.5827  241.1460  241.1460  0.000000       2.04857       2.04857              0.1555    0.000000    -0.00000     0.00000   -0.000026569   -0.000000086   -0.000000115  239.973852  98308.4517
 126.00   13.2862    4.2358   13.9450  241.2029  241.2029  0.000000       1.87428       1.87428              0.1680    0.000000    -0.00000     0.00000   -0.000027885   -0.000000080   -0.000000109  239.913303  98140.6282
 138.00   13.6827    4.1293   14.2923  241.2630  241.2630  0.000000       1.69670       1.69670              0.1810    0.000000    -0.00000     0.00000   -0.000029340   -0.000000073   -0.000000102  239.856059  97973.0500
 150.00   14.0683    3.9940   14.6243  241.3272  241.3272  0.000000       1.51927       1.51927              0.1949    0.000000    -0.00000     0.00000   -0.000030995   -0.000000064   -0.000000093  239.802777  97805.7195
 162.00   14.4416    3.8288   14.9406  241.3962  241.3962  0.000000       1.34470       1.34470              0.2099    0.000000    -0.00000     0.00000   -0.000032904   -0.000000054   -0.000000084  239.754208  97638.6393
 174.00   14.8005    3.6323   15.2397  241.4709  241.4709  0.000000       1.17514       1.17514              0.2263    0.000000    -0.00000     0.00000   -0.000035127   -0.000000043   -0.000000072  239.711224  97471.8127
 186.00   15.1423    3.4033   15.5200  241.5522  241.5522  0.000000       1.01206       1.01206              0.2443    0.000000    -0.00001     0.00000   -0.000037800   -0.000000029   -0.000000059  239.674879  97305.2436
 198.00   15.4631    3.1404   15.7787  241.6416  241.6416  0.000000       0.85713       0.85713              0.2645    0.000000    -0.00001     0.00000   -0.000041054   -0.000000012   -0.000000043  239.646449  97138.9367
 210.00   15.7582    2.8424   16.0125  241.7406  241.7406  0.000000       0.71015       0.71015              0.2877    0.000000    -0.00001     0.00000   -0.000045060    0.000000008   -0.000000024  239.627567  96972.8976
 222.00   16.0211    2.5090   16.2164  241.8514  241.8514  0.000000       0.57448       0.57448              0.3145    0.000000    -0.00001     0.00000   -0.000050210    0.000000033   -0.000000000  239.620226  96807.1334
 234.00   16.2446    2.1393   16.3848  241.9769  241.9769  0.000000       0.44382       0.44382              0.3476    0.000000    -0.00001     0.00000   -0.000056765    0.000000064    0.000000029  239.627456  96641.6524
 246.00   16.4163    1.7373   16.5079  242.1200  242.1200  0.000000       0.33480       0.33480              0.3868    0.000000    -0.00001     0.00000   -0.000065662    0.000000106    0.000000070  239.652091  96476.4652
 258.00   16.5238    1.2968   16.5746  242.2903  242.2903  0.000000       0.20872       0.20872              0.4502    0.000000    -0.00002     0.00000   -0.000078817    0.000000151    0.000000112  239.703502  96311.5866
 270.00   16.5369    0.8645   16.5595  242.4798  242.4798  0.000000       0.15999       0.15999              0.4967    0.000000    -0.00002     0.00000   -0.000108340    0.000000219    0.000000177  239.773810  96147.0314
 282.00   16.3826    0.3923   16.3872  242.7192  242.7192  0.000000       0.00137       0.00137              2.1563    0.000000     0.00000     0.00000   -0.000099089    0.000008495    0.000006090  239.893405  95982.8224
 294.00   15.0256   -0.0096   15.0256  249.2580  249.2580  0.000000       0.00017       0.00017              3.4951    0.000000    -0.00010     0.00000   -0.000034392    0.000010121    0.000012011  246.237424  95821.0423
 306.00   15.0000   -0.0000   15.0000  250.3635  250.3635  0.000000       0.00000       0.00000           2980.0192    0.000000    -0.00012     0.00000   -0.000000669    0.000004005    0.000003775  247.212112  95661.9563
 318.00   15.0000   -0.0000   15.0000  251.6377  251.6377  0.000000       0.00000       0.00000        3483522.3358    0.000000    -0.00009     0.00000    0.000000000    0.000003851    0.000003712  248.352910  95503.8116
 330.00   15.0000   -0.0000   15.0000  252.5143  252.5143  0.000000       0.00000       0.00000        2606907.8874    0.000000    -0.00008     0.00000    0.000000000    0.000002992    0.000002837  249.100731  95346.5278
 342.00   15.0000   -0.0000   15.0000  253.2487  253.2487  0.000000       0.00000       0.00000        2216848.2434    0.000000    -0.00007     0.00000    0.000000000    0.000002622    0.000002470  249.708010  95189.9295
 354.00   15.0000   -0.0000   15.0000  253.8882  253.8882  0.000000       0.00000       0.00000        1930596.9957    0.000000    -0.00006     0.00000    0.000000000    0.000002330    0.000002183  250.221322  95033.9385
 366.00   15.0000    0.0000   15.0000  254.4483  254.4483  0.000000       0.00000       0.00000        1718893.2310    0.000000    -0.00006     0.00000    0.000000000    0.000002105    0.000001959  250.656089  94878.4979
 378.00   15.0000    0.0000   15.0000  254.9586  254.9586  0.000000       0.00000       0.00000        1559037.8423    0.000000    -0.00005     0.00000    0.000000000    0.000001929    0.000001786  251.041581  94723.5650
 390.00   15.0000    0.0000   15.0000  255.4211  255.4211  0.000000       0.00000       0.00000        1430795.9666    0.000000    -0.00005     0.00000    0.000000000    0.000001784    0.000001641  251.379757  94569.1077
 402.00   15.0000    0.0000   15.0000  255.8530  255.8530  0.000000       0.00000       0.00000        1321848.4174    0.000000    -0.00005     0.00000    0.000000000    0.000001653    0.000001513  251.687640  94415.1003
 414.00   15.0000    0.0000   15.0000  256.2488  256.2488  0.000000       0.00000       0.00000        1231136.2121    0.000000    -0.00005     0.00000    0.000000000    0.000001542    0.000001402  251.959787  94261.5205
 426.00   15.0000    0.0000   15.0000  256.6251  256.6251  0.000000       0.00000       0.00000        1156809.9848    0.000000    -0.00005     0.00000    0.000000000    0.000001449    0.000001309  252.212611  94108.3502
 438.00   15.0000    0.0000   15.0000  256.9753  256.9753  0.000000       0.00000       0.00000        1091924.4835    0.000000    -0.00005     0.00000    0.000000000    0.000001365    0.000001226  252.439644  93955.5740
 450.00   15.0000    0.0000   15.0000  257.3118  257.3118  0.000000       0.00000       0.00000        1039251.0305    0.000000    -0.00004     0.00000    0.000000000    0.000001297    0.000001158  252.653021  93803.1787
 462.00   15.0000    0.0000   15.0000  257.6298  257.6298  0.000000       0.00000       0.00000         989170.7285    0.000000    -0.00004     0.00000    0.000000000    0.000001229    0.000001090  252.848056  93651.1535
 474.00   15.0000    0.0000   15.0000  257.9355  257.9355  0.000000       0.00000       0.00000         944904.7683    0.000000    -0.00004     0.00000    0.000000000    0.000001168    0.000001028  253.030938  93499.4879
 486.00   15.0000    0.0000   15.0000  258.2263  258.2263  0.000000       0.00000       0.00000         903519.2481    0.000000    -0.00004     0.00000    0.000000000    0.000001108    0.000000969  253.199005  93348.1729
 498.00   15.0000    0.0000   15.0000  258.5065  258.5065  0.000000       0.00000       0.00000         868342.9527    0.000000    -0.00004     0.00000    0.000000000    0.000001057    0.000000918  253.356630  93197.1998
 510.00   15.0000    0.0000   15.0000  258.7756  258.7756  0.000000       0.00000       0.00000         836176.4209    0.000000    -0.00004     0.00000    0.000000000    0.000001010    0.000000870  253.503234  93046.5613
 522.00   15.0000    0.0000   15.0000  259.0360  259.0360  0.000000       0.00000       0.00000         806933.7813    0.000000    -0.00004     0.00000    0.000000000    0.000000966    0.000000825  253.641213  92896.2506
 534.00   15.0000    0.0000   15.0000  259.2872  259.2872  0.000000       0.00000       0.00000         780333.3105    0.000000    -0.00004     0.00000    0.000000000    0.000000925    0.000000784  253.769948  92746.2615
 546.00   15.0000    0.0000   15.0000  259.5312  259.5312  0.000000       0.00000       0.00000         756085.5239    0.000000    -0.00004     0.00000    0.000000000    0.000000887    0.000000746  253.891661  92596.5884
 558.00   15.0000    0.0000   15.0000  259.7674  259.7674  0.000000       0.00000       0.00000         734899.0975    0.000000    -0.00004     0.00000    0.000000000    0.000000854    0.000000713  254.005561  92447.2261
 570.00   15.0000    0.0000   15.0000  259.9984  259.9984  0.000000       0.00000       0.00000         715347.1980    0.000000    -0.00004     0.00000    0.000000000    0.000000823    0.000000681  254.114314  92298.1701
 582.00   15.0000    0.0000   15.0000  260.2226  260.2226  0.000000       0.00000       0.00000         697779.1630    0.000000    -0.00004     0.00000    0.000000000    0.000000795    0.000000653  254.216251  92149.4160
 594.00   15.0000    0.0000   15.0000  260.4428  260.4428  0.000000       0.00000       0.00000         680500.4889    0.000000    -0.00004     0.00000    0.000000000    0.000000766    0.000000624  254.314252  92000.9599
 606.00   15.0000    0.0000   15.0000  260.6563  260.6563  0.000000       0.00000       0.00000         662951.8337    0.000000    -0.00004     0.00000    0.000000000    0.000000736    0.000000593  254.405603  91852.7982
 618.00   15.0000    0.0000   15.0000  260.8657  260.8657  0.000000       0.00000       0.00000         647777.6301    0.000000    -0.00004     0.00000    0.000000000    0.000000711    0.000000567  254.492829  91704.9270
 630.00   15.0000    0.0000   15.0000  261.0699  261.0699  0.000000       0.00000       0.00000         633435.4742    0.000000    -0.00004     0.00000    0.000000000    0.000000686    0.000000542  254.574871  91557.3428
 642.00   15.0000    0.0000   15.0000  261.2704  261.2704  0.000000       0.00000       0.00000         621027.8599    0.000000    -0.00004     0.00000    0.000000000    0.000000664    0.000000520  254.653291  91410.0426
 654.00   15.0000    0.0000   15.0000  261.4670  261.4670  0.000000       0.00000       0.00000         609303.0325    0.000000    -0.00004     0.00000    0.000000000    0.000000644    0.000000500  254.727722  91263.0235
 666.00   15.0000    0.0000   15.0000  261.6603  261.6603  0.000000       0.00000       0.00000         599099.2346    0.000000    -0.00004     0.00000    0.000000000    0.000000627    0.000000482  254.798945  91116.2827
 678.00   15.0000    0.0000   15.0000  261.8506  261.8506  0.000000       0.00000       0.00000         589753.5806    0.000000    -0.00004     0.00000    0.000000000    0.000000611    0.000000465  254.867120  90969.8179
 690.00   15.0000    0.0000   15.0000  262.0383  262.0383  0.000000       0.00000       0.00000         581671.2451    0.000000    -0.00004     0.00000    0.000000000    0.000000597    0.000000451  254.932614  90823.6269
 702.00   15.0000    0.0000   15.0000  262.2236  262.2236  0.000000       0.00000       0.00000         574517.7124    0.000000    -0.00004     0.00000    0.000000000    0.000000585    0.000000438  254.995840  90677.7076
 714.00   15.0000    0.0000   15.0000  262.4070  262.4070  0.000000       0.00000       0.00000         568567.6347    0.000000    -0.00004     0.00000    0.000000000    0.000000576    0.000000428  255.056960  90532.0582
 726.00   15.0000    0.0000   15.0000  262.5888  262.5888  0.000000       0.00000       0.00000         564044.3942    0.000000    -0.00004     0.00000    0.000000000    0.000000569    0.000000421  255.116558  90386.6771
 738.00   15.0000    0.0000   15.0000  262.7694  262.7694  0.000000       0.00000       0.00000         560672.7162    0.000000    -0.00004     0.00000    0.000000000    0.000000565    0.000000416  255.174936  90241.5631
 750.00   15.0000    0.0000   15.0000  262.9493  262.9493  0.000000       0.00000       0.00000         558218.8236    0.000000    -0.00004     0.00000    0.000000000    0.000000563    0.000000414  255.232509  90096.7149
 762.00   15.0000    0.0000   15.0000  263.1287  263.1287  0.000000       0.00000       0.00000         557008.1975    0.000000    -0.00004     0.00000    0.000000000    0.000000564    0.000000414  255.289434  89952.1316
 774.00   15.0000    0.0000   15.0000  263.3080  263.3080  0.000000       0.00000       0.00000         556999.3947    0.000000    -0.00004     0.00000    0.000000000    0.000000568    0.000000416  255.346328  89807.8125
 786.00   15.0000    0.0000   15.0000  263.4876  263.4876  0.000000       0.00000       0.00000         559185.7748    0.000000    -0.00004     0.00000    0.000000000    0.000000577    0.000000424  255.403325  89663.7571
 798.00   15.0000    0.0000   15.0000  263.6686  263.6686  0.000000       0.00000       0.00000         562503.4930    0.000000    -0.00005     0.00000    0.000000000    0.000000588    0.000000435  255.461663  89519.9651
 810.00   15.0000    0.0000   15.0000  263.8506  263.8506  0.000000       0.00000       0.00000         566900.6553    0.000000    -0.00005     0.00000    0.000000000    0.000000603    0.000000448  255.520814  89376.4367
 822.00   15.0000    0.0000   15.0000  264.0347  264.0347  0.000000       0.00000       0.00000         573543.0057    0.000000    -0.00005     0.00000    0.000000000    0.000000623    0.000000467  255.581983  89233.1722
 834.00   15.0000    0.0000   15.0000  264.2212  264.2212  0.000000       0.00000       0.00000         581953.6763    0.000000    -0.00005     0.00000    0.000000000    0.000000648    0.000000490  255.645374  89090.1721
 846.00   15.0000    0.0000   15.0000  264.4110  264.4110  0.000000       0.00000       0.00000         594306.5538    0.000000    -0.00005     0.00000    0.000000000    0.000000683    0.000000523  255.711894  88947.4375
 858.00   15.0000    0.0000   15.0000  264.6058  264.6058  0.000000       0.00000       0.00000         608690.6245    0.000000    -0.00005     0.00000    0.000000000    0.000000723    0.000000562  255.783109  88804.9698
 870.00   15.0000    0.0000   15.0000  264.8052  264.8052  0.000000       0.00000       0.00000         632693.6213    0.000000    -0.00006     0.00000    0.000000000    0.000000788    0.000000624  255.858737  88662.7711
 882.00   15.0000    0.0000   15.0000  265.0158  265.0158  0.000000       0.00000       0.00000         652062.6638    0.000000    -0.00006     0.00000    0.000000000    0.000000843    0.000000677  255.945094  88520.8451
 894.00   15.0000    0.0000   15.0000  265.2281  265.2281  0.000000       0.00000       0.00000         696610.1444    0.000000    -0.00007     0.00000    0.000000000    0.000000964    0.000000793  256.032990  88379.1944
 906.00   15.0000    0.0000   15.0000  265.4680  265.4680  0.000000       0.00000       0.00000         714125.3633    0.000000    -0.00006     0.00000    0.000000000    0.000001017    0.000000845  256.147394  88237.8261
 918.00   15.0000    0.0000   15.0000  265.6920  265.6920  0.000000       0.00000       0.00000         808727.4956    0.000000    -0.00009     0.00000    0.000000000    0.000001274    0.000001091  256.246475  88096.7428
 930.00   15.0000    0.0000   15.0000  265.9938  265.9938  0.000000       0.00000       0.00000         809264.3896    0.000000    -0.00007     0.00000    0.000000000    0.000001289    0.000001110  256.420359  87955.9600
 942.00   15.0000    0.0000   15.0000  266.2189  266.2189  0.000000       0.00000       0.00000        1032420.0084    0.000000    -0.00013     0.00000    0.000000000    0.000001907    0.000001694  256.520154  87815.4771
 954.00   15.0000    0.0000   15.0000  266.6665  266.6665  0.000000       0.00000       0.00000         982455.9035    0.000000    -0.00006     0.00000    0.000000000    0.000001792    0.000001609  256.834265  87675.3314
 966.00   15.0000    0.0000   15.0000  266.8600  266.8600  0.000000       0.00000       0.00000        1509685.3184    0.000000    -0.00024     0.00000    0.000000000    0.000003325    0.000003023  256.903554  87535.5139
 978.00   15.0000    0.0000   15.0000  267.6524  267.6524  0.000000       0.00000       0.00000        1398528.0279    0.000000    -0.00004     0.00000    0.000000000    0.000003040    0.000002878  257.549128  87396.1128
 990.00   15.0000    0.0000   15.0000  267.7761  267.7761  0.000000       0.00000       0.00000        3602047.2673    0.000000    -0.00069     0.00000    0.000000000    0.000010185    0.000009070  257.551016  87257.1089
1002.00   15.0000    0.0000   15.0000  270.0130  270.0130  0.000000       0.00000       0.00000        3503083.3090    0.000000    -0.00002     0.00000    0.000000000    0.000009969    0.000010348  259.584894  87118.8694
1014.00   15.0000    0.0000   15.0000  270.0910  270.0910  0.000000       0.00000       0.00000         236005.2723    0.000000    -0.00002     0.00000    0.000000000   -0.000000242   -0.000000437  259.542771  86981.3806
1026.00   15.0000    0.0000   15.0000  270.1690  270.1690  0.000000       0.00000       0.00000         235937.1356    0.000000    -0.00002     0.00000    0.000000000   -0.000000242   -0.000000437  259.500614  86844.0866
1038.00   15.0000    0.0000   15.0000  270.2470  270.2470  0.000000       0.00000       0.00000         235869.0383    0.000000    -0.00003     0.00000    0.000000000   -0.000000242   -0.000000437  259.458424  86706.9869
1050.00   15.0000    0.0000   15.0000  270.3250  270.3250  0.000000       0.00000       0.00000         235800.9803    0.000000    -0.00003     0.00000    0.000000000   -0.000000242   -0.000000436  259.416199  86570.0815
1062.00   15.0000    0.0000   15.0000  270.4030  270.4030  0.000000       0.00000       0.00000         235732.9615    0.000000    -0.00003     0.00000    0.000000000   -0.000000242   -0.000000436  259.373941  86433.3699
1074.00   15.0000    0.0000   15.0000  270.4810  270.4810  0.000000       0.00000       0.00000         235664.9820    0.000000    -0.00003     0.00000    0.000000000   -0.000000242   -0.000000436  259.331649  86296.8521
1086.00   15.0000    0.0000   15.0000  270.5590  270.5590  0.000000       0.00000       0.00000         235597.0417    0.000000    -0.00003     0.00000    0.000000000   -0.000000242   -0.000000435  259.289323  86160.5276
1098.00   15.0000    0.0000   15.0000  270.6370  270.6370  0.000000       0.00000       0.00000         235529.1405    0.000000    -0.00003     0.00000    0.000000000   -0.000000242   -0.000000435  259.246963  86024.3963
1110.00   15.0000    0.0000   15.0000  270.7150  270.7150  0.000000       0.00000       0.00000         235461.2785    0.000000    -0.00003     0.00000    0.000000000   -0.000000242   -0.000000435  259.204570  85888.4579
1122.00   15.0000    0.0000   15.0000  270.7930  270.7930  0.000000       0.00000       0.00000         235393.4555    0.000000    -0.00003     0.00000    0.000000000   -0.000000242   -0.000000434  259.162143  85752.7121
1134.00   15.0000    0.0000   15.0000  270.8710  270.8710  0.000000       0.00000       0.00000         235325.6716    0.000000    -0.00003     0.00000    0.000000000   -0.000000242   -0.000000434  259.119682  85617.1586
1146.00   15.0000    0.0000   15.0000  270.9490  270.9490  0.000000       0.00000       0.00000         235257.9268    0.000000    -0.00003     0.00000    0.000000000   -0.000000242   -0.000000434  259.077188  85481.7973
1158.00   15.0000    0.0000   15.0000  271.0270  271.0270  0.000000       0.00000       0.00000         235190.2209    0.000000    -0.00003     0.00000    0.000000000   -0.000000242   -0.000000433  259.034659  85346.6278
1170.00   15.0000    0.0000   15.0000  271.1050  271.1050  0.000000       0.00000       0.00000         235122.5540    0.000000    -0.00003     0.00000    0.000000000   -0.000000242   -0.000000433  258.992098  85211.6499
1182.00   15.0000    0.0000   15.0000  271.1830  271.1830  0.000000       0.00000       0.00000         235054.9260    0.000000    -0.00003     0.00000    0.000000000   -0.000000242   -0.000000433  258.949502  85076.8633
1194.00   15.0000    0.0000   15.0000  271.2610  271.2610  0.000000       0.00000       0.00000         234987.3369    0.000000    -0.00003     0.00000    0.000000000   -0.000000242   -0.000000432  258.906873  84942.2678
1206.00   15.0000    0.0000   15.0000  271.3390  271.3390  0.000000       0.00000       0.00000         234919.7867    0.000000    -0.00003     0.00000    0.000000000   -0.000000242   -0.000000432  258.864210  84807.8631
1218.00   15.0000    0.0000   15.0000  271.4170  271.4170  0.000000       0.00000       0.00000         234852.2753    0.000000    -0.00003     0.00000    0.000000000   -0.000000242   -0.000000431  258.821513  84673.6490
1230.00   15.0000    0.0000   15.0000  271.4950  271.4950  0.000000       0.00000       0.00000         234784.8027    0.000000    -0.00003     0.00000    0.000000000   -0.000000242   -0.000000431  258.778783  84539.6252
1242.00   15.0000    0.0000   15.0000  271.5730  271.5730  0.000000       0.00000       0.00000         234717.3688    0.000000    -0.00003     0.00000    0.000000000   -0.000000242   -0.000000431  258.736019  84405.7914
1254.00   15.0000    0.0000   15.0000  271.6510  271.6510  0.000000       0.00000       0.00000         234649.9737    0.000000    -0.00003     0.00000    0.000000000   -0.000000242   -0.000000430  258.693221  84272.1474
1266.00   15.0000    0.0000   15.0000  271.7290  271.7290  0.000000       0.00000       0.00000         234582.6172    0.000000    -0.00003     0.00000    0.000000000   -0.000000242   -0.000000430  258.650390  84138.6930
1278.00   15.0000    0.0000   15.0000  271.8070  271.8070  0.000000       0.00000       0.00000         234515.2995    0.000000    -0.00003     0.00000    0.000000000   -0.000000242   -0.000000430  258.607526  84005.4278
1290.00   15.0000    0.0000   15.0000  271.8850  271.8850  0.000000       0.00000       0.00000         234448.0203    0.000000    -0.00003     0.00000    0.000000000   -0.000000242   -0.000000429  258.564627  83872.3517
1302.00   15.0000    0.0000   15.0000  271.9630  271.9630  0.000000       0.00000       0.00000         234380.7797    0.000000    -0.00003     0.00000    0.000000000   -0.000000242   -0.000000429  258.521695  83739.4643
1314.00   15.0000    0.0000   15.0000  272.0410  272.0410  0.000000       0.00000       0.00000         234313.5777    0.000000    -0.00003     0.00000    0.000000000   -0.000000242   -0.000000429  258.478730  83606.7655
1326.00   15.0000    0.0000   15.0000  272.1190  272.1190  0.000000       0.00000       0.00000         234246.4143    0.000000    -0.00003     0.00000    0.000000000   -0.000000242   -0.000000428  258.435731  83474.2549
1338.00   15.0000    0.0000   15.0000  272.1970  272.1970  0.000000       0.00000       0.00000         234179.2893    0.000000    -0.00003     0.00000    0.000000000   -0.000000242   -0.000000428  258.392698  83341.9324
1350.00   15.0000    0.0000   15.0000  272.2750  272.2750  0.000000       0.00000       0.00000         234112.2027    0.000000    -0.00003     0.00000    0.000000000   -0.000000242   -0.000000427  258.349632  83209.7976
1362.00   15.0000    0.0000   15.0000  272.3530  272.3530  0.000000       0.00000       0.00000         234045.1546    0.000000    -0.00003     0.00000    0.000000000   -0.000000242   -0.000000427  258.306532  83077.8503
1374.00   15.0000    0.0000   15.0000  272.4310  272.4310  0.000000       0.00000       0.00000         233978.1449    0.000000    -0.00003     0.00000    0.000000000   -0.000000242   -0.000000427  258.263399  82946.0903
1386.00   15.0000    0.0000   15.0000  272.5090  272.5090  0.000000       0.00000       0.00000         233911.1736    0.000000    -0.00003     0.00000    0.000000000   -0.000000242   -0.000000426  258.220232  82814.5173
1398.00   15.0000    0.0000   15.0000  272.5870  272.5870  0.000000       0.00000       0.00000         233844.2406    0.000000    -0.00003     0.00000    0.000000000   -0.000000242   -0.000000426  258.177031  82683.1310
1410.00   15.0000    0.0000   15.0000  272.6650  272.6650  0.000000       0.00000       0.00000         233777.3458    0.000000    -0.00003     0.00000    0.000000000   -0.000000242   -0.000000426  258.133798  82551.9312
1422.00   15.0000    0.0000   15.0000  272.7430  272.7430  0.000000       0.00000       0.00000         233710.4894    0.000000    -0.00003     0.00000    0.000000000   -0.000000242   -0.000000425  258.090530  82420.9177
1434.00   15.0000    0.0000   15.0000  272.8210  272.8210  0.000000       0.00000       0.00000         233643.6711    0.000000    -0.00003     0.00000    0.000000000   -0.000000242   -0.000000425  258.047229  82290.0902
1446.00   15.0000    0.0000   15.0000  272.8990  272.8990  0.000000       0.00000       0.00000         233576.8911    0.000000    -0.00004     0.00000    0.000000000   -0.000000242   -0.000000424  258.003895  82159.4485
1458.00   15.0000    0.0000   15.0000  272.9770  272.9770  0.000000       0.00000       0.00000         233510.1492    0.000000    -0.00004     0.00000    0.000000000   -0.000000242   -0.000000424  257.960527  82028.9922
1470.00   15.0000    0.0000   15.0000  273.0550  273.0550  0.000000       0.00000       0.00000         233443.4455    0.000000    -0.00004     0.00000    0.000000000   -0.000000242   -0.000000424  257.917126  81898.7212
1482.00   15.0000    0.0000   15.0000  273.1330  273.1330  0.000000       0.00000       0.00000         233376.7798    0.000000    -0.00004     0.00000    0.000000000   -0.000000242   -0.000000423  257.873691  81768.6352
1494.00   15.0000    0.0000   15.0000  273.2110  273.2110  0.000000       0.00000       0.00000         233310.1522    0.000000    -0.00004     0.00000    0.000000000   -0.000000242   -0.000000423  257.830223  81638.7340
1506.00   15.0000    0.0000   15.0000  273.2890  273.2890  0.000000       0.00000       0.00000         233243.5627    0.000000    -0.00004     0.00000    0.000000000   -0.000000242   -0.000000423  257.786722  81509.0173
1518.00   15.0000    0.0000   15.0000  273.3670  273.3670  0.000000       0.00000       0.00000         233177.0111    0.000000    -0.00004     0.00000    0.000000000   -0.000000242   -0.000000422  257.743187  81379.4848
1530.00   15.0000    0.0000   15.0000  273.4450  273.4450  0.000000       0.00000       0.00000         233110.4975    0.000000    -0.00004     0.00000    0.000000000   -0.000000242   -0.000000422  257.699618  81250.1363
1542.00   15.0000    0.0000   15.0000  273.5230  273.5230  0.000000       0.00000       0.00000         233044.0219    0.000000    -0.00004     0.00000    0.000000000   -0.000000242   -0.000000421  257.656016  81120.9717
1554.00   15.0000    0.0000   15.0000  273.6010  273.6010  0.000000       0.00000       0.00000         232977.5841    0.000000    -0.00004     0.00000    0.000000000   -0.000000242   -0.000000421  257.612381  80991.9905
1566.00   15.0000    0.0000   15.0000  273.6790  273.6790  0.000000       0.00000       0.00000         232911.1843    0.000000    -0.00004     0.00000    0.000000000   -0.000000242   -0.000000421  257.568713  80863.1926
1578.00   15.0000    0.0000   15.0000  273.7570  273.7570  0.000000       0.00000       0.00000         232844.8222    0.000000    -0.00004     0.00000    0.000000000   -0.000000242   -0.000000420  257.525011  80734.5777
1590.00   15.0000    0.0000   15.0000  273.8350  273.8350  0.000000       0.00000       0.00000         232778.4980    0.000000    -0.00004     0.00000    0.000000000   -0.000000242   -0.000000420  257.481275  80606.1456
1602.00   15.0000    0.0000   15.0000  273.9130  273.9130  0.000000       0.00000       0.00000         232712.2115    0.000000    -0.00004     0.00000    0.000000000   -0.000000242   -0.000000419  257.437507  80477.8961
1614.00   15.0000    0.0000   15.0000  273.9910  273.9910  0.000000       0.00000       0.00000         232645.9628    0.000000    -0.00004     0.00000    0.000000000   -0.000000242   -0.000000419  257.393705  80349.8288
1626.00   15.0000    0.0000   15.0000  274.0690  274.0690  0.000000       0.00000       0.00000         232579.7518    0.000000    -0.00004     0.00000    0.000000000   -0.000000242   -0.000000419  257.349869  80221.9436
1638.00   15.0000    0.0000   15.0000  274.1470  274.1470  0.000000       0.00000       0.00000         232513.5785    0.000000    -0.00004     0.00000    0.000000000   -0.000000242   -0.000000418  257.306001  80094.2402
1650.00   15.0000    0.0000   15.0000  274.2250  274.2250  0.000000       0.00000       0.00000         232447.4428    0.000000    -0.00004     0.00000    0.000000000   -0.000000242   -0.000000418  257.262099  79966.7183
1662.00   15.0000    0.0000   15.0000  274.3030  274.3030  0.000000       0.00000       0.00000         232381.3447    0.000000    -0.00004     0.00000    0.000000000   -0.000000242   -0.000000417  257.218164  79839.3778
1674.00   15.0000    0.0000   15.0000  274.3810  274.3810  0.000000       0.00000       0.00000         232315.2842    0.000000    -0.00004     0.00000    0.000000000   -0.000000242   -0.000000417  257.174195  79712.2183
1686.00   15.0000    0.0000   15.0000  274.4590  274.4590  0.000000       0.00000       0.00000         232249.2613    0.000000    -0.00004     0.00000    0.000000000   -0.000000241   -0.000000416  257.130193  79585.2397
1698.00   15.0000    0.0000   15.0000  274.5370  274.5370  0.000000       0.00000       0.00000         232183.2758    0.000000    -0.00004     0.00000    0.000000000   -0.000000241   -0.000000416  257.086158  79458.4416
1710.00   15.0000    0.0000   15.0000  274.6150  274.6150  0.000000       0.00000       0.00000         232117.3279    0.000000    -0.00004     0.00000    0.000000000   -0.000000241   -0.000000416  257.042090  79331.8239
1722.00   15.0000    0.0000   15.0000  274.6930  274.6930  0.000000       0.00000       0.00000         232051.4174    0.000000    -0.00004     0.00000    0.000000000   -0.000000241   -0.000000415  256.997988  79205.3863
1734.00   15.0000    0.0000   15.0000  274.7710  274.7710  0.000000       0.00000       0.00000         231985.5443    0.000000    -0.00004     0.00000    0.000000000   -0.000000241   -0.000000415  256.953853  79079.1285
1746.00   15.0000    0.0000   15.0000  274.8490  274.8490  0.000000       0.00000       0.00000         231919.7086    0.000000    -0.00004     0.00000    0.000000000   -0.000000241   -0.000000414  256.909685  78953.0504
1758.00   15.0000    0.0000   15.0000  274.9270  274.9270  0.000000       0.00000       0.00000         231853.9103    0.000000    -0.00004     0.00000    0.000000000   -0.000000241   -0.000000414  256.865483  78827.1516
1770.00   15.0000    0.0000   15.0000  275.0050  275.0050  0.000000       0.00000       0.00000         231788.1493    0.000000    -0.00004     0.00000    0.000000000   -0.000000241   -0.000000414  256.821249  78701.4320
1782.00   15.0000    0.0000   15.0000  275.0830  275.0830  0.000000       0.00000       0.00000         231722.4256    0.000000    -0.00004     0.00000    0.000000000   -0.000000241   -0.000000413  256.776981  78575.8912
1794.00   15.0000    0.0000   15.0000  275.1610  275.1610  0.000000       0.00000       0.00000         231656.7391    0.000000    -0.00004     0.00000    0.000000000   -0.000000241   -0.000000413  256.732680  78450.5292
1806.00   15.0000    0.0000   15.0000  275.2390  275.2390  0.000000       0.00000       0.00000         231591.0899    0.000000    -0.00004     0.00000    0.000000000   -0.000000241   -0.000000412  256.688346  78325.3455
1818.00   15.0000    0.0000   15.0000  275.3170  275.3170  0.000000       0.00000       0.00000         231525.4779    0.000000    -0.00004     0.00000    0.000000000   -0.000000241   -0.000000412  256.643978  78200.3400
1830.00   15.0000    0.0000   15.0000  275.3950  275.3950  0.000000       0.00000       0.00000         231459.9030    0.000000    -0.00004     0.00000    0.000000000   -0.000000241   -0.000000411  256.599578  78075.5125
1842.00   15.0000    0.0000   15.0000  275.4730  275.4730  0.000000       0.00000       0.00000         231394.3653    0.000000    -0.00004     0.00000    0.000000000   -0.000000241   -0.000000411  256.555144  77950.8626
1854.00   15.0000    0.0000   15.0000  275.5510  275.5510  0.000000       0.00000       0.00000         231328.8647    0.000000    -0.00005     0.00000    0.000000000   -0.000000241   -0.000000411  256.510677  77826.3902
1866.00   15.0000    0.0000   15.0000  275.6290  275.6290  0.000000       0.00000       0.00000         231263.4012    0.000000    -0.00005     0.00000    0.000000000   -0.000000241   -0.000000410  256.466177  77702.0951
1878.00   15.0000    0.0000   15.0000  275.7070  275.7070  0.000000       0.00000       0.00000         231197.9747    0.000000    -0.00005     0.00000    0.000000000   -0.000000241   -0.000000410  256.421644  77577.9769
1890.00   15.0000    0.0000   15.0000  275.7850  275.7850  0.000000       0.00000       0.00000         231132.5852    0.000000    -0.00005     0.00000    0.000000000   -0.000000240   -0.000000409  256.377078  77454.0354
1902.00   15.0000    0.0000   15.0000  275.8630  275.8630  0.000000       0.00000       0.00000         231067.2326    0.000000    -0.00005     0.00000    0.000000000   -0.000000240   -0.000000409  256.332478  77330.2705
1914.00   15.0000    0.0000   15.0000  275.9410  275.9410  0.000000       0.00000       0.00000         231001.9171    0.000000    -0.00005     0.00000    0.000000000   -0.000000240   -0.000000408  256.287846  77206.6819
1926.00   15.0000    0.0000   15.0000  276.0190  276.0190  0.000000       0.00000       0.00000         230936.6384    0.000000    -0.00005     0.00000    0.000000000   -0.000000240   -0.000000408  256.243180  77083.2692
1938.00   15.0000    0.0000   15.0000  276.0970  276.0970  0.000000       0.00000       0.00000         230871.3966    0.000000    -0.00005     0.00000    0.000000000   -0.000000240   -0.000000407  256.198481  76960.0324
1950.00   15.0000    0.0000   15.0000  276.1750  276.1750  0.000000       0.00000       0.00000         230806.1917    0.000000    -0.00005     0.00000    0.000000000   -0.000000240   -0.000000407  256.153750  76836.9712
1962.00   15.0000    0.0000   15.0000  276.2530  276.2530  0.000000       0.00000       0.00000         230741.0236    0.000000    -0.00005     0.00000    0.000000000   -0.000000240   -0.000000407  256.108985  76714.0853
1974.00   15.0000    0.0000   15.0000  276.3310  276.3310  0.000000       0.00000       0.00000         230675.8923    0.000000    -0.00005     0.00000    0.000000000   -0.000000240   -0.000000406  256.064187  76591.3744
1986.00   15.0000    0.0000   15.0000  276.4090  276.4090  0.000000       0.00000       0.00000         230610.7978    0.000000    -0.00005     0.00000    0.000000000   -0.000000240   -0.000000406  256.019356  76468.8385
1998.00   15.0000    0.0000   15.0000  276.4870  276.4870  0.000000       0.00000       0.00000         230545.7399    0.000000    -0.00005     0.00000    0.000000000   -0.000000240   -0.000000405  255.974492  76346.4771
2010.00   15.0000    0.0000   15.0000  276.5650  276.5650  0.000000       0.00000       0.00000         230480.7188    0.000000    -0.00005     0.00000    0.000000000   -0.000000240   -0.000000405  255.929595  76224.2902
2022.00   15.0000    0.0000   15.0000  276.6430  276.6430  0.000000       0.00000       0.00000         230415.7344    0.000000    -0.00005     0.00000    0.000000000   -0.000000240   -0.000000404  255.884665  76102.2774
2034.00   15.0000    0.0000   15.0000  276.7210  276.7210  0.000000       0.00000       0.00000         230350.7865    0.000000    -0.00005     0.00000    0.000000000   -0.000000240   -0.000000404  255.839702  75980.4385
2046.00   15.0000    0.0000   15.0000  276.7990  276.7990  0.000000       0.00000       0.00000         230285.8753    0.000000    -0.00005     0.00000    0.000000000   -0.000000239   -0.000000403  255.794705  75858.7734
2058.00   15.0000    0.0000   15.0000  276.8770  276.8770  0.000000       0.00000       0.00000         230221.0007    0.000000    -0.00005     0.00000    0.000000000   -0.000000239   -0.000000403  255.749676  75737.2817
2070.00   15.0000    0.0000   15.0000  276.9550  276.9550  0.000000       0.00000       0.00000         230156.1626    0.000000    -0.00005     0.00000    0.000000000   -0.000000239   -0.000000403  255.704614  75615.9632
2082.00   15.0000    0.0000   15.0000  277.0330  277.0330  0.000000       0.00000       0.00000         230091.3610    0.000000    -0.00005     0.00000    0.000000000   -0.000000239   -0.000000402  255.659519  75494.8177
2094.00   15.0000    0.0000   15.0000  277.1110  277.1110  0.000000       0.00000       0.00000         230026.5958    0.000000    -0.00005     0.00000    0.000000000   -0.000000239   -0.000000402  255.614391  75373.8450
2106.00   15.0000    0.0000   15.0000  277.1890  277.1890  0.000000       0.00000       0.00000         229961.8672    0.000000    -0.00005     0.00000    0.000000000   -0.000000239   -0.000000401  255.569230  75253.0448
2118.00   15.0000    0.0000   15.0000  277.2670  277.2670  0.000000       0.00000       0.00000         229897.1749    0.000000    -0.00005     0.00000    0.000000000   -0.000000239   -0.000000401  255.524036  75132.4169
2130.00   15.0000    0.0000   15.0000  277.3450  277.3450  0.000000       0.00000       0.00000         229832.5191    0.000000    -0.00005     0.00000    0.000000000   -0.000000239   -0.000000400  255.478809  75011.9610
2142.00   15.0000    0.0000   15.0000  277.4230  277.4230  0.000000       0.00000       0.00000         229767.8996    0.000000    -0.00005     0.00000    0.000000000   -0.000000239   -0.000000400  255.433550  74891.6770
2154.00   15.0000    0.0000   15.0000  277.5010  277.5010  0.000000       0.00000       0.00000         229703.3164    0.000000    -0.00005     0.00000    0.000000000   -0.000000239   -0.000000399  255.388257  74771.5647
2166.00   15.0000    0.0000   15.0000  277.5790  277.5790  0.000000       0.00000       0.00000         229638.7695    0.000000    -0.00005     0.00000    0.000000000   -0.000000238   -0.000000399  255.342931  74651.6236
2178.00   15.0000    0.0000   15.0000  277.6570  277.6570  0.000000       0.00000       0.00000         229574.2589    0.000000    -0.00005     0.00000    0.000000000   -0.000000238   -0.000000398  255.297573  74531.8538
2190.00   15.0000    0.0000   15.0000  277.7350  277.7350  0.000000       0.00000       0.00000         229509.7845    0.000000    -0.00005     0.00000    0.000000000   -0.000000238   -0.000000398  255.252181  74412.2548
2202.00   15.0000    0.0000   15.0000  277.8130  277.8130  0.000000       0.00000       0.00000         229445.3463    0.000000    -0.00005     0.00000    0.000000000   -0.000000238   -0.000000397  255.206757  74292.8266
2214.00   15.0000    0.0000   15.0000  277.8910  277.8910  0.000000       0.00000       0.00000         229380.9443    0.000000    -0.00005     0.00000    0.000000000   -0.000000238   -0.000000397  255.161300  74173.5688
2226.00   15.0000    0.0000   15.0000  277.9690  277.9690  0.000000       0.00000       0.00000         229316.5785    0.000000    -0.00005     0.00000    0.000000000   -0.000000238   -0.000000396  255.115810  74054.4813
2238.00   15.0000    0.0000   15.0000  278.0470  278.0470  0.000000       0.00000       0.00000         229252.2487    0.000000    -0.00005     0.00000    0.000000000   -0.000000238   -0.000000396  255.070287  73935.5637
2250.00   15.0000    0.0000   15.0000  278.1250  278.1250  0.000000       0.00000       0.00000         229187.9551    0.000000    -0.00005     0.00000    0.000000000   -0.000000238   -0.000000396  255.024731  73816.8159
2262.00   15.0000    0.0000   15.0000  278.2030  278.2030  0.000000       0.00000       0.00000         229123.6974    0.000000    -0.00006     0.00000    0.000000000   -0.000000238   -0.000000395  254.979142  73698.2377
2274.00   15.0000    0.0000   15.0000  278.2810  278.2810  0.000000       0.00000       0.00000         229059.4759    0.000000    -0.00006     0.00000    0.000000000   -0.000000237   -0.000000395  254.933521  73579.8288
2286.00   15.0000    0.0000   15.0000  278.3590  278.3590  0.000000       0.00000       0.00000         228995.2903    0.000000    -0.00006     0.00000    0.000000000   -0.000000237   -0.000000394  254.887867  73461.5890
2298.00   15.0000    0.0000   15.0000  278.4370  278.4370  0.000000       0.00000       0.00000         228931.1406    0.000000    -0.00006     0.00000    0.000000000   -0.000000237   -0.000000394  254.842180  73343.5181
2310.00   15.0000    0.0000   15.0000  278.5150  278.5150  0.000000       0.00000       0.00000         228867.0269    0.000000    -0.00006     0.00000    0.000000000   -0.000000237   -0.000000393  254.796460  73225.6158
2322.00   15.0000    0.0000   15.0000  278.5930  278.5930  0.000000       0.00000       0.00000         228802.9491    0.000000    -0.00006     0.00000    0.000000000   -0.000000237   -0.000000393  254.750707  73107.8819
2334.00   15.0000    0.0000   15.0000  278.6710  278.6710  0.000000       0.00000       0.00000         228738.9072    0.000000    -0.00006     0.00000    0.000000000   -0.000000237   -0.000000392  254.704922  72990.3162
2346.00   15.0000    0.0000   15.0000  278.7490  278.7490  0.000000       0.00000       0.00000         228674.9011    0.000000    -0.00006     0.00000    0.000000000   -0.000000237   -0.000000392  254.659103  72872.9185
2358.00   15.0000    0.0000   15.0000  278.8270  278.8270  0.000000       0.00000       0.00000         228610.9308    0.000000    -0.00006     0.00000    0.000000000   -0.000000237   -0.000000391  254.613252  72755.6885
2370.00   15.0000    0.0000   15.0000  278.9050  278.9050  0.000000       0.00000       0.00000         228546.9963    0.000000    -0.00006     0.00000    0.000000000   -0.000000237   -0.000000391  254.567369  72638.6261
2382.00   15.0000    0.0000   15.0000  278.9830  278.9830  0.000000       0.00000       0.00000              0.0000    0.000000    -0.00006     0.00000    0.000000000    0.000000000    0.000000000  254.521452  72521.7309
2394.00   15.0000    0.0000   15.0000  279.0610  279.0610  0.000000       0.00000       0.00000              0.0000    0.000000     0.00000     0.00000    0.000000000    0.000000000    0.000000000  254.475503  72405.0028
