   0.00    0.0000    0.0000    0.0000  240.8814  240.8814  0.000000       0.00000       0.00000              0.0000    0.000000     0.00000     0.00000    0.000000000    0.000000000    0.000000000    0.000000      0.0000
   6.00    7.8159    3.5280    8.5753  242.4007  242.4007  0.000000       0.73033       0.73033              0.0000    0.000000     0.00000     0.00000   -0.000011542    0.000000000    0.000000000  242.312949  99873.2710
  18.00    8.8475    3.9163    9.6755  242.5094  242.5094  0.000000       2.26712       2.26712              0.0546    0.000000    -0.00000     0.00000   -0.000023496    0.000000000    0.000000000  242.275177  99662.2214
  30.00    9.5052    4.1205   10.3599  242.5810  242.5810  0.000000       2.18672       2.18672              0.0791    0.000000    -0.00000     0.00000   -0.000028032   -0.000000070   -0.000000106  242.229623  99493.7070
  42.00   10.1063    4.2693   10.9711  242.6488  242.6488  0.000000       2.40064       2.40064              0.0931    0.000000    -0.00000     0.00000   -0.000030305   -0.000000079   -0.000000115  242.180192  99325.4445
  54.00   10.6467    4.3700   11.5086  242.7121  242.7121  0.000000       2.37171       2.37171              0.1078    0.000000    -0.00000     0.00000   -0.000032046   -0.000000085   -0.000000121  242.126281  99157.4307
  66.00   11.1569    4.4341   12.0057  242.7745  242.7745  0.000000       2.32318       2.32318              0.1207    0.000000    -0.00000     0.00000   -0.000033513   -0.000000086   -0.000000122  242.071421  98989.6635
  78.00   11.6435    4.4655   12.4704  242.8369  242.8369  0.000000       2.21662       2.21662              0.1333    0.000000    -0.00000     0.00000   -0.000034828   -0.000000085   -0.000000120  242.016535  98822.1422
  90.00   12.1131    4.4666   12.9103  242.9004  242.9004  0.000000       2.08576       2.08576              0.1458    0.000000    -0.00000     0.00000   -0.000036074   -0.000000081   -0.000000117  241.962728  98654.8669
 102.00   12.5687    4.4383   13.3293  242.9658  242.9658  0.000000       1.93407       1.93407              0.1585    0.000000    -0.00000     0.00000   -0.000037294   -0.000000076   -0.000000111  241.910762  98487.8383
 114.00   13.0122    4.3809   13.7299  243.0339  243.0339  0.000000       1.77062       1.77062              0.1716    0.000000    -0.00000     0.00000   -0.000038488   -0.000000069   -0.000000104  241.861415  98321.0575
 126.00   13.4445    4.2941   14.1136  243.1054  243.1054  0.000000       1.59981       1.59981              0.1854    0.000000    -0.00000     0.00000   -0.000039688   -0.000000060   -0.000000096  241.815479  98154.5265
 138.00   13.8655    4.1770   14.4810  243.1813  243.1813  0.000000       1.42572       1.42572              0.2003    0.000000    -0.00000     0.00000   -0.000040914   -0.000000049   -0.000000085  241.773859  97988.2474
 150.00   14.2746    4.0282   14.8321  243.2627  243.2627  0.000000       1.25129       1.25129              0.2167    0.000000    -0.00000     0.00000   -0.000042179   -0.000000035   -0.000000071  241.737649  97822.2233
 162.00   14.6705    3.8462   15.1663  243.3510  243.3510  0.000000       1.07899       1.07899              0.2350    0.000000    -0.00000     0.00000   -0.000043513   -0.000000017   -0.000000055  241.708249  97656.4580
 174.00   15.0511    3.6284   15.4822  243.4480  243.4480  0.000000       0.91083       0.91083              0.2560    0.000000    -0.00001     0.00000   -0.000044913    0.000000006   -0.000000033  241.687550  97490.9564
 186.00   15.4133    3.3718   15.7778  243.5566  243.5566  0.000000       0.74871       0.74871              0.2807    0.000000    -0.00001     0.00000   -0.000046516    0.000000036   -0.000000003  241.678243  97325.7251
 198.00   15.7525    3.0722   16.0493  243.6808  243.6808  0.000000       0.59448       0.59448              0.3108    0.000000    -0.00001     0.00000   -0.000048037    0.000000079    0.000000037  241.684362  97160.7728
 210.00   16.0618    2.7233   16.2910  243.8274  243.8274  0.000000       0.44962       0.44962              0.3493    0.000000    -0.00001     0.00000   -0.000049857    0.000000143    0.000000099  241.712561  96996.1117
 222.00   16.3292    2.3162   16.4926  244.0080  244.0080  0.000000       0.31772       0.31772              0.4013    0.000000    -0.00002     0.00000   -0.000051953    0.000000250    0.000000201  241.774522  96831.7602
 234.00   16.5327    1.8359   16.6343  244.2472  244.2472  0.000000       0.19933       0.19933              0.4790    0.000000    -0.00003     0.00000   -0.000054834    0.000000455    0.000000395  241.894362  96667.7489
 246.00   16.6211    1.2637   16.6691  244.6010  244.6010  0.000000       0.10555       0.10555              0.6073    0.000000    -0.00003     0.00000   -0.000059975    0.000000973    0.000000881  242.127604  96504.1346
 258.00   16.4532    0.5700   16.4630  245.2626  245.2626  0.000000       0.03141       0.03141              0.9312    0.000000     0.00000     0.00000   -0.000069016    0.000003527    0.000003124  242.665200  96341.0565
 270.00   15.5730   -0.0985   15.5733  247.4676  247.4676  0.000000       0.00067       0.00067              2.5057    0.000000    -0.00035     0.00000   -0.000235831    0.000010054    0.000008776  244.729464  96179.1192
 282.00   15.0041   -0.0062   15.0041  251.6694  251.6694  0.000000       0.00000       0.00000             15.3523    0.000000    -0.00012     0.00000   -0.000009734    0.000009911    0.000010621  248.766464  96019.4428
 294.00   15.0000   -0.0000   15.0000  253.0164  253.0164  0.000000       0.00000       0.00000          38389.7465    0.000000    -0.00009     0.00000   -0.000000001    0.000004703    0.000004547  249.980605  95861.7189
 306.00   15.0000   -0.0000   15.0000  253.9629  253.9629  0.000000       0.00000       0.00000        2762877.8270    0.000000    -0.00007     0.00000    0.000000000    0.000003673    0.000003501  250.798404  95704.8931
 318.00   15.0000   -0.0000   15.0000  254.7337  254.7337  0.000000       0.00000       0.00000        2261304.2791    0.000000    -0.00006     0.00000    0.000000000    0.000003091    0.000002924  251.442276  95548.7793
 330.00   15.0000   -0.0000   15.0000  255.3727  255.3727  0.000000       0.00000       0.00000        1909863.7706    0.000000    -0.00006     0.00000    0.000000000    0.000002651    0.000002488  251.955769  95393.2784
 342.00   15.0000   -0.0000   15.0000  255.9273  255.9273  0.000000       0.00000       0.00000        1680725.0278    0.000000    -0.00005     0.00000    0.000000000    0.000002359    0.000002198  252.385767  95238.3208
 354.00   15.0000    0.0000   15.0000  256.4254  256.4254  0.000000       0.00000       0.00000        1507148.2020    0.000000    -0.00005     0.00000    0.000000000    0.000002127    0.000001969  252.759730  95083.8610
 366.00   15.0000    0.0000   15.0000  256.8731  256.8731  0.000000       0.00000       0.00000        1373430.7339    0.000000    -0.00005     0.00000    0.000000000    0.000001944    0.000001787  253.083893  94929.8644
 378.00   15.0000    0.0000   15.0000  257.2888  257.2888  0.000000       0.00000       0.00000        1262032.8632    0.000000    -0.00004     0.00000    0.000000000    0.000001784    0.000001629  253.376226  94776.3042
 390.00   15.0000    0.0000   15.0000  257.6678  257.6678  0.000000       0.00000       0.00000        1174227.0378    0.000000    -0.00004     0.00000    0.000000000    0.000001657    0.000001502  253.632294  94623.1581
 402.00   15.0000    0.0000   15.0000  258.0293  258.0293  0.000000       0.00000       0.00000        1099676.3526    0.000000    -0.00004     0.00000    0.000000000    0.000001545    0.000001391  253.870911  94470.4084
 414.00   15.0000    0.0000   15.0000  258.3622  258.3622  0.000000       0.00000       0.00000        1037383.3164    0.000000    -0.00004     0.00000    0.000000000    0.000001451    0.000001296  254.081349  94318.0400
 426.00   15.0000    0.0000   15.0000  258.6852  258.6852  0.000000       0.00000       0.00000         983422.0628    0.000000    -0.00004     0.00000    0.000000000    0.000001366    0.000001213  254.281793  94166.0403
 438.00   15.0000    0.0000   15.0000  258.9848  258.9848  0.000000       0.00000       0.00000         931343.3180    0.000000    -0.00004     0.00000    0.000000000    0.000001281    0.000001127  254.459162  94014.3981
 450.00   15.0000    0.0000   15.0000  259.2755  259.2755  0.000000       0.00000       0.00000         890614.2200    0.000000    -0.00004     0.00000    0.000000000    0.000001215    0.000001061  254.627598  93863.1029
 462.00   15.0000    0.0000   15.0000  259.5500  259.5500  0.000000       0.00000       0.00000         850257.7473    0.000000    -0.00004     0.00000    0.000000000    0.000001146    0.000000993  254.779972  93712.1462
 474.00   15.0000    0.0000   15.0000  259.8156  259.8156  0.000000       0.00000       0.00000         817528.2774    0.000000    -0.00004     0.00000    0.000000000    0.000001091    0.000000937  254.923574  93561.5197
 486.00   15.0000    0.0000   15.0000  260.0698  260.0698  0.000000       0.00000       0.00000         786020.4727    0.000000    -0.00004     0.00000    0.000000000    0.000001035    0.000000881  255.055828  93411.2166
 498.00   15.0000    0.0000   15.0000  260.3159  260.3159  0.000000       0.00000       0.00000         758889.6298    0.000000    -0.00004     0.00000    0.000000000    0.000000988    0.000000833  255.180027  93261.2304
 510.00   15.0000    0.0000   15.0000  260.5533  260.5533  0.000000       0.00000       0.00000         733970.5128    0.000000    -0.00004     0.00000    0.000000000    0.000000943    0.000000788  255.295577  93111.5552
 522.00   15.0000    0.0000   15.0000  260.7839  260.7839  0.000000       0.00000       0.00000         711308.8458    0.000000    -0.00004     0.00000    0.000000000    0.000000902    0.000000747  255.404421  92962.1859
 534.00   15.0000    0.0000   15.0000  261.0072  261.0072  0.000000       0.00000       0.00000         690210.8378    0.000000    -0.00004     0.00000    0.000000000    0.000000862    0.000000707  255.506001  92813.1176
 546.00   15.0000    0.0000   15.0000  261.2248  261.2248  0.000000       0.00000       0.00000         668834.7311    0.000000    -0.00004     0.00000    0.000000000    0.000000821    0.000000666  255.601829  92664.3457
 558.00   15.0000    0.0000   15.0000  261.4348  261.4348  0.000000       0.00000       0.00000         649565.0661    0.000000    -0.00004     0.00000    0.000000000    0.000000784    0.000000628  255.690200  92515.8658
 570.00   15.0000    0.0000   15.0000  261.6404  261.6404  0.000000       0.00000       0.00000         631096.7111    0.000000    -0.00004     0.00000    0.000000000    0.000000747    0.000000591  255.774113  92367.6737
 582.00   15.0000    0.0000   15.0000  261.8389  261.8389  0.000000       0.00000       0.00000         614399.8298    0.000000    -0.00004     0.00000    0.000000000    0.000000714    0.000000557  255.851058  92219.7654
 594.00   15.0000    0.0000   15.0000  262.0341  262.0341  0.000000       0.00000       0.00000         599309.7744    0.000000    -0.00003     0.00000    0.000000000    0.000000683    0.000000526  255.924635  92072.1374
 606.00   15.0000    0.0000   15.0000  262.2233  262.2233  0.000000       0.00000       0.00000         584215.1696    0.000000    -0.00004     0.00000    0.000000000    0.000000652    0.000000495  255.992239  91924.7863
 618.00   15.0000    0.0000   15.0000  262.4090  262.4090  0.000000       0.00000       0.00000         570532.8005    0.000000    -0.00003     0.00000    0.000000000    0.000000623    0.000000466  256.056457  91777.7089
 630.00   15.0000    0.0000   15.0000  262.5897  262.5897  0.000000       0.00000       0.00000         556804.7640    0.000000    -0.00003     0.00000    0.000000000    0.000000594    0.000000437  256.115580  91630.9022
 642.00   15.0000    0.0000   15.0000  262.7669  262.7669  0.000000       0.00000       0.00000         545326.3706    0.000000    -0.00003     0.00000    0.000000000    0.000000570    0.000000412  256.171276  91484.3631
 654.00   15.0000    0.0000   15.0000  262.9403  262.9403  0.000000       0.00000       0.00000         534307.2997    0.000000    -0.00003     0.00000    0.000000000    0.000000546    0.000000388  256.223278  91338.0891
 666.00   15.0000    0.0000   15.0000  263.1107  263.1107  0.000000       0.00000       0.00000         524607.4143    0.000000    -0.00003     0.00000    0.000000000    0.000000525    0.000000367  256.272133  91192.0777
 678.00   15.0000    0.0000   15.0000  263.2781  263.2781  0.000000       0.00000       0.00000         515601.4134    0.000000    -0.00003     0.00000    0.000000000    0.000000506    0.000000347  256.318116  91046.3266
 690.00   15.0000    0.0000   15.0000  263.4429  263.4429  0.000000       0.00000       0.00000         507550.1261    0.000000    -0.00003     0.00000    0.000000000    0.000000488    0.000000329  256.361381  90900.8339
 702.00   15.0000    0.0000   15.0000  263.6054  263.6054  0.000000       0.00000       0.00000         500396.4930    0.000000    -0.00004     0.00000    0.000000000    0.000000473    0.000000313  256.402366  90755.5974
 714.00   15.0000    0.0000   15.0000  263.7657  263.7657  0.000000       0.00000       0.00000         494324.3674    0.000000    -0.00004     0.00000    0.000000000    0.000000460    0.000000300  256.441193  90610.6156
 726.00   15.0000    0.0000   15.0000  263.9245  263.9245  0.000000       0.00000       0.00000         489529.3536    0.000000    -0.00004     0.00000    0.000000000    0.000000450    0.000000289  256.478415  90465.8868
 738.00   15.0000    0.0000   15.0000  264.0819  264.0819  0.000000       0.00000       0.00000         485534.1969    0.000000    -0.00004     0.00000    0.000000000    0.000000442    0.000000281  256.514278  90321.4097
 750.00   15.0000    0.0000   15.0000  264.2383  264.2383  0.000000       0.00000       0.00000         481594.9526    0.000000    -0.00004     0.00000    0.000000000    0.000000434    0.000000272  256.549035  90177.1833
 762.00   15.0000    0.0000   15.0000  264.3934  264.3934  0.000000       0.00000       0.00000         478397.8071    0.000000    -0.00004     0.00000    0.000000000    0.000000427    0.000000266  256.582465  90033.2062
 774.00   15.0000    0.0000   15.0000  264.5478  264.5478  0.000000       0.00000       0.00000         476259.4099    0.000000    -0.00004     0.00000    0.000000000    0.000000424    0.000000261  256.615253  89889.4776
 786.00   15.0000    0.0000   15.0000  264.7017  264.7017  0.000000       0.00000       0.00000         475423.7534    0.000000    -0.00004     0.00000    0.000000000    0.000000423    0.000000261  256.647379  89745.9965
 798.00   15.0000    0.0000   15.0000  264.8558  264.8558  0.000000       0.00000       0.00000         475965.8759    0.000000    -0.00004     0.00000    0.000000000    0.000000427    0.000000263  256.679680  89602.7624
 810.00   15.0000    0.0000   15.0000  265.0102  265.0102  0.000000       0.00000       0.00000         477689.7405    0.000000    -0.00004     0.00000    0.000000000    0.000000433    0.000000269  256.712184  89459.7750
 822.00   15.0000    0.0000   15.0000  265.1656  265.1656  0.000000       0.00000       0.00000         480540.6647    0.000000    -0.00004     0.00000    0.000000000    0.000000443    0.000000277  256.745606  89317.0341
 834.00   15.0000    0.0000   15.0000  265.3221  265.3221  0.000000       0.00000       0.00000         485293.9557    0.000000    -0.00004     0.00000    0.000000000    0.000000457    0.000000291  256.779940  89174.5397
 846.00   15.0000    0.0000   15.0000  265.4807  265.4807  0.000000       0.00000       0.00000         492611.6484    0.000000    -0.00004     0.00000    0.000000000    0.000000479    0.000000311  256.816389  89032.2922
 858.00   15.0000    0.0000   15.0000  265.6421  265.6421  0.000000       0.00000       0.00000         502397.9760    0.000000    -0.00004     0.00000    0.000000000    0.000000507    0.000000339  256.855366  88890.2925
 870.00   15.0000    0.0000   15.0000  265.8074  265.8074  0.000000       0.00000       0.00000         517193.7506    0.000000    -0.00005     0.00000    0.000000000    0.000000550    0.000000379  256.898013  88748.5417
 882.00   15.0000    0.0000   15.0000  265.9786  265.9786  0.000000       0.00000       0.00000         532896.2657    0.000000    -0.00005     0.00000    0.000000000    0.000000595    0.000000423  256.946344  88607.0420
 894.00   15.0000    0.0000   15.0000  266.1542  266.1542  0.000000       0.00000       0.00000         560236.1043    0.000000    -0.00005     0.00000    0.000000000    0.000000673    0.000000498  256.998927  88465.7957
 906.00   15.0000    0.0000   15.0000  266.3435  266.3435  0.000000       0.00000       0.00000         580297.8359    0.000000    -0.00005     0.00000    0.000000000    0.000000732    0.000000555  257.064521  88324.8069
 918.00   15.0000    0.0000   15.0000  266.5325  266.5325  0.000000       0.00000       0.00000         640077.6928    0.000000    -0.00007     0.00000    0.000000000    0.000000903    0.000000720  257.129818  88184.0786
 930.00   15.0000    0.0000   15.0000  266.7610  266.7610  0.000000       0.00000       0.00000         654445.1531    0.000000    -0.00006     0.00000    0.000000000    0.000000950    0.000000766  257.233114  88043.6205
 942.00   15.0000    0.0000   15.0000  266.9598  266.9598  0.000000       0.00000       0.00000         810611.6681    0.000000    -0.00010     0.00000    0.000000000    0.000001401    0.000001199  257.307633  87903.4346
 954.00   15.0000    0.0000   15.0000  267.2906  267.2906  0.000000       0.00000       0.00000         787114.5332    0.000000    -0.00005     0.00000    0.000000000    0.000001346    0.000001156  257.509353  87763.5469
 966.00   15.0000    0.0000   15.0000  267.4747  267.4747  0.000000       0.00000       0.00000        1206162.0156    0.000000    -0.00018     0.00000    0.000000000    0.000002599    0.000002337  257.569525  87623.9528
 978.00   15.0000    0.0000   15.0000  268.0802  268.0802  0.000000       0.00000       0.00000        1107962.8265    0.000000    -0.00004     0.00000    0.000000000    0.000002330    0.000002145  258.035387  87484.7226
 990.00   15.0000    0.0000   15.0000  268.2016  268.2016  0.000000       0.00000       0.00000        2944681.3167    0.000000    -0.00056     0.00000    0.000000000    0.000008328    0.000007502  258.035120  87345.8392
1002.00   15.0000    0.0000   15.0000  270.0130  270.0130  0.000000       0.00000       0.00000        2859246.9082    0.000000    -0.00002     0.00000    0.000000000    0.000008118    0.000008262  259.660390  87207.6095
1014.00   15.0000    0.0000   15.0000  270.0910  270.0910  0.000000       0.00000       0.00000         236005.2723    0.000000    -0.00002     0.00000    0.000000000   -0.000000242   -0.000000439  259.618288  87070.0206
1026.00   15.0000    0.0000   15.0000  270.1690  270.1690  0.000000       0.00000       0.00000         235937.1356    0.000000    -0.00002     0.00000    0.000000000   -0.000000242   -0.000000439  259.576153  86932.6266
1038.00   15.0000    0.0000   15.0000  270.2470  270.2470  0.000000       0.00000       0.00000         235869.0383    0.000000    -0.00003     0.00000    0.000000000   -0.000000243   -0.000000438  259.533984  86795.4271
1050.00   15.0000    0.0000   15.0000  270.3250  270.3250  0.000000       0.00000       0.00000         235800.9803    0.000000    -0.00003     0.00000    0.000000000   -0.000000243   -0.000000438  259.491782  86658.4219
1062.00   15.0000    0.0000   15.0000  270.4030  270.4030  0.000000       0.00000       0.00000         235732.9615    0.000000    -0.00003     0.00000    0.000000000   -0.000000243   -0.000000438  259.449545  86521.6107
1074.00   15.0000    0.0000   15.0000  270.4810  270.4810  0.000000       0.00000       0.00000         235664.9820    0.000000    -0.00003     0.00000    0.000000000   -0.000000243   -0.000000437  259.407275  86384.9932
1086.00   15.0000    0.0000   15.0000  270.5590  270.5590  0.000000       0.00000       0.00000         235597.0417    0.000000    -0.00003     0.00000    0.000000000   -0.000000243   -0.000000437  259.364971  86248.5693
1098.00   15.0000    0.0000   15.0000  270.6370  270.6370  0.000000       0.00000       0.00000         235529.1405    0.000000    -0.00003     0.00000    0.000000000   -0.000000243   -0.000000437  259.322633  86112.3386
1110.00   15.0000    0.0000   15.0000  270.7150  270.7150  0.000000       0.00000       0.00000         235461.2785    0.000000    -0.00003     0.00000    0.000000000   -0.000000243   -0.000000436  259.280262  85976.3009
1122.00   15.0000    0.0000   15.0000  270.7930  270.7930  0.000000       0.00000       0.00000         235393.4555    0.000000    -0.00003     0.00000    0.000000000   -0.000000243   -0.000000436  259.237856  85840.4559
1134.00   15.0000    0.0000   15.0000  270.8710  270.8710  0.000000       0.00000       0.00000         235325.6716    0.000000    -0.00003     0.00000    0.000000000   -0.000000243   -0.000000436  259.195417  85704.8034
1146.00   15.0000    0.0000   15.0000  270.9490  270.9490  0.000000       0.00000       0.00000         235257.9268    0.000000    -0.00003     0.00000    0.000000000   -0.000000243   -0.000000435  259.152945  85569.3430
1158.00   15.0000    0.0000   15.0000  271.0270  271.0270  0.000000       0.00000       0.00000         235190.2209    0.000000    -0.00003     0.00000    0.000000000   -0.000000243   -0.000000435  259.110438  85434.0746
1170.00   15.0000    0.0000   15.0000  271.1050  271.1050  0.000000       0.00000       0.00000         235122.5540    0.000000    -0.00003     0.00000    0.000000000   -0.000000243   -0.000000435  259.067898  85298.9979
1182.00   15.0000    0.0000   15.0000  271.1830  271.1830  0.000000       0.00000       0.00000         235054.9260    0.000000    -0.00003     0.00000    0.000000000   -0.000000243   -0.000000434  259.025324  85164.1126
1194.00   15.0000    0.0000   15.0000  271.2610  271.2610  0.000000       0.00000       0.00000         234987.3369    0.000000    -0.00003     0.00000    0.000000000   -0.000000243   -0.000000434  258.982717  85029.4185
1206.00   15.0000    0.0000   15.0000  271.3390  271.3390  0.000000       0.00000       0.00000         234919.7867    0.000000    -0.00003     0.00000    0.000000000   -0.000000243   -0.000000434  258.940076  84894.9153
1218.00   15.0000    0.0000   15.0000  271.4170  271.4170  0.000000       0.00000       0.00000         234852.2753    0.000000    -0.00003     0.00000    0.000000000   -0.000000243   -0.000000433  258.897401  84760.6028
1230.00   15.0000    0.0000   15.0000  271.4950  271.4950  0.000000       0.00000       0.00000         234784.8027    0.000000    -0.00003     0.00000    0.000000000   -0.000000243   -0.000000433  258.854693  84626.4806
1242.00   15.0000    0.0000   15.0000  271.5730  271.5730  0.000000       0.00000       0.00000         234717.3688    0.000000    -0.00003     0.00000    0.000000000   -0.000000243   -0.000000433  258.811951  84492.5486
1254.00   15.0000    0.0000   15.0000  271.6510  271.6510  0.000000       0.00000       0.00000         234649.9737    0.000000    -0.00003     0.00000    0.000000000   -0.000000243   -0.000000432  258.769175  84358.8065
1266.00   15.0000    0.0000   15.0000  271.7290  271.7290  0.000000       0.00000       0.00000         234582.6172    0.000000    -0.00003     0.00000    0.000000000   -0.000000243   -0.000000432  258.726365  84225.2540
1278.00   15.0000    0.0000   15.0000  271.8070  271.8070  0.000000       0.00000       0.00000         234515.2995    0.000000    -0.00003     0.00000    0.000000000   -0.000000243   -0.000000431  258.683523  84091.8909
1290.00   15.0000    0.0000   15.0000  271.8850  271.8850  0.000000       0.00000       0.00000         234448.0203    0.000000    -0.00003     0.00000    0.000000000   -0.000000243   -0.000000431  258.640646  83958.7169
1302.00   15.0000    0.0000   15.0000  271.9630  271.9630  0.000000       0.00000       0.00000         234380.7797    0.000000    -0.00003     0.00000    0.000000000   -0.000000243   -0.000000431  258.597736  83825.7318
1314.00   15.0000    0.0000   15.0000  272.0410  272.0410  0.000000       0.00000       0.00000         234313.5777    0.000000    -0.00003     0.00000    0.000000000   -0.000000243   -0.000000430  258.554792  83692.9353
1326.00   15.0000    0.0000   15.0000  272.1190  272.1190  0.000000       0.00000       0.00000         234246.4143    0.000000    -0.00003     0.00000    0.000000000   -0.000000243   -0.000000430  258.511815  83560.3272
1338.00   15.0000    0.0000   15.0000  272.1970  272.1970  0.000000       0.00000       0.00000         234179.2893    0.000000    -0.00003     0.00000    0.000000000   -0.000000243   -0.000000430  258.468804  83427.9071
1350.00   15.0000    0.0000   15.0000  272.2750  272.2750  0.000000       0.00000       0.00000         234112.2027    0.000000    -0.00003     0.00000    0.000000000   -0.000000243   -0.000000429  258.425759  83295.6749
1362.00   15.0000    0.0000   15.0000  272.3530  272.3530  0.000000       0.00000       0.00000         234045.1546    0.000000    -0.00003     0.00000    0.000000000   -0.000000243   -0.000000429  258.382682  83163.6304
1374.00   15.0000    0.0000   15.0000  272.4310  272.4310  0.000000       0.00000       0.00000         233978.1449    0.000000    -0.00003     0.00000    0.000000000   -0.000000243   -0.000000429  258.339570  83031.7732
1386.00   15.0000    0.0000   15.0000  272.5090  272.5090  0.000000       0.00000       0.00000         233911.1736    0.000000    -0.00003     0.00000    0.000000000   -0.000000243   -0.000000428  258.296425  82900.1030
1398.00   15.0000    0.0000   15.0000  272.5870  272.5870  0.000000       0.00000       0.00000         233844.2406    0.000000    -0.00003     0.00000    0.000000000   -0.000000243   -0.000000428  258.253246  82768.6198
1410.00   15.0000    0.0000   15.0000  272.6650  272.6650  0.000000       0.00000       0.00000         233777.3458    0.000000    -0.00003     0.00000    0.000000000   -0.000000243   -0.000000427  258.210034  82637.3231
1422.00   15.0000    0.0000   15.0000  272.7430  272.7430  0.000000       0.00000       0.00000         233710.4894    0.000000    -0.00003     0.00000    0.000000000   -0.000000243   -0.000000427  258.166789  82506.2127
1434.00   15.0000    0.0000   15.0000  272.8210  272.8210  0.000000       0.00000       0.00000         233643.6711    0.000000    -0.00003     0.00000    0.000000000   -0.000000243   -0.000000427  258.123510  82375.2885
1446.00   15.0000    0.0000   15.0000  272.8990  272.8990  0.000000       0.00000       0.00000         233576.8911    0.000000    -0.00004     0.00000    0.000000000   -0.000000243   -0.000000426  258.080197  82244.5501
1458.00   15.0000    0.0000   15.0000  272.9770  272.9770  0.000000       0.00000       0.00000         233510.1492    0.000000    -0.00004     0.00000    0.000000000   -0.000000243   -0.000000426  258.036851  82113.9973
1470.00   15.0000    0.0000   15.0000  273.0550  273.0550  0.000000       0.00000       0.00000         233443.4455    0.000000    -0.00004     0.00000    0.000000000   -0.000000243   -0.000000425  257.993472  81983.6299
1482.00   15.0000    0.0000   15.0000  273.1330  273.1330  0.000000       0.00000       0.00000         233376.7798    0.000000    -0.00004     0.00000    0.000000000   -0.000000243   -0.000000425  257.950059  81853.4475
1494.00   15.0000    0.0000   15.0000  273.2110  273.2110  0.000000       0.00000       0.00000         233310.1522    0.000000    -0.00004     0.00000    0.000000000   -0.000000243   -0.000000425  257.906613  81723.4500
1506.00   15.0000    0.0000   15.0000  273.2890  273.2890  0.000000       0.00000       0.00000         233243.5627    0.000000    -0.00004     0.00000    0.000000000   -0.000000243   -0.000000424  257.863133  81593.6372
1518.00   15.0000    0.0000   15.0000  273.3670  273.3670  0.000000       0.00000       0.00000         233177.0111    0.000000    -0.00004     0.00000    0.000000000   -0.000000243   -0.000000424  257.819620  81464.0086
1530.00   15.0000    0.0000   15.0000  273.4450  273.4450  0.000000       0.00000       0.00000         233110.4975    0.000000    -0.00004     0.00000    0.000000000   -0.000000243   -0.000000424  257.776073  81334.5642
1542.00   15.0000    0.0000   15.0000  273.5230  273.5230  0.000000       0.00000       0.00000         233044.0219    0.000000    -0.00004     0.00000    0.000000000   -0.000000243   -0.000000423  257.732493  81205.3036
1554.00   15.0000    0.0000   15.0000  273.6010  273.6010  0.000000       0.00000       0.00000         232977.5841    0.000000    -0.00004     0.00000    0.000000000   -0.000000243   -0.000000423  257.688880  81076.2266
1566.00   15.0000    0.0000   15.0000  273.6790  273.6790  0.000000       0.00000       0.00000         232911.1843    0.000000    -0.00004     0.00000    0.000000000   -0.000000243   -0.000000422  257.645233  80947.3330
1578.00   15.0000    0.0000   15.0000  273.7570  273.7570  0.000000       0.00000       0.00000         232844.8222    0.000000    -0.00004     0.00000    0.000000000   -0.000000243   -0.000000422  257.601553  80818.6226
1590.00   15.0000    0.0000   15.0000  273.8350  273.8350  0.000000       0.00000       0.00000         232778.4980    0.000000    -0.00004     0.00000    0.000000000   -0.000000243   -0.000000422  257.557839  80690.0949
1602.00   15.0000    0.0000   15.0000  273.9130  273.9130  0.000000       0.00000       0.00000         232712.2115    0.000000    -0.00004     0.00000    0.000000000   -0.000000243   -0.000000421  257.514093  80561.7500
1614.00   15.0000    0.0000   15.0000  273.9910  273.9910  0.000000       0.00000       0.00000         232645.9628    0.000000    -0.00004     0.00000    0.000000000   -0.000000243   -0.000000421  257.470312  80433.5874
1626.00   15.0000    0.0000   15.0000  274.0690  274.0690  0.000000       0.00000       0.00000         232579.7518    0.000000    -0.00004     0.00000    0.000000000   -0.000000243   -0.000000420  257.426499  80305.6069
1638.00   15.0000    0.0000   15.0000  274.1470  274.1470  0.000000       0.00000       0.00000         232513.5785    0.000000    -0.00004     0.00000    0.000000000   -0.000000242   -0.000000420  257.382652  80177.8084
1650.00   15.0000    0.0000   15.0000  274.2250  274.2250  0.000000       0.00000       0.00000         232447.4428    0.000000    -0.00004     0.00000    0.000000000   -0.000000242   -0.000000420  257.338772  80050.1914
1662.00   15.0000    0.0000   15.0000  274.3030  274.3030  0.000000       0.00000       0.00000         232381.3447    0.000000    -0.00004     0.00000    0.000000000   -0.000000242   -0.000000419  257.294858  79922.7559
1674.00   15.0000    0.0000   15.0000  274.3810  274.3810  0.000000       0.00000       0.00000         232315.2842    0.000000    -0.00004     0.00000    0.000000000   -0.000000242   -0.000000419  257.250912  79795.5016
1686.00   15.0000    0.0000   15.0000  274.4590  274.4590  0.000000       0.00000       0.00000         232249.2613    0.000000    -0.00004     0.00000    0.000000000   -0.000000242   -0.000000418  257.206932  79668.4282
1698.00   15.0000    0.0000   15.0000  274.5370  274.5370  0.000000       0.00000       0.00000         232183.2758    0.000000    -0.00004     0.00000    0.000000000   -0.000000242   -0.000000418  257.162918  79541.5354
1710.00   15.0000    0.0000   15.0000  274.6150  274.6150  0.000000       0.00000       0.00000         232117.3279    0.000000    -0.00004     0.00000    0.000000000   -0.000000242   -0.000000417  257.118872  79414.8231
1722.00   15.0000    0.0000   15.0000  274.6930  274.6930  0.000000       0.00000       0.00000         232051.4174    0.000000    -0.00004     0.00000    0.000000000   -0.000000242   -0.000000417  257.074792  79288.2910
1734.00   15.0000    0.0000   15.0000  274.7710  274.7710  0.000000       0.00000       0.00000         231985.5443    0.000000    -0.00004     0.00000    0.000000000   -0.000000242   -0.000000417  257.030679  79161.9388
1746.00   15.0000    0.0000   15.0000  274.8490  274.8490  0.000000       0.00000       0.00000         231919.7086    0.000000    -0.00004     0.00000    0.000000000   -0.000000242   -0.000000416  256.986532  79035.7663
1758.00   15.0000    0.0000   15.0000  274.9270  274.9270  0.000000       0.00000       0.00000         231853.9103    0.000000    -0.00004     0.00000    0.000000000   -0.000000242   -0.000000416  256.942353  78909.7733
1770.00   15.0000    0.0000   15.0000  275.0050  275.0050  0.000000       0.00000       0.00000         231788.1493    0.000000    -0.00004     0.00000    0.000000000   -0.000000242   -0.000000415  256.898140  78783.9596
1782.00   15.0000    0.0000   15.0000  275.0830  275.0830  0.000000       0.00000       0.00000         231722.4256    0.000000    -0.00004     0.00000    0.000000000   -0.000000242   -0.000000415  256.853894  78658.3248
1794.00   15.0000    0.0000   15.0000  275.1610  275.1610  0.000000       0.00000       0.00000         231656.7391    0.000000    -0.00004     0.00000    0.000000000   -0.000000242   -0.000000414  256.809615  78532.8687
1806.00   15.0000    0.0000   15.0000  275.2390  275.2390  0.000000       0.00000       0.00000         231591.0899    0.000000    -0.00004     0.00000    0.000000000   -0.000000242   -0.000000414  256.765302  78407.5912
1818.00   15.0000    0.0000   15.0000  275.3170  275.3170  0.000000       0.00000       0.00000         231525.4779    0.000000    -0.00004     0.00000    0.000000000   -0.000000242   -0.000000414  256.720957  78282.4919
1830.00   15.0000    0.0000   15.0000  275.3950  275.3950  0.000000       0.00000       0.00000         231459.9030    0.000000    -0.00004     0.00000    0.000000000   -0.000000242   -0.000000413  256.676578  78157.5707
1842.00   15.0000    0.0000   15.0000  275.4730  275.4730  0.000000       0.00000       0.00000         231394.3653    0.000000    -0.00004     0.00000    0.000000000   -0.000000242   -0.000000413  256.632166  78032.8272
1854.00   15.0000    0.0000   15.0000  275.5510  275.5510  0.000000       0.00000       0.00000         231328.8647    0.000000    -0.00005     0.00000    0.000000000   -0.000000242   -0.000000412  256.587721  77908.2613
1866.00   15.0000    0.0000   15.0000  275.6290  275.6290  0.000000       0.00000       0.00000         231263.4012    0.000000    -0.00005     0.00000    0.000000000   -0.000000241   -0.000000412  256.543243  77783.8728
1878.00   15.0000    0.0000   15.0000  275.7070  275.7070  0.000000       0.00000       0.00000         231197.9747    0.000000    -0.00005     0.00000    0.000000000   -0.000000241   -0.000000411  256.498731  77659.6613
1890.00   15.0000    0.0000   15.0000  275.7850  275.7850  0.000000       0.00000       0.00000         231132.5852    0.000000    -0.00005     0.00000    0.000000000   -0.000000241   -0.000000411  256.454187  77535.6266
1902.00   15.0000    0.0000   15.0000  275.8630  275.8630  0.000000       0.00000       0.00000         231067.2326    0.000000    -0.00005     0.00000    0.000000000   -0.000000241   -0.000000411  256.409609  77411.7685
1914.00   15.0000    0.0000   15.0000  275.9410  275.9410  0.000000       0.00000       0.00000         231001.9171    0.000000    -0.00005     0.00000    0.000000000   -0.000000241   -0.000000410  256.364999  77288.0868
1926.00   15.0000    0.0000   15.0000  276.0190  276.0190  0.000000       0.00000       0.00000         230936.6384    0.000000    -0.00005     0.00000    0.000000000   -0.000000241   -0.000000410  256.320355  77164.5812
1938.00   15.0000    0.0000   15.0000  276.0970  276.0970  0.000000       0.00000       0.00000         230871.3966    0.000000    -0.00005     0.00000    0.000000000   -0.000000241   -0.000000409  256.275678  77041.2515
1950.00   15.0000    0.0000   15.0000  276.1750  276.1750  0.000000       0.00000       0.00000         230806.1917    0.000000    -0.00005     0.00000    0.000000000   -0.000000241   -0.000000409  256.230968  76918.0975
1962.00   15.0000    0.0000   15.0000  276.2530  276.2530  0.000000       0.00000       0.00000         230741.0236    0.000000    -0.00005     0.00000    0.000000000   -0.000000241   -0.000000408  256.186225  76795.1189
1974.00   15.0000    0.0000   15.0000  276.3310  276.3310  0.000000       0.00000       0.00000         230675.8923    0.000000    -0.00005     0.00000    0.000000000   -0.000000241   -0.000000408  256.141449  76672.3155
1986.00   15.0000    0.0000   15.0000  276.4090  276.4090  0.000000       0.00000       0.00000         230610.7978    0.000000    -0.00005     0.00000    0.000000000   -0.000000241   -0.000000407  256.096640  76549.6870
1998.00   15.0000    0.0000   15.0000  276.4870  276.4870  0.000000       0.00000       0.00000         230545.7399    0.000000    -0.00005     0.00000    0.000000000   -0.000000241   -0.000000407  256.051797  76427.2332
2010.00   15.0000    0.0000   15.0000  276.5650  276.5650  0.000000       0.00000       0.00000         230480.7188    0.000000    -0.00005     0.00000    0.000000000   -0.000000241   -0.000000407  256.006922  76304.9539
2022.00   15.0000    0.0000   15.0000  276.6430  276.6430  0.000000       0.00000       0.00000         230415.7344    0.000000    -0.00005     0.00000    0.000000000   -0.000000240   -0.000000406  255.962014  76182.8489
2034.00   15.0000    0.0000   15.0000  276.7210  276.7210  0.000000       0.00000       0.00000         230350.7865    0.000000    -0.00005     0.00000    0.000000000   -0.000000240   -0.000000406  255.917073  76060.9179
2046.00   15.0000    0.0000   15.0000  276.7990  276.7990  0.000000       0.00000       0.00000         230285.8753    0.000000    -0.00005     0.00000    0.000000000   -0.000000240   -0.000000405  255.872098  75939.1607
2058.00   15.0000    0.0000   15.0000  276.8770  276.8770  0.000000       0.00000       0.00000         230221.0007    0.000000    -0.00005     0.00000    0.000000000   -0.000000240   -0.000000405  255.827091  75817.5770
2070.00   15.0000    0.0000   15.0000  276.9550  276.9550  0.000000       0.00000       0.00000         230156.1626    0.000000    -0.00005     0.00000    0.000000000   -0.000000240   -0.000000404  255.782051  75696.1666
2082.00   15.0000    0.0000   15.0000  277.0330  277.0330  0.000000       0.00000       0.00000         230091.3610    0.000000    -0.00005     0.00000    0.000000000   -0.000000240   -0.000000404  255.736977  75574.9293
2094.00   15.0000    0.0000   15.0000  277.1110  277.1110  0.000000       0.00000       0.00000         230026.5958    0.000000    -0.00005     0.00000    0.000000000   -0.000000240   -0.000000403  255.691871  75453.8649
2106.00   15.0000    0.0000   15.0000  277.1890  277.1890  0.000000       0.00000       0.00000         229961.8672    0.000000    -0.00005     0.00000    0.000000000   -0.000000240   -0.000000403  255.646732  75332.9730
2118.00   15.0000    0.0000   15.0000  277.2670  277.2670  0.000000       0.00000       0.00000         229897.1749    0.000000    -0.00005     0.00000    0.000000000   -0.000000240   -0.000000402  255.601560  75212.2536
2130.00   15.0000    0.0000   15.0000  277.3450  277.3450  0.000000       0.00000       0.00000         229832.5191    0.000000    -0.00005     0.00000    0.000000000   -0.000000240   -0.000000402  255.556355  75091.7063
2142.00   15.0000    0.0000   15.0000  277.4230  277.4230  0.000000       0.00000       0.00000         229767.8996    0.000000    -0.00005     0.00000    0.000000000   -0.000000240   -0.000000402  255.511117  74971.3310
2154.00   15.0000    0.0000   15.0000  277.5010  277.5010  0.000000       0.00000       0.00000         229703.3164    0.000000    -0.00005     0.00000    0.000000000   -0.000000239   -0.000000401  255.465846  74851.1273
2166.00   15.0000    0.0000   15.0000  277.5790  277.5790  0.000000       0.00000       0.00000         229638.7695    0.000000    -0.00005     0.00000    0.000000000   -0.000000239   -0.000000401  255.420542  74731.0951
2178.00   15.0000    0.0000   15.0000  277.6570  277.6570  0.000000       0.00000       0.00000         229574.2589    0.000000    -0.00005     0.00000    0.000000000   -0.000000239   -0.000000400  255.375205  74611.2342
2190.00   15.0000    0.0000   15.0000  277.7350  277.7350  0.000000       0.00000       0.00000         229509.7845    0.000000    -0.00005     0.00000    0.000000000   -0.000000239   -0.000000400  255.329836  74491.5442
2202.00   15.0000    0.0000   15.0000  277.8130  277.8130  0.000000       0.00000       0.00000         229445.3463    0.000000    -0.00005     0.00000    0.000000000   -0.000000239   -0.000000399  255.284433  74372.0251
2214.00   15.0000    0.0000   15.0000  277.8910  277.8910  0.000000       0.00000       0.00000         229380.9443    0.000000    -0.00005     0.00000    0.000000000   -0.000000239   -0.000000399  255.238998  74252.6764
2226.00   15.0000    0.0000   15.0000  277.9690  277.9690  0.000000       0.00000       0.00000         229316.5785    0.000000    -0.00005     0.00000    0.000000000   -0.000000239   -0.000000398  255.193530  74133.4982
2238.00   15.0000    0.0000   15.0000  278.0470  278.0470  0.000000       0.00000       0.00000         229252.2487    0.000000    -0.00005     0.00000    0.000000000   -0.000000239   -0.000000398  255.148028  74014.4900
2250.00   15.0000    0.0000   15.0000  278.1250  278.1250  0.000000       0.00000       0.00000         229187.9551    0.000000    -0.00005     0.00000    0.000000000   -0.000000239   -0.000000397  255.102494  73895.6516
2262.00   15.0000    0.0000   15.0000  278.2030  278.2030  0.000000       0.00000       0.00000         229123.6974    0.000000    -0.00006     0.00000    0.000000000   -0.000000239   -0.000000397  255.056928  73776.9829
2274.00   15.0000    0.0000   15.0000  278.2810  278.2810  0.000000       0.00000       0.00000         229059.4759    0.000000    -0.00006     0.00000    0.000000000   -0.000000238   -0.000000396  255.011328  73658.4836
2286.00   15.0000    0.0000   15.0000  278.3590  278.3590  0.000000       0.00000       0.00000         228995.2903    0.000000    -0.00006     0.00000    0.000000000   -0.000000238   -0.000000396  254.965696  73540.1535
2298.00   15.0000    0.0000   15.0000  278.4370  278.4370  0.000000       0.00000       0.00000         228931.1406    0.000000    -0.00006     0.00000    0.000000000   -0.000000238   -0.000000395  254.920030  73421.9924
2310.00   15.0000    0.0000   15.0000  278.5150  278.5150  0.000000       0.00000       0.00000         228867.0269    0.000000    -0.00006     0.00000    0.000000000   -0.000000238   -0.000000395  254.874332  73304.0000
2322.00   15.0000    0.0000   15.0000  278.5930  278.5930  0.000000       0.00000       0.00000         228802.9491    0.000000    -0.00006     0.00000    0.000000000   -0.000000238   -0.000000394  254.828601  73186.1760
2334.00   15.0000    0.0000   15.0000  278.6710  278.6710  0.000000       0.00000       0.00000         228738.9072    0.000000    -0.00006     0.00000    0.000000000   -0.000000238   -0.000000394  254.782838  73068.5204
2346.00   15.0000    0.0000   15.0000  278.7490  278.7490  0.000000       0.00000       0.00000         228674.9011    0.000000    -0.00006     0.00000    0.000000000   -0.000000238   -0.000000393  254.737041  72951.0328
2358.00   15.0000    0.0000   15.0000  278.8270  278.8270  0.000000       0.00000       0.00000         228610.9308    0.000000    -0.00006     0.00000    0.000000000   -0.000000238   -0.000000393  254.691212  72833.7131
2370.00   15.0000    0.0000   15.0000  278.9050  278.9050  0.000000       0.00000       0.00000         228546.9963    0.000000    -0.00006     0.00000    0.000000000   -0.000000237   -0.000000392  254.645350  72716.5609
2382.00   15.0000    0.0000   15.0000  278.9830  278.9830  0.000000       0.00000       0.00000              0.0000    0.000000    -0.00006     0.00000    0.000000000    0.000000000    0.000000000  254.599456  72599.5762
2394.00   15.0000    0.0000   15.0000  279.0610  279.0610  0.000000       0.00000       0.00000              0.0000    0.000000     0.00000     0.00000    0.000000000    0.000000000    0.000000000  254.553528  72482.7586
