   0.00    0.0000    0.0000    0.0000  241.6068  241.6068  0.000000       0.00000       0.00000              0.0000    0.000000     0.00000     0.00000    0.000000000    0.000000000    0.000000000    0.000000      0.0000
   6.00    7.7093    3.5499    8.4874  243.2036  243.2036  0.000000       0.71337       0.71337              0.0000    0.000000     0.00000     0.00000   -0.000011263    0.000000000    0.000000000  243.115800  99873.6890
  18.00    8.7537    3.9486    9.6031  243.3254  243.3254  0.000000       2.16390       2.16390              0.0592    0.000000    -0.00000     0.00000   -0.000024090    0.000000000    0.000000000  243.091203  99663.3395
  30.00    9.4271    4.1588   10.3037  243.4069  243.4069  0.000000       2.05637       2.05637              0.0854    0.000000    -0.00000     0.00000   -0.000028952   -0.000000050   -0.000000090  243.055454  99495.3918
  42.00   10.0479    4.3111   10.9337  243.4849  243.4849  0.000000       2.24306       2.24306              0.1003    0.000000    -0.00000     0.00000   -0.000031416   -0.000000060   -0.000000100  243.016228  99327.7012
  54.00   10.6088    4.4120   11.4897  243.5584  243.5584  0.000000       2.19543       2.19543              0.1160    0.000000    -0.00000     0.00000   -0.000033328   -0.000000066   -0.000000105  242.972491  99160.2648
  66.00   11.1412    4.4730   12.0056  243.6315  243.6315  0.000000       2.13513       2.13513              0.1299    0.000000    -0.00000     0.00000   -0.000035003   -0.000000065   -0.000000105  242.928336  98993.0803
  78.00   11.6506    4.4977   12.4886  243.7053  243.7053  0.000000       2.02187       2.02187              0.1436    0.000000    -0.00000     0.00000   -0.000036585   -0.000000062   -0.000000102  242.884771  98826.1477
  90.00   12.1437    4.4881   12.9465  243.7810  243.7810  0.000000       1.88937       1.88937              0.1571    0.000000    -0.00000     0.00000   -0.000038193   -0.000000056   -0.000000096  242.843104  98659.4673
 102.00   12.6228    4.4447   13.3825  243.8595  243.8595  0.000000       1.74039       1.74039              0.1708    0.000000    -0.00000     0.00000   -0.000039854   -0.000000048   -0.000000088  242.804229  98493.0404
 114.00   13.0894    4.3674   13.7988  243.9418  243.9418  0.000000       1.58376       1.58376              0.1850    0.000000    -0.00000     0.00000   -0.000041624   -0.000000038   -0.000000078  242.769067  98326.8690
 126.00   13.5433    4.2555   14.1961  244.0288  244.0288  0.000000       1.42355       1.42355              0.1999    0.000000    -0.00000     0.00000   -0.000043568   -0.000000025   -0.000000066  242.738527  98160.9555
 138.00   13.9836    4.1078   14.5745  244.1215  244.1215  0.000000       1.26362       1.26362              0.2157    0.000000    -0.00000     0.00000   -0.000045758   -0.000000010   -0.000000051  242.713609  97995.3031
 150.00   14.4084    3.9230   14.9329  244.2210  244.2210  0.000000       1.10657       1.10657              0.2329    0.000000    -0.00000     0.00000   -0.000048271    0.000000009   -0.000000033  242.695440  97829.9155
 162.00   14.8148    3.6996   15.2697  244.3287  244.3287  0.000000       0.95444       0.95444              0.2518    0.000000    -0.00001     0.00000   -0.000051332    0.000000031   -0.000000012  242.685356  97664.7975
 174.00   15.1987    3.4361   15.5823  244.4462  244.4462  0.000000       0.80902       0.80902              0.2728    0.000000    -0.00001     0.00000   -0.000054890    0.000000057    0.000000013  242.684943  97499.9546
 186.00   15.5550    3.1310   15.8670  244.5756  244.5756  0.000000       0.67056       0.67056              0.2968    0.000000    -0.00001     0.00000   -0.000059261    0.000000090    0.000000044  242.696245  97335.3936
 198.00   15.8767    2.7835   16.1188  244.7194  244.7194  0.000000       0.54193       0.54193              0.3247    0.000000    -0.00001     0.00000   -0.000064665    0.000000130    0.000000083  242.721790  97171.1228
 210.00   16.1553    2.3922   16.3315  244.8815  244.8815  0.000000       0.41841       0.41841              0.3591    0.000000    -0.00001     0.00000   -0.000071619    0.000000182    0.000000132  242.765470  97007.1526
 222.00   16.3773    1.9604   16.4942  245.0661  245.0661  0.000000       0.31323       0.31323              0.4005    0.000000    -0.00002     0.00000   -0.000080784    0.000000255    0.000000201  242.831363  96843.4960
 234.00   16.5286    1.4814   16.5948  245.2856  245.2856  0.000000       0.19617       0.19617              0.4666    0.000000    -0.00002     0.00000   -0.000094056    0.000000342    0.000000285  242.931717  96680.1713
 246.00   16.5727    0.9957   16.6026  245.5372  245.5372  0.000000       0.14060       0.14060              0.5277    0.000000    -0.00002     0.00000   -0.000123615    0.000000505    0.000000440  243.063757  96517.2000
 258.00   16.4247    0.4473   16.4308  245.8803  245.8803  0.000000       0.00255       0.00255              1.8368    0.000000     0.00000     0.00000   -0.000110533    0.000010394    0.000007746  243.286188  96354.6218
 270.00   15.0519   -0.0190   15.0519  251.9510  251.9510  0.000000       0.00030       0.00030              3.0451    0.000000    -0.00010     0.00000   -0.000058754    0.000012524    0.000014519  249.174382  96194.3053
 282.00   15.0001   -0.0001   15.0001  253.1481  253.1481  0.000000       0.00000       0.00000            725.6760    0.000000    -0.00010     0.00000   -0.000001239    0.000005088    0.000004849  250.240880  96036.5057
 294.00   15.0000   -0.0000   15.0000  254.3378  254.3378  0.000000       0.00000       0.00000        3078299.3236    0.000000    -0.00007     0.00000    0.000000000    0.000004459    0.000004304  251.299484  95879.6319
 306.00   15.0000   -0.0000   15.0000  255.1350  255.1350  0.000000       0.00000       0.00000        2331647.3628    0.000000    -0.00006     0.00000    0.000000000    0.000003340    0.000003167  251.969934  95723.5525
 318.00   15.0000   -0.0000   15.0000  255.7937  255.7937  0.000000       0.00000       0.00000        1961451.7633    0.000000    -0.00006     0.00000    0.000000000    0.000002859    0.000002689  252.503148  95568.0989
 330.00   15.0000   -0.0000   15.0000  256.3629  256.3629  0.000000       0.00000       0.00000        1701894.9205    0.000000    -0.00005     0.00000    0.000000000    0.000002504    0.000002338  252.947863  95413.1978
 342.00   15.0000   -0.0000   15.0000  256.8614  256.8614  0.000000       0.00000       0.00000        1512556.4752    0.000000    -0.00005     0.00000    0.000000000    0.000002235    0.000002071  253.322530  95258.7979
 354.00   15.0000    0.0000   15.0000  257.3138  257.3138  0.000000       0.00000       0.00000        1369238.2982    0.000000    -0.00004     0.00000    0.000000000    0.000002025    0.000001863  253.651417  95104.8616
 366.00   15.0000    0.0000   15.0000  257.7237  257.7237  0.000000       0.00000       0.00000        1258728.5577    0.000000    -0.00004     0.00000    0.000000000    0.000001860    0.000001699  253.938333  94951.3604
 378.00   15.0000    0.0000   15.0000  258.1077  258.1077  0.000000       0.00000       0.00000        1164600.6932    0.000000    -0.00004     0.00000    0.000000000    0.000001713    0.000001554  254.199499  94798.2722
 390.00   15.0000    0.0000   15.0000  258.4594  258.4594  0.000000       0.00000       0.00000        1092116.6538    0.000000    -0.00004     0.00000    0.000000000    0.000001601    0.000001440  254.428663  94645.5780
 402.00   15.0000    0.0000   15.0000  258.7985  258.7985  0.000000       0.00000       0.00000        1027147.2776    0.000000    -0.00004     0.00000    0.000000000    0.000001495    0.000001336  254.645344  94493.2632
 414.00   15.0000    0.0000   15.0000  259.1099  259.1099  0.000000       0.00000       0.00000         970172.0736    0.000000    -0.00004     0.00000    0.000000000    0.000001400    0.000001241  254.834601  94341.3146
 426.00   15.0000    0.0000   15.0000  259.4137  259.4137  0.000000       0.00000       0.00000         922446.6636    0.000000    -0.00004     0.00000    0.000000000    0.000001319    0.000001161  255.016220  94189.7206
 438.00   15.0000    0.0000   15.0000  259.6956  259.6956  0.000000       0.00000       0.00000         875921.9537    0.000000    -0.00004     0.00000    0.000000000    0.000001237    0.000001078  255.176126  94038.4715
 450.00   15.0000    0.0000   15.0000  259.9704  259.9704  0.000000       0.00000       0.00000         840582.5832    0.000000    -0.00004     0.00000    0.000000000    0.000001176    0.000001017  255.329048  93887.5576
 462.00   15.0000    0.0000   15.0000  260.2304  260.2304  0.000000       0.00000       0.00000         804488.5627    0.000000    -0.00004     0.00000    0.000000000    0.000001110    0.000000950  255.467201  93736.9718
 474.00   15.0000    0.0000   15.0000  260.4828  260.4828  0.000000       0.00000       0.00000         775951.5189    0.000000    -0.00004     0.00000    0.000000000    0.000001058    0.000000899  255.597839  93586.7065
 486.00   15.0000    0.0000   15.0000  260.7250  260.7250  0.000000       0.00000       0.00000         748030.8178    0.000000    -0.00004     0.00000    0.000000000    0.000001006    0.000000846  255.718398  93436.7557
 498.00   15.0000    0.0000   15.0000  260.9601  260.9601  0.000000       0.00000       0.00000         724362.3346    0.000000    -0.00004     0.00000    0.000000000    0.000000962    0.000000802  255.831791  93287.1136
 510.00   15.0000    0.0000   15.0000  261.1876  261.1876  0.000000       0.00000       0.00000         702325.4913    0.000000    -0.00004     0.00000    0.000000000    0.000000920    0.000000759  255.937740  93137.7752
 522.00   15.0000    0.0000   15.0000  261.4090  261.4090  0.000000       0.00000       0.00000         680049.0461    0.000000    -0.00003     0.00000    0.000000000    0.000000876    0.000000715  256.037517  92988.7356
 534.00   15.0000    0.0000   15.0000  261.6227  261.6227  0.000000       0.00000       0.00000         659122.7477    0.000000    -0.00003     0.00000    0.000000000    0.000000833    0.000000672  256.129678  92839.9903
 546.00   15.0000    0.0000   15.0000  261.8310  261.8310  0.000000       0.00000       0.00000         639516.6141    0.000000    -0.00003     0.00000    0.000000000    0.000000793    0.000000632  256.216491  92691.5348
 558.00   15.0000    0.0000   15.0000  262.0325  262.0325  0.000000       0.00000       0.00000         622181.2546    0.000000    -0.00003     0.00000    0.000000000    0.000000757    0.000000596  256.296499  92543.3649
 570.00   15.0000    0.0000   15.0000  262.2300  262.2300  0.000000       0.00000       0.00000         604677.7928    0.000000    -0.00003     0.00000    0.000000000    0.000000720    0.000000558  256.372563  92395.4768
 582.00   15.0000    0.0000   15.0000  262.4206  262.4206  0.000000       0.00000       0.00000         588677.1683    0.000000    -0.00003     0.00000    0.000000000    0.000000686    0.000000524  256.441705  92247.8668
 594.00   15.0000    0.0000   15.0000  262.6081  262.6081  0.000000       0.00000       0.00000         573682.2316    0.000000    -0.00003     0.00000    0.000000000    0.000000653    0.000000491  256.507829  92100.5315
 606.00   15.0000    0.0000   15.0000  262.7893  262.7893  0.000000       0.00000       0.00000         558570.5621    0.000000    -0.00003     0.00000    0.000000000    0.000000620    0.000000457  256.567654  91953.4676
 618.00   15.0000    0.0000   15.0000  262.9673  262.9673  0.000000       0.00000       0.00000         545835.9433    0.000000    -0.00003     0.00000    0.000000000    0.000000591    0.000000429  256.624372  91806.6718
 630.00   15.0000    0.0000   15.0000  263.1405  263.1405  0.000000       0.00000       0.00000         532536.1767    0.000000    -0.00003     0.00000    0.000000000    0.000000561    0.000000398  256.676277  91660.1413
 642.00   15.0000    0.0000   15.0000  263.3103  263.3103  0.000000       0.00000       0.00000         521059.2229    0.000000    -0.00003     0.00000    0.000000000    0.000000535    0.000000372  256.724709  91513.8734
 654.00   15.0000    0.0000   15.0000  263.4763  263.4763  0.000000       0.00000       0.00000         509966.5739    0.000000    -0.00003     0.00000    0.000000000    0.000000509    0.000000346  256.769467  91367.8653
 666.00   15.0000    0.0000   15.0000  263.6391  263.6391  0.000000       0.00000       0.00000         500248.9319    0.000000    -0.00003     0.00000    0.000000000    0.000000487    0.000000323  256.810986  91222.1146
 678.00   15.0000    0.0000   15.0000  263.7991  263.7991  0.000000       0.00000       0.00000         491507.8195    0.000000    -0.00003     0.00000    0.000000000    0.000000467    0.000000303  256.849687  91076.6191
 690.00   15.0000    0.0000   15.0000  263.9564  263.9564  0.000000       0.00000       0.00000         483693.7614    0.000000    -0.00003     0.00000    0.000000000    0.000000448    0.000000284  256.885759  90931.3768
 702.00   15.0000    0.0000   15.0000  264.1115  264.1115  0.000000       0.00000       0.00000         476799.1932    0.000000    -0.00003     0.00000    0.000000000    0.000000432    0.000000268  256.919591  90786.3859
 714.00   15.0000    0.0000   15.0000  264.2646  264.2646  0.000000       0.00000       0.00000         470584.9930    0.000000    -0.00003     0.00000    0.000000000    0.000000418    0.000000253  256.951367  90641.6446
 726.00   15.0000    0.0000   15.0000  264.4159  264.4159  0.000000       0.00000       0.00000         464440.4827    0.000000    -0.00003     0.00000    0.000000000    0.000000403    0.000000238  256.981329  90497.1514
 738.00   15.0000    0.0000   15.0000  264.5652  264.5652  0.000000       0.00000       0.00000         458907.8348    0.000000    -0.00003     0.00000    0.000000000    0.000000390    0.000000225  257.009276  90352.9048
 750.00   15.0000    0.0000   15.0000  264.7130  264.7130  0.000000       0.00000       0.00000         454527.6643    0.000000    -0.00003     0.00000    0.000000000    0.000000380    0.000000214  257.035789  90208.9034
 762.00   15.0000    0.0000   15.0000  264.8596  264.8596  0.000000       0.00000       0.00000         451300.8984    0.000000    -0.00003     0.00000    0.000000000    0.000000373    0.000000207  257.061010  90065.1459
 774.00   15.0000    0.0000   15.0000  265.0056  265.0056  0.000000       0.00000       0.00000         448737.9503    0.000000    -0.00003     0.00000    0.000000000    0.000000368    0.000000201  257.085521  89921.6314
 786.00   15.0000    0.0000   15.0000  265.1507  265.1507  0.000000       0.00000       0.00000         447287.6114    0.000000    -0.00004     0.00000    0.000000000    0.000000365    0.000000198  257.109157  89778.3590
 798.00   15.0000    0.0000   15.0000  265.2958  265.2958  0.000000       0.00000       0.00000         446948.8880    0.000000    -0.00004     0.00000    0.000000000    0.000000366    0.000000198  257.132781  89635.3280
 810.00   15.0000    0.0000   15.0000  265.4409  265.4409  0.000000       0.00000       0.00000         448091.9276    0.000000    -0.00004     0.00000    0.000000000    0.000000370    0.000000202  257.156229  89492.5379
 822.00   15.0000    0.0000   15.0000  265.5869  265.5869  0.000000       0.00000       0.00000         450138.0006    0.000000    -0.00004     0.00000    0.000000000    0.000000377    0.000000208  257.180598  89349.9885
 834.00   15.0000    0.0000   15.0000  265.7334  265.7334  0.000000       0.00000       0.00000         453191.9494    0.000000    -0.00004     0.00000    0.000000000    0.000000387    0.000000217  257.205361  89207.6798
 846.00   15.0000    0.0000   15.0000  265.8816  265.8816  0.000000       0.00000       0.00000         458603.7090    0.000000    -0.00004     0.00000    0.000000000    0.000000403    0.000000232  257.231680  89065.6118
 858.00   15.0000    0.0000   15.0000  266.0318  266.0318  0.000000       0.00000       0.00000         466372.5290    0.000000    -0.00004     0.00000    0.000000000    0.000000426    0.000000254  257.259879  88923.7851
 870.00   15.0000    0.0000   15.0000  266.1853  266.1853  0.000000       0.00000       0.00000         478051.3391    0.000000    -0.00004     0.00000    0.000000000    0.000000460    0.000000287  257.291120  88782.2006
 882.00   15.0000    0.0000   15.0000  266.3433  266.3433  0.000000       0.00000       0.00000         491500.1798    0.000000    -0.00004     0.00000    0.000000000    0.000000500    0.000000325  257.326708  88640.8599
 894.00   15.0000    0.0000   15.0000  266.5057  266.5057  0.000000       0.00000       0.00000         513132.2998    0.000000    -0.00005     0.00000    0.000000000    0.000000563    0.000000386  257.366460  88499.7648
 906.00   15.0000    0.0000   15.0000  266.6780  266.6780  0.000000       0.00000       0.00000         532363.6125    0.000000    -0.00005     0.00000    0.000000000    0.000000620    0.000000441  257.415720  88358.9186
 918.00   15.0000    0.0000   15.0000  266.8531  266.8531  0.000000       0.00000       0.00000         580360.4284    0.000000    -0.00006     0.00000    0.000000000    0.000000760    0.000000576  257.467651  88218.3242
 930.00   15.0000    0.0000   15.0000  267.0570  267.0570  0.000000       0.00000       0.00000         597819.1714    0.000000    -0.00005     0.00000    0.000000000    0.000000814    0.000000629  257.547217  88077.9894
 942.00   15.0000    0.0000   15.0000  267.2438  267.2438  0.000000       0.00000       0.00000         728461.5034    0.000000    -0.00008     0.00000    0.000000000    0.000001198    0.000000999  257.610275  87937.9165
 954.00   15.0000    0.0000   15.0000  267.5334  267.5334  0.000000       0.00000       0.00000         715047.8187    0.000000    -0.00005     0.00000    0.000000000    0.000001168    0.000000976  257.772271  87798.1274
 966.00   15.0000    0.0000   15.0000  267.7120  267.7120  0.000000       0.00000       0.00000        1087985.4553    0.000000    -0.00016     0.00000    0.000000000    0.000002297    0.000002048  257.827203  87658.6191
 978.00   15.0000    0.0000   15.0000  268.2462  268.2462  0.000000       0.00000       0.00000         999213.9397    0.000000    -0.00004     0.00000    0.000000000    0.000002047    0.000001856  258.224512  87519.4544
 990.00   15.0000    0.0000   15.0000  268.3680  268.3680  0.000000       0.00000       0.00000        2689997.0928    0.000000    -0.00051     0.00000    0.000000000    0.000007586    0.000006860  258.224569  87380.6176
1002.00   15.0000    0.0000   15.0000  270.0130  270.0130  0.000000       0.00000       0.00000        2607438.9569    0.000000    -0.00002     0.00000    0.000000000    0.000007373    0.000007442  259.689965  87242.3916
1014.00   15.0000    0.0000   15.0000  270.0910  270.0910  0.000000       0.00000       0.00000         236005.2723    0.000000    -0.00002     0.00000    0.000000000   -0.000000243   -0.000000440  259.647873  87104.7635
1026.00   15.0000    0.0000   15.0000  270.1690  270.1690  0.000000       0.00000       0.00000         235937.1356    0.000000    -0.00002     0.00000    0.000000000   -0.000000243   -0.000000439  259.605746  86967.3303
1038.00   15.0000    0.0000   15.0000  270.2470  270.2470  0.000000       0.00000       0.00000         235869.0383    0.000000    -0.00003     0.00000    0.000000000   -0.000000243   -0.000000439  259.563586  86830.0917
1050.00   15.0000    0.0000   15.0000  270.3250  270.3250  0.000000       0.00000       0.00000         235800.9803    0.000000    -0.00003     0.00000    0.000000000   -0.000000243   -0.000000439  259.521392  86693.0474
1062.00   15.0000    0.0000   15.0000  270.4030  270.4030  0.000000       0.00000       0.00000         235732.9615    0.000000    -0.00003     0.00000    0.000000000   -0.000000243   -0.000000438  259.479164  86556.1971
1074.00   15.0000    0.0000   15.0000  270.4810  270.4810  0.000000       0.00000       0.00000         235664.9820    0.000000    -0.00003     0.00000    0.000000000   -0.000000243   -0.000000438  259.436902  86419.5407
1086.00   15.0000    0.0000   15.0000  270.5590  270.5590  0.000000       0.00000       0.00000         235597.0417    0.000000    -0.00003     0.00000    0.000000000   -0.000000243   -0.000000438  259.394607  86283.0777
1098.00   15.0000    0.0000   15.0000  270.6370  270.6370  0.000000       0.00000       0.00000         235529.1405    0.000000    -0.00003     0.00000    0.000000000   -0.000000243   -0.000000437  259.352277  86146.8081
1110.00   15.0000    0.0000   15.0000  270.7150  270.7150  0.000000       0.00000       0.00000         235461.2785    0.000000    -0.00003     0.00000    0.000000000   -0.000000243   -0.000000437  259.309914  86010.7315
1122.00   15.0000    0.0000   15.0000  270.7930  270.7930  0.000000       0.00000       0.00000         235393.4555    0.000000    -0.00003     0.00000    0.000000000   -0.000000243   -0.000000437  259.267518  85874.8476
1134.00   15.0000    0.0000   15.0000  270.8710  270.8710  0.000000       0.00000       0.00000         235325.6716    0.000000    -0.00003     0.00000    0.000000000   -0.000000243   -0.000000436  259.225087  85739.1562
1146.00   15.0000    0.0000   15.0000  270.9490  270.9490  0.000000       0.00000       0.00000         235257.9268    0.000000    -0.00003     0.00000    0.000000000   -0.000000243   -0.000000436  259.182623  85603.6571
1158.00   15.0000    0.0000   15.0000  271.0270  271.0270  0.000000       0.00000       0.00000         235190.2209    0.000000    -0.00003     0.00000    0.000000000   -0.000000243   -0.000000436  259.140125  85468.3499
1170.00   15.0000    0.0000   15.0000  271.1050  271.1050  0.000000       0.00000       0.00000         235122.5540    0.000000    -0.00003     0.00000    0.000000000   -0.000000243   -0.000000435  259.097594  85333.2345
1182.00   15.0000    0.0000   15.0000  271.1830  271.1830  0.000000       0.00000       0.00000         235054.9260    0.000000    -0.00003     0.00000    0.000000000   -0.000000243   -0.000000435  259.055028  85198.3106
1194.00   15.0000    0.0000   15.0000  271.2610  271.2610  0.000000       0.00000       0.00000         234987.3369    0.000000    -0.00003     0.00000    0.000000000   -0.000000243   -0.000000435  259.012430  85063.5778
1206.00   15.0000    0.0000   15.0000  271.3390  271.3390  0.000000       0.00000       0.00000         234919.7867    0.000000    -0.00003     0.00000    0.000000000   -0.000000243   -0.000000434  258.969797  84929.0360
1218.00   15.0000    0.0000   15.0000  271.4170  271.4170  0.000000       0.00000       0.00000         234852.2753    0.000000    -0.00003     0.00000    0.000000000   -0.000000243   -0.000000434  258.927131  84794.6849
1230.00   15.0000    0.0000   15.0000  271.4950  271.4950  0.000000       0.00000       0.00000         234784.8027    0.000000    -0.00003     0.00000    0.000000000   -0.000000243   -0.000000434  258.884431  84660.5242
1242.00   15.0000    0.0000   15.0000  271.5730  271.5730  0.000000       0.00000       0.00000         234717.3688    0.000000    -0.00003     0.00000    0.000000000   -0.000000243   -0.000000433  258.841697  84526.5537
1254.00   15.0000    0.0000   15.0000  271.6510  271.6510  0.000000       0.00000       0.00000         234649.9737    0.000000    -0.00003     0.00000    0.000000000   -0.000000243   -0.000000433  258.798930  84392.7731
1266.00   15.0000    0.0000   15.0000  271.7290  271.7290  0.000000       0.00000       0.00000         234582.6172    0.000000    -0.00003     0.00000    0.000000000   -0.000000243   -0.000000433  258.756129  84259.1822
1278.00   15.0000    0.0000   15.0000  271.8070  271.8070  0.000000       0.00000       0.00000         234515.2995    0.000000    -0.00003     0.00000    0.000000000   -0.000000243   -0.000000432  258.713295  84125.7807
1290.00   15.0000    0.0000   15.0000  271.8850  271.8850  0.000000       0.00000       0.00000         234448.0203    0.000000    -0.00003     0.00000    0.000000000   -0.000000243   -0.000000432  258.670427  83992.5684
1302.00   15.0000    0.0000   15.0000  271.9630  271.9630  0.000000       0.00000       0.00000         234380.7797    0.000000    -0.00003     0.00000    0.000000000   -0.000000243   -0.000000431  258.627525  83859.5449
1314.00   15.0000    0.0000   15.0000  272.0410  272.0410  0.000000       0.00000       0.00000         234313.5777    0.000000    -0.00003     0.00000    0.000000000   -0.000000243   -0.000000431  258.584590  83726.7102
1326.00   15.0000    0.0000   15.0000  272.1190  272.1190  0.000000       0.00000       0.00000         234246.4143    0.000000    -0.00003     0.00000    0.000000000   -0.000000243   -0.000000431  258.541621  83594.0638
1338.00   15.0000    0.0000   15.0000  272.1970  272.1970  0.000000       0.00000       0.00000         234179.2893    0.000000    -0.00003     0.00000    0.000000000   -0.000000243   -0.000000430  258.498619  83461.6056
1350.00   15.0000    0.0000   15.0000  272.2750  272.2750  0.000000       0.00000       0.00000         234112.2027    0.000000    -0.00003     0.00000    0.000000000   -0.000000243   -0.000000430  258.455583  83329.3352
1362.00   15.0000    0.0000   15.0000  272.3530  272.3530  0.000000       0.00000       0.00000         234045.1546    0.000000    -0.00003     0.00000    0.000000000   -0.000000243   -0.000000430  258.412514  83197.2525
1374.00   15.0000    0.0000   15.0000  272.4310  272.4310  0.000000       0.00000       0.00000         233978.1449    0.000000    -0.00003     0.00000    0.000000000   -0.000000243   -0.000000429  258.369411  83065.3572
1386.00   15.0000    0.0000   15.0000  272.5090  272.5090  0.000000       0.00000       0.00000         233911.1736    0.000000    -0.00003     0.00000    0.000000000   -0.000000243   -0.000000429  258.326274  82933.6490
1398.00   15.0000    0.0000   15.0000  272.5870  272.5870  0.000000       0.00000       0.00000         233844.2406    0.000000    -0.00003     0.00000    0.000000000   -0.000000243   -0.000000428  258.283104  82802.1278
1410.00   15.0000    0.0000   15.0000  272.6650  272.6650  0.000000       0.00000       0.00000         233777.3458    0.000000    -0.00003     0.00000    0.000000000   -0.000000243   -0.000000428  258.239901  82670.7931
1422.00   15.0000    0.0000   15.0000  272.7430  272.7430  0.000000       0.00000       0.00000         233710.4894    0.000000    -0.00003     0.00000    0.000000000   -0.000000243   -0.000000428  258.196664  82539.6448
1434.00   15.0000    0.0000   15.0000  272.8210  272.8210  0.000000       0.00000       0.00000         233643.6711    0.000000    -0.00003     0.00000    0.000000000   -0.000000243   -0.000000427  258.153393  82408.6827
1446.00   15.0000    0.0000   15.0000  272.8990  272.8990  0.000000       0.00000       0.00000         233576.8911    0.000000    -0.00004     0.00000    0.000000000   -0.000000243   -0.000000427  258.110089  82277.9064
1458.00   15.0000    0.0000   15.0000  272.9770  272.9770  0.000000       0.00000       0.00000         233510.1492    0.000000    -0.00004     0.00000    0.000000000   -0.000000243   -0.000000427  258.066752  82147.3158
1470.00   15.0000    0.0000   15.0000  273.0550  273.0550  0.000000       0.00000       0.00000         233443.4455    0.000000    -0.00004     0.00000    0.000000000   -0.000000243   -0.000000426  258.023381  82016.9106
1482.00   15.0000    0.0000   15.0000  273.1330  273.1330  0.000000       0.00000       0.00000         233376.7798    0.000000    -0.00004     0.00000    0.000000000   -0.000000243   -0.000000426  257.979977  81886.6905
1494.00   15.0000    0.0000   15.0000  273.2110  273.2110  0.000000       0.00000       0.00000         233310.1522    0.000000    -0.00004     0.00000    0.000000000   -0.000000243   -0.000000425  257.936539  81756.6552
1506.00   15.0000    0.0000   15.0000  273.2890  273.2890  0.000000       0.00000       0.00000         233243.5627    0.000000    -0.00004     0.00000    0.000000000   -0.000000243   -0.000000425  257.893068  81626.8047
1518.00   15.0000    0.0000   15.0000  273.3670  273.3670  0.000000       0.00000       0.00000         233177.0111    0.000000    -0.00004     0.00000    0.000000000   -0.000000243   -0.000000425  257.849563  81497.1385
1530.00   15.0000    0.0000   15.0000  273.4450  273.4450  0.000000       0.00000       0.00000         233110.4975    0.000000    -0.00004     0.00000    0.000000000   -0.000000243   -0.000000424  257.806025  81367.6564
1542.00   15.0000    0.0000   15.0000  273.5230  273.5230  0.000000       0.00000       0.00000         233044.0219    0.000000    -0.00004     0.00000    0.000000000   -0.000000243   -0.000000424  257.762453  81238.3583
1554.00   15.0000    0.0000   15.0000  273.6010  273.6010  0.000000       0.00000       0.00000         232977.5841    0.000000    -0.00004     0.00000    0.000000000   -0.000000243   -0.000000423  257.718849  81109.2438
1566.00   15.0000    0.0000   15.0000  273.6790  273.6790  0.000000       0.00000       0.00000         232911.1843    0.000000    -0.00004     0.00000    0.000000000   -0.000000243   -0.000000423  257.675210  80980.3127
1578.00   15.0000    0.0000   15.0000  273.7570  273.7570  0.000000       0.00000       0.00000         232844.8222    0.000000    -0.00004     0.00000    0.000000000   -0.000000243   -0.000000423  257.631539  80851.5647
1590.00   15.0000    0.0000   15.0000  273.8350  273.8350  0.000000       0.00000       0.00000         232778.4980    0.000000    -0.00004     0.00000    0.000000000   -0.000000243   -0.000000422  257.587834  80722.9997
1602.00   15.0000    0.0000   15.0000  273.9130  273.9130  0.000000       0.00000       0.00000         232712.2115    0.000000    -0.00004     0.00000    0.000000000   -0.000000243   -0.000000422  257.544096  80594.6173
1614.00   15.0000    0.0000   15.0000  273.9910  273.9910  0.000000       0.00000       0.00000         232645.9628    0.000000    -0.00004     0.00000    0.000000000   -0.000000243   -0.000000421  257.500324  80466.4173
1626.00   15.0000    0.0000   15.0000  274.0690  274.0690  0.000000       0.00000       0.00000         232579.7518    0.000000    -0.00004     0.00000    0.000000000   -0.000000243   -0.000000421  257.456519  80338.3996
1638.00   15.0000    0.0000   15.0000  274.1470  274.1470  0.000000       0.00000       0.00000         232513.5785    0.000000    -0.00004     0.00000    0.000000000   -0.000000243   -0.000000421  257.412681  80210.5637
1650.00   15.0000    0.0000   15.0000  274.2250  274.2250  0.000000       0.00000       0.00000         232447.4428    0.000000    -0.00004     0.00000    0.000000000   -0.000000243   -0.000000420  257.368809  80082.9095
1662.00   15.0000    0.0000   15.0000  274.3030  274.3030  0.000000       0.00000       0.00000         232381.3447    0.000000    -0.00004     0.00000    0.000000000   -0.000000243   -0.000000420  257.324904  79955.4368
1674.00   15.0000    0.0000   15.0000  274.3810  274.3810  0.000000       0.00000       0.00000         232315.2842    0.000000    -0.00004     0.00000    0.000000000   -0.000000243   -0.000000419  257.280966  79828.1453
1686.00   15.0000    0.0000   15.0000  274.4590  274.4590  0.000000       0.00000       0.00000         232249.2613    0.000000    -0.00004     0.00000    0.000000000   -0.000000243   -0.000000419  257.236994  79701.0347
1698.00   15.0000    0.0000   15.0000  274.5370  274.5370  0.000000       0.00000       0.00000         232183.2758    0.000000    -0.00004     0.00000    0.000000000   -0.000000243   -0.000000419  257.192990  79574.1049
1710.00   15.0000    0.0000   15.0000  274.6150  274.6150  0.000000       0.00000       0.00000         232117.3279    0.000000    -0.00004     0.00000    0.000000000   -0.000000243   -0.000000418  257.148952  79447.3555
1722.00   15.0000    0.0000   15.0000  274.6930  274.6930  0.000000       0.00000       0.00000         232051.4174    0.000000    -0.00004     0.00000    0.000000000   -0.000000243   -0.000000418  257.104880  79320.7863
1734.00   15.0000    0.0000   15.0000  274.7710  274.7710  0.000000       0.00000       0.00000         231985.5443    0.000000    -0.00004     0.00000    0.000000000   -0.000000242   -0.000000417  257.060776  79194.3971
1746.00   15.0000    0.0000   15.0000  274.8490  274.8490  0.000000       0.00000       0.00000         231919.7086    0.000000    -0.00004     0.00000    0.000000000   -0.000000242   -0.000000417  257.016638  79068.1877
1758.00   15.0000    0.0000   15.0000  274.9270  274.9270  0.000000       0.00000       0.00000         231853.9103    0.000000    -0.00004     0.00000    0.000000000   -0.000000242   -0.000000416  256.972467  78942.1578
1770.00   15.0000    0.0000   15.0000  275.0050  275.0050  0.000000       0.00000       0.00000         231788.1493    0.000000    -0.00004     0.00000    0.000000000   -0.000000242   -0.000000416  256.928263  78816.3071
1782.00   15.0000    0.0000   15.0000  275.0830  275.0830  0.000000       0.00000       0.00000         231722.4256    0.000000    -0.00004     0.00000    0.000000000   -0.000000242   -0.000000416  256.884025  78690.6355
1794.00   15.0000    0.0000   15.0000  275.1610  275.1610  0.000000       0.00000       0.00000         231656.7391    0.000000    -0.00004     0.00000    0.000000000   -0.000000242   -0.000000415  256.839754  78565.1426
1806.00   15.0000    0.0000   15.0000  275.2390  275.2390  0.000000       0.00000       0.00000         231591.0899    0.000000    -0.00004     0.00000    0.000000000   -0.000000242   -0.000000415  256.795451  78439.8283
1818.00   15.0000    0.0000   15.0000  275.3170  275.3170  0.000000       0.00000       0.00000         231525.4779    0.000000    -0.00004     0.00000    0.000000000   -0.000000242   -0.000000414  256.751114  78314.6923
1830.00   15.0000    0.0000   15.0000  275.3950  275.3950  0.000000       0.00000       0.00000         231459.9030    0.000000    -0.00004     0.00000    0.000000000   -0.000000242   -0.000000414  256.706743  78189.7343
1842.00   15.0000    0.0000   15.0000  275.4730  275.4730  0.000000       0.00000       0.00000         231394.3653    0.000000    -0.00004     0.00000    0.000000000   -0.000000242   -0.000000413  256.662340  78064.9542
1854.00   15.0000    0.0000   15.0000  275.5510  275.5510  0.000000       0.00000       0.00000         231328.8647    0.000000    -0.00005     0.00000    0.000000000   -0.000000242   -0.000000413  256.617903  77940.3517
1866.00   15.0000    0.0000   15.0000  275.6290  275.6290  0.000000       0.00000       0.00000         231263.4012    0.000000    -0.00005     0.00000    0.000000000   -0.000000242   -0.000000413  256.573434  77815.9265
1878.00   15.0000    0.0000   15.0000  275.7070  275.7070  0.000000       0.00000       0.00000         231197.9747    0.000000    -0.00005     0.00000    0.000000000   -0.000000242   -0.000000412  256.528931  77691.6784
1890.00   15.0000    0.0000   15.0000  275.7850  275.7850  0.000000       0.00000       0.00000         231132.5852    0.000000    -0.00005     0.00000    0.000000000   -0.000000242   -0.000000412  256.484395  77567.6072
1902.00   15.0000    0.0000   15.0000  275.8630  275.8630  0.000000       0.00000       0.00000         231067.2326    0.000000    -0.00005     0.00000    0.000000000   -0.000000242   -0.000000411  256.439826  77443.7126
1914.00   15.0000    0.0000   15.0000  275.9410  275.9410  0.000000       0.00000       0.00000         231001.9171    0.000000    -0.00005     0.00000    0.000000000   -0.000000242   -0.000000411  256.395224  77319.9945
1926.00   15.0000    0.0000   15.0000  276.0190  276.0190  0.000000       0.00000       0.00000         230936.6384    0.000000    -0.00005     0.00000    0.000000000   -0.000000241   -0.000000410  256.350588  77196.4524
1938.00   15.0000    0.0000   15.0000  276.0970  276.0970  0.000000       0.00000       0.00000         230871.3966    0.000000    -0.00005     0.00000    0.000000000   -0.000000241   -0.000000410  256.305920  77073.0864
1950.00   15.0000    0.0000   15.0000  276.1750  276.1750  0.000000       0.00000       0.00000         230806.1917    0.000000    -0.00005     0.00000    0.000000000   -0.000000241   -0.000000410  256.261219  76949.8960
1962.00   15.0000    0.0000   15.0000  276.2530  276.2530  0.000000       0.00000       0.00000         230741.0236    0.000000    -0.00005     0.00000    0.000000000   -0.000000241   -0.000000409  256.216484  76826.8810
1974.00   15.0000    0.0000   15.0000  276.3310  276.3310  0.000000       0.00000       0.00000         230675.8923    0.000000    -0.00005     0.00000    0.000000000   -0.000000241   -0.000000409  256.171717  76704.0413
1986.00   15.0000    0.0000   15.0000  276.4090  276.4090  0.000000       0.00000       0.00000         230610.7978    0.000000    -0.00005     0.00000    0.000000000   -0.000000241   -0.000000408  256.126916  76581.3766
1998.00   15.0000    0.0000   15.0000  276.4870  276.4870  0.000000       0.00000       0.00000         230545.7399    0.000000    -0.00005     0.00000    0.000000000   -0.000000241   -0.000000408  256.082082  76458.8866
2010.00   15.0000    0.0000   15.0000  276.5650  276.5650  0.000000       0.00000       0.00000         230480.7188    0.000000    -0.00005     0.00000    0.000000000   -0.000000241   -0.000000407  256.037216  76336.5711
2022.00   15.0000    0.0000   15.0000  276.6430  276.6430  0.000000       0.00000       0.00000         230415.7344    0.000000    -0.00005     0.00000    0.000000000   -0.000000241   -0.000000407  255.992316  76214.4299
2034.00   15.0000    0.0000   15.0000  276.7210  276.7210  0.000000       0.00000       0.00000         230350.7865    0.000000    -0.00005     0.00000    0.000000000   -0.000000241   -0.000000406  255.947383  76092.4628
2046.00   15.0000    0.0000   15.0000  276.7990  276.7990  0.000000       0.00000       0.00000         230285.8753    0.000000    -0.00005     0.00000    0.000000000   -0.000000241   -0.000000406  255.902417  75970.6695
2058.00   15.0000    0.0000   15.0000  276.8770  276.8770  0.000000       0.00000       0.00000         230221.0007    0.000000    -0.00005     0.00000    0.000000000   -0.000000241   -0.000000405  255.857419  75849.0498
2070.00   15.0000    0.0000   15.0000  276.9550  276.9550  0.000000       0.00000       0.00000         230156.1626    0.000000    -0.00005     0.00000    0.000000000   -0.000000240   -0.000000405  255.812387  75727.6034
2082.00   15.0000    0.0000   15.0000  277.0330  277.0330  0.000000       0.00000       0.00000         230091.3610    0.000000    -0.00005     0.00000    0.000000000   -0.000000240   -0.000000405  255.767322  75606.3301
2094.00   15.0000    0.0000   15.0000  277.1110  277.1110  0.000000       0.00000       0.00000         230026.5958    0.000000    -0.00005     0.00000    0.000000000   -0.000000240   -0.000000404  255.722225  75485.2297
2106.00   15.0000    0.0000   15.0000  277.1890  277.1890  0.000000       0.00000       0.00000         229961.8672    0.000000    -0.00005     0.00000    0.000000000   -0.000000240   -0.000000404  255.677094  75364.3020
2118.00   15.0000    0.0000   15.0000  277.2670  277.2670  0.000000       0.00000       0.00000         229897.1749    0.000000    -0.00005     0.00000    0.000000000   -0.000000240   -0.000000403  255.631930  75243.5467
2130.00   15.0000    0.0000   15.0000  277.3450  277.3450  0.000000       0.00000       0.00000         229832.5191    0.000000    -0.00005     0.00000    0.000000000   -0.000000240   -0.000000403  255.586734  75122.9636
2142.00   15.0000    0.0000   15.0000  277.4230  277.4230  0.000000       0.00000       0.00000         229767.8996    0.000000    -0.00005     0.00000    0.000000000   -0.000000240   -0.000000402  255.541504  75002.5524
2154.00   15.0000    0.0000   15.0000  277.5010  277.5010  0.000000       0.00000       0.00000         229703.3164    0.000000    -0.00005     0.00000    0.000000000   -0.000000240   -0.000000402  255.496242  74882.3130
2166.00   15.0000    0.0000   15.0000  277.5790  277.5790  0.000000       0.00000       0.00000         229638.7695    0.000000    -0.00005     0.00000    0.000000000   -0.000000240   -0.000000401  255.450947  74762.2451
2178.00   15.0000    0.0000   15.0000  277.6570  277.6570  0.000000       0.00000       0.00000         229574.2589    0.000000    -0.00005     0.00000    0.000000000   -0.000000240   -0.000000401  255.405618  74642.3484
2190.00   15.0000    0.0000   15.0000  277.7350  277.7350  0.000000       0.00000       0.00000         229509.7845    0.000000    -0.00005     0.00000    0.000000000   -0.000000240   -0.000000400  255.360257  74522.6228
2202.00   15.0000    0.0000   15.0000  277.8130  277.8130  0.000000       0.00000       0.00000         229445.3463    0.000000    -0.00005     0.00000    0.000000000   -0.000000239   -0.000000400  255.314863  74403.0680
2214.00   15.0000    0.0000   15.0000  277.8910  277.8910  0.000000       0.00000       0.00000         229380.9443    0.000000    -0.00005     0.00000    0.000000000   -0.000000239   -0.000000399  255.269437  74283.6838
2226.00   15.0000    0.0000   15.0000  277.9690  277.9690  0.000000       0.00000       0.00000         229316.5785    0.000000    -0.00005     0.00000    0.000000000   -0.000000239   -0.000000399  255.223977  74164.4700
2238.00   15.0000    0.0000   15.0000  278.0470  278.0470  0.000000       0.00000       0.00000         229252.2487    0.000000    -0.00005     0.00000    0.000000000   -0.000000239   -0.000000398  255.178484  74045.4262
2250.00   15.0000    0.0000   15.0000  278.1250  278.1250  0.000000       0.00000       0.00000         229187.9551    0.000000    -0.00005     0.00000    0.000000000   -0.000000239   -0.000000398  255.132959  73926.5524
2262.00   15.0000    0.0000   15.0000  278.2030  278.2030  0.000000       0.00000       0.00000         229123.6974    0.000000    -0.00006     0.00000    0.000000000   -0.000000239   -0.000000398  255.087401  73807.8483
2274.00   15.0000    0.0000   15.0000  278.2810  278.2810  0.000000       0.00000       0.00000         229059.4759    0.000000    -0.00006     0.00000    0.000000000   -0.000000239   -0.000000397  255.041810  73689.3135
2286.00   15.0000    0.0000   15.0000  278.3590  278.3590  0.000000       0.00000       0.00000         228995.2903    0.000000    -0.00006     0.00000    0.000000000   -0.000000239   -0.000000397  254.996186  73570.9481
2298.00   15.0000    0.0000   15.0000  278.4370  278.4370  0.000000       0.00000       0.00000         228931.1406    0.000000    -0.00006     0.00000    0.000000000   -0.000000239   -0.000000396  254.950529  73452.7516
2310.00   15.0000    0.0000   15.0000  278.5150  278.5150  0.000000       0.00000       0.00000         228867.0269    0.000000    -0.00006     0.00000    0.000000000   -0.000000238   -0.000000396  254.904839  73334.7238
2322.00   15.0000    0.0000   15.0000  278.5930  278.5930  0.000000       0.00000       0.00000         228802.9491    0.000000    -0.00006     0.00000    0.000000000   -0.000000238   -0.000000395  254.859117  73216.8646
2334.00   15.0000    0.0000   15.0000  278.6710  278.6710  0.000000       0.00000       0.00000         228738.9072    0.000000    -0.00006     0.00000    0.000000000   -0.000000238   -0.000000395  254.813362  73099.1737
2346.00   15.0000    0.0000   15.0000  278.7490  278.7490  0.000000       0.00000       0.00000         228674.9011    0.000000    -0.00006     0.00000    0.000000000   -0.000000238   -0.000000394  254.767574  72981.6509
2358.00   15.0000    0.0000   15.0000  278.8270  278.8270  0.000000       0.00000       0.00000         228610.9308    0.000000    -0.00006     0.00000    0.000000000   -0.000000238   -0.000000394  254.721753  72864.2960
2370.00   15.0000    0.0000   15.0000  278.9050  278.9050  0.000000       0.00000       0.00000         228546.9963    0.000000    -0.00006     0.00000    0.000000000   -0.000000238   -0.000000393  254.675900  72747.1087
2382.00   15.0000    0.0000   15.0000  278.9830  278.9830  0.000000       0.00000       0.00000              0.0000    0.000000    -0.00006     0.00000    0.000000000    0.000000000    0.000000000  254.630014  72630.0888
2394.00   15.0000    0.0000   15.0000  279.0610  279.0610  0.000000       0.00000       0.00000              0.0000    0.000000     0.00000     0.00000    0.000000000    0.000000000    0.000000000  254.584095  72513.2362
