   0.00    0.0000    0.0000    0.0000  240.1153  240.1153  0.000000       0.00000       0.00000              0.0000    0.000000     0.00000     0.00000    0.000000000    0.000000000    0.000000000    0.000000      0.0000
   6.00    7.8771    3.4869    8.6143  241.5720  241.5720  0.000000       0.74095       0.74095              0.0000    0.000000     0.00000     0.00000   -0.000007522    0.000000000    0.000000000  241.484211  99872.8367
  18.00    8.8973    3.8629    9.6997  241.6706  241.6706  0.000000       2.33828       2.33828              0.0512    0.000000    -0.00000     0.00000   -0.000018722    0.000000000    0.000000000  241.436400  99661.0608
  30.00    9.5433    4.0589   10.3706  241.7352  241.7352  0.000000       2.27797       2.27797              0.0747    0.000000    -0.00000     0.00000   -0.000023010   -0.000000080   -0.000000113  241.383857  99491.9608
  42.00   10.1309    4.2004   10.9671  241.7962  241.7962  0.000000       2.51062       2.51062              0.0883    0.000000    -0.00000     0.00000   -0.000025214   -0.000000088   -0.000000121  241.327575  99323.1098
  54.00   10.6580    4.2953   11.4910  241.8530  241.8530  0.000000       2.49568       2.49568              0.1023    0.000000    -0.00000     0.00000   -0.000026955   -0.000000093   -0.000000126  241.267173  99154.5045
  66.00   11.1546    4.3548   11.9745  241.9088  241.9088  0.000000       2.45725       2.45725              0.1146    0.000000    -0.00000     0.00000   -0.000028455   -0.000000094   -0.000000126  241.205789  98986.1431
  78.00   11.6274    4.3828   12.4260  241.9646  241.9646  0.000000       2.35897       2.35897              0.1266    0.000000    -0.00000     0.00000   -0.000029857   -0.000000093   -0.000000125  241.144263  98818.0247
  90.00   12.0830    4.3816   12.8529  242.0211  242.0211  0.000000       2.23482       2.23482              0.1384    0.000000    -0.00000     0.00000   -0.000031221   -0.000000091   -0.000000122  241.083534  98650.1494
 102.00   12.5243    4.3524   13.2590  242.0792  242.0792  0.000000       2.08902       2.08902              0.1502    0.000000    -0.00000     0.00000   -0.000032623   -0.000000087   -0.000000118  241.024224  98482.5175
 114.00   12.9531    4.2955   13.6468  242.1392  242.1392  0.000000       1.93092       1.93092              0.1622    0.000000    -0.00000     0.00000   -0.000034073   -0.000000082   -0.000000113  240.966925  98315.1301
 126.00   13.3702    4.2108   14.0176  242.2019  242.2019  0.000000       1.76514       1.76514              0.1747    0.000000    -0.00000     0.00000   -0.000035610   -0.000000075   -0.000000107  240.912193  98147.9883
 138.00   13.7755    4.0981   14.3721  242.2678  242.2678  0.000000       1.59587       1.59587              0.1878    0.000000    -0.00000     0.00000   -0.000037268   -0.000000068   -0.000000100  240.860610  97981.0939
 150.00   14.1682    3.9566   14.7103  242.3375  242.3375  0.000000       1.42597       1.42597              0.2018    0.000000    -0.00000     0.00000   -0.000039081   -0.000000059   -0.000000091  240.812814  97814.4490
 162.00   14.5471    3.7856   15.0316  242.4118  242.4118  0.000000       1.25775       1.25775              0.2171    0.000000    -0.00000     0.00000   -0.000041099   -0.000000048   -0.000000081  240.769544  97648.0560
 174.00   14.9103    3.5842   15.3350  242.4916  242.4916  0.000000       1.09282       1.09282              0.2339    0.000000    -0.00000     0.00000   -0.000043368   -0.000000036   -0.000000069  240.731696  97481.9181
 186.00   15.2551    3.3512   15.6188  242.5781  242.5781  0.000000       0.93279       0.93279              0.2528    0.000000    -0.00001     0.00000   -0.000045955   -0.000000021   -0.000000054  240.700396  97316.0391
 198.00   15.5783    3.0855   15.8809  242.6727  242.6727  0.000000       0.77794       0.77794              0.2746    0.000000    -0.00001     0.00000   -0.000048906   -0.000000002   -0.000000036  240.677163  97150.4236
 210.00   15.8753    2.7857   16.1179  242.7776  242.7776  0.000000       0.63096       0.63096              0.3005    0.000000    -0.00001     0.00000   -0.000052477    0.000000023   -0.000000013  240.664070  96985.0775
 222.00   16.1408    2.4495   16.3256  242.8961  242.8961  0.000000       0.48814       0.48814              0.3330    0.000000    -0.00001     0.00000   -0.000056743    0.000000056    0.000000019  240.664461  96820.0085
 234.00   16.3648    2.0759   16.4960  243.0330  243.0330  0.000000       0.36143       0.36143              0.3742    0.000000    -0.00001     0.00000   -0.000062248    0.000000107    0.000000068  240.682995  96655.2268
 246.00   16.5360    1.6547   16.6186  243.2006  243.2006  0.000000       0.22592       0.22592              0.4404    0.000000    -0.00002     0.00000   -0.000070295    0.000000184    0.000000141  240.731762  96490.7486
 258.00   16.6181    1.2013   16.6615  243.4103  243.4103  0.000000       0.14672       0.14672              0.5213    0.000000    -0.00002     0.00000   -0.000090326    0.000000373    0.000000320  240.822223  96326.5977
 270.00   16.5147    0.6418   16.5272  243.7539  243.7539  0.000000       0.00498       0.00498              1.5758    0.000000     0.00000     0.00000   -0.000068440    0.000008076    0.000006048  241.044978  96162.8324
 282.00   15.1281   -0.0315   15.1281  249.5137  249.5137  0.000000       0.00065       0.00065              2.5709    0.000000    -0.00014     0.00000   -0.000108910    0.000010605    0.000011935  246.622355  96001.2658
 294.00   15.0008   -0.0007   15.0008  251.1260  251.1260  0.000000       0.00000       0.00000            161.8040    0.000000    -0.00013     0.00000   -0.000003644    0.000005452    0.000005242  248.098461  95842.2889
 306.00   15.0000   -0.0000   15.0000  252.5177  252.5177  0.000000       0.00000       0.00000        1300249.6748    0.000000    -0.00008     0.00000   -0.000000000    0.000004367    0.000004240  249.355966  95684.4471
 318.00   15.0000   -0.0000   15.0000  253.3786  253.3786  0.000000       0.00000       0.00000        2595542.5502    0.000000    -0.00007     0.00000    0.000000000    0.000003236    0.000003069  250.088776  95527.4936
 330.00   15.0000   -0.0000   15.0000  254.1272  254.1272  0.000000       0.00000       0.00000        2215476.6960    0.000000    -0.00006     0.00000    0.000000000    0.000002844    0.000002685  250.710406  95371.2211
 342.00   15.0000   -0.0000   15.0000  254.7565  254.7565  0.000000       0.00000       0.00000        1901417.5436    0.000000    -0.00006     0.00000    0.000000000    0.000002484    0.000002327  251.213969  95215.5538
 354.00   15.0000   -0.0000   15.0000  255.3127  255.3127  0.000000       0.00000       0.00000        1685152.1544    0.000000    -0.00005     0.00000    0.000000000    0.000002228    0.000002075  251.645234  95060.4293
 366.00   15.0000    0.0000   15.0000  255.8094  255.8094  0.000000       0.00000       0.00000        1523811.6288    0.000000    -0.00005     0.00000    0.000000000    0.000002032    0.000001880  252.017611  94905.8045
 378.00   15.0000    0.0000   15.0000  256.2667  256.2667  0.000000       0.00000       0.00000        1390883.6640    0.000000    -0.00005     0.00000    0.000000000    0.000001862    0.000001712  252.350898  94751.6471
 390.00   15.0000    0.0000   15.0000  256.6817  256.6817  0.000000       0.00000       0.00000        1284186.0150    0.000000    -0.00005     0.00000    0.000000000    0.000001722    0.000001572  252.642424  94597.9304
 402.00   15.0000    0.0000   15.0000  257.0734  257.0734  0.000000       0.00000       0.00000        1194358.9058    0.000000    -0.00004     0.00000    0.000000000    0.000001599    0.000001451  252.910727  94444.6328
 414.00   15.0000    0.0000   15.0000  257.4332  257.4332  0.000000       0.00000       0.00000        1120096.2677    0.000000    -0.00004     0.00000    0.000000000    0.000001496    0.000001348  253.147500  94291.7364
 426.00   15.0000    0.0000   15.0000  257.7791  257.7791  0.000000       0.00000       0.00000        1059948.5386    0.000000    -0.00004     0.00000    0.000000000    0.000001412    0.000001265  253.370483  94139.2259
 438.00   15.0000    0.0000   15.0000  258.1019  258.1019  0.000000       0.00000       0.00000        1003667.2050    0.000000    -0.00004     0.00000    0.000000000    0.000001330    0.000001182  253.570572  93987.0890
 450.00   15.0000    0.0000   15.0000  258.4131  258.4131  0.000000       0.00000       0.00000         955448.2073    0.000000    -0.00004     0.00000    0.000000000    0.000001258    0.000001111  253.759145  93835.3143
 462.00   15.0000    0.0000   15.0000  258.7061  258.7061  0.000000       0.00000       0.00000         909394.8162    0.000000    -0.00004     0.00000    0.000000000    0.000001186    0.000001039  253.929753  93683.8918
 474.00   15.0000    0.0000   15.0000  258.9888  258.9888  0.000000       0.00000       0.00000         871712.3760    0.000000    -0.00004     0.00000    0.000000000    0.000001127    0.000000980  254.090103  93532.8121
 486.00   15.0000    0.0000   15.0000  259.2586  259.2586  0.000000       0.00000       0.00000         835812.4496    0.000000    -0.00004     0.00000    0.000000000    0.000001070    0.000000922  254.237637  93382.0673
 498.00   15.0000    0.0000   15.0000  259.5191  259.5191  0.000000       0.00000       0.00000         804944.9775    0.000000    -0.00004     0.00000    0.000000000    0.000001019    0.000000872  254.375963  93231.6500
 510.00   15.0000    0.0000   15.0000  259.7699  259.7699  0.000000       0.00000       0.00000         776686.6041    0.000000    -0.00004     0.00000    0.000000000    0.000000973    0.000000825  254.504564  93081.5537
 522.00   15.0000    0.0000   15.0000  260.0129  260.0129  0.000000       0.00000       0.00000         750858.9290    0.000000    -0.00004     0.00000    0.000000000    0.000000929    0.000000781  254.625542  92931.7725
 534.00   15.0000    0.0000   15.0000  260.2477  260.2477  0.000000       0.00000       0.00000         727581.2702    0.000000    -0.00004     0.00000    0.000000000    0.000000889    0.000000741  254.738278  92782.3008
 546.00   15.0000    0.0000   15.0000  260.4763  260.4763  0.000000       0.00000       0.00000         706640.7960    0.000000    -0.00004     0.00000    0.000000000    0.000000853    0.000000704  254.844951  92633.1337
 558.00   15.0000    0.0000   15.0000  260.6981  260.6981  0.000000       0.00000       0.00000         687685.0426    0.000000    -0.00004     0.00000    0.000000000    0.000000820    0.000000671  254.944817  92484.2667
 570.00   15.0000    0.0000   15.0000  260.9151  260.9151  0.000000       0.00000       0.00000         667856.7051    0.000000    -0.00004     0.00000    0.000000000    0.000000784    0.000000634  255.039835  92335.6958
 582.00   15.0000    0.0000   15.0000  261.1246  261.1246  0.000000       0.00000       0.00000         649468.7630    0.000000    -0.00004     0.00000    0.000000000    0.000000750    0.000000600  255.127485  92187.4166
 594.00   15.0000    0.0000   15.0000  261.3301  261.3301  0.000000       0.00000       0.00000         632814.7902    0.000000    -0.00004     0.00000    0.000000000    0.000000719    0.000000569  255.211165  92039.4251
 606.00   15.0000    0.0000   15.0000  261.5293  261.5293  0.000000       0.00000       0.00000         616758.0947    0.000000    -0.00004     0.00000    0.000000000    0.000000688    0.000000538  255.288547  91891.7178
 618.00   15.0000    0.0000   15.0000  261.7249  261.7249  0.000000       0.00000       0.00000         602783.9894    0.000000    -0.00004     0.00000    0.000000000    0.000000661    0.000000511  255.362314  91744.2912
 630.00   15.0000    0.0000   15.0000  261.9154  261.9154  0.000000       0.00000       0.00000         589043.2224    0.000000    -0.00004     0.00000    0.000000000    0.000000635    0.000000484  255.431074  91597.1421
 642.00   15.0000    0.0000   15.0000  262.1025  262.1025  0.000000       0.00000       0.00000         577180.5813    0.000000    -0.00004     0.00000    0.000000000    0.000000612    0.000000460  255.496353  91450.2676
 654.00   15.0000    0.0000   15.0000  262.2856  262.2856  0.000000       0.00000       0.00000         565806.3757    0.000000    -0.00004     0.00000    0.000000000    0.000000589    0.000000438  255.557789  91303.6649
 666.00   15.0000    0.0000   15.0000  262.4656  262.4656  0.000000       0.00000       0.00000         555828.7776    0.000000    -0.00004     0.00000    0.000000000    0.000000570    0.000000418  255.616041  91157.3314
 678.00   15.0000    0.0000   15.0000  262.6427  262.6427  0.000000       0.00000       0.00000         546928.2580    0.000000    -0.00004     0.00000    0.000000000    0.000000552    0.000000400  255.671316  91011.2650
 690.00   15.0000    0.0000   15.0000  262.8172  262.8172  0.000000       0.00000       0.00000         539433.7672    0.000000    -0.00004     0.00000    0.000000000    0.000000538    0.000000385  255.724073  90865.4633
 702.00   15.0000    0.0000   15.0000  262.9896  262.9896  0.000000       0.00000       0.00000         532566.4953    0.000000    -0.00004     0.00000    0.000000000    0.000000525    0.000000371  255.774729  90719.9246
 714.00   15.0000    0.0000   15.0000  263.1600  263.1600  0.000000       0.00000       0.00000         526444.5969    0.000000    -0.00004     0.00000    0.000000000    0.000000513    0.000000359  255.823255  90574.6472
 726.00   15.0000    0.0000   15.0000  263.3287  263.3287  0.000000       0.00000       0.00000         521574.0507    0.000000    -0.00004     0.00000    0.000000000    0.000000504    0.000000349  255.870141  90429.6295
 738.00   15.0000    0.0000   15.0000  263.4961  263.4961  0.000000       0.00000       0.00000         517800.0322    0.000000    -0.00004     0.00000    0.000000000    0.000000498    0.000000342  255.915677  90284.8700
 750.00   15.0000    0.0000   15.0000  263.6626  263.6626  0.000000       0.00000       0.00000         514902.2499    0.000000    -0.00004     0.00000    0.000000000    0.000000493    0.000000337  255.960257  90140.3677
 762.00   15.0000    0.0000   15.0000  263.8284  263.8284  0.000000       0.00000       0.00000         513370.6436    0.000000    -0.00004     0.00000    0.000000000    0.000000492    0.000000336  256.004034  89996.1216
 774.00   15.0000    0.0000   15.0000  263.9941  263.9941  0.000000       0.00000       0.00000         512751.3793    0.000000    -0.00004     0.00000    0.000000000    0.000000493    0.000000336  256.047710  89852.1309
 786.00   15.0000    0.0000   15.0000  264.1596  264.1596  0.000000       0.00000       0.00000         512689.6349    0.000000    -0.00004     0.00000    0.000000000    0.000000496    0.000000338  256.091154  89708.3950
 798.00   15.0000    0.0000   15.0000  264.3255  264.3255  0.000000       0.00000       0.00000         513607.7182    0.000000    -0.00004     0.00000    0.000000000    0.000000501    0.000000342  256.134845  89564.9134
 810.00   15.0000    0.0000   15.0000  264.4919  264.4919  0.000000       0.00000       0.00000         515880.3764    0.000000    -0.00004     0.00000    0.000000000    0.000000509    0.000000349  256.178920  89421.6858
 822.00   15.0000    0.0000   15.0000  264.6595  264.6595  0.000000       0.00000       0.00000         520014.9133    0.000000    -0.00004     0.00000    0.000000000    0.000000523    0.000000362  256.224091  89278.7122
 834.00   15.0000    0.0000   15.0000  264.8287  264.8287  0.000000       0.00000       0.00000         526723.4353    0.000000    -0.00004     0.00000    0.000000000    0.000000543    0.000000380  256.270815  89135.9927
 846.00   15.0000    0.0000   15.0000  265.0008  265.0008  0.000000       0.00000       0.00000         536384.6272    0.000000    -0.00005     0.00000    0.000000000    0.000000571    0.000000407  256.320253  88993.5281
 858.00   15.0000    0.0000   15.0000  265.1766  265.1766  0.000000       0.00000       0.00000         548426.5831    0.000000    -0.00005     0.00000    0.000000000    0.000000605    0.000000440  256.373101  88851.3195
 870.00   15.0000    0.0000   15.0000  265.3568  265.3568  0.000000       0.00000       0.00000         567182.3451    0.000000    -0.00005     0.00000    0.000000000    0.000000657    0.000000490  256.430164  88709.3686
 882.00   15.0000    0.0000   15.0000  265.5449  265.5449  0.000000       0.00000       0.00000         584958.6543    0.000000    -0.00005     0.00000    0.000000000    0.000000708    0.000000539  256.494858  88567.6781
 894.00   15.0000    0.0000   15.0000  265.7369  265.7369  0.000000       0.00000       0.00000         619824.5932    0.000000    -0.00006     0.00000    0.000000000    0.000000805    0.000000632  256.563171  88426.2506
 906.00   15.0000    0.0000   15.0000  265.9480  265.9480  0.000000       0.00000       0.00000         639520.8575    0.000000    -0.00006     0.00000    0.000000000    0.000000864    0.000000689  256.649852  88285.0915
 918.00   15.0000    0.0000   15.0000  266.1531  266.1531  0.000000       0.00000       0.00000         714252.6163    0.000000    -0.00007     0.00000    0.000000000    0.000001072    0.000000889  256.730672  88144.2036
 930.00   15.0000    0.0000   15.0000  266.4133  266.4133  0.000000       0.00000       0.00000         723374.1349    0.000000    -0.00006     0.00000    0.000000000    0.000001106    0.000000925  256.864420  88003.5993
 942.00   15.0000    0.0000   15.0000  266.6248  266.6248  0.000000       0.00000       0.00000         909870.0165    0.000000    -0.00011     0.00000    0.000000000    0.000001635    0.000001429  256.951232  87863.2796
 954.00   15.0000    0.0000   15.0000  267.0070  267.0070  0.000000       0.00000       0.00000         874684.3433    0.000000    -0.00006     0.00000    0.000000000    0.000001552    0.000001365  257.202363  87723.2755
 966.00   15.0000    0.0000   15.0000  267.1964  267.1964  0.000000       0.00000       0.00000        1340982.3247    0.000000    -0.00021     0.00000    0.000000000    0.000002929    0.000002650  257.267665  87583.5804
 978.00   15.0000    0.0000   15.0000  267.8839  267.8839  0.000000       0.00000       0.00000        1244052.1523    0.000000    -0.00004     0.00000    0.000000000    0.000002673    0.000002497  257.812374  87444.2726
 990.00   15.0000    0.0000   15.0000  268.0120  268.0120  0.000000       0.00000       0.00000        3246059.3359    0.000000    -0.00062     0.00000    0.000000000    0.000009190    0.000008241  257.818537  87305.3352
1002.00   15.0000    0.0000   15.0000  270.0130  270.0130  0.000000       0.00000       0.00000        3146185.9297    0.000000    -0.00002     0.00000    0.000000000    0.000008951    0.000009194  259.625935  87167.1022
1014.00   15.0000    0.0000   15.0000  270.0910  270.0910  0.000000       0.00000       0.00000         236005.2723    0.000000    -0.00002     0.00000    0.000000000   -0.000000242   -0.000000438  259.583824  87029.5590
1026.00   15.0000    0.0000   15.0000  270.1690  270.1690  0.000000       0.00000       0.00000         235937.1356    0.000000    -0.00002     0.00000    0.000000000   -0.000000242   -0.000000438  259.541679  86892.2106
1038.00   15.0000    0.0000   15.0000  270.2470  270.2470  0.000000       0.00000       0.00000         235869.0383    0.000000    -0.00003     0.00000    0.000000000   -0.000000242   -0.000000438  259.499500  86755.0567
1050.00   15.0000    0.0000   15.0000  270.3250  270.3250  0.000000       0.00000       0.00000         235800.9803    0.000000    -0.00003     0.00000    0.000000000   -0.000000242   -0.000000437  259.457287  86618.0970
1062.00   15.0000    0.0000   15.0000  270.4030  270.4030  0.000000       0.00000       0.00000         235732.9615    0.000000    -0.00003     0.00000    0.000000000   -0.000000242   -0.000000437  259.415041  86481.3313
1074.00   15.0000    0.0000   15.0000  270.4810  270.4810  0.000000       0.00000       0.00000         235664.9820    0.000000    -0.00003     0.00000    0.000000000   -0.000000242   -0.000000437  259.372761  86344.7593
1086.00   15.0000    0.0000   15.0000  270.5590  270.5590  0.000000       0.00000       0.00000         235597.0417    0.000000    -0.00003     0.00000    0.000000000   -0.000000242   -0.000000436  259.330447  86208.3808
1098.00   15.0000    0.0000   15.0000  270.6370  270.6370  0.000000       0.00000       0.00000         235529.1405    0.000000    -0.00003     0.00000    0.000000000   -0.000000242   -0.000000436  259.288099  86072.1954
1110.00   15.0000    0.0000   15.0000  270.7150  270.7150  0.000000       0.00000       0.00000         235461.2785    0.000000    -0.00003     0.00000    0.000000000   -0.000000242   -0.000000436  259.245717  85936.2030
1122.00   15.0000    0.0000   15.0000  270.7930  270.7930  0.000000       0.00000       0.00000         235393.4555    0.000000    -0.00003     0.00000    0.000000000   -0.000000242   -0.000000435  259.203302  85800.4033
1134.00   15.0000    0.0000   15.0000  270.8710  270.8710  0.000000       0.00000       0.00000         235325.6716    0.000000    -0.00003     0.00000    0.000000000   -0.000000242   -0.000000435  259.160853  85664.7960
1146.00   15.0000    0.0000   15.0000  270.9490  270.9490  0.000000       0.00000       0.00000         235257.9268    0.000000    -0.00003     0.00000    0.000000000   -0.000000242   -0.000000435  259.118371  85529.3808
1158.00   15.0000    0.0000   15.0000  271.0270  271.0270  0.000000       0.00000       0.00000         235190.2209    0.000000    -0.00003     0.00000    0.000000000   -0.000000242   -0.000000434  259.075854  85394.1576
1170.00   15.0000    0.0000   15.0000  271.1050  271.1050  0.000000       0.00000       0.00000         235122.5540    0.000000    -0.00003     0.00000    0.000000000   -0.000000242   -0.000000434  259.033304  85259.1260
1182.00   15.0000    0.0000   15.0000  271.1830  271.1830  0.000000       0.00000       0.00000         235054.9260    0.000000    -0.00003     0.00000    0.000000000   -0.000000242   -0.000000434  258.990721  85124.2857
1194.00   15.0000    0.0000   15.0000  271.2610  271.2610  0.000000       0.00000       0.00000         234987.3369    0.000000    -0.00003     0.00000    0.000000000   -0.000000243   -0.000000433  258.948103  84989.6366
1206.00   15.0000    0.0000   15.0000  271.3390  271.3390  0.000000       0.00000       0.00000         234919.7867    0.000000    -0.00003     0.00000    0.000000000   -0.000000243   -0.000000433  258.905452  84855.1784
1218.00   15.0000    0.0000   15.0000  271.4170  271.4170  0.000000       0.00000       0.00000         234852.2753    0.000000    -0.00003     0.00000    0.000000000   -0.000000243   -0.000000432  258.862767  84720.9108
1230.00   15.0000    0.0000   15.0000  271.4950  271.4950  0.000000       0.00000       0.00000         234784.8027    0.000000    -0.00003     0.00000    0.000000000   -0.000000243   -0.000000432  258.820049  84586.8335
1242.00   15.0000    0.0000   15.0000  271.5730  271.5730  0.000000       0.00000       0.00000         234717.3688    0.000000    -0.00003     0.00000    0.000000000   -0.000000243   -0.000000432  258.777297  84452.9464
1254.00   15.0000    0.0000   15.0000  271.6510  271.6510  0.000000       0.00000       0.00000         234649.9737    0.000000    -0.00003     0.00000    0.000000000   -0.000000243   -0.000000431  258.734511  84319.2490
1266.00   15.0000    0.0000   15.0000  271.7290  271.7290  0.000000       0.00000       0.00000         234582.6172    0.000000    -0.00003     0.00000    0.000000000   -0.000000243   -0.000000431  258.691692  84185.7413
1278.00   15.0000    0.0000   15.0000  271.8070  271.8070  0.000000       0.00000       0.00000         234515.2995    0.000000    -0.00003     0.00000    0.000000000   -0.000000243   -0.000000431  258.648839  84052.4229
1290.00   15.0000    0.0000   15.0000  271.8850  271.8850  0.000000       0.00000       0.00000         234448.0203    0.000000    -0.00003     0.00000    0.000000000   -0.000000243   -0.000000430  258.605952  83919.2936
1302.00   15.0000    0.0000   15.0000  271.9630  271.9630  0.000000       0.00000       0.00000         234380.7797    0.000000    -0.00003     0.00000    0.000000000   -0.000000243   -0.000000430  258.563032  83786.3531
1314.00   15.0000    0.0000   15.0000  272.0410  272.0410  0.000000       0.00000       0.00000         234313.5777    0.000000    -0.00003     0.00000    0.000000000   -0.000000243   -0.000000430  258.520079  83653.6012
1326.00   15.0000    0.0000   15.0000  272.1190  272.1190  0.000000       0.00000       0.00000         234246.4143    0.000000    -0.00003     0.00000    0.000000000   -0.000000243   -0.000000429  258.477091  83521.0376
1338.00   15.0000    0.0000   15.0000  272.1970  272.1970  0.000000       0.00000       0.00000         234179.2893    0.000000    -0.00003     0.00000    0.000000000   -0.000000243   -0.000000429  258.434071  83388.6620
1350.00   15.0000    0.0000   15.0000  272.2750  272.2750  0.000000       0.00000       0.00000         234112.2027    0.000000    -0.00003     0.00000    0.000000000   -0.000000243   -0.000000428  258.391016  83256.4743
1362.00   15.0000    0.0000   15.0000  272.3530  272.3530  0.000000       0.00000       0.00000         234045.1546    0.000000    -0.00003     0.00000    0.000000000   -0.000000243   -0.000000428  258.347928  83124.4741
1374.00   15.0000    0.0000   15.0000  272.4310  272.4310  0.000000       0.00000       0.00000         233978.1449    0.000000    -0.00003     0.00000    0.000000000   -0.000000243   -0.000000428  258.304807  82992.6613
1386.00   15.0000    0.0000   15.0000  272.5090  272.5090  0.000000       0.00000       0.00000         233911.1736    0.000000    -0.00003     0.00000    0.000000000   -0.000000243   -0.000000427  258.261652  82861.0355
1398.00   15.0000    0.0000   15.0000  272.5870  272.5870  0.000000       0.00000       0.00000         233844.2406    0.000000    -0.00003     0.00000    0.000000000   -0.000000243   -0.000000427  258.218463  82729.5965
1410.00   15.0000    0.0000   15.0000  272.6650  272.6650  0.000000       0.00000       0.00000         233777.3458    0.000000    -0.00003     0.00000    0.000000000   -0.000000243   -0.000000427  258.175241  82598.3440
1422.00   15.0000    0.0000   15.0000  272.7430  272.7430  0.000000       0.00000       0.00000         233710.4894    0.000000    -0.00003     0.00000    0.000000000   -0.000000243   -0.000000426  258.131986  82467.2779
1434.00   15.0000    0.0000   15.0000  272.8210  272.8210  0.000000       0.00000       0.00000         233643.6711    0.000000    -0.00003     0.00000    0.000000000   -0.000000243   -0.000000426  258.088697  82336.3978
1446.00   15.0000    0.0000   15.0000  272.8990  272.8990  0.000000       0.00000       0.00000         233576.8911    0.000000    -0.00004     0.00000    0.000000000   -0.000000243   -0.000000425  258.045374  82205.7035
1458.00   15.0000    0.0000   15.0000  272.9770  272.9770  0.000000       0.00000       0.00000         233510.1492    0.000000    -0.00004     0.00000    0.000000000   -0.000000243   -0.000000425  258.002018  82075.1948
1470.00   15.0000    0.0000   15.0000  273.0550  273.0550  0.000000       0.00000       0.00000         233443.4455    0.000000    -0.00004     0.00000    0.000000000   -0.000000242   -0.000000425  257.958629  81944.8714
1482.00   15.0000    0.0000   15.0000  273.1330  273.1330  0.000000       0.00000       0.00000         233376.7798    0.000000    -0.00004     0.00000    0.000000000   -0.000000242   -0.000000424  257.915206  81814.7330
1494.00   15.0000    0.0000   15.0000  273.2110  273.2110  0.000000       0.00000       0.00000         233310.1522    0.000000    -0.00004     0.00000    0.000000000   -0.000000242   -0.000000424  257.871750  81684.7794
1506.00   15.0000    0.0000   15.0000  273.2890  273.2890  0.000000       0.00000       0.00000         233243.5627    0.000000    -0.00004     0.00000    0.000000000   -0.000000242   -0.000000424  257.828260  81555.0104
1518.00   15.0000    0.0000   15.0000  273.3670  273.3670  0.000000       0.00000       0.00000         233177.0111    0.000000    -0.00004     0.00000    0.000000000   -0.000000242   -0.000000423  257.784737  81425.4258
1530.00   15.0000    0.0000   15.0000  273.4450  273.4450  0.000000       0.00000       0.00000         233110.4975    0.000000    -0.00004     0.00000    0.000000000   -0.000000242   -0.000000423  257.741181  81296.0251
1542.00   15.0000    0.0000   15.0000  273.5230  273.5230  0.000000       0.00000       0.00000         233044.0219    0.000000    -0.00004     0.00000    0.000000000   -0.000000242   -0.000000422  257.697591  81166.8083
1554.00   15.0000    0.0000   15.0000  273.6010  273.6010  0.000000       0.00000       0.00000         232977.5841    0.000000    -0.00004     0.00000    0.000000000   -0.000000242   -0.000000422  257.653967  81037.7751
1566.00   15.0000    0.0000   15.0000  273.6790  273.6790  0.000000       0.00000       0.00000         232911.1843    0.000000    -0.00004     0.00000    0.000000000   -0.000000242   -0.000000422  257.610311  80908.9252
1578.00   15.0000    0.0000   15.0000  273.7570  273.7570  0.000000       0.00000       0.00000         232844.8222    0.000000    -0.00004     0.00000    0.000000000   -0.000000242   -0.000000421  257.566621  80780.2583
1590.00   15.0000    0.0000   15.0000  273.8350  273.8350  0.000000       0.00000       0.00000         232778.4980    0.000000    -0.00004     0.00000    0.000000000   -0.000000242   -0.000000421  257.522897  80651.7743
1602.00   15.0000    0.0000   15.0000  273.9130  273.9130  0.000000       0.00000       0.00000         232712.2115    0.000000    -0.00004     0.00000    0.000000000   -0.000000242   -0.000000420  257.479140  80523.4729
1614.00   15.0000    0.0000   15.0000  273.9910  273.9910  0.000000       0.00000       0.00000         232645.9628    0.000000    -0.00004     0.00000    0.000000000   -0.000000242   -0.000000420  257.435350  80395.3538
1626.00   15.0000    0.0000   15.0000  274.0690  274.0690  0.000000       0.00000       0.00000         232579.7518    0.000000    -0.00004     0.00000    0.000000000   -0.000000242   -0.000000420  257.391527  80267.4168
1638.00   15.0000    0.0000   15.0000  274.1470  274.1470  0.000000       0.00000       0.00000         232513.5785    0.000000    -0.00004     0.00000    0.000000000   -0.000000242   -0.000000419  257.347670  80139.6617
1650.00   15.0000    0.0000   15.0000  274.2250  274.2250  0.000000       0.00000       0.00000         232447.4428    0.000000    -0.00004     0.00000    0.000000000   -0.000000242   -0.000000419  257.303780  80012.0882
1662.00   15.0000    0.0000   15.0000  274.3030  274.3030  0.000000       0.00000       0.00000         232381.3447    0.000000    -0.00004     0.00000    0.000000000   -0.000000242   -0.000000418  257.259856  79884.6960
1674.00   15.0000    0.0000   15.0000  274.3810  274.3810  0.000000       0.00000       0.00000         232315.2842    0.000000    -0.00004     0.00000    0.000000000   -0.000000242   -0.000000418  257.215900  79757.4850
1686.00   15.0000    0.0000   15.0000  274.4590  274.4590  0.000000       0.00000       0.00000         232249.2613    0.000000    -0.00004     0.00000    0.000000000   -0.000000242   -0.000000417  257.171910  79630.4548
1698.00   15.0000    0.0000   15.0000  274.5370  274.5370  0.000000       0.00000       0.00000         232183.2758    0.000000    -0.00004     0.00000    0.000000000   -0.000000242   -0.000000417  257.127886  79503.6053
1710.00   15.0000    0.0000   15.0000  274.6150  274.6150  0.000000       0.00000       0.00000         232117.3279    0.000000    -0.00004     0.00000    0.000000000   -0.000000242   -0.000000417  257.083830  79376.9361
1722.00   15.0000    0.0000   15.0000  274.6930  274.6930  0.000000       0.00000       0.00000         232051.4174    0.000000    -0.00004     0.00000    0.000000000   -0.000000242   -0.000000416  257.039740  79250.4471
1734.00   15.0000    0.0000   15.0000  274.7710  274.7710  0.000000       0.00000       0.00000         231985.5443    0.000000    -0.00004     0.00000    0.000000000   -0.000000242   -0.000000416  256.995617  79124.1381
1746.00   15.0000    0.0000   15.0000  274.8490  274.8490  0.000000       0.00000       0.00000         231919.7086    0.000000    -0.00004     0.00000    0.000000000   -0.000000242   -0.000000415  256.951461  78998.0086
1758.00   15.0000    0.0000   15.0000  274.9270  274.9270  0.000000       0.00000       0.00000         231853.9103    0.000000    -0.00004     0.00000    0.000000000   -0.000000242   -0.000000415  256.907271  78872.0587
1770.00   15.0000    0.0000   15.0000  275.0050  275.0050  0.000000       0.00000       0.00000         231788.1493    0.000000    -0.00004     0.00000    0.000000000   -0.000000242   -0.000000415  256.863048  78746.2879
1782.00   15.0000    0.0000   15.0000  275.0830  275.0830  0.000000       0.00000       0.00000         231722.4256    0.000000    -0.00004     0.00000    0.000000000   -0.000000242   -0.000000414  256.818792  78620.6960
1794.00   15.0000    0.0000   15.0000  275.1610  275.1610  0.000000       0.00000       0.00000         231656.7391    0.000000    -0.00004     0.00000    0.000000000   -0.000000241   -0.000000414  256.774503  78495.2828
1806.00   15.0000    0.0000   15.0000  275.2390  275.2390  0.000000       0.00000       0.00000         231591.0899    0.000000    -0.00004     0.00000    0.000000000   -0.000000241   -0.000000413  256.730181  78370.0482
1818.00   15.0000    0.0000   15.0000  275.3170  275.3170  0.000000       0.00000       0.00000         231525.4779    0.000000    -0.00004     0.00000    0.000000000   -0.000000241   -0.000000413  256.685825  78244.9917
1830.00   15.0000    0.0000   15.0000  275.3950  275.3950  0.000000       0.00000       0.00000         231459.9030    0.000000    -0.00004     0.00000    0.000000000   -0.000000241   -0.000000412  256.641437  78120.1132
1842.00   15.0000    0.0000   15.0000  275.4730  275.4730  0.000000       0.00000       0.00000         231394.3653    0.000000    -0.00004     0.00000    0.000000000   -0.000000241   -0.000000412  256.597015  77995.4125
1854.00   15.0000    0.0000   15.0000  275.5510  275.5510  0.000000       0.00000       0.00000         231328.8647    0.000000    -0.00005     0.00000    0.000000000   -0.000000241   -0.000000412  256.552560  77870.8893
1866.00   15.0000    0.0000   15.0000  275.6290  275.6290  0.000000       0.00000       0.00000         231263.4012    0.000000    -0.00005     0.00000    0.000000000   -0.000000241   -0.000000411  256.508071  77746.5433
1878.00   15.0000    0.0000   15.0000  275.7070  275.7070  0.000000       0.00000       0.00000         231197.9747    0.000000    -0.00005     0.00000    0.000000000   -0.000000241   -0.000000411  256.463550  77622.3744
1890.00   15.0000    0.0000   15.0000  275.7850  275.7850  0.000000       0.00000       0.00000         231132.5852    0.000000    -0.00005     0.00000    0.000000000   -0.000000241   -0.000000410  256.418996  77498.3823
1902.00   15.0000    0.0000   15.0000  275.8630  275.8630  0.000000       0.00000       0.00000         231067.2326    0.000000    -0.00005     0.00000    0.000000000   -0.000000241   -0.000000410  256.374408  77374.5668
1914.00   15.0000    0.0000   15.0000  275.9410  275.9410  0.000000       0.00000       0.00000         231001.9171    0.000000    -0.00005     0.00000    0.000000000   -0.000000241   -0.000000409  256.329787  77250.9275
1926.00   15.0000    0.0000   15.0000  276.0190  276.0190  0.000000       0.00000       0.00000         230936.6384    0.000000    -0.00005     0.00000    0.000000000   -0.000000241   -0.000000409  256.285134  77127.4644
1938.00   15.0000    0.0000   15.0000  276.0970  276.0970  0.000000       0.00000       0.00000         230871.3966    0.000000    -0.00005     0.00000    0.000000000   -0.000000241   -0.000000408  256.240447  77004.1771
1950.00   15.0000    0.0000   15.0000  276.1750  276.1750  0.000000       0.00000       0.00000         230806.1917    0.000000    -0.00005     0.00000    0.000000000   -0.000000241   -0.000000408  256.195727  76881.0654
1962.00   15.0000    0.0000   15.0000  276.2530  276.2530  0.000000       0.00000       0.00000         230741.0236    0.000000    -0.00005     0.00000    0.000000000   -0.000000240   -0.000000408  256.150974  76758.1291
1974.00   15.0000    0.0000   15.0000  276.3310  276.3310  0.000000       0.00000       0.00000         230675.8923    0.000000    -0.00005     0.00000    0.000000000   -0.000000240   -0.000000407  256.106188  76635.3679
1986.00   15.0000    0.0000   15.0000  276.4090  276.4090  0.000000       0.00000       0.00000         230610.7978    0.000000    -0.00005     0.00000    0.000000000   -0.000000240   -0.000000407  256.061369  76512.7817
1998.00   15.0000    0.0000   15.0000  276.4870  276.4870  0.000000       0.00000       0.00000         230545.7399    0.000000    -0.00005     0.00000    0.000000000   -0.000000240   -0.000000406  256.016517  76390.3701
2010.00   15.0000    0.0000   15.0000  276.5650  276.5650  0.000000       0.00000       0.00000         230480.7188    0.000000    -0.00005     0.00000    0.000000000   -0.000000240   -0.000000406  255.971631  76268.1330
2022.00   15.0000    0.0000   15.0000  276.6430  276.6430  0.000000       0.00000       0.00000         230415.7344    0.000000    -0.00005     0.00000    0.000000000   -0.000000240   -0.000000405  255.926713  76146.0700
2034.00   15.0000    0.0000   15.0000  276.7210  276.7210  0.000000       0.00000       0.00000         230350.7865    0.000000    -0.00005     0.00000    0.000000000   -0.000000240   -0.000000405  255.881762  76024.1811
2046.00   15.0000    0.0000   15.0000  276.7990  276.7990  0.000000       0.00000       0.00000         230285.8753    0.000000    -0.00005     0.00000    0.000000000   -0.000000240   -0.000000404  255.836778  75902.4659
2058.00   15.0000    0.0000   15.0000  276.8770  276.8770  0.000000       0.00000       0.00000         230221.0007    0.000000    -0.00005     0.00000    0.000000000   -0.000000240   -0.000000404  255.791760  75780.9242
2070.00   15.0000    0.0000   15.0000  276.9550  276.9550  0.000000       0.00000       0.00000         230156.1626    0.000000    -0.00005     0.00000    0.000000000   -0.000000240   -0.000000404  255.746710  75659.5557
2082.00   15.0000    0.0000   15.0000  277.0330  277.0330  0.000000       0.00000       0.00000         230091.3610    0.000000    -0.00005     0.00000    0.000000000   -0.000000240   -0.000000403  255.701627  75538.3603
2094.00   15.0000    0.0000   15.0000  277.1110  277.1110  0.000000       0.00000       0.00000         230026.5958    0.000000    -0.00005     0.00000    0.000000000   -0.000000240   -0.000000403  255.656511  75417.3378
2106.00   15.0000    0.0000   15.0000  277.1890  277.1890  0.000000       0.00000       0.00000         229961.8672    0.000000    -0.00005     0.00000    0.000000000   -0.000000239   -0.000000402  255.611362  75296.4878
2118.00   15.0000    0.0000   15.0000  277.2670  277.2670  0.000000       0.00000       0.00000         229897.1749    0.000000    -0.00005     0.00000    0.000000000   -0.000000239   -0.000000402  255.566180  75175.8101
2130.00   15.0000    0.0000   15.0000  277.3450  277.3450  0.000000       0.00000       0.00000         229832.5191    0.000000    -0.00005     0.00000    0.000000000   -0.000000239   -0.000000401  255.520965  75055.3046
2142.00   15.0000    0.0000   15.0000  277.4230  277.4230  0.000000       0.00000       0.00000         229767.8996    0.000000    -0.00005     0.00000    0.000000000   -0.000000239   -0.000000401  255.475717  74934.9709
2154.00   15.0000    0.0000   15.0000  277.5010  277.5010  0.000000       0.00000       0.00000         229703.3164    0.000000    -0.00005     0.00000    0.000000000   -0.000000239   -0.000000400  255.430436  74814.8089
2166.00   15.0000    0.0000   15.0000  277.5790  277.5790  0.000000       0.00000       0.00000         229638.7695    0.000000    -0.00005     0.00000    0.000000000   -0.000000239   -0.000000400  255.385122  74694.8183
2178.00   15.0000    0.0000   15.0000  277.6570  277.6570  0.000000       0.00000       0.00000         229574.2589    0.000000    -0.00005     0.00000    0.000000000   -0.000000239   -0.000000399  255.339775  74574.9990
2190.00   15.0000    0.0000   15.0000  277.7350  277.7350  0.000000       0.00000       0.00000         229509.7845    0.000000    -0.00005     0.00000    0.000000000   -0.000000239   -0.000000399  255.294396  74455.3506
2202.00   15.0000    0.0000   15.0000  277.8130  277.8130  0.000000       0.00000       0.00000         229445.3463    0.000000    -0.00005     0.00000    0.000000000   -0.000000239   -0.000000398  255.248983  74335.8729
2214.00   15.0000    0.0000   15.0000  277.8910  277.8910  0.000000       0.00000       0.00000         229380.9443    0.000000    -0.00005     0.00000    0.000000000   -0.000000239   -0.000000398  255.203538  74216.5657
2226.00   15.0000    0.0000   15.0000  277.9690  277.9690  0.000000       0.00000       0.00000         229316.5785    0.000000    -0.00005     0.00000    0.000000000   -0.000000238   -0.000000397  255.158060  74097.4289
2238.00   15.0000    0.0000   15.0000  278.0470  278.0470  0.000000       0.00000       0.00000         229252.2487    0.000000    -0.00005     0.00000    0.000000000   -0.000000238   -0.000000397  255.112549  73978.4620
2250.00   15.0000    0.0000   15.0000  278.1250  278.1250  0.000000       0.00000       0.00000         229187.9551    0.000000    -0.00005     0.00000    0.000000000   -0.000000238   -0.000000396  255.067005  73859.6650
2262.00   15.0000    0.0000   15.0000  278.2030  278.2030  0.000000       0.00000       0.00000         229123.6974    0.000000    -0.00006     0.00000    0.000000000   -0.000000238   -0.000000396  255.021428  73741.0376
2274.00   15.0000    0.0000   15.0000  278.2810  278.2810  0.000000       0.00000       0.00000         229059.4759    0.000000    -0.00006     0.00000    0.000000000   -0.000000238   -0.000000396  254.975818  73622.5796
2286.00   15.0000    0.0000   15.0000  278.3590  278.3590  0.000000       0.00000       0.00000         228995.2903    0.000000    -0.00006     0.00000    0.000000000   -0.000000238   -0.000000395  254.930176  73504.2907
2298.00   15.0000    0.0000   15.0000  278.4370  278.4370  0.000000       0.00000       0.00000         228931.1406    0.000000    -0.00006     0.00000    0.000000000   -0.000000238   -0.000000395  254.884501  73386.1707
2310.00   15.0000    0.0000   15.0000  278.5150  278.5150  0.000000       0.00000       0.00000         228867.0269    0.000000    -0.00006     0.00000    0.000000000   -0.000000238   -0.000000394  254.838793  73268.2195
2322.00   15.0000    0.0000   15.0000  278.5930  278.5930  0.000000       0.00000       0.00000         228802.9491    0.000000    -0.00006     0.00000    0.000000000   -0.000000238   -0.000000394  254.793052  73150.4366
2334.00   15.0000    0.0000   15.0000  278.6710  278.6710  0.000000       0.00000       0.00000         228738.9072    0.000000    -0.00006     0.00000    0.000000000   -0.000000237   -0.000000393  254.747278  73032.8221
2346.00   15.0000    0.0000   15.0000  278.7490  278.7490  0.000000       0.00000       0.00000         228674.9011    0.000000    -0.00006     0.00000    0.000000000   -0.000000237   -0.000000393  254.701472  72915.3755
2358.00   15.0000    0.0000   15.0000  278.8270  278.8270  0.000000       0.00000       0.00000         228610.9308    0.000000    -0.00006     0.00000    0.000000000   -0.000000237   -0.000000392  254.655633  72798.0967
2370.00   15.0000    0.0000   15.0000  278.9050  278.9050  0.000000       0.00000       0.00000         228546.9963    0.000000    -0.00006     0.00000    0.000000000   -0.000000237   -0.000000392  254.609761  72680.9855
2382.00   15.0000    0.0000   15.0000  278.9830  278.9830  0.000000       0.00000       0.00000              0.0000    0.000000    -0.00006     0.00000    0.000000000    0.000000000    0.000000000  254.563856  72564.0417
2394.00   15.0000    0.0000   15.0000  279.0610  279.0610  0.000000       0.00000       0.00000              0.0000    0.000000     0.00000     0.00000    0.000000000    0.000000000    0.000000000  254.517919  72447.2649
