   0.00    0.0000    0.0000    0.0000  240.3251  240.3251  0.000000       0.00000       0.00000              0.0000    0.000000     0.00000     0.00000    0.000000000    0.000000000    0.000000000    0.000000      0.0000
   6.00    7.8330    3.5234    8.5890  241.8015  241.8015  0.000000       0.73625       0.73625              0.0000    0.000000     0.00000     0.00000   -0.000006528    0.000000000    0.000000000  241.713730  99872.9573
  18.00    8.8550    3.9064    9.6784  241.9036  241.9036  0.000000       2.30609       2.30609              0.0526    0.000000    -0.00000     0.00000   -0.000017833    0.000000000    0.000000000  241.669360  99661.3832
  30.00    9.5044    4.1067   10.3537  241.9709  241.9709  0.000000       2.23269       2.23269              0.0767    0.000000    -0.00000     0.00000   -0.000022125   -0.000000075   -0.000000109  241.619480  99492.4466
  42.00   10.0973    4.2518   10.9560  242.0347  242.0347  0.000000       2.45177       2.45177              0.0907    0.000000    -0.00000     0.00000   -0.000024283   -0.000000083   -0.000000117  241.566116  99323.7602
  54.00   10.6305    4.3492   11.4858  242.0946  242.0946  0.000000       2.42473       2.42473              0.1053    0.000000    -0.00000     0.00000   -0.000025975   -0.000000088   -0.000000121  241.508781  99155.3214
  66.00   11.1343    4.4101   11.9759  242.1539  242.1539  0.000000       2.37609       2.37609              0.1181    0.000000    -0.00000     0.00000   -0.000027440   -0.000000088   -0.000000121  241.450804  98987.1280
  78.00   11.6153    4.4382   12.4343  242.2134  242.2134  0.000000       2.26892       2.26892              0.1308    0.000000    -0.00000     0.00000   -0.000028793   -0.000000086   -0.000000119  241.393085  98819.1798
  90.00   12.0800    4.4356   12.8686  242.2743  242.2743  0.000000       2.13750       2.13750              0.1432    0.000000    -0.00000     0.00000   -0.000030142   -0.000000082   -0.000000116  241.336674  98651.4769
 102.00   12.5312    4.4030   13.2823  242.3373  242.3373  0.000000       1.98604       1.98604              0.1558    0.000000    -0.00000     0.00000   -0.000031538   -0.000000077   -0.000000110  241.282298  98484.0202
 114.00   12.9708    4.3407   13.6778  242.4031  242.4031  0.000000       1.82400       1.82400              0.1687    0.000000    -0.00000     0.00000   -0.000033021   -0.000000070   -0.000000103  241.230677  98316.8111
 126.00   13.3990    4.2479   14.0563  242.4724  242.4724  0.000000       1.65612       1.65612              0.1822    0.000000    -0.00000     0.00000   -0.000034634   -0.000000062   -0.000000095  241.182510  98149.8513
 138.00   13.8157    4.1240   14.4181  242.5459  242.5459  0.000000       1.48672       1.48672              0.1964    0.000000    -0.00000     0.00000   -0.000036443   -0.000000052   -0.000000086  241.138546  97983.1433
 150.00   14.2196    3.9679   14.7628  242.6245  242.6245  0.000000       1.31878       1.31878              0.2117    0.000000    -0.00000     0.00000   -0.000038500   -0.000000040   -0.000000074  241.099617  97816.6899
 162.00   14.6088    3.7781   15.0894  242.7093  242.7093  0.000000       1.15472       1.15472              0.2282    0.000000    -0.00000     0.00000   -0.000040903   -0.000000026   -0.000000060  241.066683  97650.4944
 174.00   14.9804    3.5535   15.3961  242.8012  242.8012  0.000000       0.99625       0.99625              0.2465    0.000000    -0.00001     0.00000   -0.000043771   -0.000000009   -0.000000044  241.040884  97484.5612
 186.00   15.3307    3.2925   15.6803  242.9018  242.9018  0.000000       0.84502       0.84502              0.2668    0.000000    -0.00001     0.00000   -0.000047184    0.000000011   -0.000000025  241.023593  97318.8951
 198.00   15.6550    2.9941   15.9387  243.0127  243.0127  0.000000       0.70115       0.70115              0.2901    0.000000    -0.00001     0.00000   -0.000051442    0.000000036   -0.000000002  241.016575  97153.5022
 210.00   15.9467    2.6574   16.1666  243.1363  243.1363  0.000000       0.56761       0.56761              0.3172    0.000000    -0.00001     0.00000   -0.000056578    0.000000066    0.000000027  241.021982  96988.3899
 222.00   16.1982    2.2814   16.3581  243.2758  243.2758  0.000000       0.43888       0.43888              0.3506    0.000000    -0.00001     0.00000   -0.000063345    0.000000104    0.000000064  241.043190  96823.5672
 234.00   16.3971    1.8695   16.5033  243.4347  243.4347  0.000000       0.33009       0.33009              0.3906    0.000000    -0.00001     0.00000   -0.000072238    0.000000158    0.000000115  241.083527  96659.0456
 246.00   16.5306    1.4149   16.5911  243.6237  243.6237  0.000000       0.20643       0.20643              0.4548    0.000000    -0.00002     0.00000   -0.000085282    0.000000219    0.000000173  241.153569  96494.8411
 258.00   16.5653    0.9597   16.5931  243.8378  243.8378  0.000000       0.15263       0.15263              0.5089    0.000000    -0.00002     0.00000   -0.000114663    0.000000325    0.000000273  241.248289  96330.9715
 270.00   16.4228    0.4497   16.4289  244.1211  244.1211  0.000000       0.00198       0.00198              1.9685    0.000000     0.00000     0.00000   -0.000102514    0.000009444    0.000006868  241.411447  96167.4675
 282.00   15.0400   -0.0140   15.0400  250.5235  250.5235  0.000000       0.00025       0.00025              3.1881    0.000000    -0.00010     0.00000   -0.000048582    0.000011309    0.000013312  247.624216  96006.3397
 294.00   15.0001   -0.0001   15.0001  251.6759  251.6759  0.000000       0.00000       0.00000           1258.4147    0.000000    -0.00012     0.00000   -0.000001018    0.000004576    0.000004331  248.645899  95847.8512
 306.00   15.0000   -0.0000   15.0000  252.9457  252.9457  0.000000       0.00000       0.00000        3357029.8975    0.000000    -0.00008     0.00000    0.000000000    0.000004220    0.000004078  249.782992  95690.3089
 318.00   15.0000   -0.0000   15.0000  253.7848  253.7848  0.000000       0.00000       0.00000        2499513.1452    0.000000    -0.00007     0.00000    0.000000000    0.000003206    0.000003039  250.494334  95533.6068
 330.00   15.0000   -0.0000   15.0000  254.4982  254.4982  0.000000       0.00000       0.00000        2121081.0945    0.000000    -0.00006     0.00000    0.000000000    0.000002790    0.000002629  251.081142  95377.5660
 342.00   15.0000   -0.0000   15.0000  255.1059  255.1059  0.000000       0.00000       0.00000        1836292.0019    0.000000    -0.00006     0.00000    0.000000000    0.000002453    0.000002295  251.563530  95222.1112
 354.00   15.0000   -0.0000   15.0000  255.6446  255.6446  0.000000       0.00000       0.00000        1631976.9234    0.000000    -0.00005     0.00000    0.000000000    0.000002202    0.000002047  251.977500  95067.1860
 366.00   15.0000    0.0000   15.0000  256.1270  256.1270  0.000000       0.00000       0.00000        1479108.9378    0.000000    -0.00005     0.00000    0.000000000    0.000002009    0.000001856  252.335750  94912.7495
 378.00   15.0000    0.0000   15.0000  256.5718  256.5718  0.000000       0.00000       0.00000        1352106.0658    0.000000    -0.00005     0.00000    0.000000000    0.000001841    0.000001690  252.656744  94758.7711
 390.00   15.0000    0.0000   15.0000  256.9760  256.9760  0.000000       0.00000       0.00000        1251038.0063    0.000000    -0.00005     0.00000    0.000000000    0.000001704    0.000001553  252.937626  94605.2255
 402.00   15.0000    0.0000   15.0000  257.3585  257.3585  0.000000       0.00000       0.00000        1165649.4728    0.000000    -0.00004     0.00000    0.000000000    0.000001584    0.000001435  253.196981  94452.0921
 414.00   15.0000    0.0000   15.0000  257.7102  257.7102  0.000000       0.00000       0.00000        1095242.7379    0.000000    -0.00004     0.00000    0.000000000    0.000001484    0.000001334  253.425748  94299.3538
 426.00   15.0000    0.0000   15.0000  258.0493  258.0493  0.000000       0.00000       0.00000        1037509.2813    0.000000    -0.00004     0.00000    0.000000000    0.000001401    0.000001252  253.642085  94146.9962
 438.00   15.0000    0.0000   15.0000  258.3654  258.3654  0.000000       0.00000       0.00000         982115.8236    0.000000    -0.00004     0.00000    0.000000000    0.000001317    0.000001168  253.835596  93995.0076
 450.00   15.0000    0.0000   15.0000  258.6703  258.6703  0.000000       0.00000       0.00000         935866.5352    0.000000    -0.00004     0.00000    0.000000000    0.000001246    0.000001097  254.018009  93843.3766
 462.00   15.0000    0.0000   15.0000  258.9578  258.9578  0.000000       0.00000       0.00000         891999.4688    0.000000    -0.00004     0.00000    0.000000000    0.000001176    0.000001027  254.183209  93692.0936
 474.00   15.0000    0.0000   15.0000  259.2356  259.2356  0.000000       0.00000       0.00000         855854.1524    0.000000    -0.00004     0.00000    0.000000000    0.000001118    0.000000969  254.338711  93541.1497
 486.00   15.0000    0.0000   15.0000  259.5008  259.5008  0.000000       0.00000       0.00000         821136.1877    0.000000    -0.00004     0.00000    0.000000000    0.000001061    0.000000911  254.481752  93390.5374
 498.00   15.0000    0.0000   15.0000  259.7571  259.7571  0.000000       0.00000       0.00000         791167.7414    0.000000    -0.00004     0.00000    0.000000000    0.000001011    0.000000861  254.615930  93240.2493
 510.00   15.0000    0.0000   15.0000  260.0038  260.0038  0.000000       0.00000       0.00000         763484.9886    0.000000    -0.00004     0.00000    0.000000000    0.000000964    0.000000814  254.740566  93090.2794
 522.00   15.0000    0.0000   15.0000  260.2429  260.2429  0.000000       0.00000       0.00000         738363.5177    0.000000    -0.00004     0.00000    0.000000000    0.000000920    0.000000770  254.857727  92940.6216
 534.00   15.0000    0.0000   15.0000  260.4741  260.4741  0.000000       0.00000       0.00000         716070.5752    0.000000    -0.00004     0.00000    0.000000000    0.000000881    0.000000731  254.966914  92791.2707
 546.00   15.0000    0.0000   15.0000  260.6994  260.6994  0.000000       0.00000       0.00000         695526.6425    0.000000    -0.00004     0.00000    0.000000000    0.000000845    0.000000694  255.070360  92642.2219
 558.00   15.0000    0.0000   15.0000  260.9178  260.9178  0.000000       0.00000       0.00000         676009.8385    0.000000    -0.00004     0.00000    0.000000000    0.000000809    0.000000658  255.166905  92493.4708
 570.00   15.0000    0.0000   15.0000  261.1311  261.1311  0.000000       0.00000       0.00000         656139.2891    0.000000    -0.00004     0.00000    0.000000000    0.000000772    0.000000621  255.258327  92345.0132
 582.00   15.0000    0.0000   15.0000  261.3371  261.3371  0.000000       0.00000       0.00000         638485.6796    0.000000    -0.00004     0.00000    0.000000000    0.000000738    0.000000587  255.342610  92196.8448
 594.00   15.0000    0.0000   15.0000  261.5394  261.5394  0.000000       0.00000       0.00000         622264.0982    0.000000    -0.00004     0.00000    0.000000000    0.000000707    0.000000555  255.423136  92048.9619
 606.00   15.0000    0.0000   15.0000  261.7354  261.7354  0.000000       0.00000       0.00000         606419.2294    0.000000    -0.00004     0.00000    0.000000000    0.000000676    0.000000524  255.497404  91901.3609
 618.00   15.0000    0.0000   15.0000  261.9279  261.9279  0.000000       0.00000       0.00000         592626.4344    0.000000    -0.00004     0.00000    0.000000000    0.000000649    0.000000497  255.568135  91754.0383
 630.00   15.0000    0.0000   15.0000  262.1153  262.1153  0.000000       0.00000       0.00000         578955.5748    0.000000    -0.00004     0.00000    0.000000000    0.000000622    0.000000469  255.633882  91606.9912
 642.00   15.0000    0.0000   15.0000  262.2993  262.2993  0.000000       0.00000       0.00000         567150.8593    0.000000    -0.00004     0.00000    0.000000000    0.000000599    0.000000445  255.696155  91460.2164
 654.00   15.0000    0.0000   15.0000  262.4794  262.4794  0.000000       0.00000       0.00000         556159.3423    0.000000    -0.00004     0.00000    0.000000000    0.000000576    0.000000423  255.754603  91313.7114
 666.00   15.0000    0.0000   15.0000  262.6565  262.6565  0.000000       0.00000       0.00000         546807.9214    0.000000    -0.00004     0.00000    0.000000000    0.000000558    0.000000404  255.810077  91167.4736
 678.00   15.0000    0.0000   15.0000  262.8309  262.8309  0.000000       0.00000       0.00000         537992.5798    0.000000    -0.00004     0.00000    0.000000000    0.000000540    0.000000386  255.862747  91021.5008
 690.00   15.0000    0.0000   15.0000  263.0026  263.0026  0.000000       0.00000       0.00000         530066.0942    0.000000    -0.00004     0.00000    0.000000000    0.000000524    0.000000369  255.912771  90875.7909
 702.00   15.0000    0.0000   15.0000  263.1721  263.1721  0.000000       0.00000       0.00000         522849.6107    0.000000    -0.00004     0.00000    0.000000000    0.000000509    0.000000354  255.960542  90730.3421
 714.00   15.0000    0.0000   15.0000  263.3393  263.3393  0.000000       0.00000       0.00000         516654.5456    0.000000    -0.00004     0.00000    0.000000000    0.000000497    0.000000341  256.006107  90585.1526
 726.00   15.0000    0.0000   15.0000  263.5050  263.5050  0.000000       0.00000       0.00000         511816.8419    0.000000    -0.00004     0.00000    0.000000000    0.000000488    0.000000332  256.050055  90440.2207
 738.00   15.0000    0.0000   15.0000  263.6694  263.6694  0.000000       0.00000       0.00000         508000.7671    0.000000    -0.00004     0.00000    0.000000000    0.000000481    0.000000324  256.092645  90295.5451
 750.00   15.0000    0.0000   15.0000  263.8328  263.8328  0.000000       0.00000       0.00000         505049.5649    0.000000    -0.00004     0.00000    0.000000000    0.000000476    0.000000319  256.134254  90151.1247
 762.00   15.0000    0.0000   15.0000  263.9955  263.9955  0.000000       0.00000       0.00000         503294.2713    0.000000    -0.00004     0.00000    0.000000000    0.000000474    0.000000316  256.175046  90006.9584
 774.00   15.0000    0.0000   15.0000  264.1580  264.1580  0.000000       0.00000       0.00000         501825.6046    0.000000    -0.00004     0.00000    0.000000000    0.000000473    0.000000314  256.215605  89863.0455
 786.00   15.0000    0.0000   15.0000  264.3199  264.3199  0.000000       0.00000       0.00000         501169.6986    0.000000    -0.00004     0.00000    0.000000000    0.000000474    0.000000314  256.255525  89719.3853
 798.00   15.0000    0.0000   15.0000  264.4822  264.4822  0.000000       0.00000       0.00000         502169.0380    0.000000    -0.00004     0.00000    0.000000000    0.000000479    0.000000319  256.295722  89575.9771
 810.00   15.0000    0.0000   15.0000  264.6450  264.6450  0.000000       0.00000       0.00000         504317.0819    0.000000    -0.00004     0.00000    0.000000000    0.000000487    0.000000326  256.336318  89432.8207
 822.00   15.0000    0.0000   15.0000  264.8088  264.8088  0.000000       0.00000       0.00000         508012.1148    0.000000    -0.00004     0.00000    0.000000000    0.000000499    0.000000337  256.377912  89289.9160
 834.00   15.0000    0.0000   15.0000  264.9742  264.9742  0.000000       0.00000       0.00000         514181.3803    0.000000    -0.00004     0.00000    0.000000000    0.000000517    0.000000354  256.420878  89147.2631
 846.00   15.0000    0.0000   15.0000  265.1423  265.1423  0.000000       0.00000       0.00000         523151.6188    0.000000    -0.00005     0.00000    0.000000000    0.000000544    0.000000379  256.466397  89004.8627
 858.00   15.0000    0.0000   15.0000  265.3137  265.3137  0.000000       0.00000       0.00000         534548.7439    0.000000    -0.00005     0.00000    0.000000000    0.000000576    0.000000410  256.515051  88862.7159
 870.00   15.0000    0.0000   15.0000  265.4894  265.4894  0.000000       0.00000       0.00000         552105.4244    0.000000    -0.00005     0.00000    0.000000000    0.000000626    0.000000457  256.567786  88720.8241
 882.00   15.0000    0.0000   15.0000  265.6724  265.6724  0.000000       0.00000       0.00000         569359.8814    0.000000    -0.00005     0.00000    0.000000000    0.000000675    0.000000505  256.627532  88579.1898
 894.00   15.0000    0.0000   15.0000  265.8596  265.8596  0.000000       0.00000       0.00000         601932.2027    0.000000    -0.00006     0.00000    0.000000000    0.000000766    0.000000593  256.691186  88437.8157
 906.00   15.0000    0.0000   15.0000  266.0641  266.0641  0.000000       0.00000       0.00000         621874.8120    0.000000    -0.00006     0.00000    0.000000000    0.000000825    0.000000650  256.771480  88296.7067
 918.00   15.0000    0.0000   15.0000  266.2645  266.2645  0.000000       0.00000       0.00000         692108.5205    0.000000    -0.00007     0.00000    0.000000000    0.000001023    0.000000840  256.847788  88155.8658
 930.00   15.0000    0.0000   15.0000  266.5151  266.5151  0.000000       0.00000       0.00000         702929.7766    0.000000    -0.00006     0.00000    0.000000000    0.000001061    0.000000879  256.972335  88015.3044
 942.00   15.0000    0.0000   15.0000  266.7230  266.7230  0.000000       0.00000       0.00000         880525.5707    0.000000    -0.00011     0.00000    0.000000000    0.000001567    0.000001362  257.055680  87875.0239
 954.00   15.0000    0.0000   15.0000  267.0898  267.0898  0.000000       0.00000       0.00000         849012.0282    0.000000    -0.00006     0.00000    0.000000000    0.000001493    0.000001305  257.292051  87735.0539
 966.00   15.0000    0.0000   15.0000  267.2779  267.2779  0.000000       0.00000       0.00000        1299464.6479    0.000000    -0.00020     0.00000    0.000000000    0.000002828    0.000002555  257.356137  87595.3884
 978.00   15.0000    0.0000   15.0000  267.9398  267.9398  0.000000       0.00000       0.00000        1207680.8137    0.000000    -0.00004     0.00000    0.000000000    0.000002584    0.000002405  257.876209  87456.1030
 990.00   15.0000    0.0000   15.0000  268.0699  268.0699  0.000000       0.00000       0.00000        3160036.3678    0.000000    -0.00060     0.00000    0.000000000    0.000008946    0.000008035  257.884243  87317.1816
1002.00   15.0000    0.0000   15.0000  270.0130  270.0130  0.000000       0.00000       0.00000        3058543.5825    0.000000    -0.00002     0.00000    0.000000000    0.000008698    0.000008910  259.636014  87178.9502
1014.00   15.0000    0.0000   15.0000  270.0910  270.0910  0.000000       0.00000       0.00000         236005.2723    0.000000    -0.00002     0.00000    0.000000000   -0.000000242   -0.000000438  259.593905  87041.3937
1026.00   15.0000    0.0000   15.0000  270.1690  270.1690  0.000000       0.00000       0.00000         235937.1356    0.000000    -0.00002     0.00000    0.000000000   -0.000000242   -0.000000438  259.551763  86904.0319
1038.00   15.0000    0.0000   15.0000  270.2470  270.2470  0.000000       0.00000       0.00000         235869.0383    0.000000    -0.00003     0.00000    0.000000000   -0.000000242   -0.000000438  259.509587  86766.8647
1050.00   15.0000    0.0000   15.0000  270.3250  270.3250  0.000000       0.00000       0.00000         235800.9803    0.000000    -0.00003     0.00000    0.000000000   -0.000000242   -0.000000437  259.467378  86629.8917
1062.00   15.0000    0.0000   15.0000  270.4030  270.4030  0.000000       0.00000       0.00000         235732.9615    0.000000    -0.00003     0.00000    0.000000000   -0.000000242   -0.000000437  259.425134  86493.1127
1074.00   15.0000    0.0000   15.0000  270.4810  270.4810  0.000000       0.00000       0.00000         235664.9820    0.000000    -0.00003     0.00000    0.000000000   -0.000000242   -0.000000437  259.382857  86356.5274
1086.00   15.0000    0.0000   15.0000  270.5590  270.5590  0.000000       0.00000       0.00000         235597.0417    0.000000    -0.00003     0.00000    0.000000000   -0.000000242   -0.000000436  259.340546  86220.1356
1098.00   15.0000    0.0000   15.0000  270.6370  270.6370  0.000000       0.00000       0.00000         235529.1405    0.000000    -0.00003     0.00000    0.000000000   -0.000000242   -0.000000436  259.298201  86083.9370
1110.00   15.0000    0.0000   15.0000  270.7150  270.7150  0.000000       0.00000       0.00000         235461.2785    0.000000    -0.00003     0.00000    0.000000000   -0.000000242   -0.000000436  259.255823  85947.9313
1122.00   15.0000    0.0000   15.0000  270.7930  270.7930  0.000000       0.00000       0.00000         235393.4555    0.000000    -0.00003     0.00000    0.000000000   -0.000000242   -0.000000435  259.213410  85812.1184
1134.00   15.0000    0.0000   15.0000  270.8710  270.8710  0.000000       0.00000       0.00000         235325.6716    0.000000    -0.00003     0.00000    0.000000000   -0.000000243   -0.000000435  259.170964  85676.4978
1146.00   15.0000    0.0000   15.0000  270.9490  270.9490  0.000000       0.00000       0.00000         235257.9268    0.000000    -0.00003     0.00000    0.000000000   -0.000000243   -0.000000435  259.128485  85541.0695
1158.00   15.0000    0.0000   15.0000  271.0270  271.0270  0.000000       0.00000       0.00000         235190.2209    0.000000    -0.00003     0.00000    0.000000000   -0.000000243   -0.000000434  259.085971  85405.8330
1170.00   15.0000    0.0000   15.0000  271.1050  271.1050  0.000000       0.00000       0.00000         235122.5540    0.000000    -0.00003     0.00000    0.000000000   -0.000000243   -0.000000434  259.043424  85270.7882
1182.00   15.0000    0.0000   15.0000  271.1830  271.1830  0.000000       0.00000       0.00000         235054.9260    0.000000    -0.00003     0.00000    0.000000000   -0.000000243   -0.000000434  259.000843  85135.9348
1194.00   15.0000    0.0000   15.0000  271.2610  271.2610  0.000000       0.00000       0.00000         234987.3369    0.000000    -0.00003     0.00000    0.000000000   -0.000000243   -0.000000433  258.958229  85001.2725
1206.00   15.0000    0.0000   15.0000  271.3390  271.3390  0.000000       0.00000       0.00000         234919.7867    0.000000    -0.00003     0.00000    0.000000000   -0.000000243   -0.000000433  258.915580  84866.8011
1218.00   15.0000    0.0000   15.0000  271.4170  271.4170  0.000000       0.00000       0.00000         234852.2753    0.000000    -0.00003     0.00000    0.000000000   -0.000000243   -0.000000433  258.872899  84732.5204
1230.00   15.0000    0.0000   15.0000  271.4950  271.4950  0.000000       0.00000       0.00000         234784.8027    0.000000    -0.00003     0.00000    0.000000000   -0.000000243   -0.000000432  258.830183  84598.4300
1242.00   15.0000    0.0000   15.0000  271.5730  271.5730  0.000000       0.00000       0.00000         234717.3688    0.000000    -0.00003     0.00000    0.000000000   -0.000000243   -0.000000432  258.787434  84464.5297
1254.00   15.0000    0.0000   15.0000  271.6510  271.6510  0.000000       0.00000       0.00000         234649.9737    0.000000    -0.00003     0.00000    0.000000000   -0.000000243   -0.000000432  258.744651  84330.8193
1266.00   15.0000    0.0000   15.0000  271.7290  271.7290  0.000000       0.00000       0.00000         234582.6172    0.000000    -0.00003     0.00000    0.000000000   -0.000000243   -0.000000431  258.701835  84197.2984
1278.00   15.0000    0.0000   15.0000  271.8070  271.8070  0.000000       0.00000       0.00000         234515.2995    0.000000    -0.00003     0.00000    0.000000000   -0.000000243   -0.000000431  258.658985  84063.9670
1290.00   15.0000    0.0000   15.0000  271.8850  271.8850  0.000000       0.00000       0.00000         234448.0203    0.000000    -0.00003     0.00000    0.000000000   -0.000000243   -0.000000431  258.616101  83930.8246
1302.00   15.0000    0.0000   15.0000  271.9630  271.9630  0.000000       0.00000       0.00000         234380.7797    0.000000    -0.00003     0.00000    0.000000000   -0.000000243   -0.000000430  258.573184  83797.8710
1314.00   15.0000    0.0000   15.0000  272.0410  272.0410  0.000000       0.00000       0.00000         234313.5777    0.000000    -0.00003     0.00000    0.000000000   -0.000000243   -0.000000430  258.530233  83665.1061
1326.00   15.0000    0.0000   15.0000  272.1190  272.1190  0.000000       0.00000       0.00000         234246.4143    0.000000    -0.00003     0.00000    0.000000000   -0.000000243   -0.000000429  258.487249  83532.5294
1338.00   15.0000    0.0000   15.0000  272.1970  272.1970  0.000000       0.00000       0.00000         234179.2893    0.000000    -0.00003     0.00000    0.000000000   -0.000000243   -0.000000429  258.444231  83400.1409
1350.00   15.0000    0.0000   15.0000  272.2750  272.2750  0.000000       0.00000       0.00000         234112.2027    0.000000    -0.00003     0.00000    0.000000000   -0.000000243   -0.000000429  258.401180  83267.9402
1362.00   15.0000    0.0000   15.0000  272.3530  272.3530  0.000000       0.00000       0.00000         234045.1546    0.000000    -0.00003     0.00000    0.000000000   -0.000000243   -0.000000428  258.358094  83135.9270
1374.00   15.0000    0.0000   15.0000  272.4310  272.4310  0.000000       0.00000       0.00000         233978.1449    0.000000    -0.00003     0.00000    0.000000000   -0.000000243   -0.000000428  258.314976  83004.1012
1386.00   15.0000    0.0000   15.0000  272.5090  272.5090  0.000000       0.00000       0.00000         233911.1736    0.000000    -0.00003     0.00000    0.000000000   -0.000000243   -0.000000428  258.271824  82872.4624
1398.00   15.0000    0.0000   15.0000  272.5870  272.5870  0.000000       0.00000       0.00000         233844.2406    0.000000    -0.00003     0.00000    0.000000000   -0.000000243   -0.000000427  258.228638  82741.0105
1410.00   15.0000    0.0000   15.0000  272.6650  272.6650  0.000000       0.00000       0.00000         233777.3458    0.000000    -0.00003     0.00000    0.000000000   -0.000000243   -0.000000427  258.185419  82609.7451
1422.00   15.0000    0.0000   15.0000  272.7430  272.7430  0.000000       0.00000       0.00000         233710.4894    0.000000    -0.00003     0.00000    0.000000000   -0.000000243   -0.000000426  258.142167  82478.6660
1434.00   15.0000    0.0000   15.0000  272.8210  272.8210  0.000000       0.00000       0.00000         233643.6711    0.000000    -0.00003     0.00000    0.000000000   -0.000000243   -0.000000426  258.098881  82347.7730
1446.00   15.0000    0.0000   15.0000  272.8990  272.8990  0.000000       0.00000       0.00000         233576.8911    0.000000    -0.00004     0.00000    0.000000000   -0.000000243   -0.000000426  258.055561  82217.0658
1458.00   15.0000    0.0000   15.0000  272.9770  272.9770  0.000000       0.00000       0.00000         233510.1492    0.000000    -0.00004     0.00000    0.000000000   -0.000000243   -0.000000425  258.012208  82086.5442
1470.00   15.0000    0.0000   15.0000  273.0550  273.0550  0.000000       0.00000       0.00000         233443.4455    0.000000    -0.00004     0.00000    0.000000000   -0.000000243   -0.000000425  257.968821  81956.2079
1482.00   15.0000    0.0000   15.0000  273.1330  273.1330  0.000000       0.00000       0.00000         233376.7798    0.000000    -0.00004     0.00000    0.000000000   -0.000000243   -0.000000425  257.925402  81826.0567
1494.00   15.0000    0.0000   15.0000  273.2110  273.2110  0.000000       0.00000       0.00000         233310.1522    0.000000    -0.00004     0.00000    0.000000000   -0.000000243   -0.000000424  257.881948  81696.0903
1506.00   15.0000    0.0000   15.0000  273.2890  273.2890  0.000000       0.00000       0.00000         233243.5627    0.000000    -0.00004     0.00000    0.000000000   -0.000000243   -0.000000424  257.838461  81566.3084
1518.00   15.0000    0.0000   15.0000  273.3670  273.3670  0.000000       0.00000       0.00000         233177.0111    0.000000    -0.00004     0.00000    0.000000000   -0.000000243   -0.000000423  257.794941  81436.7109
1530.00   15.0000    0.0000   15.0000  273.4450  273.4450  0.000000       0.00000       0.00000         233110.4975    0.000000    -0.00004     0.00000    0.000000000   -0.000000242   -0.000000423  257.751388  81307.2975
1542.00   15.0000    0.0000   15.0000  273.5230  273.5230  0.000000       0.00000       0.00000         233044.0219    0.000000    -0.00004     0.00000    0.000000000   -0.000000242   -0.000000423  257.707801  81178.0679
1554.00   15.0000    0.0000   15.0000  273.6010  273.6010  0.000000       0.00000       0.00000         232977.5841    0.000000    -0.00004     0.00000    0.000000000   -0.000000242   -0.000000422  257.664180  81049.0218
1566.00   15.0000    0.0000   15.0000  273.6790  273.6790  0.000000       0.00000       0.00000         232911.1843    0.000000    -0.00004     0.00000    0.000000000   -0.000000242   -0.000000422  257.620526  80920.1591
1578.00   15.0000    0.0000   15.0000  273.7570  273.7570  0.000000       0.00000       0.00000         232844.8222    0.000000    -0.00004     0.00000    0.000000000   -0.000000242   -0.000000421  257.576839  80791.4795
1590.00   15.0000    0.0000   15.0000  273.8350  273.8350  0.000000       0.00000       0.00000         232778.4980    0.000000    -0.00004     0.00000    0.000000000   -0.000000242   -0.000000421  257.533119  80662.9828
1602.00   15.0000    0.0000   15.0000  273.9130  273.9130  0.000000       0.00000       0.00000         232712.2115    0.000000    -0.00004     0.00000    0.000000000   -0.000000242   -0.000000421  257.489365  80534.6686
1614.00   15.0000    0.0000   15.0000  273.9910  273.9910  0.000000       0.00000       0.00000         232645.9628    0.000000    -0.00004     0.00000    0.000000000   -0.000000242   -0.000000420  257.445578  80406.5368
1626.00   15.0000    0.0000   15.0000  274.0690  274.0690  0.000000       0.00000       0.00000         232579.7518    0.000000    -0.00004     0.00000    0.000000000   -0.000000242   -0.000000420  257.401757  80278.5871
1638.00   15.0000    0.0000   15.0000  274.1470  274.1470  0.000000       0.00000       0.00000         232513.5785    0.000000    -0.00004     0.00000    0.000000000   -0.000000242   -0.000000419  257.357903  80150.8193
1650.00   15.0000    0.0000   15.0000  274.2250  274.2250  0.000000       0.00000       0.00000         232447.4428    0.000000    -0.00004     0.00000    0.000000000   -0.000000242   -0.000000419  257.314016  80023.2330
1662.00   15.0000    0.0000   15.0000  274.3030  274.3030  0.000000       0.00000       0.00000         232381.3447    0.000000    -0.00004     0.00000    0.000000000   -0.000000242   -0.000000419  257.270095  79895.8282
1674.00   15.0000    0.0000   15.0000  274.3810  274.3810  0.000000       0.00000       0.00000         232315.2842    0.000000    -0.00004     0.00000    0.000000000   -0.000000242   -0.000000418  257.226142  79768.6045
1686.00   15.0000    0.0000   15.0000  274.4590  274.4590  0.000000       0.00000       0.00000         232249.2613    0.000000    -0.00004     0.00000    0.000000000   -0.000000242   -0.000000418  257.182154  79641.5617
1698.00   15.0000    0.0000   15.0000  274.5370  274.5370  0.000000       0.00000       0.00000         232183.2758    0.000000    -0.00004     0.00000    0.000000000   -0.000000242   -0.000000417  257.138134  79514.6995
1710.00   15.0000    0.0000   15.0000  274.6150  274.6150  0.000000       0.00000       0.00000         232117.3279    0.000000    -0.00004     0.00000    0.000000000   -0.000000242   -0.000000417  257.094080  79388.0177
1722.00   15.0000    0.0000   15.0000  274.6930  274.6930  0.000000       0.00000       0.00000         232051.4174    0.000000    -0.00004     0.00000    0.000000000   -0.000000242   -0.000000416  257.049994  79261.5161
1734.00   15.0000    0.0000   15.0000  274.7710  274.7710  0.000000       0.00000       0.00000         231985.5443    0.000000    -0.00004     0.00000    0.000000000   -0.000000242   -0.000000416  257.005873  79135.1944
1746.00   15.0000    0.0000   15.0000  274.8490  274.8490  0.000000       0.00000       0.00000         231919.7086    0.000000    -0.00004     0.00000    0.000000000   -0.000000242   -0.000000416  256.961720  79009.0524
1758.00   15.0000    0.0000   15.0000  274.9270  274.9270  0.000000       0.00000       0.00000         231853.9103    0.000000    -0.00004     0.00000    0.000000000   -0.000000242   -0.000000415  256.917533  78883.0899
1770.00   15.0000    0.0000   15.0000  275.0050  275.0050  0.000000       0.00000       0.00000         231788.1493    0.000000    -0.00004     0.00000    0.000000000   -0.000000242   -0.000000415  256.873314  78757.3065
1782.00   15.0000    0.0000   15.0000  275.0830  275.0830  0.000000       0.00000       0.00000         231722.4256    0.000000    -0.00004     0.00000    0.000000000   -0.000000242   -0.000000414  256.829060  78631.7021
1794.00   15.0000    0.0000   15.0000  275.1610  275.1610  0.000000       0.00000       0.00000         231656.7391    0.000000    -0.00004     0.00000    0.000000000   -0.000000242   -0.000000414  256.784774  78506.2764
1806.00   15.0000    0.0000   15.0000  275.2390  275.2390  0.000000       0.00000       0.00000         231591.0899    0.000000    -0.00004     0.00000    0.000000000   -0.000000242   -0.000000413  256.740455  78381.0292
1818.00   15.0000    0.0000   15.0000  275.3170  275.3170  0.000000       0.00000       0.00000         231525.4779    0.000000    -0.00004     0.00000    0.000000000   -0.000000241   -0.000000413  256.696102  78255.9602
1830.00   15.0000    0.0000   15.0000  275.3950  275.3950  0.000000       0.00000       0.00000         231459.9030    0.000000    -0.00004     0.00000    0.000000000   -0.000000241   -0.000000413  256.651716  78131.0692
1842.00   15.0000    0.0000   15.0000  275.4730  275.4730  0.000000       0.00000       0.00000         231394.3653    0.000000    -0.00004     0.00000    0.000000000   -0.000000241   -0.000000412  256.607297  78006.3560
1854.00   15.0000    0.0000   15.0000  275.5510  275.5510  0.000000       0.00000       0.00000         231328.8647    0.000000    -0.00005     0.00000    0.000000000   -0.000000241   -0.000000412  256.562845  77881.8203
1866.00   15.0000    0.0000   15.0000  275.6290  275.6290  0.000000       0.00000       0.00000         231263.4012    0.000000    -0.00005     0.00000    0.000000000   -0.000000241   -0.000000411  256.518360  77757.4619
1878.00   15.0000    0.0000   15.0000  275.7070  275.7070  0.000000       0.00000       0.00000         231197.9747    0.000000    -0.00005     0.00000    0.000000000   -0.000000241   -0.000000411  256.473842  77633.2805
1890.00   15.0000    0.0000   15.0000  275.7850  275.7850  0.000000       0.00000       0.00000         231132.5852    0.000000    -0.00005     0.00000    0.000000000   -0.000000241   -0.000000410  256.429290  77509.2759
1902.00   15.0000    0.0000   15.0000  275.8630  275.8630  0.000000       0.00000       0.00000         231067.2326    0.000000    -0.00005     0.00000    0.000000000   -0.000000241   -0.000000410  256.384705  77385.4479
1914.00   15.0000    0.0000   15.0000  275.9410  275.9410  0.000000       0.00000       0.00000         231001.9171    0.000000    -0.00005     0.00000    0.000000000   -0.000000241   -0.000000410  256.340088  77261.7963
1926.00   15.0000    0.0000   15.0000  276.0190  276.0190  0.000000       0.00000       0.00000         230936.6384    0.000000    -0.00005     0.00000    0.000000000   -0.000000241   -0.000000409  256.295437  77138.3207
1938.00   15.0000    0.0000   15.0000  276.0970  276.0970  0.000000       0.00000       0.00000         230871.3966    0.000000    -0.00005     0.00000    0.000000000   -0.000000241   -0.000000409  256.250753  77015.0210
1950.00   15.0000    0.0000   15.0000  276.1750  276.1750  0.000000       0.00000       0.00000         230806.1917    0.000000    -0.00005     0.00000    0.000000000   -0.000000241   -0.000000408  256.206036  76891.8969
1962.00   15.0000    0.0000   15.0000  276.2530  276.2530  0.000000       0.00000       0.00000         230741.0236    0.000000    -0.00005     0.00000    0.000000000   -0.000000241   -0.000000408  256.161286  76768.9483
1974.00   15.0000    0.0000   15.0000  276.3310  276.3310  0.000000       0.00000       0.00000         230675.8923    0.000000    -0.00005     0.00000    0.000000000   -0.000000241   -0.000000407  256.116503  76646.1747
1986.00   15.0000    0.0000   15.0000  276.4090  276.4090  0.000000       0.00000       0.00000         230610.7978    0.000000    -0.00005     0.00000    0.000000000   -0.000000240   -0.000000407  256.071686  76523.5761
1998.00   15.0000    0.0000   15.0000  276.4870  276.4870  0.000000       0.00000       0.00000         230545.7399    0.000000    -0.00005     0.00000    0.000000000   -0.000000240   -0.000000406  256.026837  76401.1522
2010.00   15.0000    0.0000   15.0000  276.5650  276.5650  0.000000       0.00000       0.00000         230480.7188    0.000000    -0.00005     0.00000    0.000000000   -0.000000240   -0.000000406  255.981955  76278.9028
2022.00   15.0000    0.0000   15.0000  276.6430  276.6430  0.000000       0.00000       0.00000         230415.7344    0.000000    -0.00005     0.00000    0.000000000   -0.000000240   -0.000000406  255.937040  76156.8275
2034.00   15.0000    0.0000   15.0000  276.7210  276.7210  0.000000       0.00000       0.00000         230350.7865    0.000000    -0.00005     0.00000    0.000000000   -0.000000240   -0.000000405  255.892091  76034.9263
2046.00   15.0000    0.0000   15.0000  276.7990  276.7990  0.000000       0.00000       0.00000         230285.8753    0.000000    -0.00005     0.00000    0.000000000   -0.000000240   -0.000000405  255.847110  75913.1988
2058.00   15.0000    0.0000   15.0000  276.8770  276.8770  0.000000       0.00000       0.00000         230221.0007    0.000000    -0.00005     0.00000    0.000000000   -0.000000240   -0.000000404  255.802096  75791.6448
2070.00   15.0000    0.0000   15.0000  276.9550  276.9550  0.000000       0.00000       0.00000         230156.1626    0.000000    -0.00005     0.00000    0.000000000   -0.000000240   -0.000000404  255.757048  75670.2641
2082.00   15.0000    0.0000   15.0000  277.0330  277.0330  0.000000       0.00000       0.00000         230091.3610    0.000000    -0.00005     0.00000    0.000000000   -0.000000240   -0.000000403  255.711968  75549.0564
2094.00   15.0000    0.0000   15.0000  277.1110  277.1110  0.000000       0.00000       0.00000         230026.5958    0.000000    -0.00005     0.00000    0.000000000   -0.000000240   -0.000000403  255.666855  75428.0216
2106.00   15.0000    0.0000   15.0000  277.1890  277.1890  0.000000       0.00000       0.00000         229961.8672    0.000000    -0.00005     0.00000    0.000000000   -0.000000240   -0.000000402  255.621708  75307.1594
2118.00   15.0000    0.0000   15.0000  277.2670  277.2670  0.000000       0.00000       0.00000         229897.1749    0.000000    -0.00005     0.00000    0.000000000   -0.000000239   -0.000000402  255.576529  75186.4695
2130.00   15.0000    0.0000   15.0000  277.3450  277.3450  0.000000       0.00000       0.00000         229832.5191    0.000000    -0.00005     0.00000    0.000000000   -0.000000239   -0.000000401  255.531317  75065.9517
2142.00   15.0000    0.0000   15.0000  277.4230  277.4230  0.000000       0.00000       0.00000         229767.8996    0.000000    -0.00005     0.00000    0.000000000   -0.000000239   -0.000000401  255.486072  74945.6059
2154.00   15.0000    0.0000   15.0000  277.5010  277.5010  0.000000       0.00000       0.00000         229703.3164    0.000000    -0.00005     0.00000    0.000000000   -0.000000239   -0.000000401  255.440794  74825.4317
2166.00   15.0000    0.0000   15.0000  277.5790  277.5790  0.000000       0.00000       0.00000         229638.7695    0.000000    -0.00005     0.00000    0.000000000   -0.000000239   -0.000000400  255.395483  74705.4290
2178.00   15.0000    0.0000   15.0000  277.6570  277.6570  0.000000       0.00000       0.00000         229574.2589    0.000000    -0.00005     0.00000    0.000000000   -0.000000239   -0.000000400  255.350140  74585.5974
2190.00   15.0000    0.0000   15.0000  277.7350  277.7350  0.000000       0.00000       0.00000         229509.7845    0.000000    -0.00005     0.00000    0.000000000   -0.000000239   -0.000000399  255.304763  74465.9369
2202.00   15.0000    0.0000   15.0000  277.8130  277.8130  0.000000       0.00000       0.00000         229445.3463    0.000000    -0.00005     0.00000    0.000000000   -0.000000239   -0.000000399  255.259353  74346.4471
2214.00   15.0000    0.0000   15.0000  277.8910  277.8910  0.000000       0.00000       0.00000         229380.9443    0.000000    -0.00005     0.00000    0.000000000   -0.000000239   -0.000000398  255.213911  74227.1278
2226.00   15.0000    0.0000   15.0000  277.9690  277.9690  0.000000       0.00000       0.00000         229316.5785    0.000000    -0.00005     0.00000    0.000000000   -0.000000239   -0.000000398  255.168436  74107.9788
2238.00   15.0000    0.0000   15.0000  278.0470  278.0470  0.000000       0.00000       0.00000         229252.2487    0.000000    -0.00005     0.00000    0.000000000   -0.000000238   -0.000000397  255.122927  73988.9999
2250.00   15.0000    0.0000   15.0000  278.1250  278.1250  0.000000       0.00000       0.00000         229187.9551    0.000000    -0.00005     0.00000    0.000000000   -0.000000238   -0.000000397  255.077386  73870.1908
2262.00   15.0000    0.0000   15.0000  278.2030  278.2030  0.000000       0.00000       0.00000         229123.6974    0.000000    -0.00006     0.00000    0.000000000   -0.000000238   -0.000000396  255.031813  73751.5513
2274.00   15.0000    0.0000   15.0000  278.2810  278.2810  0.000000       0.00000       0.00000         229059.4759    0.000000    -0.00006     0.00000    0.000000000   -0.000000238   -0.000000396  254.986206  73633.0812
2286.00   15.0000    0.0000   15.0000  278.3590  278.3590  0.000000       0.00000       0.00000         228995.2903    0.000000    -0.00006     0.00000    0.000000000   -0.000000238   -0.000000395  254.940566  73514.7802
2298.00   15.0000    0.0000   15.0000  278.4370  278.4370  0.000000       0.00000       0.00000         228931.1406    0.000000    -0.00006     0.00000    0.000000000   -0.000000238   -0.000000395  254.894894  73396.6482
2310.00   15.0000    0.0000   15.0000  278.5150  278.5150  0.000000       0.00000       0.00000         228867.0269    0.000000    -0.00006     0.00000    0.000000000   -0.000000238   -0.000000394  254.849189  73278.6849
2322.00   15.0000    0.0000   15.0000  278.5930  278.5930  0.000000       0.00000       0.00000         228802.9491    0.000000    -0.00006     0.00000    0.000000000   -0.000000238   -0.000000394  254.803451  73160.8901
2334.00   15.0000    0.0000   15.0000  278.6710  278.6710  0.000000       0.00000       0.00000         228738.9072    0.000000    -0.00006     0.00000    0.000000000   -0.000000238   -0.000000393  254.757680  73043.2635
2346.00   15.0000    0.0000   15.0000  278.7490  278.7490  0.000000       0.00000       0.00000         228674.9011    0.000000    -0.00006     0.00000    0.000000000   -0.000000237   -0.000000393  254.711877  72925.8049
2358.00   15.0000    0.0000   15.0000  278.8270  278.8270  0.000000       0.00000       0.00000         228610.9308    0.000000    -0.00006     0.00000    0.000000000   -0.000000237   -0.000000392  254.666041  72808.5142
2370.00   15.0000    0.0000   15.0000  278.9050  278.9050  0.000000       0.00000       0.00000         228546.9963    0.000000    -0.00006     0.00000    0.000000000   -0.000000237   -0.000000392  254.620172  72691.3910
2382.00   15.0000    0.0000   15.0000  278.9830  278.9830  0.000000       0.00000       0.00000              0.0000    0.000000    -0.00006     0.00000    0.000000000    0.000000000    0.000000000  254.574270  72574.4352
2394.00   15.0000    0.0000   15.0000  279.0610  279.0610  0.000000       0.00000       0.00000              0.0000    0.000000     0.00000     0.00000    0.000000000    0.000000000    0.000000000  254.528336  72457.6465
