   0.00    0.0000    0.0000    0.0000  250.0601  250.0601  0.000000       0.00000       0.00000              0.0000    0.000000     0.00000     0.00000    0.000000000    0.000000000    0.000000000    0.000000      0.0000
   6.00    6.6772    3.9536    7.7599  252.6628  252.6628  0.000000       0.54803       0.54803              0.0000    0.000000     0.00000     0.00000   -0.000070423    0.000000000    0.000000000  252.575121  99878.4138
  18.00    7.8748    4.5249    9.0822  252.9932  252.9932  0.000000       1.33451       1.33451              0.1072    0.000000    -0.00000     0.00000   -0.000086019    0.000000000    0.000000000  252.758916  99675.9932
  30.00    8.7196    4.8415    9.9735  253.2342  253.2342  0.000000       1.14350       1.14350              0.1464    0.000000    -0.00000     0.00000   -0.000106017    0.000000800    0.000000677  252.882577  99514.4948
  42.00    9.5409    5.0678   10.8033  253.4770  253.4770  0.000000       1.19091       1.19091              0.1684    0.000000    -0.00000     0.00000   -0.000117035    0.000000788    0.000000665  253.007851  99353.3374
  54.00   10.3001    5.2024   11.5394  253.7109  253.7109  0.000000       1.08742       1.08742              0.1930    0.000000    -0.00000     0.00000   -0.000126100    0.000000782    0.000000658  253.124206  99192.5177
  66.00   11.0345    5.2589   12.2235  253.9486  253.9486  0.000000       1.00244       1.00244              0.2144    0.000000    -0.00000     0.00000   -0.000134137    0.000000812    0.000000686  253.244160  99032.0332
  78.00   11.7388    5.2389   12.8548  254.1901  254.1901  0.000000       0.89357       0.89357              0.2364    0.000000    -0.00001     0.00000   -0.000140956    0.000000852    0.000000723  253.367913  98871.8854
  90.00   12.4148    5.1431   13.4380  254.4385  254.4385  0.000000       0.78718       0.78718              0.2582    0.000000    -0.00001     0.00000   -0.000146361    0.000000903    0.000000771  253.498311  98712.0766
 102.00   13.0555    4.9712   13.9699  254.6940  254.6940  0.000000       0.68119       0.68119              0.2807    0.000000    -0.00001     0.00000   -0.000149868    0.000000957    0.000000823  253.635775  98552.6104
 114.00   13.6522    4.7237   14.4463  254.9571  254.9571  0.000000       0.58132       0.58132              0.3040    0.000000    -0.00001     0.00000   -0.000150883    0.000001011    0.000000875  253.780565  98393.4903
 126.00   14.1933    4.4028   14.8605  255.2268  255.2268  0.000000       0.48881       0.48881              0.3284    0.000000    -0.00001     0.00000   -0.000148729    0.000001060    0.000000921  253.931878  98234.7196
 138.00   14.6650    4.0143   15.2045  255.5016  255.5016  0.000000       0.40544       0.40544              0.3541    0.000000    -0.00001     0.00000   -0.000142808    0.000001099    0.000000957  254.088182  98076.3010
 150.00   15.0536    3.5678   15.4706  255.7794  255.7794  0.000000       0.33154       0.33154              0.3812    0.000000    -0.00001     0.00000   -0.000132787    0.000001122    0.000000979  254.247185  97918.2360
 162.00   15.3468    3.0782   15.6524  256.0571  256.0571  0.000000       0.26767       0.26767              0.4099    0.000000    -0.00001     0.00000   -0.000118870    0.000001131    0.000000986  254.406080  97760.5242
 174.00   15.5370    2.5640   15.7471  256.3328  256.3328  0.000000       0.21174       0.21174              0.4415    0.000000    -0.00001     0.00000   -0.000102345    0.000001128    0.000000982  254.562849  97603.1640
 186.00   15.6232    2.0470   15.7567  256.6052  256.6052  0.000000       0.16532       0.16532              0.4766    0.000000    -0.00002     0.00000   -0.000085056    0.000001141    0.000000993  254.716193  97446.1527
 198.00   15.6121    1.5402   15.6879  256.8805  256.8805  0.000000       0.11885       0.11885              0.5254    0.000000    -0.00002     0.00000   -0.000071202    0.000001185    0.000001034  254.872248  97289.4891
 210.00   15.5171    1.0679   15.5538  257.1615  257.1615  0.000000       0.08653       0.08653              0.5835    0.000000    -0.00002     0.00000   -0.000060660    0.000001443    0.000001281  255.033889  97133.1748
 222.00   15.3349    0.5876   15.3462  257.5080  257.5080  0.000000       0.02959       0.02959              0.8209    0.000000     0.00000     0.00000   -0.000060904    0.000003149    0.000002899  255.260433  96977.2301
 234.00   15.0409    0.0656   15.0410  258.2673  258.2673  0.000000       0.00032       0.00032              2.4014    0.000000    -0.00003     0.00000   -0.000078345    0.000003570    0.000003395  255.895864  96821.7979
 246.00   15.0000    0.0000   15.0000  258.7129  258.7129  0.000000       0.00000       0.00000            119.3075    0.000000    -0.00003     0.00000   -0.000000488    0.000002141    0.000001963  256.220054  96666.9056
 258.00   15.0000   -0.0000   15.0000  259.0495  259.0495  0.000000       0.00000       0.00000        1049196.9479    0.000000    -0.00003     0.00000   -0.000000000    0.000001755    0.000001576  256.436212  96512.4240
 270.00   15.0000   -0.0000   15.0000  259.3797  259.3797  0.000000       0.00000       0.00000        1037927.5938    0.000000    -0.00003     0.00000    0.000000000    0.000001755    0.000001573  256.645949  96358.3172
 282.00   15.0000   -0.0000   15.0000  259.7083  259.7083  0.000000       0.00000       0.00000        1032879.9846    0.000000    -0.00003     0.00000    0.000000000    0.000001775    0.000001590  256.853945  96204.5816
 294.00   15.0000   -0.0000   15.0000  260.0362  260.0362  0.000000       0.00000       0.00000        1029359.7878    0.000000    -0.00003     0.00000    0.000000000    0.000001799    0.000001612  257.061037  96051.2151
 306.00   15.0000   -0.0000   15.0000  260.3634  260.3634  0.000000       0.00000       0.00000        1025991.7870    0.000000    -0.00003     0.00000    0.000000000    0.000001823    0.000001633  257.267342  95898.2161
 318.00   15.0000    0.0000   15.0000  260.6900  260.6900  0.000000       0.00000       0.00000        1022216.8167    0.000000    -0.00003     0.00000    0.000000000    0.000001847    0.000001654  257.472833  95745.5829
 330.00   15.0000    0.0000   15.0000  261.0156  261.0156  0.000000       0.00000       0.00000        1017429.8881    0.000000    -0.00003     0.00000    0.000000000    0.000001868    0.000001672  257.677275  95593.3138
 342.00   15.0000    0.0000   15.0000  261.3399  261.3399  0.000000       0.00000       0.00000        1011141.1948    0.000000    -0.00003     0.00000    0.000000000    0.000001885    0.000001686  257.880259  95441.4069
 354.00   15.0000    0.0000   15.0000  261.6623  261.6623  0.000000       0.00000       0.00000        1002472.1710    0.000000    -0.00004     0.00000    0.000000000    0.000001895    0.000001694  258.081238  95289.8600
 366.00   15.0000    0.0000   15.0000  261.9818  261.9818  0.000000       0.00000       0.00000         989509.8677    0.000000    -0.00004     0.00000    0.000000000    0.000001892    0.000001689  258.279244  95138.6707
 378.00   15.0000    0.0000   15.0000  262.2967  262.2967  0.000000       0.00000       0.00000         964629.5005    0.000000    -0.00004     0.00000    0.000000000    0.000001854    0.000001649  258.472515  94987.8354
 390.00   15.0000    0.0000   15.0000  262.6010  262.6010  0.000000       0.00000       0.00000         932038.5211    0.000000    -0.00004     0.00000    0.000000000    0.000001790    0.000001585  258.655253  94837.3486
 402.00   15.0000    0.0000   15.0000  262.8957  262.8957  0.000000       0.00000       0.00000         791860.3897    0.000000    -0.00003     0.00000    0.000000000    0.000001405    0.000001208  258.828325  94687.2035
 414.00   15.0000    0.0000   15.0000  263.1105  263.1105  0.000000       0.00000       0.00000         674029.2875    0.000000    -0.00003     0.00000    0.000000000    0.000001076    0.000000879  258.922678  94537.3735
 426.00   15.0000    0.0000   15.0000  263.3297  263.3297  0.000000       0.00000       0.00000         661114.7848    0.000000    -0.00003     0.00000    0.000000000    0.000001047    0.000000850  259.021248  94387.8363
 438.00   15.0000    0.0000   15.0000  263.5366  263.5366  0.000000       0.00000       0.00000         637014.1435    0.000000    -0.00003     0.00000    0.000000000    0.000000984    0.000000787  259.107581  94238.5888
 450.00   15.0000    0.0000   15.0000  263.7406  263.7406  0.000000       0.00000       0.00000         627742.8320    0.000000    -0.00003     0.00000    0.000000000    0.000000964    0.000000766  259.191006  94089.6261
 462.00   15.0000    0.0000   15.0000  263.9418  263.9418  0.000000       0.00000       0.00000         620147.8038    0.000000    -0.00003     0.00000    0.000000000    0.000000949    0.000000750  259.271588  93940.9459
 474.00   15.0000    0.0000   15.0000  264.1412  264.1412  0.000000       0.00000       0.00000         614631.5726    0.000000    -0.00003     0.00000    0.000000000    0.000000940    0.000000740  259.350317  93792.5462
 486.00   15.0000    0.0000   15.0000  264.3391  264.3391  0.000000       0.00000       0.00000         610010.4746    0.000000    -0.00003     0.00000    0.000000000    0.000000933    0.000000732  259.427517  93644.4254
 498.00   15.0000    0.0000   15.0000  264.5358  264.5358  0.000000       0.00000       0.00000         605850.6509    0.000000    -0.00003     0.00000    0.000000000    0.000000928    0.000000725  259.503429  93496.5821
 510.00   15.0000    0.0000   15.0000  264.7313  264.7313  0.000000       0.00000       0.00000         601865.8235    0.000000    -0.00003     0.00000    0.000000000    0.000000922    0.000000718  259.578100  93349.0151
 522.00   15.0000    0.0000   15.0000  264.9257  264.9257  0.000000       0.00000       0.00000         597931.3736    0.000000    -0.00003     0.00000    0.000000000    0.000000917    0.000000712  259.651591  93201.7229
 534.00   15.0000    0.0000   15.0000  265.1190  265.1190  0.000000       0.00000       0.00000         593728.5761    0.000000    -0.00003     0.00000    0.000000000    0.000000910    0.000000704  259.723871  93054.7044
 546.00   15.0000    0.0000   15.0000  265.3110  265.3110  0.000000       0.00000       0.00000         588541.6445    0.000000    -0.00003     0.00000    0.000000000    0.000000900    0.000000693  259.794796  92907.9582
 558.00   15.0000    0.0000   15.0000  265.5011  265.5011  0.000000       0.00000       0.00000         582370.3624    0.000000    -0.00003     0.00000    0.000000000    0.000000887    0.000000678  259.863881  92761.4829
 570.00   15.0000    0.0000   15.0000  265.6894  265.6894  0.000000       0.00000       0.00000         569696.4177    0.000000    -0.00003     0.00000    0.000000000    0.000000852    0.000000643  259.930980  92615.2768
 582.00   15.0000    0.0000   15.0000  265.8716  265.8716  0.000000       0.00000       0.00000         558645.0962    0.000000    -0.00003     0.00000    0.000000000    0.000000822    0.000000612  259.992100  92469.3372
 594.00   15.0000    0.0000   15.0000  266.0529  266.0529  0.000000       0.00000       0.00000         509044.5661    0.000000    -0.00003     0.00000    0.000000000    0.000000663    0.000000456  260.052252  92323.6614
 606.00   15.0000    0.0000   15.0000  266.2030  266.2030  0.000000       0.00000       0.00000         427063.2233    0.000000    -0.00002     0.00000    0.000000000    0.000000396    0.000000192  260.081892  92178.2403
 618.00   15.0000    0.0000   15.0000  266.3311  266.3311  0.000000       0.00000       0.00000         384785.3781    0.000000    -0.00002     0.00000    0.000000000    0.000000257    0.000000055  260.089898  92033.0587
 630.00   15.0000    0.0000   15.0000  266.4538  266.4538  0.000000       0.00000       0.00000         369668.9343    0.000000    -0.00002     0.00000    0.000000000    0.000000207    0.000000006  260.092632  91888.1087
 642.00   15.0000    0.0000   15.0000  266.5722  266.5722  0.000000       0.00000       0.00000         359192.0952    0.000000    -0.00002     0.00000    0.000000000    0.000000173   -0.000000028  260.091017  91743.3874
 654.00   15.0000    0.0000   15.0000  266.6882  266.6882  0.000000       0.00000       0.00000         353208.6140    0.000000    -0.00002     0.00000    0.000000000    0.000000153   -0.000000048  260.087081  91598.8924
 666.00   15.0000    0.0000   15.0000  266.8027  266.8027  0.000000       0.00000       0.00000         349177.8465    0.000000    -0.00002     0.00000    0.000000000    0.000000140   -0.000000061  260.081654  91454.6225
 678.00   15.0000    0.0000   15.0000  266.9162  266.9162  0.000000       0.00000       0.00000         346146.8579    0.000000    -0.00002     0.00000    0.000000000    0.000000130   -0.000000071  260.075148  91310.5764
 690.00   15.0000    0.0000   15.0000  267.0288  267.0288  0.000000       0.00000       0.00000         343807.6585    0.000000    -0.00002     0.00000    0.000000000    0.000000122   -0.000000079  260.067786  91166.7534
 702.00   15.0000    0.0000   15.0000  267.1408  267.1408  0.000000       0.00000       0.00000         341873.2382    0.000000    -0.00002     0.00000    0.000000000    0.000000116   -0.000000086  260.059784  91023.1527
 714.00   15.0000    0.0000   15.0000  267.2523  267.2523  0.000000       0.00000       0.00000         340209.0773    0.000000    -0.00002     0.00000    0.000000000    0.000000110   -0.000000091  260.051185  90879.7737
 726.00   15.0000    0.0000   15.0000  267.3634  267.3634  0.000000       0.00000       0.00000         338760.4997    0.000000    -0.00002     0.00000    0.000000000    0.000000105   -0.000000096  260.042117  90736.6156
 738.00   15.0000    0.0000   15.0000  267.4740  267.4740  0.000000       0.00000       0.00000         337334.1427    0.000000    -0.00003     0.00000    0.000000000    0.000000101   -0.000000101  260.032588  90593.6779
 750.00   15.0000    0.0000   15.0000  267.5842  267.5842  0.000000       0.00000       0.00000         335965.8637    0.000000    -0.00003     0.00000    0.000000000    0.000000096   -0.000000105  260.022604  90450.9600
 762.00   15.0000    0.0000   15.0000  267.6940  267.6940  0.000000       0.00000       0.00000         334665.0732    0.000000    -0.00003     0.00000    0.000000000    0.000000092   -0.000000110  260.012196  90308.4614
 774.00   15.0000    0.0000   15.0000  267.8034  267.8034  0.000000       0.00000       0.00000         332851.7459    0.000000    -0.00003     0.00000    0.000000000    0.000000086   -0.000000116  260.001376  90166.1815
 786.00   15.0000    0.0000   15.0000  267.9121  267.9121  0.000000       0.00000       0.00000         331619.0573    0.000000    -0.00003     0.00000    0.000000000    0.000000082   -0.000000120  259.989806  90024.1196
 798.00   15.0000    0.0000   15.0000  268.0209  268.0209  0.000000       0.00000       0.00000         326271.6042    0.000000    -0.00003     0.00000    0.000000000    0.000000064   -0.000000138  259.978191  89882.2753
 810.00   15.0000    0.0000   15.0000  268.1262  268.1262  0.000000       0.00000       0.00000         320170.8946    0.000000    -0.00003     0.00000    0.000000000    0.000000043   -0.000000158  259.963210  89740.6472
 822.00   15.0000    0.0000   15.0000  268.2310  268.2310  0.000000       0.00000       0.00000         318366.5629    0.000000    -0.00003     0.00000    0.000000000    0.000000037   -0.000000164  259.947702  89599.2339
 834.00   15.0000    0.0000   15.0000  268.3351  268.3351  0.000000       0.00000       0.00000         316918.7500    0.000000    -0.00003     0.00000    0.000000000    0.000000032   -0.000000169  259.931561  89458.0350
 846.00   15.0000    0.0000   15.0000  268.4391  268.4391  0.000000       0.00000       0.00000         315992.3111    0.000000    -0.00003     0.00000    0.000000000    0.000000029   -0.000000172  259.915119  89317.0497
 858.00   15.0000    0.0000   15.0000  268.5427  268.5427  0.000000       0.00000       0.00000         315170.9184    0.000000    -0.00003     0.00000    0.000000000    0.000000026   -0.000000175  259.898375  89176.2776
 870.00   15.0000    0.0000   15.0000  268.6462  268.6462  0.000000       0.00000       0.00000         314551.5973    0.000000    -0.00003     0.00000    0.000000000    0.000000024   -0.000000177  259.881398  89035.7183
 882.00   15.0000    0.0000   15.0000  268.7495  268.7495  0.000000       0.00000       0.00000         314043.9474    0.000000    -0.00003     0.00000    0.000000000    0.000000022   -0.000000179  259.864248  88895.3713
 894.00   15.0000    0.0000   15.0000  268.8528  268.8528  0.000000       0.00000       0.00000         313574.4390    0.000000    -0.00003     0.00000    0.000000000    0.000000020   -0.000000181  259.846934  88755.2363
 906.00   15.0000    0.0000   15.0000  268.9559  268.9559  0.000000       0.00000       0.00000         313284.1757    0.000000    -0.00003     0.00000    0.000000000    0.000000019   -0.000000182  259.829472  88615.3128
 918.00   15.0000    0.0000   15.0000  269.0590  269.0590  0.000000       0.00000       0.00000         313204.0155    0.000000    -0.00003     0.00000    0.000000000    0.000000019   -0.000000182  259.811961  88475.6005
 930.00   15.0000    0.0000   15.0000  269.1621  269.1621  0.000000       0.00000       0.00000         313364.1681    0.000000    -0.00003     0.00000    0.000000000    0.000000019   -0.000000182  259.794434  88336.0991
 942.00   15.0000    0.0000   15.0000  269.2654  269.2654  0.000000       0.00000       0.00000         314277.4129    0.000000    -0.00003     0.00000    0.000000000    0.000000022   -0.000000179  259.777011  88196.8083
 954.00   15.0000    0.0000   15.0000  269.3692  269.3692  0.000000       0.00000       0.00000         316278.8553    0.000000    -0.00003     0.00000    0.000000000    0.000000029   -0.000000173  259.760052  88057.7279
 966.00   15.0000    0.0000   15.0000  269.4739  269.4739  0.000000       0.00000       0.00000         326433.6806    0.000000    -0.00003     0.00000    0.000000000    0.000000063   -0.000000139  259.743888  87918.8580
 978.00   15.0000    0.0000   15.0000  269.5845  269.5845  0.000000       0.00000       0.00000         340181.6146    0.000000    -0.00003     0.00000    0.000000000    0.000000110   -0.000000094  259.733370  87780.2000
 990.00   15.0000    0.0000   15.0000  269.6983  269.6983  0.000000       0.00000       0.00000         649190.4994    0.000000    -0.00010     0.00000    0.000000000    0.000001162    0.000000932  259.725938  87641.7559
1002.00   15.0000    0.0000   15.0000  270.0130  270.0130  0.000000       0.00000       0.00000         594188.4042    0.000000    -0.00002     0.00000    0.000000000    0.000000977    0.000000762  259.911788  87503.5774
1014.00   15.0000    0.0000   15.0000  270.0910  270.0910  0.000000       0.00000       0.00000         236005.2723    0.000000    -0.00002     0.00000    0.000000000   -0.000000245   -0.000000445  259.869759  87365.6551
1026.00   15.0000    0.0000   15.0000  270.1690  270.1690  0.000000       0.00000       0.00000         235937.1356    0.000000    -0.00002     0.00000    0.000000000   -0.000000245   -0.000000445  259.827696  87227.9279
1038.00   15.0000    0.0000   15.0000  270.2470  270.2470  0.000000       0.00000       0.00000         235869.0383    0.000000    -0.00003     0.00000    0.000000000   -0.000000245   -0.000000444  259.785600  87090.3955
1050.00   15.0000    0.0000   15.0000  270.3250  270.3250  0.000000       0.00000       0.00000         235800.9803    0.000000    -0.00003     0.00000    0.000000000   -0.000000245   -0.000000444  259.743470  86953.0578
1062.00   15.0000    0.0000   15.0000  270.4030  270.4030  0.000000       0.00000       0.00000         235732.9615    0.000000    -0.00003     0.00000    0.000000000   -0.000000245   -0.000000444  259.701306  86815.9144
1074.00   15.0000    0.0000   15.0000  270.4810  270.4810  0.000000       0.00000       0.00000         235664.9820    0.000000    -0.00003     0.00000    0.000000000   -0.000000245   -0.000000443  259.659109  86678.9651
1086.00   15.0000    0.0000   15.0000  270.5590  270.5590  0.000000       0.00000       0.00000         235597.0417    0.000000    -0.00003     0.00000    0.000000000   -0.000000245   -0.000000443  259.616877  86542.2096
1098.00   15.0000    0.0000   15.0000  270.6370  270.6370  0.000000       0.00000       0.00000         235529.1405    0.000000    -0.00003     0.00000    0.000000000   -0.000000245   -0.000000443  259.574612  86405.6476
1110.00   15.0000    0.0000   15.0000  270.7150  270.7150  0.000000       0.00000       0.00000         235461.2785    0.000000    -0.00003     0.00000    0.000000000   -0.000000245   -0.000000442  259.532313  86269.2790
1122.00   15.0000    0.0000   15.0000  270.7930  270.7930  0.000000       0.00000       0.00000         235393.4555    0.000000    -0.00003     0.00000    0.000000000   -0.000000245   -0.000000442  259.489981  86133.1034
1134.00   15.0000    0.0000   15.0000  270.8710  270.8710  0.000000       0.00000       0.00000         235325.6716    0.000000    -0.00003     0.00000    0.000000000   -0.000000245   -0.000000442  259.447614  85997.1205
1146.00   15.0000    0.0000   15.0000  270.9490  270.9490  0.000000       0.00000       0.00000         235257.9268    0.000000    -0.00003     0.00000    0.000000000   -0.000000245   -0.000000441  259.405214  85861.3302
1158.00   15.0000    0.0000   15.0000  271.0270  271.0270  0.000000       0.00000       0.00000         235190.2209    0.000000    -0.00003     0.00000    0.000000000   -0.000000245   -0.000000441  259.362780  85725.7322
1170.00   15.0000    0.0000   15.0000  271.1050  271.1050  0.000000       0.00000       0.00000         235122.5540    0.000000    -0.00003     0.00000    0.000000000   -0.000000246   -0.000000441  259.320313  85590.3261
1182.00   15.0000    0.0000   15.0000  271.1830  271.1830  0.000000       0.00000       0.00000         235054.9260    0.000000    -0.00003     0.00000    0.000000000   -0.000000246   -0.000000440  259.277812  85455.1118
1194.00   15.0000    0.0000   15.0000  271.2610  271.2610  0.000000       0.00000       0.00000         234987.3369    0.000000    -0.00003     0.00000    0.000000000   -0.000000246   -0.000000440  259.235277  85320.0890
1206.00   15.0000    0.0000   15.0000  271.3390  271.3390  0.000000       0.00000       0.00000         234919.7867    0.000000    -0.00003     0.00000    0.000000000   -0.000000246   -0.000000440  259.192708  85185.2574
1218.00   15.0000    0.0000   15.0000  271.4170  271.4170  0.000000       0.00000       0.00000         234852.2753    0.000000    -0.00003     0.00000    0.000000000   -0.000000246   -0.000000439  259.150106  85050.6168
1230.00   15.0000    0.0000   15.0000  271.4950  271.4950  0.000000       0.00000       0.00000         234784.8027    0.000000    -0.00003     0.00000    0.000000000   -0.000000246   -0.000000439  259.107470  84916.1669
1242.00   15.0000    0.0000   15.0000  271.5730  271.5730  0.000000       0.00000       0.00000         234717.3688    0.000000    -0.00003     0.00000    0.000000000   -0.000000246   -0.000000439  259.064801  84781.9075
1254.00   15.0000    0.0000   15.0000  271.6510  271.6510  0.000000       0.00000       0.00000         234649.9737    0.000000    -0.00003     0.00000    0.000000000   -0.000000246   -0.000000438  259.022098  84647.8382
1266.00   15.0000    0.0000   15.0000  271.7290  271.7290  0.000000       0.00000       0.00000         234582.6172    0.000000    -0.00003     0.00000    0.000000000   -0.000000246   -0.000000438  258.979361  84513.9590
1278.00   15.0000    0.0000   15.0000  271.8070  271.8070  0.000000       0.00000       0.00000         234515.2995    0.000000    -0.00003     0.00000    0.000000000   -0.000000246   -0.000000437  258.936591  84380.2694
1290.00   15.0000    0.0000   15.0000  271.8850  271.8850  0.000000       0.00000       0.00000         234448.0203    0.000000    -0.00003     0.00000    0.000000000   -0.000000246   -0.000000437  258.893787  84246.7692
1302.00   15.0000    0.0000   15.0000  271.9630  271.9630  0.000000       0.00000       0.00000         234380.7797    0.000000    -0.00003     0.00000    0.000000000   -0.000000246   -0.000000437  258.850949  84113.4582
1314.00   15.0000    0.0000   15.0000  272.0410  272.0410  0.000000       0.00000       0.00000         234313.5777    0.000000    -0.00003     0.00000    0.000000000   -0.000000246   -0.000000436  258.808078  83980.3362
1326.00   15.0000    0.0000   15.0000  272.1190  272.1190  0.000000       0.00000       0.00000         234246.4143    0.000000    -0.00003     0.00000    0.000000000   -0.000000246   -0.000000436  258.765174  83847.4028
1338.00   15.0000    0.0000   15.0000  272.1970  272.1970  0.000000       0.00000       0.00000         234179.2893    0.000000    -0.00003     0.00000    0.000000000   -0.000000246   -0.000000436  258.722235  83714.6579
1350.00   15.0000    0.0000   15.0000  272.2750  272.2750  0.000000       0.00000       0.00000         234112.2027    0.000000    -0.00003     0.00000    0.000000000   -0.000000246   -0.000000435  258.679264  83582.1011
1362.00   15.0000    0.0000   15.0000  272.3530  272.3530  0.000000       0.00000       0.00000         234045.1546    0.000000    -0.00003     0.00000    0.000000000   -0.000000246   -0.000000435  258.636258  83449.7323
1374.00   15.0000    0.0000   15.0000  272.4310  272.4310  0.000000       0.00000       0.00000         233978.1449    0.000000    -0.00003     0.00000    0.000000000   -0.000000246   -0.000000435  258.593219  83317.5511
1386.00   15.0000    0.0000   15.0000  272.5090  272.5090  0.000000       0.00000       0.00000         233911.1736    0.000000    -0.00003     0.00000    0.000000000   -0.000000246   -0.000000434  258.550147  83185.5573
1398.00   15.0000    0.0000   15.0000  272.5870  272.5870  0.000000       0.00000       0.00000         233844.2406    0.000000    -0.00003     0.00000    0.000000000   -0.000000246   -0.000000434  258.507041  83053.7507
1410.00   15.0000    0.0000   15.0000  272.6650  272.6650  0.000000       0.00000       0.00000         233777.3458    0.000000    -0.00003     0.00000    0.000000000   -0.000000246   -0.000000433  258.463902  82922.1310
1422.00   15.0000    0.0000   15.0000  272.7430  272.7430  0.000000       0.00000       0.00000         233710.4894    0.000000    -0.00003     0.00000    0.000000000   -0.000000246   -0.000000433  258.420729  82790.6979
1434.00   15.0000    0.0000   15.0000  272.8210  272.8210  0.000000       0.00000       0.00000         233643.6711    0.000000    -0.00003     0.00000    0.000000000   -0.000000246   -0.000000433  258.377522  82659.4513
1446.00   15.0000    0.0000   15.0000  272.8990  272.8990  0.000000       0.00000       0.00000         233576.8911    0.000000    -0.00004     0.00000    0.000000000   -0.000000246   -0.000000432  258.334282  82528.3908
1458.00   15.0000    0.0000   15.0000  272.9770  272.9770  0.000000       0.00000       0.00000         233510.1492    0.000000    -0.00004     0.00000    0.000000000   -0.000000246   -0.000000432  258.291009  82397.5162
1470.00   15.0000    0.0000   15.0000  273.0550  273.0550  0.000000       0.00000       0.00000         233443.4455    0.000000    -0.00004     0.00000    0.000000000   -0.000000246   -0.000000431  258.247702  82266.8273
1482.00   15.0000    0.0000   15.0000  273.1330  273.1330  0.000000       0.00000       0.00000         233376.7798    0.000000    -0.00004     0.00000    0.000000000   -0.000000246   -0.000000431  258.204362  82136.3238
1494.00   15.0000    0.0000   15.0000  273.2110  273.2110  0.000000       0.00000       0.00000         233310.1522    0.000000    -0.00004     0.00000    0.000000000   -0.000000246   -0.000000431  258.160988  82006.0054
1506.00   15.0000    0.0000   15.0000  273.2890  273.2890  0.000000       0.00000       0.00000         233243.5627    0.000000    -0.00004     0.00000    0.000000000   -0.000000246   -0.000000430  258.117581  81875.8720
1518.00   15.0000    0.0000   15.0000  273.3670  273.3670  0.000000       0.00000       0.00000         233177.0111    0.000000    -0.00004     0.00000    0.000000000   -0.000000246   -0.000000430  258.074140  81745.9232
1530.00   15.0000    0.0000   15.0000  273.4450  273.4450  0.000000       0.00000       0.00000         233110.4975    0.000000    -0.00004     0.00000    0.000000000   -0.000000246   -0.000000430  258.030667  81616.1589
1542.00   15.0000    0.0000   15.0000  273.5230  273.5230  0.000000       0.00000       0.00000         233044.0219    0.000000    -0.00004     0.00000    0.000000000   -0.000000246   -0.000000429  257.987159  81486.5787
1554.00   15.0000    0.0000   15.0000  273.6010  273.6010  0.000000       0.00000       0.00000         232977.5841    0.000000    -0.00004     0.00000    0.000000000   -0.000000246   -0.000000429  257.943618  81357.1824
1566.00   15.0000    0.0000   15.0000  273.6790  273.6790  0.000000       0.00000       0.00000         232911.1843    0.000000    -0.00004     0.00000    0.000000000   -0.000000245   -0.000000428  257.900044  81227.9698
1578.00   15.0000    0.0000   15.0000  273.7570  273.7570  0.000000       0.00000       0.00000         232844.8222    0.000000    -0.00004     0.00000    0.000000000   -0.000000245   -0.000000428  257.856437  81098.9406
1590.00   15.0000    0.0000   15.0000  273.8350  273.8350  0.000000       0.00000       0.00000         232778.4980    0.000000    -0.00004     0.00000    0.000000000   -0.000000245   -0.000000428  257.812796  80970.0946
1602.00   15.0000    0.0000   15.0000  273.9130  273.9130  0.000000       0.00000       0.00000         232712.2115    0.000000    -0.00004     0.00000    0.000000000   -0.000000245   -0.000000427  257.769122  80841.4316
1614.00   15.0000    0.0000   15.0000  273.9910  273.9910  0.000000       0.00000       0.00000         232645.9628    0.000000    -0.00004     0.00000    0.000000000   -0.000000245   -0.000000427  257.725414  80712.9512
1626.00   15.0000    0.0000   15.0000  274.0690  274.0690  0.000000       0.00000       0.00000         232579.7518    0.000000    -0.00004     0.00000    0.000000000   -0.000000245   -0.000000426  257.681673  80584.6533
1638.00   15.0000    0.0000   15.0000  274.1470  274.1470  0.000000       0.00000       0.00000         232513.5785    0.000000    -0.00004     0.00000    0.000000000   -0.000000245   -0.000000426  257.637899  80456.5376
1650.00   15.0000    0.0000   15.0000  274.2250  274.2250  0.000000       0.00000       0.00000         232447.4428    0.000000    -0.00004     0.00000    0.000000000   -0.000000245   -0.000000426  257.594091  80328.6038
1662.00   15.0000    0.0000   15.0000  274.3030  274.3030  0.000000       0.00000       0.00000         232381.3447    0.000000    -0.00004     0.00000    0.000000000   -0.000000245   -0.000000425  257.550251  80200.8518
1674.00   15.0000    0.0000   15.0000  274.3810  274.3810  0.000000       0.00000       0.00000         232315.2842    0.000000    -0.00004     0.00000    0.000000000   -0.000000245   -0.000000425  257.506376  80073.2812
1686.00   15.0000    0.0000   15.0000  274.4590  274.4590  0.000000       0.00000       0.00000         232249.2613    0.000000    -0.00004     0.00000    0.000000000   -0.000000245   -0.000000424  257.462469  79945.8919
1698.00   15.0000    0.0000   15.0000  274.5370  274.5370  0.000000       0.00000       0.00000         232183.2758    0.000000    -0.00004     0.00000    0.000000000   -0.000000245   -0.000000424  257.418528  79818.6835
1710.00   15.0000    0.0000   15.0000  274.6150  274.6150  0.000000       0.00000       0.00000         232117.3279    0.000000    -0.00004     0.00000    0.000000000   -0.000000245   -0.000000423  257.374554  79691.6558
1722.00   15.0000    0.0000   15.0000  274.6930  274.6930  0.000000       0.00000       0.00000         232051.4174    0.000000    -0.00004     0.00000    0.000000000   -0.000000245   -0.000000423  257.330547  79564.8087
1734.00   15.0000    0.0000   15.0000  274.7710  274.7710  0.000000       0.00000       0.00000         231985.5443    0.000000    -0.00004     0.00000    0.000000000   -0.000000245   -0.000000423  257.286507  79438.1418
1746.00   15.0000    0.0000   15.0000  274.8490  274.8490  0.000000       0.00000       0.00000         231919.7086    0.000000    -0.00004     0.00000    0.000000000   -0.000000245   -0.000000422  257.242433  79311.6550
1758.00   15.0000    0.0000   15.0000  274.9270  274.9270  0.000000       0.00000       0.00000         231853.9103    0.000000    -0.00004     0.00000    0.000000000   -0.000000245   -0.000000422  257.198326  79185.3479
1770.00   15.0000    0.0000   15.0000  275.0050  275.0050  0.000000       0.00000       0.00000         231788.1493    0.000000    -0.00004     0.00000    0.000000000   -0.000000245   -0.000000421  257.154186  79059.2203
1782.00   15.0000    0.0000   15.0000  275.0830  275.0830  0.000000       0.00000       0.00000         231722.4256    0.000000    -0.00004     0.00000    0.000000000   -0.000000245   -0.000000421  257.110012  78933.2720
1794.00   15.0000    0.0000   15.0000  275.1610  275.1610  0.000000       0.00000       0.00000         231656.7391    0.000000    -0.00004     0.00000    0.000000000   -0.000000245   -0.000000420  257.065806  78807.5028
1806.00   15.0000    0.0000   15.0000  275.2390  275.2390  0.000000       0.00000       0.00000         231591.0899    0.000000    -0.00004     0.00000    0.000000000   -0.000000245   -0.000000420  257.021566  78681.9124
1818.00   15.0000    0.0000   15.0000  275.3170  275.3170  0.000000       0.00000       0.00000         231525.4779    0.000000    -0.00004     0.00000    0.000000000   -0.000000245   -0.000000420  256.977293  78556.5005
1830.00   15.0000    0.0000   15.0000  275.3950  275.3950  0.000000       0.00000       0.00000         231459.9030    0.000000    -0.00004     0.00000    0.000000000   -0.000000245   -0.000000419  256.932987  78431.2670
1842.00   15.0000    0.0000   15.0000  275.4730  275.4730  0.000000       0.00000       0.00000         231394.3653    0.000000    -0.00004     0.00000    0.000000000   -0.000000244   -0.000000419  256.888648  78306.2116
1854.00   15.0000    0.0000   15.0000  275.5510  275.5510  0.000000       0.00000       0.00000         231328.8647    0.000000    -0.00005     0.00000    0.000000000   -0.000000244   -0.000000418  256.844275  78181.3340
1866.00   15.0000    0.0000   15.0000  275.6290  275.6290  0.000000       0.00000       0.00000         231263.4012    0.000000    -0.00005     0.00000    0.000000000   -0.000000244   -0.000000418  256.799870  78056.6340
1878.00   15.0000    0.0000   15.0000  275.7070  275.7070  0.000000       0.00000       0.00000         231197.9747    0.000000    -0.00005     0.00000    0.000000000   -0.000000244   -0.000000417  256.755431  77932.1115
1890.00   15.0000    0.0000   15.0000  275.7850  275.7850  0.000000       0.00000       0.00000         231132.5852    0.000000    -0.00005     0.00000    0.000000000   -0.000000244   -0.000000417  256.710959  77807.7660
1902.00   15.0000    0.0000   15.0000  275.8630  275.8630  0.000000       0.00000       0.00000         231067.2326    0.000000    -0.00005     0.00000    0.000000000   -0.000000244   -0.000000417  256.666454  77683.5975
1914.00   15.0000    0.0000   15.0000  275.9410  275.9410  0.000000       0.00000       0.00000         231001.9171    0.000000    -0.00005     0.00000    0.000000000   -0.000000244   -0.000000416  256.621916  77559.6056
1926.00   15.0000    0.0000   15.0000  276.0190  276.0190  0.000000       0.00000       0.00000         230936.6384    0.000000    -0.00005     0.00000    0.000000000   -0.000000244   -0.000000416  256.577345  77435.7901
1938.00   15.0000    0.0000   15.0000  276.0970  276.0970  0.000000       0.00000       0.00000         230871.3966    0.000000    -0.00005     0.00000    0.000000000   -0.000000244   -0.000000415  256.532740  77312.1509
1950.00   15.0000    0.0000   15.0000  276.1750  276.1750  0.000000       0.00000       0.00000         230806.1917    0.000000    -0.00005     0.00000    0.000000000   -0.000000244   -0.000000415  256.488103  77188.6876
1962.00   15.0000    0.0000   15.0000  276.2530  276.2530  0.000000       0.00000       0.00000         230741.0236    0.000000    -0.00005     0.00000    0.000000000   -0.000000244   -0.000000414  256.443433  77065.4000
1974.00   15.0000    0.0000   15.0000  276.3310  276.3310  0.000000       0.00000       0.00000         230675.8923    0.000000    -0.00005     0.00000    0.000000000   -0.000000244   -0.000000414  256.398729  76942.2879
1986.00   15.0000    0.0000   15.0000  276.4090  276.4090  0.000000       0.00000       0.00000         230610.7978    0.000000    -0.00005     0.00000    0.000000000   -0.000000244   -0.000000413  256.353993  76819.3510
1998.00   15.0000    0.0000   15.0000  276.4870  276.4870  0.000000       0.00000       0.00000         230545.7399    0.000000    -0.00005     0.00000    0.000000000   -0.000000244   -0.000000413  256.309223  76696.5892
2010.00   15.0000    0.0000   15.0000  276.5650  276.5650  0.000000       0.00000       0.00000         230480.7188    0.000000    -0.00005     0.00000    0.000000000   -0.000000244   -0.000000413  256.264420  76574.0021
2022.00   15.0000    0.0000   15.0000  276.6430  276.6430  0.000000       0.00000       0.00000         230415.7344    0.000000    -0.00005     0.00000    0.000000000   -0.000000243   -0.000000412  256.219585  76451.5896
2034.00   15.0000    0.0000   15.0000  276.7210  276.7210  0.000000       0.00000       0.00000         230350.7865    0.000000    -0.00005     0.00000    0.000000000   -0.000000243   -0.000000412  256.174716  76329.3514
2046.00   15.0000    0.0000   15.0000  276.7990  276.7990  0.000000       0.00000       0.00000         230285.8753    0.000000    -0.00005     0.00000    0.000000000   -0.000000243   -0.000000411  256.129814  76207.2873
2058.00   15.0000    0.0000   15.0000  276.8770  276.8770  0.000000       0.00000       0.00000         230221.0007    0.000000    -0.00005     0.00000    0.000000000   -0.000000243   -0.000000411  256.084880  76085.3970
2070.00   15.0000    0.0000   15.0000  276.9550  276.9550  0.000000       0.00000       0.00000         230156.1626    0.000000    -0.00005     0.00000    0.000000000   -0.000000243   -0.000000410  256.039912  75963.6803
2082.00   15.0000    0.0000   15.0000  277.0330  277.0330  0.000000       0.00000       0.00000         230091.3610    0.000000    -0.00005     0.00000    0.000000000   -0.000000243   -0.000000410  255.994911  75842.1370
2094.00   15.0000    0.0000   15.0000  277.1110  277.1110  0.000000       0.00000       0.00000         230026.5958    0.000000    -0.00005     0.00000    0.000000000   -0.000000243   -0.000000409  255.949878  75720.7669
2106.00   15.0000    0.0000   15.0000  277.1890  277.1890  0.000000       0.00000       0.00000         229961.8672    0.000000    -0.00005     0.00000    0.000000000   -0.000000243   -0.000000409  255.904811  75599.5697
2118.00   15.0000    0.0000   15.0000  277.2670  277.2670  0.000000       0.00000       0.00000         229897.1749    0.000000    -0.00005     0.00000    0.000000000   -0.000000243   -0.000000408  255.859712  75478.5451
2130.00   15.0000    0.0000   15.0000  277.3450  277.3450  0.000000       0.00000       0.00000         229832.5191    0.000000    -0.00005     0.00000    0.000000000   -0.000000243   -0.000000408  255.814579  75357.6930
2142.00   15.0000    0.0000   15.0000  277.4230  277.4230  0.000000       0.00000       0.00000         229767.8996    0.000000    -0.00005     0.00000    0.000000000   -0.000000243   -0.000000408  255.769414  75237.0132
2154.00   15.0000    0.0000   15.0000  277.5010  277.5010  0.000000       0.00000       0.00000         229703.3164    0.000000    -0.00005     0.00000    0.000000000   -0.000000242   -0.000000407  255.724216  75116.5053
2166.00   15.0000    0.0000   15.0000  277.5790  277.5790  0.000000       0.00000       0.00000         229638.7695    0.000000    -0.00005     0.00000    0.000000000   -0.000000242   -0.000000407  255.678984  74996.1692
2178.00   15.0000    0.0000   15.0000  277.6570  277.6570  0.000000       0.00000       0.00000         229574.2589    0.000000    -0.00005     0.00000    0.000000000   -0.000000242   -0.000000406  255.633720  74876.0046
2190.00   15.0000    0.0000   15.0000  277.7350  277.7350  0.000000       0.00000       0.00000         229509.7845    0.000000    -0.00005     0.00000    0.000000000   -0.000000242   -0.000000406  255.588423  74756.0113
2202.00   15.0000    0.0000   15.0000  277.8130  277.8130  0.000000       0.00000       0.00000         229445.3463    0.000000    -0.00005     0.00000    0.000000000   -0.000000242   -0.000000405  255.543093  74636.1891
2214.00   15.0000    0.0000   15.0000  277.8910  277.8910  0.000000       0.00000       0.00000         229380.9443    0.000000    -0.00005     0.00000    0.000000000   -0.000000242   -0.000000405  255.497731  74516.5377
2226.00   15.0000    0.0000   15.0000  277.9690  277.9690  0.000000       0.00000       0.00000         229316.5785    0.000000    -0.00005     0.00000    0.000000000   -0.000000242   -0.000000404  255.452335  74397.0570
2238.00   15.0000    0.0000   15.0000  278.0470  278.0470  0.000000       0.00000       0.00000         229252.2487    0.000000    -0.00005     0.00000    0.000000000   -0.000000242   -0.000000404  255.406907  74277.7466
2250.00   15.0000    0.0000   15.0000  278.1250  278.1250  0.000000       0.00000       0.00000         229187.9551    0.000000    -0.00005     0.00000    0.000000000   -0.000000242   -0.000000403  255.361445  74158.6064
2262.00   15.0000    0.0000   15.0000  278.2030  278.2030  0.000000       0.00000       0.00000         229123.6974    0.000000    -0.00006     0.00000    0.000000000   -0.000000242   -0.000000403  255.315951  74039.6361
2274.00   15.0000    0.0000   15.0000  278.2810  278.2810  0.000000       0.00000       0.00000         229059.4759    0.000000    -0.00006     0.00000    0.000000000   -0.000000241   -0.000000402  255.270424  73920.8355
2286.00   15.0000    0.0000   15.0000  278.3590  278.3590  0.000000       0.00000       0.00000         228995.2903    0.000000    -0.00006     0.00000    0.000000000   -0.000000241   -0.000000402  255.224864  73802.2044
2298.00   15.0000    0.0000   15.0000  278.4370  278.4370  0.000000       0.00000       0.00000         228931.1406    0.000000    -0.00006     0.00000    0.000000000   -0.000000241   -0.000000401  255.179272  73683.7426
2310.00   15.0000    0.0000   15.0000  278.5150  278.5150  0.000000       0.00000       0.00000         228867.0269    0.000000    -0.00006     0.00000    0.000000000   -0.000000241   -0.000000401  255.133646  73565.4497
2322.00   15.0000    0.0000   15.0000  278.5930  278.5930  0.000000       0.00000       0.00000         228802.9491    0.000000    -0.00006     0.00000    0.000000000   -0.000000241   -0.000000400  255.087988  73447.3257
2334.00   15.0000    0.0000   15.0000  278.6710  278.6710  0.000000       0.00000       0.00000         228738.9072    0.000000    -0.00006     0.00000    0.000000000   -0.000000241   -0.000000400  255.042297  73329.3702
2346.00   15.0000    0.0000   15.0000  278.7490  278.7490  0.000000       0.00000       0.00000         228674.9011    0.000000    -0.00006     0.00000    0.000000000   -0.000000241   -0.000000399  254.996573  73211.5831
2358.00   15.0000    0.0000   15.0000  278.8270  278.8270  0.000000       0.00000       0.00000         228610.9308    0.000000    -0.00006     0.00000    0.000000000   -0.000000241   -0.000000399  254.950817  73093.9641
2370.00   15.0000    0.0000   15.0000  278.9050  278.9050  0.000000       0.00000       0.00000         228546.9963    0.000000    -0.00006     0.00000    0.000000000   -0.000000240   -0.000000398  254.905027  72976.5130
2382.00   15.0000    0.0000   15.0000  278.9830  278.9830  0.000000       0.00000       0.00000              0.0000    0.000000    -0.00006     0.00000    0.000000000    0.000000000    0.000000000  254.859205  72859.2296
2394.00   15.0000    0.0000   15.0000  279.0610  279.0610  0.000000       0.00000       0.00000              0.0000    0.000000     0.00000     0.00000    0.000000000    0.000000000    0.000000000  254.813350  72742.1136
