   0.00    0.0000    0.0000    0.0000  243.1852  243.1852  0.000000       0.00000       0.00000              0.0000    0.000000     0.00000     0.00000    0.000000000    0.000000000    0.000000000    0.000000      0.0000
   6.00    7.5647    3.5701    8.3648  244.9472  244.9472  0.000000       0.68442       0.68442              0.0000    0.000000     0.00000     0.00000   -0.000027546    0.000000000    0.000000000  244.859492  99874.5874
  18.00    8.6389    3.9875    9.5148  245.0965  245.0965  0.000000       1.99825       1.99825              0.0674    0.000000    -0.00000     0.00000   -0.000030791    0.000000000    0.000000000  244.862226  99665.7420
  30.00    9.3434    4.2092   10.2477  245.1980  245.1980  0.000000       1.85872       1.85872              0.0960    0.000000    -0.00000     0.00000   -0.000038579    0.000000001   -0.000000049  244.846518  99499.0109
  42.00   10.0000    4.3691   10.9128  245.2962  245.2962  0.000000       2.01293       2.01293              0.1120    0.000000    -0.00000     0.00000   -0.000041723   -0.000000011   -0.000000061  244.827503  99332.5469
  54.00   10.5960    4.4729   11.5014  245.3892  245.3892  0.000000       1.94719       1.94719              0.1291    0.000000    -0.00000     0.00000   -0.000044080   -0.000000019   -0.000000068  244.803222  99166.3467
  66.00   11.1641    4.5322   12.0490  245.4822  245.4822  0.000000       1.87804       1.87804              0.1441    0.000000    -0.00000     0.00000   -0.000046140   -0.000000018   -0.000000067  244.778857  99000.4081
  78.00   11.7088    4.5504   12.5619  245.5762  245.5762  0.000000       1.76195       1.76195              0.1590    0.000000    -0.00000     0.00000   -0.000048090   -0.000000012   -0.000000062  244.755525  98834.7311
  90.00   12.2365    4.5294   13.0479  245.6730  245.6730  0.000000       1.63178       1.63178              0.1738    0.000000    -0.00000     0.00000   -0.000050044   -0.000000003   -0.000000053  244.734881  98669.3165
 102.00   12.7490    4.4696   13.5098  245.7737  245.7737  0.000000       1.48873       1.48873              0.1889    0.000000    -0.00000     0.00000   -0.000052085    0.000000010   -0.000000040  244.718032  98504.1661
 114.00   13.2470    4.3706   13.9493  245.8794  245.8794  0.000000       1.34093       1.34093              0.2045    0.000000    -0.00000     0.00000   -0.000054248    0.000000026   -0.000000025  244.706156  98339.2824
 126.00   13.7296    4.2314   14.3669  245.9913  245.9913  0.000000       1.19173       1.19173              0.2211    0.000000    -0.00000     0.00000   -0.000056674    0.000000046   -0.000000006  244.700426  98174.6688
 138.00   14.1951    4.0507   14.7617  246.1108  246.1108  0.000000       1.04446       1.04446              0.2389    0.000000    -0.00001     0.00000   -0.000059305    0.000000070    0.000000017  244.702139  98010.3294
 150.00   14.6402    3.8271   15.1321  246.2393  246.2393  0.000000       0.90117       0.90117              0.2584    0.000000    -0.00001     0.00000   -0.000062424    0.000000099    0.000000045  244.712805  97846.2693
 162.00   15.0607    3.5590   15.4755  246.3787  246.3787  0.000000       0.76386       0.76386              0.2800    0.000000    -0.00001     0.00000   -0.000066076    0.000000135    0.000000079  244.734202  97682.4945
 174.00   15.4508    3.2451   15.7879  246.5312  246.5312  0.000000       0.63298       0.63298              0.3047    0.000000    -0.00001     0.00000   -0.000070443    0.000000178    0.000000120  244.768580  97519.0124
 186.00   15.8029    2.8845   16.0640  246.6997  246.6997  0.000000       0.51114       0.51114              0.3332    0.000000    -0.00001     0.00000   -0.000075746    0.000000232    0.000000172  244.818727  97355.8321
 198.00   16.1079    2.4763   16.2971  246.8885  246.8885  0.000000       0.39441       0.39441              0.3684    0.000000    -0.00001     0.00000   -0.000082407    0.000000301    0.000000238  244.888930  97192.9648
 210.00   16.3511    2.0236   16.4758  247.1023  247.1023  0.000000       0.29410       0.29410              0.4111    0.000000    -0.00002     0.00000   -0.000091023    0.000000400    0.000000333  244.983875  97030.4248
 222.00   16.5171    1.5205   16.5869  247.3550  247.3550  0.000000       0.18463       0.18463              0.4786    0.000000    -0.00002     0.00000   -0.000103407    0.000000523    0.000000451  245.117317  96868.2321
 234.00   16.5672    1.0059   16.5977  247.6468  247.6468  0.000000       0.12810       0.12810              0.5471    0.000000    -0.00002     0.00000   -0.000130928    0.000000772    0.000000687  245.289235  96706.4112
 246.00   16.4095    0.4240   16.4149  248.0539  248.0539  0.000000       0.00331       0.00331              1.7021    0.000000     0.00000     0.00000   -0.000114784    0.000011288    0.000008701  245.575274  96545.0112
 258.00   15.0683   -0.0266   15.0683  253.5895  253.5895  0.000000       0.00038       0.00038              2.8358    0.000000    -0.00009     0.00000   -0.000069569    0.000013311    0.000015188  250.937255  96385.6922
 270.00   15.0002   -0.0002   15.0002  254.6717  254.6717  0.000000       0.00000       0.00000            380.7091    0.000000    -0.00009     0.00000   -0.000001424    0.000005333    0.000005075  251.890762  96228.6510
 282.00   15.0000   -0.0000   15.0000  255.7992  255.7992  0.000000       0.00000       0.00000        2588004.1046    0.000000    -0.00006     0.00000    0.000000000    0.000004556    0.000004403  252.888567  96072.4713
 294.00   15.0000   -0.0000   15.0000  256.4879  256.4879  0.000000       0.00000       0.00000        2050507.6319    0.000000    -0.00005     0.00000    0.000000000    0.000003249    0.000003065  253.452133  95917.0259
 306.00   15.0000   -0.0000   15.0000  257.0864  257.0864  0.000000       0.00000       0.00000        1755966.3280    0.000000    -0.00005     0.00000    0.000000000    0.000002808    0.000002631  253.926291  95762.1494
 318.00   15.0000   -0.0000   15.0000  257.5927  257.5927  0.000000       0.00000       0.00000        1520460.4647    0.000000    -0.00004     0.00000    0.000000000    0.000002431    0.000002256  254.309197  95607.7835
 330.00   15.0000   -0.0000   15.0000  258.0449  258.0449  0.000000       0.00000       0.00000        1363126.3328    0.000000    -0.00004     0.00000    0.000000000    0.000002176    0.000002004  254.638419  95453.8819
 342.00   15.0000    0.0000   15.0000  258.4536  258.4536  0.000000       0.00000       0.00000        1245300.2581    0.000000    -0.00004     0.00000    0.000000000    0.000001981    0.000001810  254.924499  95300.4135
 354.00   15.0000    0.0000   15.0000  258.8326  258.8326  0.000000       0.00000       0.00000        1152573.0131    0.000000    -0.00004     0.00000    0.000000000    0.000001825    0.000001655  255.181162  95147.3548
 366.00   15.0000    0.0000   15.0000  259.1837  259.1837  0.000000       0.00000       0.00000        1081926.3312    0.000000    -0.00004     0.00000    0.000000000    0.000001706    0.000001536  255.410114  94994.6871
 378.00   15.0000    0.0000   15.0000  259.5189  259.5189  0.000000       0.00000       0.00000        1013808.4497    0.000000    -0.00004     0.00000    0.000000000    0.000001584    0.000001415  255.623261  94842.3962
 390.00   15.0000    0.0000   15.0000  259.8276  259.8276  0.000000       0.00000       0.00000         961295.4126    0.000000    -0.00004     0.00000    0.000000000    0.000001491    0.000001321  255.810166  94690.4682
 402.00   15.0000    0.0000   15.0000  260.1301  260.1301  0.000000       0.00000       0.00000         907646.4712    0.000000    -0.00003     0.00000    0.000000000    0.000001389    0.000001221  255.990896  94538.8925
 414.00   15.0000    0.0000   15.0000  260.4054  260.4054  0.000000       0.00000       0.00000         861856.9151    0.000000    -0.00004     0.00000    0.000000000    0.000001302    0.000001132  256.144620  94387.6582
 426.00   15.0000    0.0000   15.0000  260.6794  260.6794  0.000000       0.00000       0.00000         827002.2240    0.000000    -0.00003     0.00000    0.000000000    0.000001236    0.000001067  256.296981  94236.7559
 438.00   15.0000    0.0000   15.0000  260.9330  260.9330  0.000000       0.00000       0.00000         788466.3841    0.000000    -0.00003     0.00000    0.000000000    0.000001158    0.000000989  256.429169  94086.1785
 450.00   15.0000    0.0000   15.0000  261.1829  261.1829  0.000000       0.00000       0.00000         762683.0716    0.000000    -0.00003     0.00000    0.000000000    0.000001108    0.000000939  256.557610  93935.9179
 462.00   15.0000    0.0000   15.0000  261.4205  261.4205  0.000000       0.00000       0.00000         734004.8729    0.000000    -0.00003     0.00000    0.000000000    0.000001050    0.000000880  256.673859  93785.9688
 474.00   15.0000    0.0000   15.0000  261.6525  261.6525  0.000000       0.00000       0.00000         712392.7003    0.000000    -0.00003     0.00000    0.000000000    0.000001007    0.000000836  256.784501  93636.3252
 486.00   15.0000    0.0000   15.0000  261.8767  261.8767  0.000000       0.00000       0.00000         689166.1106    0.000000    -0.00003     0.00000    0.000000000    0.000000958    0.000000787  256.887367  93486.9824
 498.00   15.0000    0.0000   15.0000  262.0942  262.0942  0.000000       0.00000       0.00000         667462.1139    0.000000    -0.00003     0.00000    0.000000000    0.000000912    0.000000740  256.983586  93337.9355
 510.00   15.0000    0.0000   15.0000  262.3048  262.3048  0.000000       0.00000       0.00000         647604.1092    0.000000    -0.00003     0.00000    0.000000000    0.000000869    0.000000697  257.072964  93189.1799
 522.00   15.0000    0.0000   15.0000  262.5099  262.5099  0.000000       0.00000       0.00000         629471.7656    0.000000    -0.00003     0.00000    0.000000000    0.000000829    0.000000657  257.156835  93040.7114
 534.00   15.0000    0.0000   15.0000  262.7092  262.7092  0.000000       0.00000       0.00000         613095.1590    0.000000    -0.00003     0.00000    0.000000000    0.000000792    0.000000620  257.234934  92892.5261
 546.00   15.0000    0.0000   15.0000  262.9041  262.9041  0.000000       0.00000       0.00000         596146.2456    0.000000    -0.00003     0.00000    0.000000000    0.000000754    0.000000581  257.308616  92744.6204
 558.00   15.0000    0.0000   15.0000  263.0928  263.0928  0.000000       0.00000       0.00000         581016.5271    0.000000    -0.00003     0.00000    0.000000000    0.000000719    0.000000546  257.376153  92596.9907
 570.00   15.0000    0.0000   15.0000  263.2782  263.2782  0.000000       0.00000       0.00000         564246.9468    0.000000    -0.00003     0.00000    0.000000000    0.000000679    0.000000506  257.440403  92449.6337
 582.00   15.0000    0.0000   15.0000  263.4563  263.4563  0.000000       0.00000       0.00000         548915.2679    0.000000    -0.00003     0.00000    0.000000000    0.000000642    0.000000469  257.497466  92302.5458
 594.00   15.0000    0.0000   15.0000  263.6321  263.6321  0.000000       0.00000       0.00000         533610.6058    0.000000    -0.00003     0.00000    0.000000000    0.000000604    0.000000431  257.552132  92155.7238
 606.00   15.0000    0.0000   15.0000  263.8006  263.8006  0.000000       0.00000       0.00000         516936.1398    0.000000    -0.00003     0.00000    0.000000000    0.000000562    0.000000389  257.599624  92009.1644
 618.00   15.0000    0.0000   15.0000  263.9659  263.9659  0.000000       0.00000       0.00000         503882.0320    0.000000    -0.00003     0.00000    0.000000000    0.000000530    0.000000356  257.643838  91862.8640
 630.00   15.0000    0.0000   15.0000  264.1261  264.1261  0.000000       0.00000       0.00000         490106.1591    0.000000    -0.00003     0.00000    0.000000000    0.000000494    0.000000321  257.683155  91716.8200
 642.00   15.0000    0.0000   15.0000  264.2827  264.2827  0.000000       0.00000       0.00000         478668.2509    0.000000    -0.00003     0.00000    0.000000000    0.000000465    0.000000291  257.718730  91571.0293
 654.00   15.0000    0.0000   15.0000  264.4357  264.4357  0.000000       0.00000       0.00000         468045.4919    0.000000    -0.00003     0.00000    0.000000000    0.000000437    0.000000264  257.750875  91425.4895
 666.00   15.0000    0.0000   15.0000  264.5856  264.5856  0.000000       0.00000       0.00000         458156.7619    0.000000    -0.00003     0.00000    0.000000000    0.000000412    0.000000238  257.779787  91280.1981
 678.00   15.0000    0.0000   15.0000  264.7324  264.7324  0.000000       0.00000       0.00000         448737.5577    0.000000    -0.00003     0.00000    0.000000000    0.000000387    0.000000213  257.805727  91135.1531
 690.00   15.0000    0.0000   15.0000  264.8763  264.8763  0.000000       0.00000       0.00000         440232.8506    0.000000    -0.00003     0.00000    0.000000000    0.000000364    0.000000190  257.828725  90990.3523
 702.00   15.0000    0.0000   15.0000  265.0178  265.0178  0.000000       0.00000       0.00000         432904.2841    0.000000    -0.00003     0.00000    0.000000000    0.000000345    0.000000171  257.849324  90845.7938
 714.00   15.0000    0.0000   15.0000  265.1571  265.1571  0.000000       0.00000       0.00000         426536.0819    0.000000    -0.00003     0.00000    0.000000000    0.000000328    0.000000154  257.867719  90701.4759
 726.00   15.0000    0.0000   15.0000  265.2946  265.2946  0.000000       0.00000       0.00000         421090.1212    0.000000    -0.00003     0.00000    0.000000000    0.000000314    0.000000139  257.884318  90557.3969
 738.00   15.0000    0.0000   15.0000  265.4305  265.4305  0.000000       0.00000       0.00000         416328.9187    0.000000    -0.00003     0.00000    0.000000000    0.000000301    0.000000126  257.899294  90413.5557
 750.00   15.0000    0.0000   15.0000  265.5650  265.5650  0.000000       0.00000       0.00000         412045.0184    0.000000    -0.00003     0.00000    0.000000000    0.000000290    0.000000115  257.912903  90269.9509
 762.00   15.0000    0.0000   15.0000  265.6983  265.6983  0.000000       0.00000       0.00000         408528.6142    0.000000    -0.00003     0.00000    0.000000000    0.000000281    0.000000105  257.925189  90126.5813
 774.00   15.0000    0.0000   15.0000  265.8307  265.8307  0.000000       0.00000       0.00000         405307.4331    0.000000    -0.00003     0.00000    0.000000000    0.000000272    0.000000096  257.936591  89983.4461
 786.00   15.0000    0.0000   15.0000  265.9620  265.9620  0.000000       0.00000       0.00000         403017.0970    0.000000    -0.00003     0.00000    0.000000000    0.000000266    0.000000090  257.946855  89840.5441
 798.00   15.0000    0.0000   15.0000  266.0930  266.0930  0.000000       0.00000       0.00000         401486.3823    0.000000    -0.00003     0.00000    0.000000000    0.000000262    0.000000086  257.956821  89697.8747
 810.00   15.0000    0.0000   15.0000  266.2234  266.2234  0.000000       0.00000       0.00000         400995.2106    0.000000    -0.00003     0.00000    0.000000000    0.000000262    0.000000085  257.966128  89555.4372
 822.00   15.0000    0.0000   15.0000  266.3543  266.3543  0.000000       0.00000       0.00000         401481.8061    0.000000    -0.00003     0.00000    0.000000000    0.000000264    0.000000087  257.975793  89413.2310
 834.00   15.0000    0.0000   15.0000  266.4851  266.4851  0.000000       0.00000       0.00000         402196.5431    0.000000    -0.00003     0.00000    0.000000000    0.000000266    0.000000089  257.985417  89271.2560
 846.00   15.0000    0.0000   15.0000  266.6166  266.6166  0.000000       0.00000       0.00000         404199.1875    0.000000    -0.00003     0.00000    0.000000000    0.000000273    0.000000095  257.995542  89129.5119
 858.00   15.0000    0.0000   15.0000  266.7489  266.7489  0.000000       0.00000       0.00000         408163.7440    0.000000    -0.00004     0.00000    0.000000000    0.000000285    0.000000106  258.006441  88987.9986
 870.00   15.0000    0.0000   15.0000  266.8830  266.8830  0.000000       0.00000       0.00000         414640.3898    0.000000    -0.00004     0.00000    0.000000000    0.000000305    0.000000125  258.019080  88846.7163
 882.00   15.0000    0.0000   15.0000  267.0197  267.0197  0.000000       0.00000       0.00000         422981.9929    0.000000    -0.00004     0.00000    0.000000000    0.000000330    0.000000150  258.034081  88705.6660
 894.00   15.0000    0.0000   15.0000  267.1594  267.1594  0.000000       0.00000       0.00000         435217.9202    0.000000    -0.00004     0.00000    0.000000000    0.000000367    0.000000185  258.052003  88564.8485
 906.00   15.0000    0.0000   15.0000  267.3042  267.3042  0.000000       0.00000       0.00000         450120.0539    0.000000    -0.00004     0.00000    0.000000000    0.000000413    0.000000229  258.074749  88424.2657
 918.00   15.0000    0.0000   15.0000  267.4539  267.4539  0.000000       0.00000       0.00000         478631.3484    0.000000    -0.00005     0.00000    0.000000000    0.000000499    0.000000313  258.102108  88283.9196
 930.00   15.0000    0.0000   15.0000  267.6175  267.6175  0.000000       0.00000       0.00000         497894.7687    0.000000    -0.00005     0.00000    0.000000000    0.000000558    0.000000371  258.142892  88143.8148
 942.00   15.0000    0.0000   15.0000  267.7800  267.7800  0.000000       0.00000       0.00000         582015.0130    0.000000    -0.00006     0.00000    0.000000000    0.000000814    0.000000619  258.182471  88003.9541
 954.00   15.0000    0.0000   15.0000  267.9990  267.9990  0.000000       0.00000       0.00000         585520.5325    0.000000    -0.00005     0.00000    0.000000000    0.000000829    0.000000635  258.276443  87864.3513
 966.00   15.0000    0.0000   15.0000  268.1640  268.1640  0.000000       0.00000       0.00000         864894.6963    0.000000    -0.00012     0.00000    0.000000000    0.000001695    0.000001468  258.318396  87725.0067
 978.00   15.0000    0.0000   15.0000  268.5666  268.5666  0.000000       0.00000       0.00000         798798.2753    0.000000    -0.00004     0.00000    0.000000000    0.000001501    0.000001302  258.588982  87585.9670
 990.00   15.0000    0.0000   15.0000  268.6891  268.6891  0.000000       0.00000       0.00000        2199634.7549    0.000000    -0.00041     0.00000    0.000000000    0.000006122    0.000005565  258.589791  87447.2206
1002.00   15.0000    0.0000   15.0000  270.0130  270.0130  0.000000       0.00000       0.00000        2121537.5863    0.000000    -0.00002     0.00000    0.000000000    0.000005902    0.000005848  259.746582  87309.0021
1014.00   15.0000    0.0000   15.0000  270.0910  270.0910  0.000000       0.00000       0.00000         236005.2723    0.000000    -0.00002     0.00000    0.000000000   -0.000000243   -0.000000441  259.704506  87171.2990
1026.00   15.0000    0.0000   15.0000  270.1690  270.1690  0.000000       0.00000       0.00000         235937.1356    0.000000    -0.00002     0.00000    0.000000000   -0.000000243   -0.000000441  259.662395  87033.7908
1038.00   15.0000    0.0000   15.0000  270.2470  270.2470  0.000000       0.00000       0.00000         235869.0383    0.000000    -0.00003     0.00000    0.000000000   -0.000000243   -0.000000440  259.620251  86896.4772
1050.00   15.0000    0.0000   15.0000  270.3250  270.3250  0.000000       0.00000       0.00000         235800.9803    0.000000    -0.00003     0.00000    0.000000000   -0.000000243   -0.000000440  259.578074  86759.3580
1062.00   15.0000    0.0000   15.0000  270.4030  270.4030  0.000000       0.00000       0.00000         235732.9615    0.000000    -0.00003     0.00000    0.000000000   -0.000000243   -0.000000440  259.535862  86622.4330
1074.00   15.0000    0.0000   15.0000  270.4810  270.4810  0.000000       0.00000       0.00000         235664.9820    0.000000    -0.00003     0.00000    0.000000000   -0.000000244   -0.000000439  259.493617  86485.7018
1086.00   15.0000    0.0000   15.0000  270.5590  270.5590  0.000000       0.00000       0.00000         235597.0417    0.000000    -0.00003     0.00000    0.000000000   -0.000000244   -0.000000439  259.451338  86349.1643
1098.00   15.0000    0.0000   15.0000  270.6370  270.6370  0.000000       0.00000       0.00000         235529.1405    0.000000    -0.00003     0.00000    0.000000000   -0.000000244   -0.000000439  259.409025  86212.8201
1110.00   15.0000    0.0000   15.0000  270.7150  270.7150  0.000000       0.00000       0.00000         235461.2785    0.000000    -0.00003     0.00000    0.000000000   -0.000000244   -0.000000438  259.366678  86076.6689
1122.00   15.0000    0.0000   15.0000  270.7930  270.7930  0.000000       0.00000       0.00000         235393.4555    0.000000    -0.00003     0.00000    0.000000000   -0.000000244   -0.000000438  259.324298  85940.7106
1134.00   15.0000    0.0000   15.0000  270.8710  270.8710  0.000000       0.00000       0.00000         235325.6716    0.000000    -0.00003     0.00000    0.000000000   -0.000000244   -0.000000438  259.281884  85804.9449
1146.00   15.0000    0.0000   15.0000  270.9490  270.9490  0.000000       0.00000       0.00000         235257.9268    0.000000    -0.00003     0.00000    0.000000000   -0.000000244   -0.000000437  259.239436  85669.3715
1158.00   15.0000    0.0000   15.0000  271.0270  271.0270  0.000000       0.00000       0.00000         235190.2209    0.000000    -0.00003     0.00000    0.000000000   -0.000000244   -0.000000437  259.196954  85533.9901
1170.00   15.0000    0.0000   15.0000  271.1050  271.1050  0.000000       0.00000       0.00000         235122.5540    0.000000    -0.00003     0.00000    0.000000000   -0.000000244   -0.000000437  259.154439  85398.8006
1182.00   15.0000    0.0000   15.0000  271.1830  271.1830  0.000000       0.00000       0.00000         235054.9260    0.000000    -0.00003     0.00000    0.000000000   -0.000000244   -0.000000436  259.111890  85263.8025
1194.00   15.0000    0.0000   15.0000  271.2610  271.2610  0.000000       0.00000       0.00000         234987.3369    0.000000    -0.00003     0.00000    0.000000000   -0.000000244   -0.000000436  259.069308  85128.9958
1206.00   15.0000    0.0000   15.0000  271.3390  271.3390  0.000000       0.00000       0.00000         234919.7867    0.000000    -0.00003     0.00000    0.000000000   -0.000000244   -0.000000436  259.026692  84994.3800
1218.00   15.0000    0.0000   15.0000  271.4170  271.4170  0.000000       0.00000       0.00000         234852.2753    0.000000    -0.00003     0.00000    0.000000000   -0.000000244   -0.000000435  258.984042  84859.9551
1230.00   15.0000    0.0000   15.0000  271.4950  271.4950  0.000000       0.00000       0.00000         234784.8027    0.000000    -0.00003     0.00000    0.000000000   -0.000000244   -0.000000435  258.941358  84725.7206
1242.00   15.0000    0.0000   15.0000  271.5730  271.5730  0.000000       0.00000       0.00000         234717.3688    0.000000    -0.00003     0.00000    0.000000000   -0.000000244   -0.000000435  258.898641  84591.6764
1254.00   15.0000    0.0000   15.0000  271.6510  271.6510  0.000000       0.00000       0.00000         234649.9737    0.000000    -0.00003     0.00000    0.000000000   -0.000000244   -0.000000434  258.855890  84457.8222
1266.00   15.0000    0.0000   15.0000  271.7290  271.7290  0.000000       0.00000       0.00000         234582.6172    0.000000    -0.00003     0.00000    0.000000000   -0.000000244   -0.000000434  258.813106  84324.1577
1278.00   15.0000    0.0000   15.0000  271.8070  271.8070  0.000000       0.00000       0.00000         234515.2995    0.000000    -0.00003     0.00000    0.000000000   -0.000000244   -0.000000434  258.770288  84190.6827
1290.00   15.0000    0.0000   15.0000  271.8850  271.8850  0.000000       0.00000       0.00000         234448.0203    0.000000    -0.00003     0.00000    0.000000000   -0.000000244   -0.000000433  258.727436  84057.3970
1302.00   15.0000    0.0000   15.0000  271.9630  271.9630  0.000000       0.00000       0.00000         234380.7797    0.000000    -0.00003     0.00000    0.000000000   -0.000000244   -0.000000433  258.684551  83924.3002
1314.00   15.0000    0.0000   15.0000  272.0410  272.0410  0.000000       0.00000       0.00000         234313.5777    0.000000    -0.00003     0.00000    0.000000000   -0.000000244   -0.000000432  258.641632  83791.3921
1326.00   15.0000    0.0000   15.0000  272.1190  272.1190  0.000000       0.00000       0.00000         234246.4143    0.000000    -0.00003     0.00000    0.000000000   -0.000000244   -0.000000432  258.598679  83658.6725
1338.00   15.0000    0.0000   15.0000  272.1970  272.1970  0.000000       0.00000       0.00000         234179.2893    0.000000    -0.00003     0.00000    0.000000000   -0.000000244   -0.000000432  258.555693  83526.1411
1350.00   15.0000    0.0000   15.0000  272.2750  272.2750  0.000000       0.00000       0.00000         234112.2027    0.000000    -0.00003     0.00000    0.000000000   -0.000000244   -0.000000431  258.512674  83393.7977
1362.00   15.0000    0.0000   15.0000  272.3530  272.3530  0.000000       0.00000       0.00000         234045.1546    0.000000    -0.00003     0.00000    0.000000000   -0.000000244   -0.000000431  258.469621  83261.6420
1374.00   15.0000    0.0000   15.0000  272.4310  272.4310  0.000000       0.00000       0.00000         233978.1449    0.000000    -0.00003     0.00000    0.000000000   -0.000000244   -0.000000431  258.426534  83129.6738
1386.00   15.0000    0.0000   15.0000  272.5090  272.5090  0.000000       0.00000       0.00000         233911.1736    0.000000    -0.00003     0.00000    0.000000000   -0.000000244   -0.000000430  258.383414  82997.8928
1398.00   15.0000    0.0000   15.0000  272.5870  272.5870  0.000000       0.00000       0.00000         233844.2406    0.000000    -0.00003     0.00000    0.000000000   -0.000000244   -0.000000430  258.340261  82866.2987
1410.00   15.0000    0.0000   15.0000  272.6650  272.6650  0.000000       0.00000       0.00000         233777.3458    0.000000    -0.00003     0.00000    0.000000000   -0.000000244   -0.000000429  258.297073  82734.8913
1422.00   15.0000    0.0000   15.0000  272.7430  272.7430  0.000000       0.00000       0.00000         233710.4894    0.000000    -0.00003     0.00000    0.000000000   -0.000000244   -0.000000429  258.253853  82603.6704
1434.00   15.0000    0.0000   15.0000  272.8210  272.8210  0.000000       0.00000       0.00000         233643.6711    0.000000    -0.00003     0.00000    0.000000000   -0.000000244   -0.000000429  258.210599  82472.6357
1446.00   15.0000    0.0000   15.0000  272.8990  272.8990  0.000000       0.00000       0.00000         233576.8911    0.000000    -0.00004     0.00000    0.000000000   -0.000000244   -0.000000428  258.167311  82341.7869
1458.00   15.0000    0.0000   15.0000  272.9770  272.9770  0.000000       0.00000       0.00000         233510.1492    0.000000    -0.00004     0.00000    0.000000000   -0.000000244   -0.000000428  258.123990  82211.1238
1470.00   15.0000    0.0000   15.0000  273.0550  273.0550  0.000000       0.00000       0.00000         233443.4455    0.000000    -0.00004     0.00000    0.000000000   -0.000000244   -0.000000428  258.080635  82080.6462
1482.00   15.0000    0.0000   15.0000  273.1330  273.1330  0.000000       0.00000       0.00000         233376.7798    0.000000    -0.00004     0.00000    0.000000000   -0.000000244   -0.000000427  258.037247  81950.3538
1494.00   15.0000    0.0000   15.0000  273.2110  273.2110  0.000000       0.00000       0.00000         233310.1522    0.000000    -0.00004     0.00000    0.000000000   -0.000000244   -0.000000427  257.993826  81820.2464
1506.00   15.0000    0.0000   15.0000  273.2890  273.2890  0.000000       0.00000       0.00000         233243.5627    0.000000    -0.00004     0.00000    0.000000000   -0.000000244   -0.000000426  257.950371  81690.3236
1518.00   15.0000    0.0000   15.0000  273.3670  273.3670  0.000000       0.00000       0.00000         233177.0111    0.000000    -0.00004     0.00000    0.000000000   -0.000000244   -0.000000426  257.906883  81560.5854
1530.00   15.0000    0.0000   15.0000  273.4450  273.4450  0.000000       0.00000       0.00000         233110.4975    0.000000    -0.00004     0.00000    0.000000000   -0.000000244   -0.000000426  257.863361  81431.0313
1542.00   15.0000    0.0000   15.0000  273.5230  273.5230  0.000000       0.00000       0.00000         233044.0219    0.000000    -0.00004     0.00000    0.000000000   -0.000000244   -0.000000425  257.819806  81301.6612
1554.00   15.0000    0.0000   15.0000  273.6010  273.6010  0.000000       0.00000       0.00000         232977.5841    0.000000    -0.00004     0.00000    0.000000000   -0.000000244   -0.000000425  257.776218  81172.4748
1566.00   15.0000    0.0000   15.0000  273.6790  273.6790  0.000000       0.00000       0.00000         232911.1843    0.000000    -0.00004     0.00000    0.000000000   -0.000000244   -0.000000424  257.732596  81043.4719
1578.00   15.0000    0.0000   15.0000  273.7570  273.7570  0.000000       0.00000       0.00000         232844.8222    0.000000    -0.00004     0.00000    0.000000000   -0.000000244   -0.000000424  257.688940  80914.6522
1590.00   15.0000    0.0000   15.0000  273.8350  273.8350  0.000000       0.00000       0.00000         232778.4980    0.000000    -0.00004     0.00000    0.000000000   -0.000000244   -0.000000424  257.645252  80786.0155
1602.00   15.0000    0.0000   15.0000  273.9130  273.9130  0.000000       0.00000       0.00000         232712.2115    0.000000    -0.00004     0.00000    0.000000000   -0.000000244   -0.000000423  257.601530  80657.5615
1614.00   15.0000    0.0000   15.0000  273.9910  273.9910  0.000000       0.00000       0.00000         232645.9628    0.000000    -0.00004     0.00000    0.000000000   -0.000000244   -0.000000423  257.557775  80529.2900
1626.00   15.0000    0.0000   15.0000  274.0690  274.0690  0.000000       0.00000       0.00000         232579.7518    0.000000    -0.00004     0.00000    0.000000000   -0.000000243   -0.000000422  257.513986  80401.2008
1638.00   15.0000    0.0000   15.0000  274.1470  274.1470  0.000000       0.00000       0.00000         232513.5785    0.000000    -0.00004     0.00000    0.000000000   -0.000000243   -0.000000422  257.470164  80273.2935
1650.00   15.0000    0.0000   15.0000  274.2250  274.2250  0.000000       0.00000       0.00000         232447.4428    0.000000    -0.00004     0.00000    0.000000000   -0.000000243   -0.000000422  257.426309  80145.5680
1662.00   15.0000    0.0000   15.0000  274.3030  274.3030  0.000000       0.00000       0.00000         232381.3447    0.000000    -0.00004     0.00000    0.000000000   -0.000000243   -0.000000421  257.382420  80018.0240
1674.00   15.0000    0.0000   15.0000  274.3810  274.3810  0.000000       0.00000       0.00000         232315.2842    0.000000    -0.00004     0.00000    0.000000000   -0.000000243   -0.000000421  257.338498  79890.6613
1686.00   15.0000    0.0000   15.0000  274.4590  274.4590  0.000000       0.00000       0.00000         232249.2613    0.000000    -0.00004     0.00000    0.000000000   -0.000000243   -0.000000420  257.294543  79763.4796
1698.00   15.0000    0.0000   15.0000  274.5370  274.5370  0.000000       0.00000       0.00000         232183.2758    0.000000    -0.00004     0.00000    0.000000000   -0.000000243   -0.000000420  257.250555  79636.4787
1710.00   15.0000    0.0000   15.0000  274.6150  274.6150  0.000000       0.00000       0.00000         232117.3279    0.000000    -0.00004     0.00000    0.000000000   -0.000000243   -0.000000419  257.206533  79509.6584
1722.00   15.0000    0.0000   15.0000  274.6930  274.6930  0.000000       0.00000       0.00000         232051.4174    0.000000    -0.00004     0.00000    0.000000000   -0.000000243   -0.000000419  257.162478  79383.0183
1734.00   15.0000    0.0000   15.0000  274.7710  274.7710  0.000000       0.00000       0.00000         231985.5443    0.000000    -0.00004     0.00000    0.000000000   -0.000000243   -0.000000419  257.118390  79256.5583
1746.00   15.0000    0.0000   15.0000  274.8490  274.8490  0.000000       0.00000       0.00000         231919.7086    0.000000    -0.00004     0.00000    0.000000000   -0.000000243   -0.000000418  257.074268  79130.2781
1758.00   15.0000    0.0000   15.0000  274.9270  274.9270  0.000000       0.00000       0.00000         231853.9103    0.000000    -0.00004     0.00000    0.000000000   -0.000000243   -0.000000418  257.030114  79004.1774
1770.00   15.0000    0.0000   15.0000  275.0050  275.0050  0.000000       0.00000       0.00000         231788.1493    0.000000    -0.00004     0.00000    0.000000000   -0.000000243   -0.000000417  256.985926  78878.2561
1782.00   15.0000    0.0000   15.0000  275.0830  275.0830  0.000000       0.00000       0.00000         231722.4256    0.000000    -0.00004     0.00000    0.000000000   -0.000000243   -0.000000417  256.941705  78752.5139
1794.00   15.0000    0.0000   15.0000  275.1610  275.1610  0.000000       0.00000       0.00000         231656.7391    0.000000    -0.00004     0.00000    0.000000000   -0.000000243   -0.000000417  256.897450  78626.9505
1806.00   15.0000    0.0000   15.0000  275.2390  275.2390  0.000000       0.00000       0.00000         231591.0899    0.000000    -0.00004     0.00000    0.000000000   -0.000000243   -0.000000416  256.853163  78501.5658
1818.00   15.0000    0.0000   15.0000  275.3170  275.3170  0.000000       0.00000       0.00000         231525.4779    0.000000    -0.00004     0.00000    0.000000000   -0.000000243   -0.000000416  256.808842  78376.3594
1830.00   15.0000    0.0000   15.0000  275.3950  275.3950  0.000000       0.00000       0.00000         231459.9030    0.000000    -0.00004     0.00000    0.000000000   -0.000000243   -0.000000415  256.764488  78251.3311
1842.00   15.0000    0.0000   15.0000  275.4730  275.4730  0.000000       0.00000       0.00000         231394.3653    0.000000    -0.00004     0.00000    0.000000000   -0.000000243   -0.000000415  256.720101  78126.4808
1854.00   15.0000    0.0000   15.0000  275.5510  275.5510  0.000000       0.00000       0.00000         231328.8647    0.000000    -0.00005     0.00000    0.000000000   -0.000000243   -0.000000414  256.675681  78001.8081
1866.00   15.0000    0.0000   15.0000  275.6290  275.6290  0.000000       0.00000       0.00000         231263.4012    0.000000    -0.00005     0.00000    0.000000000   -0.000000242   -0.000000414  256.631228  77877.3128
1878.00   15.0000    0.0000   15.0000  275.7070  275.7070  0.000000       0.00000       0.00000         231197.9747    0.000000    -0.00005     0.00000    0.000000000   -0.000000242   -0.000000414  256.586741  77752.9947
1890.00   15.0000    0.0000   15.0000  275.7850  275.7850  0.000000       0.00000       0.00000         231132.5852    0.000000    -0.00005     0.00000    0.000000000   -0.000000242   -0.000000413  256.542222  77628.8535
1902.00   15.0000    0.0000   15.0000  275.8630  275.8630  0.000000       0.00000       0.00000         231067.2326    0.000000    -0.00005     0.00000    0.000000000   -0.000000242   -0.000000413  256.497669  77504.8891
1914.00   15.0000    0.0000   15.0000  275.9410  275.9410  0.000000       0.00000       0.00000         231001.9171    0.000000    -0.00005     0.00000    0.000000000   -0.000000242   -0.000000412  256.453083  77381.1011
1926.00   15.0000    0.0000   15.0000  276.0190  276.0190  0.000000       0.00000       0.00000         230936.6384    0.000000    -0.00005     0.00000    0.000000000   -0.000000242   -0.000000412  256.408464  77257.4893
1938.00   15.0000    0.0000   15.0000  276.0970  276.0970  0.000000       0.00000       0.00000         230871.3966    0.000000    -0.00005     0.00000    0.000000000   -0.000000242   -0.000000411  256.363812  77134.0535
1950.00   15.0000    0.0000   15.0000  276.1750  276.1750  0.000000       0.00000       0.00000         230806.1917    0.000000    -0.00005     0.00000    0.000000000   -0.000000242   -0.000000411  256.319127  77010.7935
1962.00   15.0000    0.0000   15.0000  276.2530  276.2530  0.000000       0.00000       0.00000         230741.0236    0.000000    -0.00005     0.00000    0.000000000   -0.000000242   -0.000000410  256.274409  76887.7090
1974.00   15.0000    0.0000   15.0000  276.3310  276.3310  0.000000       0.00000       0.00000         230675.8923    0.000000    -0.00005     0.00000    0.000000000   -0.000000242   -0.000000410  256.229658  76764.7998
1986.00   15.0000    0.0000   15.0000  276.4090  276.4090  0.000000       0.00000       0.00000         230610.7978    0.000000    -0.00005     0.00000    0.000000000   -0.000000242   -0.000000410  256.184874  76642.0657
1998.00   15.0000    0.0000   15.0000  276.4870  276.4870  0.000000       0.00000       0.00000         230545.7399    0.000000    -0.00005     0.00000    0.000000000   -0.000000242   -0.000000409  256.140056  76519.5063
2010.00   15.0000    0.0000   15.0000  276.5650  276.5650  0.000000       0.00000       0.00000         230480.7188    0.000000    -0.00005     0.00000    0.000000000   -0.000000242   -0.000000409  256.095206  76397.1216
2022.00   15.0000    0.0000   15.0000  276.6430  276.6430  0.000000       0.00000       0.00000         230415.7344    0.000000    -0.00005     0.00000    0.000000000   -0.000000241   -0.000000408  256.050323  76274.9112
2034.00   15.0000    0.0000   15.0000  276.7210  276.7210  0.000000       0.00000       0.00000         230350.7865    0.000000    -0.00005     0.00000    0.000000000   -0.000000241   -0.000000408  256.005406  76152.8749
2046.00   15.0000    0.0000   15.0000  276.7990  276.7990  0.000000       0.00000       0.00000         230285.8753    0.000000    -0.00005     0.00000    0.000000000   -0.000000241   -0.000000407  255.960457  76031.0125
2058.00   15.0000    0.0000   15.0000  276.8770  276.8770  0.000000       0.00000       0.00000         230221.0007    0.000000    -0.00005     0.00000    0.000000000   -0.000000241   -0.000000407  255.915474  75909.3237
2070.00   15.0000    0.0000   15.0000  276.9550  276.9550  0.000000       0.00000       0.00000         230156.1626    0.000000    -0.00005     0.00000    0.000000000   -0.000000241   -0.000000406  255.870459  75787.8084
2082.00   15.0000    0.0000   15.0000  277.0330  277.0330  0.000000       0.00000       0.00000         230091.3610    0.000000    -0.00005     0.00000    0.000000000   -0.000000241   -0.000000406  255.825411  75666.4662
2094.00   15.0000    0.0000   15.0000  277.1110  277.1110  0.000000       0.00000       0.00000         230026.5958    0.000000    -0.00005     0.00000    0.000000000   -0.000000241   -0.000000405  255.780329  75545.2970
2106.00   15.0000    0.0000   15.0000  277.1890  277.1890  0.000000       0.00000       0.00000         229961.8672    0.000000    -0.00005     0.00000    0.000000000   -0.000000241   -0.000000405  255.735215  75424.3005
2118.00   15.0000    0.0000   15.0000  277.2670  277.2670  0.000000       0.00000       0.00000         229897.1749    0.000000    -0.00005     0.00000    0.000000000   -0.000000241   -0.000000405  255.690068  75303.4766
2130.00   15.0000    0.0000   15.0000  277.3450  277.3450  0.000000       0.00000       0.00000         229832.5191    0.000000    -0.00005     0.00000    0.000000000   -0.000000241   -0.000000404  255.644888  75182.8248
2142.00   15.0000    0.0000   15.0000  277.4230  277.4230  0.000000       0.00000       0.00000         229767.8996    0.000000    -0.00005     0.00000    0.000000000   -0.000000241   -0.000000404  255.599675  75062.3451
2154.00   15.0000    0.0000   15.0000  277.5010  277.5010  0.000000       0.00000       0.00000         229703.3164    0.000000    -0.00005     0.00000    0.000000000   -0.000000240   -0.000000403  255.554429  74942.0372
2166.00   15.0000    0.0000   15.0000  277.5790  277.5790  0.000000       0.00000       0.00000         229638.7695    0.000000    -0.00005     0.00000    0.000000000   -0.000000240   -0.000000403  255.509150  74821.9009
2178.00   15.0000    0.0000   15.0000  277.6570  277.6570  0.000000       0.00000       0.00000         229574.2589    0.000000    -0.00005     0.00000    0.000000000   -0.000000240   -0.000000402  255.463838  74701.9359
2190.00   15.0000    0.0000   15.0000  277.7350  277.7350  0.000000       0.00000       0.00000         229509.7845    0.000000    -0.00005     0.00000    0.000000000   -0.000000240   -0.000000402  255.418493  74582.1420
2202.00   15.0000    0.0000   15.0000  277.8130  277.8130  0.000000       0.00000       0.00000         229445.3463    0.000000    -0.00005     0.00000    0.000000000   -0.000000240   -0.000000401  255.373116  74462.5190
2214.00   15.0000    0.0000   15.0000  277.8910  277.8910  0.000000       0.00000       0.00000         229380.9443    0.000000    -0.00005     0.00000    0.000000000   -0.000000240   -0.000000401  255.327705  74343.0666
2226.00   15.0000    0.0000   15.0000  277.9690  277.9690  0.000000       0.00000       0.00000         229316.5785    0.000000    -0.00005     0.00000    0.000000000   -0.000000240   -0.000000400  255.282262  74223.7847
2238.00   15.0000    0.0000   15.0000  278.0470  278.0470  0.000000       0.00000       0.00000         229252.2487    0.000000    -0.00005     0.00000    0.000000000   -0.000000240   -0.000000400  255.236785  74104.6729
2250.00   15.0000    0.0000   15.0000  278.1250  278.1250  0.000000       0.00000       0.00000         229187.9551    0.000000    -0.00005     0.00000    0.000000000   -0.000000240   -0.000000399  255.191276  73985.7311
2262.00   15.0000    0.0000   15.0000  278.2030  278.2030  0.000000       0.00000       0.00000         229123.6974    0.000000    -0.00006     0.00000    0.000000000   -0.000000240   -0.000000399  255.145734  73866.9591
2274.00   15.0000    0.0000   15.0000  278.2810  278.2810  0.000000       0.00000       0.00000         229059.4759    0.000000    -0.00006     0.00000    0.000000000   -0.000000239   -0.000000398  255.100160  73748.3566
2286.00   15.0000    0.0000   15.0000  278.3590  278.3590  0.000000       0.00000       0.00000         228995.2903    0.000000    -0.00006     0.00000    0.000000000   -0.000000239   -0.000000398  255.054552  73629.9233
2298.00   15.0000    0.0000   15.0000  278.4370  278.4370  0.000000       0.00000       0.00000         228931.1406    0.000000    -0.00006     0.00000    0.000000000   -0.000000239   -0.000000397  255.008912  73511.6591
2310.00   15.0000    0.0000   15.0000  278.5150  278.5150  0.000000       0.00000       0.00000         228867.0269    0.000000    -0.00006     0.00000    0.000000000   -0.000000239   -0.000000397  254.963239  73393.5637
2322.00   15.0000    0.0000   15.0000  278.5930  278.5930  0.000000       0.00000       0.00000         228802.9491    0.000000    -0.00006     0.00000    0.000000000   -0.000000239   -0.000000396  254.917533  73275.6370
2334.00   15.0000    0.0000   15.0000  278.6710  278.6710  0.000000       0.00000       0.00000         228738.9072    0.000000    -0.00006     0.00000    0.000000000   -0.000000239   -0.000000396  254.871794  73157.8786
2346.00   15.0000    0.0000   15.0000  278.7490  278.7490  0.000000       0.00000       0.00000         228674.9011    0.000000    -0.00006     0.00000    0.000000000   -0.000000239   -0.000000395  254.826022  73040.2884
2358.00   15.0000    0.0000   15.0000  278.8270  278.8270  0.000000       0.00000       0.00000         228610.9308    0.000000    -0.00006     0.00000    0.000000000   -0.000000239   -0.000000395  254.780218  72922.8661
2370.00   15.0000    0.0000   15.0000  278.9050  278.9050  0.000000       0.00000       0.00000         228546.9963    0.000000    -0.00006     0.00000    0.000000000   -0.000000238   -0.000000395  254.734381  72805.6115
2382.00   15.0000    0.0000   15.0000  278.9830  278.9830  0.000000       0.00000       0.00000              0.0000    0.000000    -0.00006     0.00000    0.000000000    0.000000000    0.000000000  254.688511  72688.5244
2394.00   15.0000    0.0000   15.0000  279.0610  279.0610  0.000000       0.00000       0.00000              0.0000    0.000000     0.00000     0.00000    0.000000000    0.000000000    0.000000000  254.642609  72571.6045
