   0.00    0.0000    0.0000    0.0000  246.1345  246.1345  0.000000       0.00000       0.00000              0.0000    0.000000     0.00000     0.00000    0.000000000    0.000000000    0.000000000    0.000000      0.0000
   6.00    7.3040    3.6226    8.1530  248.2297  248.2297  0.000000       0.63174       0.63174              0.0000    0.000000     0.00000     0.00000   -0.000046084    0.000000000    0.000000000  248.141960  99876.2443
  18.00    8.4399    4.0809    9.3747  248.4421  248.4421  0.000000       1.71463       1.71463              0.0831    0.000000    -0.00000     0.00000   -0.000051423    0.000000000    0.000000000  248.207876  99670.1768
  30.00    9.2066    4.3274   10.1730  248.5907  248.5907  0.000000       1.54121       1.54121              0.1158    0.000000    -0.00000     0.00000   -0.000061686    0.000000186    0.000000112  248.239179  99505.6995
  42.00    9.9336    4.5036   10.9068  248.7369  248.7369  0.000000       1.64593       1.64593              0.1340    0.000000    -0.00000     0.00000   -0.000065800    0.000000169    0.000000096  248.268033  99341.5136
  54.00   10.5981    4.6129   11.5585  248.8764  248.8764  0.000000       1.55759       1.55759              0.1538    0.000000    -0.00000     0.00000   -0.000068908    0.000000159    0.000000086  248.290166  99177.6153
  66.00   11.2358    4.6678   12.1668  249.0172  249.0172  0.000000       1.47714       1.47714              0.1713    0.000000    -0.00000     0.00000   -0.000071596    0.000000167    0.000000093  248.313450  99014.0024
  78.00   11.8488    4.6711   12.7363  249.1605  249.1605  0.000000       1.35894       1.35894              0.1889    0.000000    -0.00000     0.00000   -0.000074070    0.000000183    0.000000108  248.339248  98850.6756
  90.00   12.4431    4.6241   13.2745  249.3090  249.3090  0.000000       1.23375       1.23375              0.2065    0.000000    -0.00000     0.00000   -0.000076484    0.000000207    0.000000131  248.370186  98687.6367
 102.00   13.0189    4.5264   13.7833  249.4646  249.4646  0.000000       1.10088       1.10088              0.2249    0.000000    -0.00001     0.00000   -0.000078930    0.000000239    0.000000162  248.408012  98524.8893
 114.00   13.5752    4.3766   14.2633  249.6291  249.6291  0.000000       0.96755       0.96755              0.2443    0.000000    -0.00001     0.00000   -0.000081461    0.000000280    0.000000201  248.454751  98362.4379
 126.00   14.1090    4.1730   14.7132  249.8048  249.8048  0.000000       0.83626       0.83626              0.2652    0.000000    -0.00001     0.00000   -0.000084152    0.000000331    0.000000250  248.512494  98200.2885
 138.00   14.6154    3.9132   15.1302  249.9942  249.9942  0.000000       0.70977       0.70977              0.2882    0.000000    -0.00001     0.00000   -0.000087102    0.000000394    0.000000310  248.583701  98038.4482
 150.00   15.0872    3.5950   15.5096  250.2001  250.2001  0.000000       0.59005       0.59005              0.3140    0.000000    -0.00001     0.00000   -0.000090408    0.000000471    0.000000384  248.671284  97876.9263
 162.00   15.5149    3.2167   15.8449  250.4262  250.4262  0.000000       0.47810       0.47810              0.3436    0.000000    -0.00001     0.00000   -0.000094179    0.000000568    0.000000477  248.778919  97715.7337
 174.00   15.8854    2.7776   16.1265  250.6773  250.6773  0.000000       0.37615       0.37615              0.3781    0.000000    -0.00002     0.00000   -0.000098646    0.000000692    0.000000596  248.911157  97554.8840
 186.00   16.1823    2.2788   16.3419  250.9599  250.9599  0.000000       0.28212       0.28212              0.4206    0.000000    -0.00002     0.00000   -0.000104211    0.000000850    0.000000747  249.074631  97394.3944
 198.00   16.3818    1.7287   16.4727  251.2812  251.2812  0.000000       0.20341       0.20341              0.4725    0.000000    -0.00002     0.00000   -0.000111412    0.000001070    0.000000958  249.276408  97234.2861
 210.00   16.4558    1.1332   16.4947  251.6596  251.6596  0.000000       0.12418       0.12418              0.5514    0.000000    -0.00003     0.00000   -0.000121872    0.000001330    0.000001209  249.534560  97074.5883
 222.00   16.3648    0.5581   16.3743  252.0894  252.0894  0.000000       0.08252       0.08252              0.6317    0.000000    -0.00003     0.00000   -0.000145589    0.000001773    0.000001630  249.843573  96915.3336
 234.00   16.0082    0.0110   16.0082  252.6472  252.6472  0.000000       0.00156       0.00156              1.9338    0.000000     0.00000     0.00000   -0.000141609    0.000010919    0.000009219  250.279227  96756.5767
 246.00   15.0314    0.0016   15.0314  256.4225  256.4225  0.000000       0.00006       0.00006              4.1131    0.000000    -0.00006     0.00000   -0.000021105    0.000012023    0.000012983  253.901052  96599.3455
 258.00   15.0002    0.0001   15.0002  257.2003  257.2003  0.000000       0.00000       0.00000           1353.6623    0.000000    -0.00005     0.00000   -0.000000159    0.000004097    0.000003889  254.553939  96443.6970
 270.00   15.0000    0.0000   15.0000  257.8866  257.8866  0.000000       0.00000       0.00000        1719436.0102    0.000000    -0.00004     0.00000    0.000000000    0.000003417    0.000003229  255.115879  96288.6695
 282.00   15.0000   -0.0000   15.0000  258.4114  258.4114  0.000000       0.00000       0.00000        1508400.6978    0.000000    -0.00004     0.00000    0.000000000    0.000002637    0.000002454  255.517879  96134.1833
 294.00   15.0000   -0.0000   15.0000  258.8405  258.8405  0.000000       0.00000       0.00000        1299958.6980    0.000000    -0.00004     0.00000    0.000000000    0.000002241    0.000002058  255.824972  95980.1587
 306.00   15.0000   -0.0000   15.0000  259.2349  259.2349  0.000000       0.00000       0.00000        1192787.2458    0.000000    -0.00003     0.00000    0.000000000    0.000002046    0.000001864  256.097588  95826.5549
 318.00   15.0000   -0.0000   15.0000  259.5973  259.5973  0.000000       0.00000       0.00000        1110915.4974    0.000000    -0.00003     0.00000    0.000000000    0.000001896    0.000001714  256.338377  95673.3505
 330.00   15.0000    0.0000   15.0000  259.9407  259.9407  0.000000       0.00000       0.00000        1056233.0085    0.000000    -0.00003     0.00000    0.000000000    0.000001801    0.000001619  256.560332  95520.5289
 342.00   15.0000    0.0000   15.0000  260.2692  260.2692  0.000000       0.00000       0.00000        1013343.6298    0.000000    -0.00003     0.00000    0.000000000    0.000001729    0.000001546  256.767389  95368.0788
 354.00   15.0000    0.0000   15.0000  260.5862  260.5862  0.000000       0.00000       0.00000         973036.3248    0.000000    -0.00003     0.00000    0.000000000    0.000001658    0.000001475  256.962927  95215.9913
 366.00   15.0000    0.0000   15.0000  260.8897  260.8897  0.000000       0.00000       0.00000         937582.0386    0.000000    -0.00003     0.00000    0.000000000    0.000001596    0.000001411  257.145122  95064.2577
 378.00   15.0000    0.0000   15.0000  261.1848  261.1848  0.000000       0.00000       0.00000         892051.9933    0.000000    -0.00003     0.00000    0.000000000    0.000001502    0.000001318  257.318780  94912.8707
 390.00   15.0000    0.0000   15.0000  261.4599  261.4599  0.000000       0.00000       0.00000         861144.4952    0.000000    -0.00003     0.00000    0.000000000    0.000001444    0.000001258  257.472703  94761.8209
 402.00   15.0000    0.0000   15.0000  261.7358  261.7358  0.000000       0.00000       0.00000         805739.7548    0.000000    -0.00003     0.00000    0.000000000    0.000001315    0.000001131  257.627218  94611.1016
 414.00   15.0000    0.0000   15.0000  261.9761  261.9761  0.000000       0.00000       0.00000         757571.1339    0.000000    -0.00003     0.00000    0.000000000    0.000001202    0.000001018  257.746542  94460.7020
 426.00   15.0000    0.0000   15.0000  262.2215  262.2215  0.000000       0.00000       0.00000         734633.8615    0.000000    -0.00003     0.00000    0.000000000    0.000001153    0.000000969  257.870898  94310.6124
 438.00   15.0000    0.0000   15.0000  262.4475  262.4475  0.000000       0.00000       0.00000         699786.8638    0.000000    -0.00003     0.00000    0.000000000    0.000001070    0.000000885  257.975983  94160.8279
 450.00   15.0000    0.0000   15.0000  262.6710  262.6710  0.000000       0.00000       0.00000         681382.8861    0.000000    -0.00003     0.00000    0.000000000    0.000001029    0.000000844  258.078524  94011.3414
 462.00   15.0000    0.0000   15.0000  262.8855  262.8855  0.000000       0.00000       0.00000         659761.6102    0.000000    -0.00003     0.00000    0.000000000    0.000000979    0.000000793  258.172161  93862.1489
 474.00   15.0000    0.0000   15.0000  263.0955  263.0955  0.000000       0.00000       0.00000         644268.3693    0.000000    -0.00003     0.00000    0.000000000    0.000000944    0.000000757  258.261196  93713.2458
 486.00   15.0000    0.0000   15.0000  263.3004  263.3004  0.000000       0.00000       0.00000         629563.0460    0.000000    -0.00003     0.00000    0.000000000    0.000000910    0.000000723  258.345185  93564.6287
 498.00   15.0000    0.0000   15.0000  263.5012  263.5012  0.000000       0.00000       0.00000         616354.5775    0.000000    -0.00003     0.00000    0.000000000    0.000000879    0.000000692  258.425055  93416.2942
 510.00   15.0000    0.0000   15.0000  263.6978  263.6978  0.000000       0.00000       0.00000         604035.7350    0.000000    -0.00003     0.00000    0.000000000    0.000000851    0.000000662  258.500813  93268.2395
 522.00   15.0000    0.0000   15.0000  263.8910  263.8910  0.000000       0.00000       0.00000         592172.6827    0.000000    -0.00003     0.00000    0.000000000    0.000000823    0.000000634  258.573004  93120.4617
 534.00   15.0000    0.0000   15.0000  264.0803  264.0803  0.000000       0.00000       0.00000         580545.5328    0.000000    -0.00003     0.00000    0.000000000    0.000000795    0.000000605  258.641362  92972.9581
 546.00   15.0000    0.0000   15.0000  264.2662  264.2662  0.000000       0.00000       0.00000         567313.4241    0.000000    -0.00003     0.00000    0.000000000    0.000000761    0.000000571  258.706291  92825.7261
 558.00   15.0000    0.0000   15.0000  264.4472  264.4472  0.000000       0.00000       0.00000         554932.1103    0.000000    -0.00003     0.00000    0.000000000    0.000000729    0.000000539  258.766364  92678.7627
 570.00   15.0000    0.0000   15.0000  264.6253  264.6253  0.000000       0.00000       0.00000         537127.9233    0.000000    -0.00003     0.00000    0.000000000    0.000000681    0.000000490  258.823536  92532.0652
 582.00   15.0000    0.0000   15.0000  264.7951  264.7951  0.000000       0.00000       0.00000         521064.0862    0.000000    -0.00003     0.00000    0.000000000    0.000000637    0.000000446  258.872410  92385.6299
 594.00   15.0000    0.0000   15.0000  264.9630  264.9630  0.000000       0.00000       0.00000         500027.9011    0.000000    -0.00003     0.00000    0.000000000    0.000000577    0.000000386  258.919467  92239.4534
 606.00   15.0000    0.0000   15.0000  265.1193  265.1193  0.000000       0.00000       0.00000         472105.3243    0.000000    -0.00003     0.00000    0.000000000    0.000000495    0.000000305  258.955073  92093.5314
 618.00   15.0000    0.0000   15.0000  265.2693  265.2693  0.000000       0.00000       0.00000         453075.1451    0.000000    -0.00003     0.00000    0.000000000    0.000000439    0.000000249  258.984477  91947.8586
 630.00   15.0000    0.0000   15.0000  265.4134  265.4134  0.000000       0.00000       0.00000         435414.0982    0.000000    -0.00003     0.00000    0.000000000    0.000000387    0.000000198  259.008056  91802.4311
 642.00   15.0000    0.0000   15.0000  265.5521  265.5521  0.000000       0.00000       0.00000         421284.0889    0.000000    -0.00003     0.00000    0.000000000    0.000000345    0.000000156  259.026290  91657.2452
 654.00   15.0000    0.0000   15.0000  265.6872  265.6872  0.000000       0.00000       0.00000         410352.3957    0.000000    -0.00003     0.00000    0.000000000    0.000000312    0.000000123  259.040931  91512.2982
 666.00   15.0000    0.0000   15.0000  265.8190  265.8190  0.000000       0.00000       0.00000         401116.1641    0.000000    -0.00003     0.00000    0.000000000    0.000000284    0.000000096  259.052250  91367.5877
 678.00   15.0000    0.0000   15.0000  265.9482  265.9482  0.000000       0.00000       0.00000         393516.0311    0.000000    -0.00003     0.00000    0.000000000    0.000000262    0.000000073  259.061046  91223.1116
 690.00   15.0000    0.0000   15.0000  266.0751  266.0751  0.000000       0.00000       0.00000         386862.7455    0.000000    -0.00003     0.00000    0.000000000    0.000000242    0.000000053  259.067556  91078.8682
 702.00   15.0000    0.0000   15.0000  266.2001  266.2001  0.000000       0.00000       0.00000         381168.1431    0.000000    -0.00003     0.00000    0.000000000    0.000000225    0.000000036  259.072139  90934.8560
 714.00   15.0000    0.0000   15.0000  266.3234  266.3234  0.000000       0.00000       0.00000         376262.2774    0.000000    -0.00003     0.00000    0.000000000    0.000000210    0.000000021  259.075043  90791.0735
 726.00   15.0000    0.0000   15.0000  266.4453  266.4453  0.000000       0.00000       0.00000         372096.9355    0.000000    -0.00003     0.00000    0.000000000    0.000000197    0.000000008  259.076519  90647.5196
 738.00   15.0000    0.0000   15.0000  266.5660  266.5660  0.000000       0.00000       0.00000         368351.5949    0.000000    -0.00003     0.00000    0.000000000    0.000000186   -0.000000003  259.076782  90504.1932
 750.00   15.0000    0.0000   15.0000  266.6856  266.6856  0.000000       0.00000       0.00000         364690.3565    0.000000    -0.00003     0.00000    0.000000000    0.000000175   -0.000000014  259.075883  90361.0932
 762.00   15.0000    0.0000   15.0000  266.8041  266.8041  0.000000       0.00000       0.00000         361632.7381    0.000000    -0.00003     0.00000    0.000000000    0.000000165   -0.000000024  259.073825  90218.2187
 774.00   15.0000    0.0000   15.0000  266.9218  266.9218  0.000000       0.00000       0.00000         358208.6279    0.000000    -0.00003     0.00000    0.000000000    0.000000155   -0.000000034  259.070986  90075.5687
 786.00   15.0000    0.0000   15.0000  267.0381  267.0381  0.000000       0.00000       0.00000         355749.7786    0.000000    -0.00003     0.00000    0.000000000    0.000000147   -0.000000042  259.066754  89933.1423
 798.00   15.0000    0.0000   15.0000  267.1543  267.1543  0.000000       0.00000       0.00000         352888.1228    0.000000    -0.00003     0.00000    0.000000000    0.000000139   -0.000000051  259.062351  89790.9388
 810.00   15.0000    0.0000   15.0000  267.2688  267.2688  0.000000       0.00000       0.00000         350192.7328    0.000000    -0.00003     0.00000    0.000000000    0.000000130   -0.000000059  259.056302  89648.9573
 822.00   15.0000    0.0000   15.0000  267.3833  267.3833  0.000000       0.00000       0.00000         348857.1199    0.000000    -0.00003     0.00000    0.000000000    0.000000126   -0.000000063  259.050185  89507.1969
 834.00   15.0000    0.0000   15.0000  267.4971  267.4971  0.000000       0.00000       0.00000         347439.4998    0.000000    -0.00003     0.00000    0.000000000    0.000000122   -0.000000068  259.043283  89365.6572
 846.00   15.0000    0.0000   15.0000  267.6108  267.6108  0.000000       0.00000       0.00000         346574.2524    0.000000    -0.00003     0.00000    0.000000000    0.000000119   -0.000000071  259.036262  89224.3374
 858.00   15.0000    0.0000   15.0000  267.7241  267.7241  0.000000       0.00000       0.00000         346256.9425    0.000000    -0.00003     0.00000    0.000000000    0.000000118   -0.000000072  259.028806  89083.2373
 870.00   15.0000    0.0000   15.0000  267.8376  267.8376  0.000000       0.00000       0.00000         347300.3500    0.000000    -0.00003     0.00000    0.000000000    0.000000122   -0.000000068  259.021577  88942.3562
 882.00   15.0000    0.0000   15.0000  267.9517  267.9517  0.000000       0.00000       0.00000         349171.1463    0.000000    -0.00003     0.00000    0.000000000    0.000000128   -0.000000063  259.014776  88801.6942
 894.00   15.0000    0.0000   15.0000  268.0666  268.0666  0.000000       0.00000       0.00000         352319.4867    0.000000    -0.00003     0.00000    0.000000000    0.000000138   -0.000000053  259.008727  88661.2511
 906.00   15.0000    0.0000   15.0000  268.1829  268.1829  0.000000       0.00000       0.00000         357676.4362    0.000000    -0.00003     0.00000    0.000000000    0.000000155   -0.000000037  259.003917  88521.0272
 918.00   15.0000    0.0000   15.0000  268.3014  268.3014  0.000000       0.00000       0.00000         366416.7419    0.000000    -0.00003     0.00000    0.000000000    0.000000183   -0.000000009  259.001259  88381.0231
 930.00   15.0000    0.0000   15.0000  268.4234  268.4234  0.000000       0.00000       0.00000         378146.6635    0.000000    -0.00004     0.00000    0.000000000    0.000000220    0.000000027  259.001986  88241.2398
 942.00   15.0000    0.0000   15.0000  268.5498  268.5498  0.000000       0.00000       0.00000         404438.8212    0.000000    -0.00004     0.00000    0.000000000    0.000000304    0.000000109  259.006764  88101.6792
 954.00   15.0000    0.0000   15.0000  268.6893  268.6893  0.000000       0.00000       0.00000         421126.7934    0.000000    -0.00004     0.00000    0.000000000    0.000000359    0.000000162  259.024159  87962.3452
 966.00   15.0000    0.0000   15.0000  268.8267  268.8267  0.000000       0.00000       0.00000         552071.9191    0.000000    -0.00007     0.00000    0.000000000    0.000000781    0.000000573  259.039537  87823.2404
 978.00   15.0000    0.0000   15.0000  269.0525  269.0525  0.000000       0.00000       0.00000         527221.6540    0.000000    -0.00004     0.00000    0.000000000    0.000000704    0.000000500  259.139942  87684.3865
 990.00   15.0000    0.0000   15.0000  269.1739  269.1739  0.000000       0.00000       0.00000        1458071.3023    0.000000    -0.00026     0.00000    0.000000000    0.000003813    0.000003454  259.139736  87545.7790
1002.00   15.0000    0.0000   15.0000  270.0130  270.0130  0.000000       0.00000       0.00000        1387882.6680    0.000000    -0.00002     0.00000    0.000000000    0.000003594    0.000003420  259.830308  87407.5741
1014.00   15.0000    0.0000   15.0000  270.0910  270.0910  0.000000       0.00000       0.00000         236005.2723    0.000000    -0.00002     0.00000    0.000000000   -0.000000244   -0.000000443  259.788256  87269.7599
1026.00   15.0000    0.0000   15.0000  270.1690  270.1690  0.000000       0.00000       0.00000         235937.1356    0.000000    -0.00002     0.00000    0.000000000   -0.000000244   -0.000000443  259.746170  87132.1407
1038.00   15.0000    0.0000   15.0000  270.2470  270.2470  0.000000       0.00000       0.00000         235869.0383    0.000000    -0.00003     0.00000    0.000000000   -0.000000244   -0.000000442  259.704050  86994.7163
1050.00   15.0000    0.0000   15.0000  270.3250  270.3250  0.000000       0.00000       0.00000         235800.9803    0.000000    -0.00003     0.00000    0.000000000   -0.000000244   -0.000000442  259.661897  86857.4864
1062.00   15.0000    0.0000   15.0000  270.4030  270.4030  0.000000       0.00000       0.00000         235732.9615    0.000000    -0.00003     0.00000    0.000000000   -0.000000244   -0.000000442  259.619709  86720.4507
1074.00   15.0000    0.0000   15.0000  270.4810  270.4810  0.000000       0.00000       0.00000         235664.9820    0.000000    -0.00003     0.00000    0.000000000   -0.000000244   -0.000000441  259.577488  86583.6090
1086.00   15.0000    0.0000   15.0000  270.5590  270.5590  0.000000       0.00000       0.00000         235597.0417    0.000000    -0.00003     0.00000    0.000000000   -0.000000244   -0.000000441  259.535233  86446.9610
1098.00   15.0000    0.0000   15.0000  270.6370  270.6370  0.000000       0.00000       0.00000         235529.1405    0.000000    -0.00003     0.00000    0.000000000   -0.000000244   -0.000000441  259.492944  86310.5065
1110.00   15.0000    0.0000   15.0000  270.7150  270.7150  0.000000       0.00000       0.00000         235461.2785    0.000000    -0.00003     0.00000    0.000000000   -0.000000245   -0.000000440  259.450622  86174.2452
1122.00   15.0000    0.0000   15.0000  270.7930  270.7930  0.000000       0.00000       0.00000         235393.4555    0.000000    -0.00003     0.00000    0.000000000   -0.000000245   -0.000000440  259.408266  86038.1768
1134.00   15.0000    0.0000   15.0000  270.8710  270.8710  0.000000       0.00000       0.00000         235325.6716    0.000000    -0.00003     0.00000    0.000000000   -0.000000245   -0.000000440  259.365876  85902.3010
1146.00   15.0000    0.0000   15.0000  270.9490  270.9490  0.000000       0.00000       0.00000         235257.9268    0.000000    -0.00003     0.00000    0.000000000   -0.000000245   -0.000000439  259.323452  85766.6177
1158.00   15.0000    0.0000   15.0000  271.0270  271.0270  0.000000       0.00000       0.00000         235190.2209    0.000000    -0.00003     0.00000    0.000000000   -0.000000245   -0.000000439  259.280995  85631.1266
1170.00   15.0000    0.0000   15.0000  271.1050  271.1050  0.000000       0.00000       0.00000         235122.5540    0.000000    -0.00003     0.00000    0.000000000   -0.000000245   -0.000000439  259.238504  85495.8273
1182.00   15.0000    0.0000   15.0000  271.1830  271.1830  0.000000       0.00000       0.00000         235054.9260    0.000000    -0.00003     0.00000    0.000000000   -0.000000245   -0.000000438  259.195979  85360.7197
1194.00   15.0000    0.0000   15.0000  271.2610  271.2610  0.000000       0.00000       0.00000         234987.3369    0.000000    -0.00003     0.00000    0.000000000   -0.000000245   -0.000000438  259.153421  85225.8035
1206.00   15.0000    0.0000   15.0000  271.3390  271.3390  0.000000       0.00000       0.00000         234919.7867    0.000000    -0.00003     0.00000    0.000000000   -0.000000245   -0.000000438  259.110829  85091.0784
1218.00   15.0000    0.0000   15.0000  271.4170  271.4170  0.000000       0.00000       0.00000         234852.2753    0.000000    -0.00003     0.00000    0.000000000   -0.000000245   -0.000000437  259.068203  84956.5441
1230.00   15.0000    0.0000   15.0000  271.4950  271.4950  0.000000       0.00000       0.00000         234784.8027    0.000000    -0.00003     0.00000    0.000000000   -0.000000245   -0.000000437  259.025544  84822.2005
1242.00   15.0000    0.0000   15.0000  271.5730  271.5730  0.000000       0.00000       0.00000         234717.3688    0.000000    -0.00003     0.00000    0.000000000   -0.000000245   -0.000000437  258.982851  84688.0473
1254.00   15.0000    0.0000   15.0000  271.6510  271.6510  0.000000       0.00000       0.00000         234649.9737    0.000000    -0.00003     0.00000    0.000000000   -0.000000245   -0.000000436  258.940124  84554.0841
1266.00   15.0000    0.0000   15.0000  271.7290  271.7290  0.000000       0.00000       0.00000         234582.6172    0.000000    -0.00003     0.00000    0.000000000   -0.000000245   -0.000000436  258.897364  84420.3108
1278.00   15.0000    0.0000   15.0000  271.8070  271.8070  0.000000       0.00000       0.00000         234515.2995    0.000000    -0.00003     0.00000    0.000000000   -0.000000245   -0.000000436  258.854570  84286.7271
1290.00   15.0000    0.0000   15.0000  271.8850  271.8850  0.000000       0.00000       0.00000         234448.0203    0.000000    -0.00003     0.00000    0.000000000   -0.000000245   -0.000000435  258.811743  84153.3327
1302.00   15.0000    0.0000   15.0000  271.9630  271.9630  0.000000       0.00000       0.00000         234380.7797    0.000000    -0.00003     0.00000    0.000000000   -0.000000245   -0.000000435  258.768881  84020.1274
1314.00   15.0000    0.0000   15.0000  272.0410  272.0410  0.000000       0.00000       0.00000         234313.5777    0.000000    -0.00003     0.00000    0.000000000   -0.000000245   -0.000000434  258.725987  83887.1109
1326.00   15.0000    0.0000   15.0000  272.1190  272.1190  0.000000       0.00000       0.00000         234246.4143    0.000000    -0.00003     0.00000    0.000000000   -0.000000245   -0.000000434  258.683059  83754.2830
1338.00   15.0000    0.0000   15.0000  272.1970  272.1970  0.000000       0.00000       0.00000         234179.2893    0.000000    -0.00003     0.00000    0.000000000   -0.000000245   -0.000000434  258.640097  83621.6434
1350.00   15.0000    0.0000   15.0000  272.2750  272.2750  0.000000       0.00000       0.00000         234112.2027    0.000000    -0.00003     0.00000    0.000000000   -0.000000245   -0.000000433  258.597101  83489.1919
1362.00   15.0000    0.0000   15.0000  272.3530  272.3530  0.000000       0.00000       0.00000         234045.1546    0.000000    -0.00003     0.00000    0.000000000   -0.000000245   -0.000000433  258.554073  83356.9282
1374.00   15.0000    0.0000   15.0000  272.4310  272.4310  0.000000       0.00000       0.00000         233978.1449    0.000000    -0.00003     0.00000    0.000000000   -0.000000245   -0.000000433  258.511010  83224.8520
1386.00   15.0000    0.0000   15.0000  272.5090  272.5090  0.000000       0.00000       0.00000         233911.1736    0.000000    -0.00003     0.00000    0.000000000   -0.000000245   -0.000000432  258.467914  83092.9632
1398.00   15.0000    0.0000   15.0000  272.5870  272.5870  0.000000       0.00000       0.00000         233844.2406    0.000000    -0.00003     0.00000    0.000000000   -0.000000245   -0.000000432  258.424785  82961.2615
1410.00   15.0000    0.0000   15.0000  272.6650  272.6650  0.000000       0.00000       0.00000         233777.3458    0.000000    -0.00003     0.00000    0.000000000   -0.000000245   -0.000000431  258.381622  82829.7465
1422.00   15.0000    0.0000   15.0000  272.7430  272.7430  0.000000       0.00000       0.00000         233710.4894    0.000000    -0.00003     0.00000    0.000000000   -0.000000245   -0.000000431  258.338425  82698.4181
1434.00   15.0000    0.0000   15.0000  272.8210  272.8210  0.000000       0.00000       0.00000         233643.6711    0.000000    -0.00003     0.00000    0.000000000   -0.000000245   -0.000000431  258.295195  82567.2760
1446.00   15.0000    0.0000   15.0000  272.8990  272.8990  0.000000       0.00000       0.00000         233576.8911    0.000000    -0.00004     0.00000    0.000000000   -0.000000245   -0.000000430  258.251932  82436.3200
1458.00   15.0000    0.0000   15.0000  272.9770  272.9770  0.000000       0.00000       0.00000         233510.1492    0.000000    -0.00004     0.00000    0.000000000   -0.000000245   -0.000000430  258.208635  82305.5497
1470.00   15.0000    0.0000   15.0000  273.0550  273.0550  0.000000       0.00000       0.00000         233443.4455    0.000000    -0.00004     0.00000    0.000000000   -0.000000245   -0.000000430  258.165305  82174.9650
1482.00   15.0000    0.0000   15.0000  273.1330  273.1330  0.000000       0.00000       0.00000         233376.7798    0.000000    -0.00004     0.00000    0.000000000   -0.000000245   -0.000000429  258.121941  82044.5657
1494.00   15.0000    0.0000   15.0000  273.2110  273.2110  0.000000       0.00000       0.00000         233310.1522    0.000000    -0.00004     0.00000    0.000000000   -0.000000245   -0.000000429  258.078544  81914.3514
1506.00   15.0000    0.0000   15.0000  273.2890  273.2890  0.000000       0.00000       0.00000         233243.5627    0.000000    -0.00004     0.00000    0.000000000   -0.000000245   -0.000000428  258.035113  81784.3219
1518.00   15.0000    0.0000   15.0000  273.3670  273.3670  0.000000       0.00000       0.00000         233177.0111    0.000000    -0.00004     0.00000    0.000000000   -0.000000245   -0.000000428  257.991649  81654.4769
1530.00   15.0000    0.0000   15.0000  273.4450  273.4450  0.000000       0.00000       0.00000         233110.4975    0.000000    -0.00004     0.00000    0.000000000   -0.000000245   -0.000000428  257.948151  81524.8163
1542.00   15.0000    0.0000   15.0000  273.5230  273.5230  0.000000       0.00000       0.00000         233044.0219    0.000000    -0.00004     0.00000    0.000000000   -0.000000245   -0.000000427  257.904621  81395.3398
1554.00   15.0000    0.0000   15.0000  273.6010  273.6010  0.000000       0.00000       0.00000         232977.5841    0.000000    -0.00004     0.00000    0.000000000   -0.000000245   -0.000000427  257.861056  81266.0470
1566.00   15.0000    0.0000   15.0000  273.6790  273.6790  0.000000       0.00000       0.00000         232911.1843    0.000000    -0.00004     0.00000    0.000000000   -0.000000245   -0.000000426  257.817459  81136.9379
1578.00   15.0000    0.0000   15.0000  273.7570  273.7570  0.000000       0.00000       0.00000         232844.8222    0.000000    -0.00004     0.00000    0.000000000   -0.000000245   -0.000000426  257.773828  81008.0121
1590.00   15.0000    0.0000   15.0000  273.8350  273.8350  0.000000       0.00000       0.00000         232778.4980    0.000000    -0.00004     0.00000    0.000000000   -0.000000245   -0.000000426  257.730163  80879.2693
1602.00   15.0000    0.0000   15.0000  273.9130  273.9130  0.000000       0.00000       0.00000         232712.2115    0.000000    -0.00004     0.00000    0.000000000   -0.000000244   -0.000000425  257.686465  80750.7094
1614.00   15.0000    0.0000   15.0000  273.9910  273.9910  0.000000       0.00000       0.00000         232645.9628    0.000000    -0.00004     0.00000    0.000000000   -0.000000244   -0.000000425  257.642734  80622.3321
1626.00   15.0000    0.0000   15.0000  274.0690  274.0690  0.000000       0.00000       0.00000         232579.7518    0.000000    -0.00004     0.00000    0.000000000   -0.000000244   -0.000000424  257.598970  80494.1371
1638.00   15.0000    0.0000   15.0000  274.1470  274.1470  0.000000       0.00000       0.00000         232513.5785    0.000000    -0.00004     0.00000    0.000000000   -0.000000244   -0.000000424  257.555172  80366.1242
1650.00   15.0000    0.0000   15.0000  274.2250  274.2250  0.000000       0.00000       0.00000         232447.4428    0.000000    -0.00004     0.00000    0.000000000   -0.000000244   -0.000000424  257.511341  80238.2932
1662.00   15.0000    0.0000   15.0000  274.3030  274.3030  0.000000       0.00000       0.00000         232381.3447    0.000000    -0.00004     0.00000    0.000000000   -0.000000244   -0.000000423  257.467477  80110.6438
1674.00   15.0000    0.0000   15.0000  274.3810  274.3810  0.000000       0.00000       0.00000         232315.2842    0.000000    -0.00004     0.00000    0.000000000   -0.000000244   -0.000000423  257.423579  79983.1758
1686.00   15.0000    0.0000   15.0000  274.4590  274.4590  0.000000       0.00000       0.00000         232249.2613    0.000000    -0.00004     0.00000    0.000000000   -0.000000244   -0.000000422  257.379648  79855.8889
1698.00   15.0000    0.0000   15.0000  274.5370  274.5370  0.000000       0.00000       0.00000         232183.2758    0.000000    -0.00004     0.00000    0.000000000   -0.000000244   -0.000000422  257.335684  79728.7828
1710.00   15.0000    0.0000   15.0000  274.6150  274.6150  0.000000       0.00000       0.00000         232117.3279    0.000000    -0.00004     0.00000    0.000000000   -0.000000244   -0.000000421  257.291686  79601.8574
1722.00   15.0000    0.0000   15.0000  274.6930  274.6930  0.000000       0.00000       0.00000         232051.4174    0.000000    -0.00004     0.00000    0.000000000   -0.000000244   -0.000000421  257.247655  79475.1125
1734.00   15.0000    0.0000   15.0000  274.7710  274.7710  0.000000       0.00000       0.00000         231985.5443    0.000000    -0.00004     0.00000    0.000000000   -0.000000244   -0.000000421  257.203591  79348.5476
1746.00   15.0000    0.0000   15.0000  274.8490  274.8490  0.000000       0.00000       0.00000         231919.7086    0.000000    -0.00004     0.00000    0.000000000   -0.000000244   -0.000000420  257.159494  79222.1627
1758.00   15.0000    0.0000   15.0000  274.9270  274.9270  0.000000       0.00000       0.00000         231853.9103    0.000000    -0.00004     0.00000    0.000000000   -0.000000244   -0.000000420  257.115364  79095.9575
1770.00   15.0000    0.0000   15.0000  275.0050  275.0050  0.000000       0.00000       0.00000         231788.1493    0.000000    -0.00004     0.00000    0.000000000   -0.000000244   -0.000000419  257.071200  78969.9316
1782.00   15.0000    0.0000   15.0000  275.0830  275.0830  0.000000       0.00000       0.00000         231722.4256    0.000000    -0.00004     0.00000    0.000000000   -0.000000244   -0.000000419  257.027003  78844.0850
1794.00   15.0000    0.0000   15.0000  275.1610  275.1610  0.000000       0.00000       0.00000         231656.7391    0.000000    -0.00004     0.00000    0.000000000   -0.000000244   -0.000000419  256.982773  78718.4174
1806.00   15.0000    0.0000   15.0000  275.2390  275.2390  0.000000       0.00000       0.00000         231591.0899    0.000000    -0.00004     0.00000    0.000000000   -0.000000244   -0.000000418  256.938510  78592.9284
1818.00   15.0000    0.0000   15.0000  275.3170  275.3170  0.000000       0.00000       0.00000         231525.4779    0.000000    -0.00004     0.00000    0.000000000   -0.000000244   -0.000000418  256.894213  78467.6179
1830.00   15.0000    0.0000   15.0000  275.3950  275.3950  0.000000       0.00000       0.00000         231459.9030    0.000000    -0.00004     0.00000    0.000000000   -0.000000244   -0.000000417  256.849883  78342.4857
1842.00   15.0000    0.0000   15.0000  275.4730  275.4730  0.000000       0.00000       0.00000         231394.3653    0.000000    -0.00004     0.00000    0.000000000   -0.000000244   -0.000000417  256.805521  78217.5314
1854.00   15.0000    0.0000   15.0000  275.5510  275.5510  0.000000       0.00000       0.00000         231328.8647    0.000000    -0.00005     0.00000    0.000000000   -0.000000243   -0.000000416  256.761125  78092.7549
1866.00   15.0000    0.0000   15.0000  275.6290  275.6290  0.000000       0.00000       0.00000         231263.4012    0.000000    -0.00005     0.00000    0.000000000   -0.000000243   -0.000000416  256.716695  77968.1559
1878.00   15.0000    0.0000   15.0000  275.7070  275.7070  0.000000       0.00000       0.00000         231197.9747    0.000000    -0.00005     0.00000    0.000000000   -0.000000243   -0.000000416  256.672233  77843.7342
1890.00   15.0000    0.0000   15.0000  275.7850  275.7850  0.000000       0.00000       0.00000         231132.5852    0.000000    -0.00005     0.00000    0.000000000   -0.000000243   -0.000000415  256.627738  77719.4895
1902.00   15.0000    0.0000   15.0000  275.8630  275.8630  0.000000       0.00000       0.00000         231067.2326    0.000000    -0.00005     0.00000    0.000000000   -0.000000243   -0.000000415  256.583209  77595.4216
1914.00   15.0000    0.0000   15.0000  275.9410  275.9410  0.000000       0.00000       0.00000         231001.9171    0.000000    -0.00005     0.00000    0.000000000   -0.000000243   -0.000000414  256.538648  77471.5303
1926.00   15.0000    0.0000   15.0000  276.0190  276.0190  0.000000       0.00000       0.00000         230936.6384    0.000000    -0.00005     0.00000    0.000000000   -0.000000243   -0.000000414  256.494053  77347.8154
1938.00   15.0000    0.0000   15.0000  276.0970  276.0970  0.000000       0.00000       0.00000         230871.3966    0.000000    -0.00005     0.00000    0.000000000   -0.000000243   -0.000000413  256.449425  77224.2765
1950.00   15.0000    0.0000   15.0000  276.1750  276.1750  0.000000       0.00000       0.00000         230806.1917    0.000000    -0.00005     0.00000    0.000000000   -0.000000243   -0.000000413  256.404764  77100.9135
1962.00   15.0000    0.0000   15.0000  276.2530  276.2530  0.000000       0.00000       0.00000         230741.0236    0.000000    -0.00005     0.00000    0.000000000   -0.000000243   -0.000000412  256.360070  76977.7261
1974.00   15.0000    0.0000   15.0000  276.3310  276.3310  0.000000       0.00000       0.00000         230675.8923    0.000000    -0.00005     0.00000    0.000000000   -0.000000243   -0.000000412  256.315343  76854.7141
1986.00   15.0000    0.0000   15.0000  276.4090  276.4090  0.000000       0.00000       0.00000         230610.7978    0.000000    -0.00005     0.00000    0.000000000   -0.000000243   -0.000000412  256.270583  76731.8772
1998.00   15.0000    0.0000   15.0000  276.4870  276.4870  0.000000       0.00000       0.00000         230545.7399    0.000000    -0.00005     0.00000    0.000000000   -0.000000243   -0.000000411  256.225790  76609.2153
2010.00   15.0000    0.0000   15.0000  276.5650  276.5650  0.000000       0.00000       0.00000         230480.7188    0.000000    -0.00005     0.00000    0.000000000   -0.000000243   -0.000000411  256.180964  76486.7280
2022.00   15.0000    0.0000   15.0000  276.6430  276.6430  0.000000       0.00000       0.00000         230415.7344    0.000000    -0.00005     0.00000    0.000000000   -0.000000242   -0.000000410  256.136105  76364.4152
2034.00   15.0000    0.0000   15.0000  276.7210  276.7210  0.000000       0.00000       0.00000         230350.7865    0.000000    -0.00005     0.00000    0.000000000   -0.000000242   -0.000000410  256.091212  76242.2766
2046.00   15.0000    0.0000   15.0000  276.7990  276.7990  0.000000       0.00000       0.00000         230285.8753    0.000000    -0.00005     0.00000    0.000000000   -0.000000242   -0.000000409  256.046287  76120.3120
2058.00   15.0000    0.0000   15.0000  276.8770  276.8770  0.000000       0.00000       0.00000         230221.0007    0.000000    -0.00005     0.00000    0.000000000   -0.000000242   -0.000000409  256.001329  75998.5211
2070.00   15.0000    0.0000   15.0000  276.9550  276.9550  0.000000       0.00000       0.00000         230156.1626    0.000000    -0.00005     0.00000    0.000000000   -0.000000242   -0.000000408  255.956338  75876.9038
2082.00   15.0000    0.0000   15.0000  277.0330  277.0330  0.000000       0.00000       0.00000         230091.3610    0.000000    -0.00005     0.00000    0.000000000   -0.000000242   -0.000000408  255.911314  75755.4597
2094.00   15.0000    0.0000   15.0000  277.1110  277.1110  0.000000       0.00000       0.00000         230026.5958    0.000000    -0.00005     0.00000    0.000000000   -0.000000242   -0.000000407  255.866256  75634.1887
2106.00   15.0000    0.0000   15.0000  277.1890  277.1890  0.000000       0.00000       0.00000         229961.8672    0.000000    -0.00005     0.00000    0.000000000   -0.000000242   -0.000000407  255.821166  75513.0905
2118.00   15.0000    0.0000   15.0000  277.2670  277.2670  0.000000       0.00000       0.00000         229897.1749    0.000000    -0.00005     0.00000    0.000000000   -0.000000242   -0.000000407  255.776043  75392.1649
2130.00   15.0000    0.0000   15.0000  277.3450  277.3450  0.000000       0.00000       0.00000         229832.5191    0.000000    -0.00005     0.00000    0.000000000   -0.000000242   -0.000000406  255.730887  75271.4117
2142.00   15.0000    0.0000   15.0000  277.4230  277.4230  0.000000       0.00000       0.00000         229767.8996    0.000000    -0.00005     0.00000    0.000000000   -0.000000242   -0.000000406  255.685698  75150.8306
2154.00   15.0000    0.0000   15.0000  277.5010  277.5010  0.000000       0.00000       0.00000         229703.3164    0.000000    -0.00005     0.00000    0.000000000   -0.000000241   -0.000000405  255.640477  75030.4213
2166.00   15.0000    0.0000   15.0000  277.5790  277.5790  0.000000       0.00000       0.00000         229638.7695    0.000000    -0.00005     0.00000    0.000000000   -0.000000241   -0.000000405  255.595222  74910.1838
2178.00   15.0000    0.0000   15.0000  277.6570  277.6570  0.000000       0.00000       0.00000         229574.2589    0.000000    -0.00005     0.00000    0.000000000   -0.000000241   -0.000000404  255.549934  74790.1176
2190.00   15.0000    0.0000   15.0000  277.7350  277.7350  0.000000       0.00000       0.00000         229509.7845    0.000000    -0.00005     0.00000    0.000000000   -0.000000241   -0.000000404  255.504614  74670.2227
2202.00   15.0000    0.0000   15.0000  277.8130  277.8130  0.000000       0.00000       0.00000         229445.3463    0.000000    -0.00005     0.00000    0.000000000   -0.000000241   -0.000000403  255.459260  74550.4988
2214.00   15.0000    0.0000   15.0000  277.8910  277.8910  0.000000       0.00000       0.00000         229380.9443    0.000000    -0.00005     0.00000    0.000000000   -0.000000241   -0.000000403  255.413874  74430.9456
2226.00   15.0000    0.0000   15.0000  277.9690  277.9690  0.000000       0.00000       0.00000         229316.5785    0.000000    -0.00005     0.00000    0.000000000   -0.000000241   -0.000000402  255.368455  74311.5629
2238.00   15.0000    0.0000   15.0000  278.0470  278.0470  0.000000       0.00000       0.00000         229252.2487    0.000000    -0.00005     0.00000    0.000000000   -0.000000241   -0.000000402  255.323003  74192.3505
2250.00   15.0000    0.0000   15.0000  278.1250  278.1250  0.000000       0.00000       0.00000         229187.9551    0.000000    -0.00005     0.00000    0.000000000   -0.000000241   -0.000000401  255.277518  74073.3082
2262.00   15.0000    0.0000   15.0000  278.2030  278.2030  0.000000       0.00000       0.00000         229123.6974    0.000000    -0.00006     0.00000    0.000000000   -0.000000241   -0.000000401  255.232000  73954.4357
2274.00   15.0000    0.0000   15.0000  278.2810  278.2810  0.000000       0.00000       0.00000         229059.4759    0.000000    -0.00006     0.00000    0.000000000   -0.000000240   -0.000000400  255.186450  73835.7328
2286.00   15.0000    0.0000   15.0000  278.3590  278.3590  0.000000       0.00000       0.00000         228995.2903    0.000000    -0.00006     0.00000    0.000000000   -0.000000240   -0.000000400  255.140866  73717.1993
2298.00   15.0000    0.0000   15.0000  278.4370  278.4370  0.000000       0.00000       0.00000         228931.1406    0.000000    -0.00006     0.00000    0.000000000   -0.000000240   -0.000000399  255.095250  73598.8350
2310.00   15.0000    0.0000   15.0000  278.5150  278.5150  0.000000       0.00000       0.00000         228867.0269    0.000000    -0.00006     0.00000    0.000000000   -0.000000240   -0.000000399  255.049601  73480.6396
2322.00   15.0000    0.0000   15.0000  278.5930  278.5930  0.000000       0.00000       0.00000         228802.9491    0.000000    -0.00006     0.00000    0.000000000   -0.000000240   -0.000000398  255.003919  73362.6129
2334.00   15.0000    0.0000   15.0000  278.6710  278.6710  0.000000       0.00000       0.00000         228738.9072    0.000000    -0.00006     0.00000    0.000000000   -0.000000240   -0.000000398  254.958205  73244.7546
2346.00   15.0000    0.0000   15.0000  278.7490  278.7490  0.000000       0.00000       0.00000         228674.9011    0.000000    -0.00006     0.00000    0.000000000   -0.000000240   -0.000000397  254.912457  73127.0646
2358.00   15.0000    0.0000   15.0000  278.8270  278.8270  0.000000       0.00000       0.00000         228610.9308    0.000000    -0.00006     0.00000    0.000000000   -0.000000240   -0.000000397  254.866677  73009.5427
2370.00   15.0000    0.0000   15.0000  278.9050  278.9050  0.000000       0.00000       0.00000         228546.9963    0.000000    -0.00006     0.00000    0.000000000   -0.000000239   -0.000000396  254.820864  72892.1885
2382.00   15.0000    0.0000   15.0000  278.9830  278.9830  0.000000       0.00000       0.00000              0.0000    0.000000    -0.00006     0.00000    0.000000000    0.000000000    0.000000000  254.775019  72775.0019
2394.00   15.0000    0.0000   15.0000  279.0610  279.0610  0.000000       0.00000       0.00000              0.0000    0.000000     0.00000     0.00000    0.000000000    0.000000000    0.000000000  254.729141  72657.9827
