   0.00    0.0000    0.0000    0.0000  247.7599  247.7599  0.000000       0.00000       0.00000              0.0000    0.000000     0.00000     0.00000    0.000000000    0.000000000    0.000000000    0.000000      0.0000
   6.00    7.1673    3.5586    8.0021  250.0595  250.0595  0.000000       0.59828       0.59828              0.0000    0.000000     0.00000     0.00000   -0.000061628    0.000000000    0.000000000  249.971796  99877.1491
  18.00    8.3425    4.0265    9.2634  250.3144  250.3144  0.000000       1.56059       1.56059              0.0923    0.000000    -0.00000     0.00000   -0.000068067    0.000000000    0.000000000  250.080138  99672.6007
  30.00    9.1472    4.2768   10.0976  250.4948  250.4948  0.000000       1.38224       1.38224              0.1271    0.000000    -0.00000     0.00000   -0.000079690    0.000000361    0.000000270  250.143189  99509.3601
  42.00    9.9145    4.4508   10.8677  250.6729  250.6729  0.000000       1.46809       1.46809              0.1462    0.000000    -0.00000     0.00000   -0.000084039    0.000000340    0.000000249  250.203945  99346.4271
  54.00   10.6166    4.5518   11.5512  250.8428  250.8428  0.000000       1.37730       1.37730              0.1673    0.000000    -0.00000     0.00000   -0.000087155    0.000000326    0.000000235  250.256435  99183.7977
  66.00   11.2905    4.5923   12.1887  251.0142  251.0142  0.000000       1.29868       1.29868              0.1857    0.000000    -0.00000     0.00000   -0.000089732    0.000000337    0.000000245  250.310220  99021.4690
  78.00   11.9368    4.5753   12.7836  251.1882  251.1882  0.000000       1.18700       1.18700              0.2044    0.000000    -0.00000     0.00000   -0.000091959    0.000000358    0.000000265  250.366635  98859.4415
  90.00   12.5609    4.5019   13.3432  251.3680  251.3680  0.000000       1.07121       1.07121              0.2231    0.000000    -0.00001     0.00000   -0.000094022    0.000000392    0.000000297  250.428751  98697.7175
 102.00   13.1617    4.3719   13.8688  251.5556  251.5556  0.000000       0.94979       0.94979              0.2426    0.000000    -0.00001     0.00000   -0.000095957    0.000000436    0.000000339  250.498461  98536.3005
 114.00   13.7374    4.1843   14.3605  251.7531  251.7531  0.000000       0.82922       0.82922              0.2632    0.000000    -0.00001     0.00000   -0.000097806    0.000000491    0.000000392  250.578016  98375.1954
 126.00   14.2834    3.9375   14.8162  251.9629  251.9629  0.000000       0.71142       0.71142              0.2855    0.000000    -0.00001     0.00000   -0.000099608    0.000000560    0.000000458  250.669697  98214.4086
 138.00   14.7933    3.6302   15.2322  252.1877  252.1877  0.000000       0.59876       0.59876              0.3102    0.000000    -0.00001     0.00000   -0.000101431    0.000000645    0.000000539  250.776207  98053.9480
 150.00   15.2582    3.2610   15.6028  252.4308  252.4308  0.000000       0.49267       0.49267              0.3380    0.000000    -0.00001     0.00000   -0.000103304    0.000000750    0.000000641  250.900798  97893.8233
 162.00   15.6666    2.8297   15.9201  252.6964  252.6964  0.000000       0.39425       0.39425              0.3701    0.000000    -0.00001     0.00000   -0.000105285    0.000000884    0.000000769  251.047644  97734.0465
 174.00   16.0032    2.3377   16.1730  252.9902  252.9902  0.000000       0.30451       0.30451              0.4085    0.000000    -0.00002     0.00000   -0.000107479    0.000001058    0.000000936  251.222305  97574.6324
 186.00   16.2480    1.7893   16.3462  253.3202  253.3202  0.000000       0.22366       0.22366              0.4563    0.000000    -0.00002     0.00000   -0.000110029    0.000001292    0.000001161  251.432836  97415.6002
 198.00   16.3742    1.1955   16.4178  253.6984  253.6984  0.000000       0.15335       0.15335              0.5187    0.000000    -0.00003     0.00000   -0.000113255    0.000001630    0.000001486  251.691109  97256.9750
 210.00   16.3443    0.5766   16.3544  254.1476  254.1476  0.000000       0.09153       0.09153              0.6112    0.000000    -0.00004     0.00000   -0.000117832    0.000002149    0.000001984  252.019534  97098.7924
 222.00   16.1042   -0.0083   16.1042  254.7029  254.7029  0.000000       0.04545       0.04545              0.7621    0.000000    -0.00004     0.00000   -0.000126356    0.000003329    0.000003102  252.452933  96941.1052
 234.00   15.5316   -0.4391   15.5379  255.5430  255.5430  0.000000       0.00176       0.00176              1.7746    0.000000     0.00000     0.00000   -0.000126600    0.000007387    0.000006818  253.168381  96784.0313
 246.00   14.9415   -0.1456   14.9422  257.3440  257.3440  0.000000       0.00001       0.00001              5.3343    0.000000    -0.00007     0.00000   -0.000011078    0.000008289    0.000008212  254.835016  96627.9450
 258.00   14.9987   -0.0012   14.9987  258.3185  258.3185  0.000000       0.00000       0.00000             51.9763    0.000000    -0.00003     0.00000   -0.000000049    0.000004185    0.000004039  255.682738  96472.8788
 270.00   15.0000   -0.0000   15.0000  258.7487  258.7487  0.000000       0.00000       0.00000         205707.7936    0.000000    -0.00003     0.00000   -0.000000000    0.000002351    0.000002163  255.991375  96318.4116
 282.00   15.0000   -0.0000   15.0000  259.1655  259.1655  0.000000       0.00000       0.00000        1224878.4027    0.000000    -0.00003     0.00000    0.000000000    0.000002143    0.000001960  256.286527  96164.3733
 294.00   15.0000   -0.0000   15.0000  259.5257  259.5257  0.000000       0.00000       0.00000        1108609.5961    0.000000    -0.00003     0.00000    0.000000000    0.000001913    0.000001729  256.525466  96010.7414
 306.00   15.0000   -0.0000   15.0000  259.8697  259.8697  0.000000       0.00000       0.00000        1061905.7522    0.000000    -0.00003     0.00000    0.000000000    0.000001836    0.000001652  256.748332  95857.4929
 318.00   15.0000   -0.0000   15.0000  260.2010  260.2010  0.000000       0.00000       0.00000        1027550.9074    0.000000    -0.00003     0.00000    0.000000000    0.000001785    0.000001600  256.958528  95704.6179
 330.00   15.0000    0.0000   15.0000  260.5240  260.5240  0.000000       0.00000       0.00000        1002567.1072    0.000000    -0.00003     0.00000    0.000000000    0.000001754    0.000001567  257.160335  95552.1089
 342.00   15.0000    0.0000   15.0000  260.8402  260.8402  0.000000       0.00000       0.00000         980697.9209    0.000000    -0.00003     0.00000    0.000000000    0.000001729    0.000001539  257.355314  95399.9602
 354.00   15.0000    0.0000   15.0000  261.1501  261.1501  0.000000       0.00000       0.00000         957261.3303    0.000000    -0.00003     0.00000    0.000000000    0.000001696    0.000001506  257.543825  95248.1669
 366.00   15.0000    0.0000   15.0000  261.4520  261.4520  0.000000       0.00000       0.00000         933414.4171    0.000000    -0.00003     0.00000    0.000000000    0.000001660    0.000001468  257.724486  95096.7236
 378.00   15.0000    0.0000   15.0000  261.7473  261.7473  0.000000       0.00000       0.00000         895024.4868    0.000000    -0.00003     0.00000    0.000000000    0.000001582    0.000001390  257.898378  94945.6250
 390.00   15.0000    0.0000   15.0000  262.0254  262.0254  0.000000       0.00000       0.00000         866418.2214    0.000000    -0.00003     0.00000    0.000000000    0.000001527    0.000001333  258.055208  94794.8631
 402.00   15.0000    0.0000   15.0000  262.3029  262.3029  0.000000       0.00000       0.00000         789940.6975    0.000000    -0.00003     0.00000    0.000000000    0.000001334    0.000001144  258.211374  94644.4317
 414.00   15.0000    0.0000   15.0000  262.5325  262.5325  0.000000       0.00000       0.00000         724354.2380    0.000000    -0.00003     0.00000    0.000000000    0.000001166    0.000000975  258.320217  94494.3161
 426.00   15.0000    0.0000   15.0000  262.7683  262.7683  0.000000       0.00000       0.00000         704366.8635    0.000000    -0.00003     0.00000    0.000000000    0.000001121    0.000000930  258.435119  94344.5035
 438.00   15.0000    0.0000   15.0000  262.9854  262.9854  0.000000       0.00000       0.00000         669957.8988    0.000000    -0.00003     0.00000    0.000000000    0.000001034    0.000000843  258.531530  94194.9894
 450.00   15.0000    0.0000   15.0000  263.1995  263.1995  0.000000       0.00000       0.00000         654688.2862    0.000000    -0.00003     0.00000    0.000000000    0.000000999    0.000000807  258.624823  94045.7671
 462.00   15.0000    0.0000   15.0000  263.4072  263.4072  0.000000       0.00000       0.00000         638607.2038    0.000000    -0.00003     0.00000    0.000000000    0.000000961    0.000000769  258.711722  93896.8329
 474.00   15.0000    0.0000   15.0000  263.6112  263.6112  0.000000       0.00000       0.00000         627003.3251    0.000000    -0.00003     0.00000    0.000000000    0.000000935    0.000000742  258.794972  93748.1835
 486.00   15.0000    0.0000   15.0000  263.8117  263.8117  0.000000       0.00000       0.00000         616401.9554    0.000000    -0.00003     0.00000    0.000000000    0.000000911    0.000000717  258.874653  93599.8161
 498.00   15.0000    0.0000   15.0000  264.0091  264.0091  0.000000       0.00000       0.00000         606903.7677    0.000000    -0.00003     0.00000    0.000000000    0.000000890    0.000000695  258.951308  93451.7282
 510.00   15.0000    0.0000   15.0000  264.2038  264.2038  0.000000       0.00000       0.00000         598076.6849    0.000000    -0.00003     0.00000    0.000000000    0.000000870    0.000000675  259.025085  93303.9174
 522.00   15.0000    0.0000   15.0000  264.3959  264.3959  0.000000       0.00000       0.00000         589508.4887    0.000000    -0.00003     0.00000    0.000000000    0.000000851    0.000000654  259.096254  93156.3818
 534.00   15.0000    0.0000   15.0000  264.5852  264.5852  0.000000       0.00000       0.00000         580768.4757    0.000000    -0.00003     0.00000    0.000000000    0.000000830    0.000000633  259.164702  93009.1190
 546.00   15.0000    0.0000   15.0000  264.7719  264.7719  0.000000       0.00000       0.00000         570295.4554    0.000000    -0.00003     0.00000    0.000000000    0.000000804    0.000000606  259.230426  92862.1271
 558.00   15.0000    0.0000   15.0000  264.9548  264.9548  0.000000       0.00000       0.00000         559721.7531    0.000000    -0.00003     0.00000    0.000000000    0.000000777    0.000000578  259.292324  92715.4036
 570.00   15.0000    0.0000   15.0000  265.1349  265.1349  0.000000       0.00000       0.00000         541958.4097    0.000000    -0.00003     0.00000    0.000000000    0.000000726    0.000000528  259.351425  92568.9461
 582.00   15.0000    0.0000   15.0000  265.3064  265.3064  0.000000       0.00000       0.00000         526067.3263    0.000000    -0.00003     0.00000    0.000000000    0.000000681    0.000000482  259.402129  92422.7508
 594.00   15.0000    0.0000   15.0000  265.4764  265.4764  0.000000       0.00000       0.00000         496786.8022    0.000000    -0.00003     0.00000    0.000000000    0.000000593    0.000000395  259.451208  92276.8145
 606.00   15.0000    0.0000   15.0000  265.6292  265.6292  0.000000       0.00000       0.00000         453892.9941    0.000000    -0.00003     0.00000    0.000000000    0.000000460    0.000000264  259.483387  92131.1314
 618.00   15.0000    0.0000   15.0000  265.7715  265.7715  0.000000       0.00000       0.00000         428326.4957    0.000000    -0.00003     0.00000    0.000000000    0.000000381    0.000000185  259.505263  91985.6934
 630.00   15.0000    0.0000   15.0000  265.9078  265.9078  0.000000       0.00000       0.00000         409944.1195    0.000000    -0.00003     0.00000    0.000000000    0.000000324    0.000000128  259.521229  91840.4957
 642.00   15.0000    0.0000   15.0000  266.0383  266.0383  0.000000       0.00000       0.00000         395538.3750    0.000000    -0.00003     0.00000    0.000000000    0.000000279    0.000000084  259.531447  91695.5344
 654.00   15.0000    0.0000   15.0000  266.1653  266.1653  0.000000       0.00000       0.00000         385676.3920    0.000000    -0.00003     0.00000    0.000000000    0.000000248    0.000000053  259.538272  91550.8067
 666.00   15.0000    0.0000   15.0000  266.2895  266.2895  0.000000       0.00000       0.00000         377778.7847    0.000000    -0.00003     0.00000    0.000000000    0.000000223    0.000000028  259.542232  91406.3104
 678.00   15.0000    0.0000   15.0000  266.4115  266.4115  0.000000       0.00000       0.00000         371805.5050    0.000000    -0.00003     0.00000    0.000000000    0.000000204    0.000000010  259.544045  91262.0438
 690.00   15.0000    0.0000   15.0000  266.5319  266.5319  0.000000       0.00000       0.00000         366754.0827    0.000000    -0.00003     0.00000    0.000000000    0.000000188   -0.000000006  259.544213  91118.0054
 702.00   15.0000    0.0000   15.0000  266.6508  266.6508  0.000000       0.00000       0.00000         362273.3103    0.000000    -0.00003     0.00000    0.000000000    0.000000174   -0.000000020  259.542816  90974.1940
 714.00   15.0000    0.0000   15.0000  266.7683  266.7683  0.000000       0.00000       0.00000         358600.8662    0.000000    -0.00003     0.00000    0.000000000    0.000000163   -0.000000032  259.540137  90830.6085
 726.00   15.0000    0.0000   15.0000  266.8849  266.8849  0.000000       0.00000       0.00000         355428.8401    0.000000    -0.00003     0.00000    0.000000000    0.000000153   -0.000000042  259.536406  90687.2478
 738.00   15.0000    0.0000   15.0000  267.0005  267.0005  0.000000       0.00000       0.00000         352551.0391    0.000000    -0.00003     0.00000    0.000000000    0.000000144   -0.000000051  259.531708  90544.1110
 750.00   15.0000    0.0000   15.0000  267.1153  267.1153  0.000000       0.00000       0.00000         349805.8943    0.000000    -0.00003     0.00000    0.000000000    0.000000135   -0.000000060  259.526145  90401.1974
 762.00   15.0000    0.0000   15.0000  267.2292  267.2292  0.000000       0.00000       0.00000         347374.2559    0.000000    -0.00003     0.00000    0.000000000    0.000000127   -0.000000068  259.519699  90258.5061
 774.00   15.0000    0.0000   15.0000  267.3424  267.3424  0.000000       0.00000       0.00000         344387.0673    0.000000    -0.00003     0.00000    0.000000000    0.000000118   -0.000000077  259.512585  90116.0362
 786.00   15.0000    0.0000   15.0000  267.4545  267.4545  0.000000       0.00000       0.00000         342241.2375    0.000000    -0.00003     0.00000    0.000000000    0.000000111   -0.000000084  259.504236  89973.7870
 798.00   15.0000    0.0000   15.0000  267.5665  267.5665  0.000000       0.00000       0.00000         338560.0953    0.000000    -0.00003     0.00000    0.000000000    0.000000099   -0.000000096  259.495753  89831.7577
 810.00   15.0000    0.0000   15.0000  267.6762  267.6762  0.000000       0.00000       0.00000         334742.0568    0.000000    -0.00003     0.00000    0.000000000    0.000000087   -0.000000108  259.485059  89689.9475
 822.00   15.0000    0.0000   15.0000  267.7857  267.7857  0.000000       0.00000       0.00000         332987.1424    0.000000    -0.00003     0.00000    0.000000000    0.000000081   -0.000000114  259.474142  89548.3551
 834.00   15.0000    0.0000   15.0000  267.8944  267.8944  0.000000       0.00000       0.00000         331179.0251    0.000000    -0.00003     0.00000    0.000000000    0.000000075   -0.000000120  259.462325  89406.9802
 846.00   15.0000    0.0000   15.0000  268.0029  268.0029  0.000000       0.00000       0.00000         329972.3934    0.000000    -0.00003     0.00000    0.000000000    0.000000071   -0.000000124  259.450250  89265.8219
 858.00   15.0000    0.0000   15.0000  268.1108  268.1108  0.000000       0.00000       0.00000         328955.6158    0.000000    -0.00003     0.00000    0.000000000    0.000000068   -0.000000127  259.437657  89124.8798
 870.00   15.0000    0.0000   15.0000  268.2187  268.2187  0.000000       0.00000       0.00000         328731.1159    0.000000    -0.00003     0.00000    0.000000000    0.000000067   -0.000000128  259.424926  88984.1533
 882.00   15.0000    0.0000   15.0000  268.3266  268.3266  0.000000       0.00000       0.00000         328927.7756    0.000000    -0.00003     0.00000    0.000000000    0.000000068   -0.000000128  259.412181  88843.6422
 894.00   15.0000    0.0000   15.0000  268.4347  268.4347  0.000000       0.00000       0.00000         329694.6105    0.000000    -0.00003     0.00000    0.000000000    0.000000070   -0.000000125  259.399564  88703.3461
 906.00   15.0000    0.0000   15.0000  268.5432  268.5432  0.000000       0.00000       0.00000         331471.0112    0.000000    -0.00003     0.00000    0.000000000    0.000000076   -0.000000120  259.387295  88563.2648
 918.00   15.0000    0.0000   15.0000  268.6526  268.6526  0.000000       0.00000       0.00000         334579.6906    0.000000    -0.00003     0.00000    0.000000000    0.000000086   -0.000000110  259.375797  88423.3984
 930.00   15.0000    0.0000   15.0000  268.7632  268.7632  0.000000       0.00000       0.00000         339827.0709    0.000000    -0.00003     0.00000    0.000000000    0.000000103   -0.000000093  259.365492  88283.7470
 942.00   15.0000    0.0000   15.0000  268.8761  268.8761  0.000000       0.00000       0.00000         350672.2708    0.000000    -0.00003     0.00000    0.000000000    0.000000139   -0.000000059  259.357315  88144.3111
 954.00   15.0000    0.0000   15.0000  268.9940  268.9940  0.000000       0.00000       0.00000         366847.7805    0.000000    -0.00004     0.00000    0.000000000    0.000000192   -0.000000007  259.353887  88005.0924
 966.00   15.0000    0.0000   15.0000  269.1176  269.1176  0.000000       0.00000       0.00000         431644.1455    0.000000    -0.00005     0.00000    0.000000000    0.000000405    0.000000202  259.355974  87866.0932
 978.00   15.0000    0.0000   15.0000  269.2782  269.2782  0.000000       0.00000       0.00000         427749.8824    0.000000    -0.00004     0.00000    0.000000000    0.000000393    0.000000190  259.393668  87727.3242
 990.00   15.0000    0.0000   15.0000  269.3995  269.3995  0.000000       0.00000       0.00000        1114406.6593    0.000000    -0.00019     0.00000    0.000000000    0.000002704    0.000002412  259.393340  87588.7843
1002.00   15.0000    0.0000   15.0000  270.0130  270.0130  0.000000       0.00000       0.00000        1046436.6180    0.000000    -0.00002     0.00000    0.000000000    0.000002484    0.000002280  259.866823  87450.5889
1014.00   15.0000    0.0000   15.0000  270.0910  270.0910  0.000000       0.00000       0.00000         236005.2723    0.000000    -0.00002     0.00000    0.000000000   -0.000000245   -0.000000444  259.824782  87312.7262
1026.00   15.0000    0.0000   15.0000  270.1690  270.1690  0.000000       0.00000       0.00000         235937.1356    0.000000    -0.00002     0.00000    0.000000000   -0.000000245   -0.000000444  259.782706  87175.0587
1038.00   15.0000    0.0000   15.0000  270.2470  270.2470  0.000000       0.00000       0.00000         235869.0383    0.000000    -0.00003     0.00000    0.000000000   -0.000000245   -0.000000443  259.740597  87037.5859
1050.00   15.0000    0.0000   15.0000  270.3250  270.3250  0.000000       0.00000       0.00000         235800.9803    0.000000    -0.00003     0.00000    0.000000000   -0.000000245   -0.000000443  259.698454  86900.3076
1062.00   15.0000    0.0000   15.0000  270.4030  270.4030  0.000000       0.00000       0.00000         235732.9615    0.000000    -0.00003     0.00000    0.000000000   -0.000000245   -0.000000443  259.656277  86763.2237
1074.00   15.0000    0.0000   15.0000  270.4810  270.4810  0.000000       0.00000       0.00000         235664.9820    0.000000    -0.00003     0.00000    0.000000000   -0.000000245   -0.000000442  259.614066  86626.3338
1086.00   15.0000    0.0000   15.0000  270.5590  270.5590  0.000000       0.00000       0.00000         235597.0417    0.000000    -0.00003     0.00000    0.000000000   -0.000000245   -0.000000442  259.571822  86489.6376
1098.00   15.0000    0.0000   15.0000  270.6370  270.6370  0.000000       0.00000       0.00000         235529.1405    0.000000    -0.00003     0.00000    0.000000000   -0.000000245   -0.000000442  259.529544  86353.1349
1110.00   15.0000    0.0000   15.0000  270.7150  270.7150  0.000000       0.00000       0.00000         235461.2785    0.000000    -0.00003     0.00000    0.000000000   -0.000000245   -0.000000441  259.487232  86216.8255
1122.00   15.0000    0.0000   15.0000  270.7930  270.7930  0.000000       0.00000       0.00000         235393.4555    0.000000    -0.00003     0.00000    0.000000000   -0.000000245   -0.000000441  259.444886  86080.7091
1134.00   15.0000    0.0000   15.0000  270.8710  270.8710  0.000000       0.00000       0.00000         235325.6716    0.000000    -0.00003     0.00000    0.000000000   -0.000000245   -0.000000441  259.402507  85944.7853
1146.00   15.0000    0.0000   15.0000  270.9490  270.9490  0.000000       0.00000       0.00000         235257.9268    0.000000    -0.00003     0.00000    0.000000000   -0.000000245   -0.000000440  259.360094  85809.0541
1158.00   15.0000    0.0000   15.0000  271.0270  271.0270  0.000000       0.00000       0.00000         235190.2209    0.000000    -0.00003     0.00000    0.000000000   -0.000000245   -0.000000440  259.317647  85673.5150
1170.00   15.0000    0.0000   15.0000  271.1050  271.1050  0.000000       0.00000       0.00000         235122.5540    0.000000    -0.00003     0.00000    0.000000000   -0.000000245   -0.000000440  259.275167  85538.1679
1182.00   15.0000    0.0000   15.0000  271.1830  271.1830  0.000000       0.00000       0.00000         235054.9260    0.000000    -0.00003     0.00000    0.000000000   -0.000000245   -0.000000439  259.232653  85403.0125
1194.00   15.0000    0.0000   15.0000  271.2610  271.2610  0.000000       0.00000       0.00000         234987.3369    0.000000    -0.00003     0.00000    0.000000000   -0.000000245   -0.000000439  259.190105  85268.0485
1206.00   15.0000    0.0000   15.0000  271.3390  271.3390  0.000000       0.00000       0.00000         234919.7867    0.000000    -0.00003     0.00000    0.000000000   -0.000000245   -0.000000439  259.147523  85133.2757
1218.00   15.0000    0.0000   15.0000  271.4170  271.4170  0.000000       0.00000       0.00000         234852.2753    0.000000    -0.00003     0.00000    0.000000000   -0.000000245   -0.000000438  259.104908  84998.6938
1230.00   15.0000    0.0000   15.0000  271.4950  271.4950  0.000000       0.00000       0.00000         234784.8027    0.000000    -0.00003     0.00000    0.000000000   -0.000000245   -0.000000438  259.062259  84864.3026
1242.00   15.0000    0.0000   15.0000  271.5730  271.5730  0.000000       0.00000       0.00000         234717.3688    0.000000    -0.00003     0.00000    0.000000000   -0.000000245   -0.000000437  259.019577  84730.1017
1254.00   15.0000    0.0000   15.0000  271.6510  271.6510  0.000000       0.00000       0.00000         234649.9737    0.000000    -0.00003     0.00000    0.000000000   -0.000000245   -0.000000437  258.976861  84596.0910
1266.00   15.0000    0.0000   15.0000  271.7290  271.7290  0.000000       0.00000       0.00000         234582.6172    0.000000    -0.00003     0.00000    0.000000000   -0.000000245   -0.000000437  258.934111  84462.2702
1278.00   15.0000    0.0000   15.0000  271.8070  271.8070  0.000000       0.00000       0.00000         234515.2995    0.000000    -0.00003     0.00000    0.000000000   -0.000000245   -0.000000436  258.891328  84328.6391
1290.00   15.0000    0.0000   15.0000  271.8850  271.8850  0.000000       0.00000       0.00000         234448.0203    0.000000    -0.00003     0.00000    0.000000000   -0.000000245   -0.000000436  258.848511  84195.1973
1302.00   15.0000    0.0000   15.0000  271.9630  271.9630  0.000000       0.00000       0.00000         234380.7797    0.000000    -0.00003     0.00000    0.000000000   -0.000000245   -0.000000436  258.805660  84061.9446
1314.00   15.0000    0.0000   15.0000  272.0410  272.0410  0.000000       0.00000       0.00000         234313.5777    0.000000    -0.00003     0.00000    0.000000000   -0.000000245   -0.000000435  258.762776  83928.8809
1326.00   15.0000    0.0000   15.0000  272.1190  272.1190  0.000000       0.00000       0.00000         234246.4143    0.000000    -0.00003     0.00000    0.000000000   -0.000000245   -0.000000435  258.719859  83796.0057
1338.00   15.0000    0.0000   15.0000  272.1970  272.1970  0.000000       0.00000       0.00000         234179.2893    0.000000    -0.00003     0.00000    0.000000000   -0.000000245   -0.000000435  258.676907  83663.3189
1350.00   15.0000    0.0000   15.0000  272.2750  272.2750  0.000000       0.00000       0.00000         234112.2027    0.000000    -0.00003     0.00000    0.000000000   -0.000000245   -0.000000434  258.633923  83530.8202
1362.00   15.0000    0.0000   15.0000  272.3530  272.3530  0.000000       0.00000       0.00000         234045.1546    0.000000    -0.00003     0.00000    0.000000000   -0.000000245   -0.000000434  258.590904  83398.5094
1374.00   15.0000    0.0000   15.0000  272.4310  272.4310  0.000000       0.00000       0.00000         233978.1449    0.000000    -0.00003     0.00000    0.000000000   -0.000000245   -0.000000433  258.547852  83266.3862
1386.00   15.0000    0.0000   15.0000  272.5090  272.5090  0.000000       0.00000       0.00000         233911.1736    0.000000    -0.00003     0.00000    0.000000000   -0.000000245   -0.000000433  258.504767  83134.4503
1398.00   15.0000    0.0000   15.0000  272.5870  272.5870  0.000000       0.00000       0.00000         233844.2406    0.000000    -0.00003     0.00000    0.000000000   -0.000000245   -0.000000433  258.461648  83002.7016
1410.00   15.0000    0.0000   15.0000  272.6650  272.6650  0.000000       0.00000       0.00000         233777.3458    0.000000    -0.00003     0.00000    0.000000000   -0.000000245   -0.000000432  258.418496  82871.1397
1422.00   15.0000    0.0000   15.0000  272.7430  272.7430  0.000000       0.00000       0.00000         233710.4894    0.000000    -0.00003     0.00000    0.000000000   -0.000000245   -0.000000432  258.375310  82739.7644
1434.00   15.0000    0.0000   15.0000  272.8210  272.8210  0.000000       0.00000       0.00000         233643.6711    0.000000    -0.00003     0.00000    0.000000000   -0.000000245   -0.000000432  258.332090  82608.5755
1446.00   15.0000    0.0000   15.0000  272.8990  272.8990  0.000000       0.00000       0.00000         233576.8911    0.000000    -0.00004     0.00000    0.000000000   -0.000000245   -0.000000431  258.288837  82477.5726
1458.00   15.0000    0.0000   15.0000  272.9770  272.9770  0.000000       0.00000       0.00000         233510.1492    0.000000    -0.00004     0.00000    0.000000000   -0.000000245   -0.000000431  258.245551  82346.7556
1470.00   15.0000    0.0000   15.0000  273.0550  273.0550  0.000000       0.00000       0.00000         233443.4455    0.000000    -0.00004     0.00000    0.000000000   -0.000000245   -0.000000430  258.202231  82216.1242
1482.00   15.0000    0.0000   15.0000  273.1330  273.1330  0.000000       0.00000       0.00000         233376.7798    0.000000    -0.00004     0.00000    0.000000000   -0.000000245   -0.000000430  258.158878  82085.6782
1494.00   15.0000    0.0000   15.0000  273.2110  273.2110  0.000000       0.00000       0.00000         233310.1522    0.000000    -0.00004     0.00000    0.000000000   -0.000000245   -0.000000430  258.115491  81955.4173
1506.00   15.0000    0.0000   15.0000  273.2890  273.2890  0.000000       0.00000       0.00000         233243.5627    0.000000    -0.00004     0.00000    0.000000000   -0.000000245   -0.000000429  258.072071  81825.3412
1518.00   15.0000    0.0000   15.0000  273.3670  273.3670  0.000000       0.00000       0.00000         233177.0111    0.000000    -0.00004     0.00000    0.000000000   -0.000000245   -0.000000429  258.028618  81695.4497
1530.00   15.0000    0.0000   15.0000  273.4450  273.4450  0.000000       0.00000       0.00000         233110.4975    0.000000    -0.00004     0.00000    0.000000000   -0.000000245   -0.000000428  257.985131  81565.7426
1542.00   15.0000    0.0000   15.0000  273.5230  273.5230  0.000000       0.00000       0.00000         233044.0219    0.000000    -0.00004     0.00000    0.000000000   -0.000000245   -0.000000428  257.941610  81436.2196
1554.00   15.0000    0.0000   15.0000  273.6010  273.6010  0.000000       0.00000       0.00000         232977.5841    0.000000    -0.00004     0.00000    0.000000000   -0.000000245   -0.000000428  257.898057  81306.8805
1566.00   15.0000    0.0000   15.0000  273.6790  273.6790  0.000000       0.00000       0.00000         232911.1843    0.000000    -0.00004     0.00000    0.000000000   -0.000000245   -0.000000427  257.854470  81177.7250
1578.00   15.0000    0.0000   15.0000  273.7570  273.7570  0.000000       0.00000       0.00000         232844.8222    0.000000    -0.00004     0.00000    0.000000000   -0.000000245   -0.000000427  257.810849  81048.7529
1590.00   15.0000    0.0000   15.0000  273.8350  273.8350  0.000000       0.00000       0.00000         232778.4980    0.000000    -0.00004     0.00000    0.000000000   -0.000000245   -0.000000426  257.767195  80919.9639
1602.00   15.0000    0.0000   15.0000  273.9130  273.9130  0.000000       0.00000       0.00000         232712.2115    0.000000    -0.00004     0.00000    0.000000000   -0.000000245   -0.000000426  257.723508  80791.3577
1614.00   15.0000    0.0000   15.0000  273.9910  273.9910  0.000000       0.00000       0.00000         232645.9628    0.000000    -0.00004     0.00000    0.000000000   -0.000000245   -0.000000426  257.679787  80662.9342
1626.00   15.0000    0.0000   15.0000  274.0690  274.0690  0.000000       0.00000       0.00000         232579.7518    0.000000    -0.00004     0.00000    0.000000000   -0.000000245   -0.000000425  257.636034  80534.6931
1638.00   15.0000    0.0000   15.0000  274.1470  274.1470  0.000000       0.00000       0.00000         232513.5785    0.000000    -0.00004     0.00000    0.000000000   -0.000000245   -0.000000425  257.592246  80406.6342
1650.00   15.0000    0.0000   15.0000  274.2250  274.2250  0.000000       0.00000       0.00000         232447.4428    0.000000    -0.00004     0.00000    0.000000000   -0.000000245   -0.000000424  257.548426  80278.7571
1662.00   15.0000    0.0000   15.0000  274.3030  274.3030  0.000000       0.00000       0.00000         232381.3447    0.000000    -0.00004     0.00000    0.000000000   -0.000000245   -0.000000424  257.504572  80151.0617
1674.00   15.0000    0.0000   15.0000  274.3810  274.3810  0.000000       0.00000       0.00000         232315.2842    0.000000    -0.00004     0.00000    0.000000000   -0.000000245   -0.000000424  257.460685  80023.5477
1686.00   15.0000    0.0000   15.0000  274.4590  274.4590  0.000000       0.00000       0.00000         232249.2613    0.000000    -0.00004     0.00000    0.000000000   -0.000000245   -0.000000423  257.416764  79896.2149
1698.00   15.0000    0.0000   15.0000  274.5370  274.5370  0.000000       0.00000       0.00000         232183.2758    0.000000    -0.00004     0.00000    0.000000000   -0.000000245   -0.000000423  257.372811  79769.0630
1710.00   15.0000    0.0000   15.0000  274.6150  274.6150  0.000000       0.00000       0.00000         232117.3279    0.000000    -0.00004     0.00000    0.000000000   -0.000000245   -0.000000422  257.328824  79642.0918
1722.00   15.0000    0.0000   15.0000  274.6930  274.6930  0.000000       0.00000       0.00000         232051.4174    0.000000    -0.00004     0.00000    0.000000000   -0.000000245   -0.000000422  257.284803  79515.3011
1734.00   15.0000    0.0000   15.0000  274.7710  274.7710  0.000000       0.00000       0.00000         231985.5443    0.000000    -0.00004     0.00000    0.000000000   -0.000000244   -0.000000422  257.240750  79388.6905
1746.00   15.0000    0.0000   15.0000  274.8490  274.8490  0.000000       0.00000       0.00000         231919.7086    0.000000    -0.00004     0.00000    0.000000000   -0.000000244   -0.000000421  257.196663  79262.2599
1758.00   15.0000    0.0000   15.0000  274.9270  274.9270  0.000000       0.00000       0.00000         231853.9103    0.000000    -0.00004     0.00000    0.000000000   -0.000000244   -0.000000421  257.152543  79136.0090
1770.00   15.0000    0.0000   15.0000  275.0050  275.0050  0.000000       0.00000       0.00000         231788.1493    0.000000    -0.00004     0.00000    0.000000000   -0.000000244   -0.000000420  257.108390  79009.9376
1782.00   15.0000    0.0000   15.0000  275.0830  275.0830  0.000000       0.00000       0.00000         231722.4256    0.000000    -0.00004     0.00000    0.000000000   -0.000000244   -0.000000420  257.064204  78884.0455
1794.00   15.0000    0.0000   15.0000  275.1610  275.1610  0.000000       0.00000       0.00000         231656.7391    0.000000    -0.00004     0.00000    0.000000000   -0.000000244   -0.000000419  257.019984  78758.3323
1806.00   15.0000    0.0000   15.0000  275.2390  275.2390  0.000000       0.00000       0.00000         231591.0899    0.000000    -0.00004     0.00000    0.000000000   -0.000000244   -0.000000419  256.975731  78632.7979
1818.00   15.0000    0.0000   15.0000  275.3170  275.3170  0.000000       0.00000       0.00000         231525.4779    0.000000    -0.00004     0.00000    0.000000000   -0.000000244   -0.000000419  256.931446  78507.4419
1830.00   15.0000    0.0000   15.0000  275.3950  275.3950  0.000000       0.00000       0.00000         231459.9030    0.000000    -0.00004     0.00000    0.000000000   -0.000000244   -0.000000418  256.887126  78382.2643
1842.00   15.0000    0.0000   15.0000  275.4730  275.4730  0.000000       0.00000       0.00000         231394.3653    0.000000    -0.00004     0.00000    0.000000000   -0.000000244   -0.000000418  256.842774  78257.2647
1854.00   15.0000    0.0000   15.0000  275.5510  275.5510  0.000000       0.00000       0.00000         231328.8647    0.000000    -0.00005     0.00000    0.000000000   -0.000000244   -0.000000417  256.798389  78132.4429
1866.00   15.0000    0.0000   15.0000  275.6290  275.6290  0.000000       0.00000       0.00000         231263.4012    0.000000    -0.00005     0.00000    0.000000000   -0.000000244   -0.000000417  256.753970  78007.7987
1878.00   15.0000    0.0000   15.0000  275.7070  275.7070  0.000000       0.00000       0.00000         231197.9747    0.000000    -0.00005     0.00000    0.000000000   -0.000000244   -0.000000416  256.709518  77883.3318
1890.00   15.0000    0.0000   15.0000  275.7850  275.7850  0.000000       0.00000       0.00000         231132.5852    0.000000    -0.00005     0.00000    0.000000000   -0.000000244   -0.000000416  256.665033  77759.0420
1902.00   15.0000    0.0000   15.0000  275.8630  275.8630  0.000000       0.00000       0.00000         231067.2326    0.000000    -0.00005     0.00000    0.000000000   -0.000000244   -0.000000416  256.620515  77634.9290
1914.00   15.0000    0.0000   15.0000  275.9410  275.9410  0.000000       0.00000       0.00000         231001.9171    0.000000    -0.00005     0.00000    0.000000000   -0.000000244   -0.000000415  256.575964  77510.9926
1926.00   15.0000    0.0000   15.0000  276.0190  276.0190  0.000000       0.00000       0.00000         230936.6384    0.000000    -0.00005     0.00000    0.000000000   -0.000000244   -0.000000415  256.531380  77387.2326
1938.00   15.0000    0.0000   15.0000  276.0970  276.0970  0.000000       0.00000       0.00000         230871.3966    0.000000    -0.00005     0.00000    0.000000000   -0.000000243   -0.000000414  256.486763  77263.6488
1950.00   15.0000    0.0000   15.0000  276.1750  276.1750  0.000000       0.00000       0.00000         230806.1917    0.000000    -0.00005     0.00000    0.000000000   -0.000000243   -0.000000414  256.442113  77140.2408
1962.00   15.0000    0.0000   15.0000  276.2530  276.2530  0.000000       0.00000       0.00000         230741.0236    0.000000    -0.00005     0.00000    0.000000000   -0.000000243   -0.000000413  256.397429  77017.0085
1974.00   15.0000    0.0000   15.0000  276.3310  276.3310  0.000000       0.00000       0.00000         230675.8923    0.000000    -0.00005     0.00000    0.000000000   -0.000000243   -0.000000413  256.352713  76893.9516
1986.00   15.0000    0.0000   15.0000  276.4090  276.4090  0.000000       0.00000       0.00000         230610.7978    0.000000    -0.00005     0.00000    0.000000000   -0.000000243   -0.000000412  256.307963  76771.0700
1998.00   15.0000    0.0000   15.0000  276.4870  276.4870  0.000000       0.00000       0.00000         230545.7399    0.000000    -0.00005     0.00000    0.000000000   -0.000000243   -0.000000412  256.263181  76648.3633
2010.00   15.0000    0.0000   15.0000  276.5650  276.5650  0.000000       0.00000       0.00000         230480.7188    0.000000    -0.00005     0.00000    0.000000000   -0.000000243   -0.000000412  256.218365  76525.8313
2022.00   15.0000    0.0000   15.0000  276.6430  276.6430  0.000000       0.00000       0.00000         230415.7344    0.000000    -0.00005     0.00000    0.000000000   -0.000000243   -0.000000411  256.173516  76403.4738
2034.00   15.0000    0.0000   15.0000  276.7210  276.7210  0.000000       0.00000       0.00000         230350.7865    0.000000    -0.00005     0.00000    0.000000000   -0.000000243   -0.000000411  256.128635  76281.2906
2046.00   15.0000    0.0000   15.0000  276.7990  276.7990  0.000000       0.00000       0.00000         230285.8753    0.000000    -0.00005     0.00000    0.000000000   -0.000000243   -0.000000410  256.083720  76159.2814
2058.00   15.0000    0.0000   15.0000  276.8770  276.8770  0.000000       0.00000       0.00000         230221.0007    0.000000    -0.00005     0.00000    0.000000000   -0.000000243   -0.000000410  256.038772  76037.4460
2070.00   15.0000    0.0000   15.0000  276.9550  276.9550  0.000000       0.00000       0.00000         230156.1626    0.000000    -0.00005     0.00000    0.000000000   -0.000000243   -0.000000409  255.993792  75915.7841
2082.00   15.0000    0.0000   15.0000  277.0330  277.0330  0.000000       0.00000       0.00000         230091.3610    0.000000    -0.00005     0.00000    0.000000000   -0.000000242   -0.000000409  255.948778  75794.2956
2094.00   15.0000    0.0000   15.0000  277.1110  277.1110  0.000000       0.00000       0.00000         230026.5958    0.000000    -0.00005     0.00000    0.000000000   -0.000000242   -0.000000408  255.903732  75672.9802
2106.00   15.0000    0.0000   15.0000  277.1890  277.1890  0.000000       0.00000       0.00000         229961.8672    0.000000    -0.00005     0.00000    0.000000000   -0.000000242   -0.000000408  255.858652  75551.8376
2118.00   15.0000    0.0000   15.0000  277.2670  277.2670  0.000000       0.00000       0.00000         229897.1749    0.000000    -0.00005     0.00000    0.000000000   -0.000000242   -0.000000407  255.813540  75430.8676
2130.00   15.0000    0.0000   15.0000  277.3450  277.3450  0.000000       0.00000       0.00000         229832.5191    0.000000    -0.00005     0.00000    0.000000000   -0.000000242   -0.000000407  255.768394  75310.0701
2142.00   15.0000    0.0000   15.0000  277.4230  277.4230  0.000000       0.00000       0.00000         229767.8996    0.000000    -0.00005     0.00000    0.000000000   -0.000000242   -0.000000406  255.723216  75189.4447
2154.00   15.0000    0.0000   15.0000  277.5010  277.5010  0.000000       0.00000       0.00000         229703.3164    0.000000    -0.00005     0.00000    0.000000000   -0.000000242   -0.000000406  255.678004  75068.9913
2166.00   15.0000    0.0000   15.0000  277.5790  277.5790  0.000000       0.00000       0.00000         229638.7695    0.000000    -0.00005     0.00000    0.000000000   -0.000000242   -0.000000406  255.632760  74948.7096
2178.00   15.0000    0.0000   15.0000  277.6570  277.6570  0.000000       0.00000       0.00000         229574.2589    0.000000    -0.00005     0.00000    0.000000000   -0.000000242   -0.000000405  255.587483  74828.5993
2190.00   15.0000    0.0000   15.0000  277.7350  277.7350  0.000000       0.00000       0.00000         229509.7845    0.000000    -0.00005     0.00000    0.000000000   -0.000000242   -0.000000405  255.542173  74708.6603
2202.00   15.0000    0.0000   15.0000  277.8130  277.8130  0.000000       0.00000       0.00000         229445.3463    0.000000    -0.00005     0.00000    0.000000000   -0.000000242   -0.000000404  255.496830  74588.8924
2214.00   15.0000    0.0000   15.0000  277.8910  277.8910  0.000000       0.00000       0.00000         229380.9443    0.000000    -0.00005     0.00000    0.000000000   -0.000000241   -0.000000404  255.451455  74469.2952
2226.00   15.0000    0.0000   15.0000  277.9690  277.9690  0.000000       0.00000       0.00000         229316.5785    0.000000    -0.00005     0.00000    0.000000000   -0.000000241   -0.000000403  255.406046  74349.8686
2238.00   15.0000    0.0000   15.0000  278.0470  278.0470  0.000000       0.00000       0.00000         229252.2487    0.000000    -0.00005     0.00000    0.000000000   -0.000000241   -0.000000403  255.360604  74230.6123
2250.00   15.0000    0.0000   15.0000  278.1250  278.1250  0.000000       0.00000       0.00000         229187.9551    0.000000    -0.00005     0.00000    0.000000000   -0.000000241   -0.000000402  255.315130  74111.5261
2262.00   15.0000    0.0000   15.0000  278.2030  278.2030  0.000000       0.00000       0.00000         229123.6974    0.000000    -0.00006     0.00000    0.000000000   -0.000000241   -0.000000402  255.269623  73992.6098
2274.00   15.0000    0.0000   15.0000  278.2810  278.2810  0.000000       0.00000       0.00000         229059.4759    0.000000    -0.00006     0.00000    0.000000000   -0.000000241   -0.000000401  255.224083  73873.8631
2286.00   15.0000    0.0000   15.0000  278.3590  278.3590  0.000000       0.00000       0.00000         228995.2903    0.000000    -0.00006     0.00000    0.000000000   -0.000000241   -0.000000401  255.178510  73755.2859
2298.00   15.0000    0.0000   15.0000  278.4370  278.4370  0.000000       0.00000       0.00000         228931.1406    0.000000    -0.00006     0.00000    0.000000000   -0.000000241   -0.000000400  255.132904  73636.8778
2310.00   15.0000    0.0000   15.0000  278.5150  278.5150  0.000000       0.00000       0.00000         228867.0269    0.000000    -0.00006     0.00000    0.000000000   -0.000000241   -0.000000400  255.087266  73518.6388
2322.00   15.0000    0.0000   15.0000  278.5930  278.5930  0.000000       0.00000       0.00000         228802.9491    0.000000    -0.00006     0.00000    0.000000000   -0.000000240   -0.000000399  255.041595  73400.5685
2334.00   15.0000    0.0000   15.0000  278.6710  278.6710  0.000000       0.00000       0.00000         228738.9072    0.000000    -0.00006     0.00000    0.000000000   -0.000000240   -0.000000399  254.995891  73282.6666
2346.00   15.0000    0.0000   15.0000  278.7490  278.7490  0.000000       0.00000       0.00000         228674.9011    0.000000    -0.00006     0.00000    0.000000000   -0.000000240   -0.000000398  254.950154  73164.9331
2358.00   15.0000    0.0000   15.0000  278.8270  278.8270  0.000000       0.00000       0.00000         228610.9308    0.000000    -0.00006     0.00000    0.000000000   -0.000000240   -0.000000398  254.904384  73047.3677
2370.00   15.0000    0.0000   15.0000  278.9050  278.9050  0.000000       0.00000       0.00000         228546.9963    0.000000    -0.00006     0.00000    0.000000000   -0.000000240   -0.000000397  254.858582  72929.9701
2382.00   15.0000    0.0000   15.0000  278.9830  278.9830  0.000000       0.00000       0.00000              0.0000    0.000000    -0.00006     0.00000    0.000000000    0.000000000    0.000000000  254.812747  72812.7401
2394.00   15.0000    0.0000   15.0000  279.0610  279.0610  0.000000       0.00000       0.00000              0.0000    0.000000     0.00000     0.00000    0.000000000    0.000000000    0.000000000  254.766879  72695.6775
