   0.00    0.0000    0.0000    0.0000  239.0976  239.0976  0.000000       0.00000       0.00000              0.0000    0.000000     0.00000     0.00000    0.000000000    0.000000000    0.000000000    0.000000      0.0000
   6.00    7.9763    3.4600    8.6944  240.4665  240.4665  0.000000       0.75857       0.75857              0.0000    0.000000     0.00000     0.00000   -0.000004059    0.000000000    0.000000000  240.378738  99872.2526
  18.00    8.9805    3.8238    9.7607  240.5515  240.5515  0.000000       2.45331       2.45331              0.0462    0.000000    -0.00000     0.00000   -0.000014261    0.000000000    0.000000000  240.317323  99659.5000
  30.00    9.6090    4.0119   10.4129  240.6066  240.6066  0.000000       2.42764       2.42764              0.0680    0.000000    -0.00000     0.00000   -0.000018153   -0.000000091   -0.000000120  240.255273  99489.6125
  42.00   10.1759    4.1475   10.9886  240.6582  240.6582  0.000000       2.69062       2.69062              0.0808    0.000000    -0.00000     0.00000   -0.000020156   -0.000000098   -0.000000126  240.189622  99319.9695
  54.00   10.6823    4.2391   11.4927  240.7061  240.7061  0.000000       2.69726       2.69726              0.0939    0.000000    -0.00000     0.00000   -0.000021697   -0.000000102   -0.000000130  240.120298  99150.5683
  66.00   11.1576    4.2975   11.9566  240.7529  240.7529  0.000000       2.67212       2.67212              0.1055    0.000000    -0.00000     0.00000   -0.000023032   -0.000000103   -0.000000131  240.049953  98981.4069
  78.00   11.6090    4.3267   12.3891  240.7996  240.7996  0.000000       2.58236       2.58236              0.1168    0.000000    -0.00000     0.00000   -0.000024267   -0.000000102   -0.000000130  239.979349  98812.4845
  90.00   12.0433    4.3291   12.7977  240.8468  240.8468  0.000000       2.46225       2.46225              0.1277    0.000000    -0.00000     0.00000   -0.000025474   -0.000000100   -0.000000128  239.909275  98643.8010
 102.00   12.4635    4.3059   13.1863  240.8950  240.8950  0.000000       2.31737       2.31737              0.1387    0.000000    -0.00000     0.00000   -0.000026684   -0.000000097   -0.000000125  239.840254  98475.3567
 114.00   12.8716    4.2576   13.5575  240.9449  240.9449  0.000000       2.15755       2.15755              0.1498    0.000000    -0.00000     0.00000   -0.000027941   -0.000000094   -0.000000121  239.772773  98307.1522
 126.00   13.2687    4.1842   13.9128  240.9967  240.9967  0.000000       1.98809       1.98809              0.1613    0.000000    -0.00000     0.00000   -0.000029276   -0.000000089   -0.000000116  239.707275  98139.1885
 138.00   13.6549    4.0856   14.2530  241.0511  241.0511  0.000000       1.81354       1.81354              0.1732    0.000000    -0.00000     0.00000   -0.000030715   -0.000000084   -0.000000111  239.644212  97971.4669
 150.00   14.0299    3.9612   14.5784  241.1084  241.1084  0.000000       1.63716       1.63716              0.1859    0.000000    -0.00000     0.00000   -0.000032291   -0.000000077   -0.000000105  239.584068  97803.9888
 162.00   14.3927    3.8104   14.8885  241.1692  241.1692  0.000000       1.46150       1.46150              0.1995    0.000000    -0.00000     0.00000   -0.000034037   -0.000000070   -0.000000098  239.527381  97636.7563
 174.00   14.7419    3.6324   15.1828  241.2341  241.2341  0.000000       1.28850       1.28850              0.2143    0.000000    -0.00000     0.00000   -0.000035959   -0.000000061   -0.000000090  239.474780  97469.7718
 186.00   15.0756    3.4265   15.4601  241.3040  241.3040  0.000000       1.11954       1.11954              0.2307    0.000000    -0.00000     0.00000   -0.000038162   -0.000000051   -0.000000080  239.427033  97303.0379
 198.00   15.3913    3.1918   15.7188  241.3798  241.3798  0.000000       0.95608       0.95608              0.2491    0.000000    -0.00001     0.00000   -0.000040684   -0.000000039   -0.000000068  239.385101  97136.5580
 210.00   15.6857    2.9273   15.9565  241.4627  241.4627  0.000000       0.79822       0.79822              0.2703    0.000000    -0.00001     0.00000   -0.000043635   -0.000000024   -0.000000054  239.350269  96970.3364
 222.00   15.9544    2.6320   16.1701  241.5546  241.5546  0.000000       0.64877       0.64877              0.2954    0.000000    -0.00001     0.00000   -0.000047126   -0.000000005   -0.000000036  239.324252  96804.3782
 234.00   16.1924    2.3041   16.3555  241.6583  241.6583  0.000000       0.50305       0.50305              0.3268    0.000000    -0.00001     0.00000   -0.000051564    0.000000019   -0.000000012  239.309847  96638.6899
 246.00   16.3903    1.9438   16.5051  241.7773  241.7773  0.000000       0.37545       0.37545              0.3661    0.000000    -0.00001     0.00000   -0.000057157    0.000000057    0.000000024  239.310589  96473.2806
 258.00   16.5377    1.5417   16.6094  241.9217  241.9217  0.000000       0.23456       0.23456              0.4298    0.000000    -0.00001     0.00000   -0.000065541    0.000000109    0.000000073  239.336410  96308.1635
 270.00   16.6014    1.1199   16.6391  242.0969  242.0969  0.000000       0.16070       0.16070              0.4985    0.000000    -0.00001     0.00000   -0.000086846    0.000000226    0.000000184  239.392552  96143.3572
 282.00   16.4959    0.6118   16.5072  242.3660  242.3660  0.000000       0.00353       0.00353              1.7248    0.000000     0.00000     0.00000   -0.000067586    0.000007579    0.000005538  239.541500  95978.9033
 294.00   15.0894   -0.0223   15.0894  248.4740  248.4740  0.000000       0.00052       0.00052              2.7187    0.000000    -0.00013     0.00000   -0.000083366    0.000009557    0.000011016  245.459807  95816.7570
 306.00   15.0004   -0.0003   15.0004  249.8601  249.8601  0.000000       0.00000       0.00000            308.4576    0.000000    -0.00013     0.00000   -0.000002526    0.000004525    0.000004300  246.711614  95657.2648
 318.00   15.0000   -0.0000   15.0000  251.2558  251.2558  0.000000       0.00000       0.00000        2479136.8326    0.000000    -0.00009     0.00000    0.000000000    0.000003972    0.000003848  247.972268  95498.8462
 330.00   15.0000   -0.0000   15.0000  252.1447  252.1447  0.000000       0.00000       0.00000        2678196.6562    0.000000    -0.00008     0.00000    0.000000000    0.000002992    0.000002836  248.732312  95341.3336
 342.00   15.0000   -0.0000   15.0000  252.9084  252.9084  0.000000       0.00000       0.00000        2296158.2589    0.000000    -0.00007     0.00000    0.000000000    0.000002653    0.000002502  249.368409  95184.5213
 354.00   15.0000   -0.0000   15.0000  253.5659  253.5659  0.000000       0.00000       0.00000        1985876.8519    0.000000    -0.00006     0.00000    0.000000000    0.000002345    0.000002199  249.899465  95028.3328
 366.00   15.0000   -0.0000   15.0000  254.1408  254.1408  0.000000       0.00000       0.00000        1763912.4958    0.000000    -0.00006     0.00000    0.000000000    0.000002117    0.000001972  250.348776  94872.7059
 378.00   15.0000    0.0000   15.0000  254.6630  254.6630  0.000000       0.00000       0.00000        1596818.7758    0.000000    -0.00006     0.00000    0.000000000    0.000001939    0.000001797  250.746014  94717.5963
 390.00   15.0000    0.0000   15.0000  255.1360  255.1360  0.000000       0.00000       0.00000        1464145.4782    0.000000    -0.00005     0.00000    0.000000000    0.000001794    0.000001652  251.094502  94562.9701
 402.00   15.0000    0.0000   15.0000  255.5773  255.5773  0.000000       0.00000       0.00000        1351369.0624    0.000000    -0.00005     0.00000    0.000000000    0.000001663    0.000001524  251.411568  94408.8008
 414.00   15.0000    0.0000   15.0000  255.9813  255.9813  0.000000       0.00000       0.00000        1256858.4478    0.000000    -0.00005     0.00000    0.000000000    0.000001550    0.000001411  251.691803  94255.0653
 426.00   15.0000    0.0000   15.0000  256.3646  256.3646  0.000000       0.00000       0.00000        1179564.2076    0.000000    -0.00005     0.00000    0.000000000    0.000001456    0.000001318  251.951577  94101.7447
 438.00   15.0000    0.0000   15.0000  256.7213  256.7213  0.000000       0.00000       0.00000        1112186.8323    0.000000    -0.00005     0.00000    0.000000000    0.000001371    0.000001233  252.184952  93948.8231
 450.00   15.0000    0.0000   15.0000  257.0634  257.0634  0.000000       0.00000       0.00000        1057423.5264    0.000000    -0.00005     0.00000    0.000000000    0.000001302    0.000001165  252.403812  93796.2867
 462.00   15.0000    0.0000   15.0000  257.3866  257.3866  0.000000       0.00000       0.00000        1006934.3177    0.000000    -0.00004     0.00000    0.000000000    0.000001236    0.000001098  252.603956  93644.1243
 474.00   15.0000    0.0000   15.0000  257.6977  257.6977  0.000000       0.00000       0.00000         962020.1163    0.000000    -0.00004     0.00000    0.000000000    0.000001176    0.000001038  252.792120  93492.3253
 486.00   15.0000    0.0000   15.0000  257.9933  257.9933  0.000000       0.00000       0.00000         919200.5693    0.000000    -0.00004     0.00000    0.000000000    0.000001116    0.000000978  252.964941  93340.8805
 498.00   15.0000    0.0000   15.0000  258.2781  258.2781  0.000000       0.00000       0.00000         882949.0279    0.000000    -0.00004     0.00000    0.000000000    0.000001065    0.000000927  253.127002  93189.7810
 510.00   15.0000    0.0000   15.0000  258.5514  258.5514  0.000000       0.00000       0.00000         849953.0386    0.000000    -0.00004     0.00000    0.000000000    0.000001017    0.000000879  253.277730  93039.0192
 522.00   15.0000    0.0000   15.0000  258.8159  258.8159  0.000000       0.00000       0.00000         820100.4363    0.000000    -0.00004     0.00000    0.000000000    0.000000973    0.000000835  253.419663  92888.5882
 534.00   15.0000    0.0000   15.0000  259.0709  259.0709  0.000000       0.00000       0.00000         792823.1676    0.000000    -0.00004     0.00000    0.000000000    0.000000932    0.000000794  253.552173  92738.4816
 546.00   15.0000    0.0000   15.0000  259.3186  259.3186  0.000000       0.00000       0.00000         767839.5263    0.000000    -0.00004     0.00000    0.000000000    0.000000894    0.000000755  253.677445  92588.6937
 558.00   15.0000    0.0000   15.0000  259.5582  259.5582  0.000000       0.00000       0.00000         745932.6462    0.000000    -0.00004     0.00000    0.000000000    0.000000861    0.000000721  253.794687  92439.2192
 570.00   15.0000    0.0000   15.0000  259.7924  259.7924  0.000000       0.00000       0.00000         725788.8505    0.000000    -0.00004     0.00000    0.000000000    0.000000830    0.000000690  253.906572  92290.0532
 582.00   15.0000    0.0000   15.0000  260.0196  260.0196  0.000000       0.00000       0.00000         707890.4418    0.000000    -0.00004     0.00000    0.000000000    0.000000802    0.000000661  254.011501  92141.1915
 594.00   15.0000    0.0000   15.0000  260.2429  260.2429  0.000000       0.00000       0.00000         691297.6324    0.000000    -0.00004     0.00000    0.000000000    0.000000776    0.000000635  254.112446  91992.6301
 606.00   15.0000    0.0000   15.0000  260.4599  260.4599  0.000000       0.00000       0.00000         674080.3775    0.000000    -0.00004     0.00000    0.000000000    0.000000747    0.000000606  254.207231  91844.3652
 618.00   15.0000    0.0000   15.0000  260.6725  260.6725  0.000000       0.00000       0.00000         658351.8441    0.000000    -0.00004     0.00000    0.000000000    0.000000721    0.000000579  254.297625  91696.3932
 630.00   15.0000    0.0000   15.0000  260.8799  260.8799  0.000000       0.00000       0.00000         643795.9912    0.000000    -0.00004     0.00000    0.000000000    0.000000697    0.000000555  254.382771  91548.7105
 642.00   15.0000    0.0000   15.0000  261.0836  261.0836  0.000000       0.00000       0.00000         631226.0528    0.000000    -0.00004     0.00000    0.000000000    0.000000676    0.000000533  254.464239  91401.3140
 654.00   15.0000    0.0000   15.0000  261.2832  261.2832  0.000000       0.00000       0.00000         619397.5301    0.000000    -0.00004     0.00000    0.000000000    0.000000656    0.000000513  254.541685  91254.2006
 666.00   15.0000    0.0000   15.0000  261.4797  261.4797  0.000000       0.00000       0.00000         609121.8472    0.000000    -0.00004     0.00000    0.000000000    0.000000639    0.000000495  254.615904  91107.3677
 678.00   15.0000    0.0000   15.0000  261.6730  261.6730  0.000000       0.00000       0.00000         599735.0165    0.000000    -0.00004     0.00000    0.000000000    0.000000623    0.000000479  254.687060  90960.8130
 690.00   15.0000    0.0000   15.0000  261.8637  261.8637  0.000000       0.00000       0.00000         591628.4771    0.000000    -0.00004     0.00000    0.000000000    0.000000610    0.000000465  254.755535  90814.5340
 702.00   15.0000    0.0000   15.0000  262.0522  262.0522  0.000000       0.00000       0.00000         584477.9824    0.000000    -0.00004     0.00000    0.000000000    0.000000598    0.000000453  254.821737  90668.5288
 714.00   15.0000    0.0000   15.0000  262.2386  262.2386  0.000000       0.00000       0.00000         578572.8734    0.000000    -0.00004     0.00000    0.000000000    0.000000590    0.000000444  254.885847  90522.7956
 726.00   15.0000    0.0000   15.0000  262.4235  262.4235  0.000000       0.00000       0.00000         574123.8199    0.000000    -0.00004     0.00000    0.000000000    0.000000584    0.000000437  254.948458  90377.3328
 738.00   15.0000    0.0000   15.0000  262.6073  262.6073  0.000000       0.00000       0.00000         570848.4531    0.000000    -0.00004     0.00000    0.000000000    0.000000580    0.000000433  255.009881  90232.1391
 750.00   15.0000    0.0000   15.0000  262.7904  262.7904  0.000000       0.00000       0.00000         568574.3399    0.000000    -0.00004     0.00000    0.000000000    0.000000579    0.000000431  255.070533  90087.2132
 762.00   15.0000    0.0000   15.0000  262.9730  262.9730  0.000000       0.00000       0.00000         567651.9113    0.000000    -0.00004     0.00000    0.000000000    0.000000581    0.000000432  255.130622  89942.5544
 774.00   15.0000    0.0000   15.0000  263.1557  263.1557  0.000000       0.00000       0.00000         567903.8364    0.000000    -0.00004     0.00000    0.000000000    0.000000586    0.000000435  255.190781  89798.1618
 786.00   15.0000    0.0000   15.0000  263.3387  263.3387  0.000000       0.00000       0.00000         569761.7557    0.000000    -0.00005     0.00000    0.000000000    0.000000594    0.000000443  255.251111  89654.0351
 798.00   15.0000    0.0000   15.0000  263.5229  263.5229  0.000000       0.00000       0.00000         572624.1805    0.000000    -0.00005     0.00000    0.000000000    0.000000605    0.000000452  255.312515  89510.1739
 810.00   15.0000    0.0000   15.0000  263.7080  263.7080  0.000000       0.00000       0.00000         577510.5100    0.000000    -0.00005     0.00000    0.000000000    0.000000620    0.000000467  255.374718  89366.5783
 822.00   15.0000    0.0000   15.0000  263.8956  263.8956  0.000000       0.00000       0.00000         585484.5369    0.000000    -0.00005     0.00000    0.000000000    0.000000644    0.000000489  255.439263  89223.2487
 834.00   15.0000    0.0000   15.0000  264.0861  264.0861  0.000000       0.00000       0.00000         594922.2164    0.000000    -0.00005     0.00000    0.000000000    0.000000671    0.000000514  255.506543  89080.1858
 846.00   15.0000    0.0000   15.0000  264.2801  264.2801  0.000000       0.00000       0.00000         607879.9857    0.000000    -0.00005     0.00000    0.000000000    0.000000708    0.000000549  255.577085  88937.3907
 858.00   15.0000    0.0000   15.0000  264.4793  264.4793  0.000000       0.00000       0.00000         622568.2228    0.000000    -0.00005     0.00000    0.000000000    0.000000749    0.000000588  255.652572  88794.8653
 870.00   15.0000    0.0000   15.0000  264.6831  264.6831  0.000000       0.00000       0.00000         647763.6450    0.000000    -0.00006     0.00000    0.000000000    0.000000817    0.000000653  255.732417  88652.6115
 882.00   15.0000    0.0000   15.0000  264.8989  264.8989  0.000000       0.00000       0.00000         667351.9743    0.000000    -0.00006     0.00000    0.000000000    0.000000873    0.000000707  255.823792  88510.6330
 894.00   15.0000    0.0000   15.0000  265.1157  265.1157  0.000000       0.00000       0.00000         714103.3287    0.000000    -0.00007     0.00000    0.000000000    0.000000998    0.000000827  255.916048  88368.9328
 906.00   15.0000    0.0000   15.0000  265.3622  265.3622  0.000000       0.00000       0.00000         730874.4364    0.000000    -0.00006     0.00000    0.000000000    0.000001050    0.000000878  256.036849  88227.5182
 918.00   15.0000    0.0000   15.0000  265.5904  265.5904  0.000000       0.00000       0.00000         830092.7927    0.000000    -0.00009     0.00000    0.000000000    0.000001318    0.000001134  256.139836  88086.3916
 930.00   15.0000    0.0000   15.0000  265.9018  265.9018  0.000000       0.00000       0.00000         828471.2584    0.000000    -0.00007     0.00000    0.000000000    0.000001328    0.000001149  256.322995  87945.5693
 942.00   15.0000    0.0000   15.0000  266.1295  266.1295  0.000000       0.00000       0.00000        1059623.8025    0.000000    -0.00014     0.00000    0.000000000    0.000001965    0.000001750  256.425373  87805.0503
 954.00   15.0000    0.0000   15.0000  266.5919  266.5919  0.000000       0.00000       0.00000        1006406.8107    0.000000    -0.00006     0.00000    0.000000000    0.000001843    0.000001662  256.753731  87664.8735
 966.00   15.0000    0.0000   15.0000  266.7861  266.7861  0.000000       0.00000       0.00000        1547233.3253    0.000000    -0.00025     0.00000    0.000000000    0.000003411    0.000003102  256.823632  87525.0290
 978.00   15.0000    0.0000   15.0000  267.6021  267.6021  0.000000       0.00000       0.00000        1431805.4941    0.000000    -0.00004     0.00000    0.000000000    0.000003117    0.000002959  257.491893  87385.6075
 990.00   15.0000    0.0000   15.0000  267.7239  267.7239  0.000000       0.00000       0.00000        3679507.8178    0.000000    -0.00071     0.00000    0.000000000    0.000010398    0.000009245  257.491874  87246.5889
1002.00   15.0000    0.0000   15.0000  270.0130  270.0130  0.000000       0.00000       0.00000        3582183.8080    0.000000    -0.00002     0.00000    0.000000000    0.000010191    0.000010602  259.575939  87108.3478
1014.00   15.0000    0.0000   15.0000  270.0910  270.0910  0.000000       0.00000       0.00000         236005.2723    0.000000    -0.00002     0.00000    0.000000000   -0.000000242   -0.000000437  259.533814  86970.8708
1026.00   15.0000    0.0000   15.0000  270.1690  270.1690  0.000000       0.00000       0.00000         235937.1356    0.000000    -0.00002     0.00000    0.000000000   -0.000000242   -0.000000437  259.491654  86833.5886
1038.00   15.0000    0.0000   15.0000  270.2470  270.2470  0.000000       0.00000       0.00000         235869.0383    0.000000    -0.00003     0.00000    0.000000000   -0.000000242   -0.000000436  259.449461  86696.5008
1050.00   15.0000    0.0000   15.0000  270.3250  270.3250  0.000000       0.00000       0.00000         235800.9803    0.000000    -0.00003     0.00000    0.000000000   -0.000000242   -0.000000436  259.407234  86559.6072
1062.00   15.0000    0.0000   15.0000  270.4030  270.4030  0.000000       0.00000       0.00000         235732.9615    0.000000    -0.00003     0.00000    0.000000000   -0.000000242   -0.000000436  259.364973  86422.9075
1074.00   15.0000    0.0000   15.0000  270.4810  270.4810  0.000000       0.00000       0.00000         235664.9820    0.000000    -0.00003     0.00000    0.000000000   -0.000000242   -0.000000435  259.322678  86286.4014
1086.00   15.0000    0.0000   15.0000  270.5590  270.5590  0.000000       0.00000       0.00000         235597.0417    0.000000    -0.00003     0.00000    0.000000000   -0.000000242   -0.000000435  259.280350  86150.0888
1098.00   15.0000    0.0000   15.0000  270.6370  270.6370  0.000000       0.00000       0.00000         235529.1405    0.000000    -0.00003     0.00000    0.000000000   -0.000000242   -0.000000435  259.237988  86013.9692
1110.00   15.0000    0.0000   15.0000  270.7150  270.7150  0.000000       0.00000       0.00000         235461.2785    0.000000    -0.00003     0.00000    0.000000000   -0.000000242   -0.000000434  259.195592  85878.0426
1122.00   15.0000    0.0000   15.0000  270.7930  270.7930  0.000000       0.00000       0.00000         235393.4555    0.000000    -0.00003     0.00000    0.000000000   -0.000000242   -0.000000434  259.153162  85742.3085
1134.00   15.0000    0.0000   15.0000  270.8710  270.8710  0.000000       0.00000       0.00000         235325.6716    0.000000    -0.00003     0.00000    0.000000000   -0.000000242   -0.000000434  259.110699  85606.7668
1146.00   15.0000    0.0000   15.0000  270.9490  270.9490  0.000000       0.00000       0.00000         235257.9268    0.000000    -0.00003     0.00000    0.000000000   -0.000000242   -0.000000433  259.068202  85471.4172
1158.00   15.0000    0.0000   15.0000  271.0270  271.0270  0.000000       0.00000       0.00000         235190.2209    0.000000    -0.00003     0.00000    0.000000000   -0.000000242   -0.000000433  259.025671  85336.2595
1170.00   15.0000    0.0000   15.0000  271.1050  271.1050  0.000000       0.00000       0.00000         235122.5540    0.000000    -0.00003     0.00000    0.000000000   -0.000000242   -0.000000433  258.983106  85201.2933
1182.00   15.0000    0.0000   15.0000  271.1830  271.1830  0.000000       0.00000       0.00000         235054.9260    0.000000    -0.00003     0.00000    0.000000000   -0.000000242   -0.000000432  258.940508  85066.5184
1194.00   15.0000    0.0000   15.0000  271.2610  271.2610  0.000000       0.00000       0.00000         234987.3369    0.000000    -0.00003     0.00000    0.000000000   -0.000000242   -0.000000432  258.897876  84931.9346
1206.00   15.0000    0.0000   15.0000  271.3390  271.3390  0.000000       0.00000       0.00000         234919.7867    0.000000    -0.00003     0.00000    0.000000000   -0.000000242   -0.000000432  258.855211  84797.5416
1218.00   15.0000    0.0000   15.0000  271.4170  271.4170  0.000000       0.00000       0.00000         234852.2753    0.000000    -0.00003     0.00000    0.000000000   -0.000000242   -0.000000431  258.812512  84663.3392
1230.00   15.0000    0.0000   15.0000  271.4950  271.4950  0.000000       0.00000       0.00000         234784.8027    0.000000    -0.00003     0.00000    0.000000000   -0.000000242   -0.000000431  258.769779  84529.3270
1242.00   15.0000    0.0000   15.0000  271.5730  271.5730  0.000000       0.00000       0.00000         234717.3688    0.000000    -0.00003     0.00000    0.000000000   -0.000000242   -0.000000431  258.727012  84395.5049
1254.00   15.0000    0.0000   15.0000  271.6510  271.6510  0.000000       0.00000       0.00000         234649.9737    0.000000    -0.00003     0.00000    0.000000000   -0.000000242   -0.000000430  258.684212  84261.8725
1266.00   15.0000    0.0000   15.0000  271.7290  271.7290  0.000000       0.00000       0.00000         234582.6172    0.000000    -0.00003     0.00000    0.000000000   -0.000000242   -0.000000430  258.641378  84128.4297
1278.00   15.0000    0.0000   15.0000  271.8070  271.8070  0.000000       0.00000       0.00000         234515.2995    0.000000    -0.00003     0.00000    0.000000000   -0.000000242   -0.000000429  258.598511  83995.1762
1290.00   15.0000    0.0000   15.0000  271.8850  271.8850  0.000000       0.00000       0.00000         234448.0203    0.000000    -0.00003     0.00000    0.000000000   -0.000000242   -0.000000429  258.555610  83862.1117
1302.00   15.0000    0.0000   15.0000  271.9630  271.9630  0.000000       0.00000       0.00000         234380.7797    0.000000    -0.00003     0.00000    0.000000000   -0.000000242   -0.000000429  258.512676  83729.2359
1314.00   15.0000    0.0000   15.0000  272.0410  272.0410  0.000000       0.00000       0.00000         234313.5777    0.000000    -0.00003     0.00000    0.000000000   -0.000000242   -0.000000428  258.469707  83596.5487
1326.00   15.0000    0.0000   15.0000  272.1190  272.1190  0.000000       0.00000       0.00000         234246.4143    0.000000    -0.00003     0.00000    0.000000000   -0.000000242   -0.000000428  258.426706  83464.0497
1338.00   15.0000    0.0000   15.0000  272.1970  272.1970  0.000000       0.00000       0.00000         234179.2893    0.000000    -0.00003     0.00000    0.000000000   -0.000000242   -0.000000428  258.383671  83331.7387
1350.00   15.0000    0.0000   15.0000  272.2750  272.2750  0.000000       0.00000       0.00000         234112.2027    0.000000    -0.00003     0.00000    0.000000000   -0.000000242   -0.000000427  258.340602  83199.6154
1362.00   15.0000    0.0000   15.0000  272.3530  272.3530  0.000000       0.00000       0.00000         234045.1546    0.000000    -0.00003     0.00000    0.000000000   -0.000000242   -0.000000427  258.297499  83067.6797
1374.00   15.0000    0.0000   15.0000  272.4310  272.4310  0.000000       0.00000       0.00000         233978.1449    0.000000    -0.00003     0.00000    0.000000000   -0.000000242   -0.000000427  258.254363  82935.9312
1386.00   15.0000    0.0000   15.0000  272.5090  272.5090  0.000000       0.00000       0.00000         233911.1736    0.000000    -0.00003     0.00000    0.000000000   -0.000000242   -0.000000426  258.211194  82804.3697
1398.00   15.0000    0.0000   15.0000  272.5870  272.5870  0.000000       0.00000       0.00000         233844.2406    0.000000    -0.00003     0.00000    0.000000000   -0.000000242   -0.000000426  258.167991  82672.9949
1410.00   15.0000    0.0000   15.0000  272.6650  272.6650  0.000000       0.00000       0.00000         233777.3458    0.000000    -0.00003     0.00000    0.000000000   -0.000000242   -0.000000425  258.124755  82541.8066
1422.00   15.0000    0.0000   15.0000  272.7430  272.7430  0.000000       0.00000       0.00000         233710.4894    0.000000    -0.00003     0.00000    0.000000000   -0.000000242   -0.000000425  258.081485  82410.8046
1434.00   15.0000    0.0000   15.0000  272.8210  272.8210  0.000000       0.00000       0.00000         233643.6711    0.000000    -0.00003     0.00000    0.000000000   -0.000000242   -0.000000425  258.038181  82279.9886
1446.00   15.0000    0.0000   15.0000  272.8990  272.8990  0.000000       0.00000       0.00000         233576.8911    0.000000    -0.00004     0.00000    0.000000000   -0.000000242   -0.000000424  257.994844  82149.3583
1458.00   15.0000    0.0000   15.0000  272.9770  272.9770  0.000000       0.00000       0.00000         233510.1492    0.000000    -0.00004     0.00000    0.000000000   -0.000000242   -0.000000424  257.951474  82018.9135
1470.00   15.0000    0.0000   15.0000  273.0550  273.0550  0.000000       0.00000       0.00000         233443.4455    0.000000    -0.00004     0.00000    0.000000000   -0.000000242   -0.000000423  257.908070  81888.6539
1482.00   15.0000    0.0000   15.0000  273.1330  273.1330  0.000000       0.00000       0.00000         233376.7798    0.000000    -0.00004     0.00000    0.000000000   -0.000000242   -0.000000423  257.864633  81758.5793
1494.00   15.0000    0.0000   15.0000  273.2110  273.2110  0.000000       0.00000       0.00000         233310.1522    0.000000    -0.00004     0.00000    0.000000000   -0.000000242   -0.000000423  257.821162  81628.6895
1506.00   15.0000    0.0000   15.0000  273.2890  273.2890  0.000000       0.00000       0.00000         233243.5627    0.000000    -0.00004     0.00000    0.000000000   -0.000000242   -0.000000422  257.777658  81498.9842
1518.00   15.0000    0.0000   15.0000  273.3670  273.3670  0.000000       0.00000       0.00000         233177.0111    0.000000    -0.00004     0.00000    0.000000000   -0.000000242   -0.000000422  257.734120  81369.4631
1530.00   15.0000    0.0000   15.0000  273.4450  273.4450  0.000000       0.00000       0.00000         233110.4975    0.000000    -0.00004     0.00000    0.000000000   -0.000000242   -0.000000422  257.690549  81240.1261
1542.00   15.0000    0.0000   15.0000  273.5230  273.5230  0.000000       0.00000       0.00000         233044.0219    0.000000    -0.00004     0.00000    0.000000000   -0.000000242   -0.000000421  257.646945  81110.9727
1554.00   15.0000    0.0000   15.0000  273.6010  273.6010  0.000000       0.00000       0.00000         232977.5841    0.000000    -0.00004     0.00000    0.000000000   -0.000000242   -0.000000421  257.603307  80982.0029
1566.00   15.0000    0.0000   15.0000  273.6790  273.6790  0.000000       0.00000       0.00000         232911.1843    0.000000    -0.00004     0.00000    0.000000000   -0.000000242   -0.000000420  257.559636  80853.2164
1578.00   15.0000    0.0000   15.0000  273.7570  273.7570  0.000000       0.00000       0.00000         232844.8222    0.000000    -0.00004     0.00000    0.000000000   -0.000000242   -0.000000420  257.515932  80724.6129
1590.00   15.0000    0.0000   15.0000  273.8350  273.8350  0.000000       0.00000       0.00000         232778.4980    0.000000    -0.00004     0.00000    0.000000000   -0.000000242   -0.000000420  257.472194  80596.1921
1602.00   15.0000    0.0000   15.0000  273.9130  273.9130  0.000000       0.00000       0.00000         232712.2115    0.000000    -0.00004     0.00000    0.000000000   -0.000000242   -0.000000419  257.428423  80467.9539
1614.00   15.0000    0.0000   15.0000  273.9910  273.9910  0.000000       0.00000       0.00000         232645.9628    0.000000    -0.00004     0.00000    0.000000000   -0.000000242   -0.000000419  257.384618  80339.8979
1626.00   15.0000    0.0000   15.0000  274.0690  274.0690  0.000000       0.00000       0.00000         232579.7518    0.000000    -0.00004     0.00000    0.000000000   -0.000000242   -0.000000418  257.340780  80212.0240
1638.00   15.0000    0.0000   15.0000  274.1470  274.1470  0.000000       0.00000       0.00000         232513.5785    0.000000    -0.00004     0.00000    0.000000000   -0.000000242   -0.000000418  257.296909  80084.3318
1650.00   15.0000    0.0000   15.0000  274.2250  274.2250  0.000000       0.00000       0.00000         232447.4428    0.000000    -0.00004     0.00000    0.000000000   -0.000000241   -0.000000418  257.253004  79956.8213
1662.00   15.0000    0.0000   15.0000  274.3030  274.3030  0.000000       0.00000       0.00000         232381.3447    0.000000    -0.00004     0.00000    0.000000000   -0.000000241   -0.000000417  257.209066  79829.4920
1674.00   15.0000    0.0000   15.0000  274.3810  274.3810  0.000000       0.00000       0.00000         232315.2842    0.000000    -0.00004     0.00000    0.000000000   -0.000000241   -0.000000417  257.165095  79702.3438
1686.00   15.0000    0.0000   15.0000  274.4590  274.4590  0.000000       0.00000       0.00000         232249.2613    0.000000    -0.00004     0.00000    0.000000000   -0.000000241   -0.000000416  257.121091  79575.3764
1698.00   15.0000    0.0000   15.0000  274.5370  274.5370  0.000000       0.00000       0.00000         232183.2758    0.000000    -0.00004     0.00000    0.000000000   -0.000000241   -0.000000416  257.077053  79448.5895
1710.00   15.0000    0.0000   15.0000  274.6150  274.6150  0.000000       0.00000       0.00000         232117.3279    0.000000    -0.00004     0.00000    0.000000000   -0.000000241   -0.000000415  257.032982  79321.9830
1722.00   15.0000    0.0000   15.0000  274.6930  274.6930  0.000000       0.00000       0.00000         232051.4174    0.000000    -0.00004     0.00000    0.000000000   -0.000000241   -0.000000415  256.988878  79195.5566
1734.00   15.0000    0.0000   15.0000  274.7710  274.7710  0.000000       0.00000       0.00000         231985.5443    0.000000    -0.00004     0.00000    0.000000000   -0.000000241   -0.000000415  256.944740  79069.3100
1746.00   15.0000    0.0000   15.0000  274.8490  274.8490  0.000000       0.00000       0.00000         231919.7086    0.000000    -0.00004     0.00000    0.000000000   -0.000000241   -0.000000414  256.900569  78943.2431
1758.00   15.0000    0.0000   15.0000  274.9270  274.9270  0.000000       0.00000       0.00000         231853.9103    0.000000    -0.00004     0.00000    0.000000000   -0.000000241   -0.000000414  256.856366  78817.3555
1770.00   15.0000    0.0000   15.0000  275.0050  275.0050  0.000000       0.00000       0.00000         231788.1493    0.000000    -0.00004     0.00000    0.000000000   -0.000000241   -0.000000413  256.812128  78691.6470
1782.00   15.0000    0.0000   15.0000  275.0830  275.0830  0.000000       0.00000       0.00000         231722.4256    0.000000    -0.00004     0.00000    0.000000000   -0.000000241   -0.000000413  256.767858  78566.1175
1794.00   15.0000    0.0000   15.0000  275.1610  275.1610  0.000000       0.00000       0.00000         231656.7391    0.000000    -0.00004     0.00000    0.000000000   -0.000000241   -0.000000412  256.723554  78440.7665
1806.00   15.0000    0.0000   15.0000  275.2390  275.2390  0.000000       0.00000       0.00000         231591.0899    0.000000    -0.00004     0.00000    0.000000000   -0.000000241   -0.000000412  256.679218  78315.5940
1818.00   15.0000    0.0000   15.0000  275.3170  275.3170  0.000000       0.00000       0.00000         231525.4779    0.000000    -0.00004     0.00000    0.000000000   -0.000000241   -0.000000412  256.634848  78190.5996
1830.00   15.0000    0.0000   15.0000  275.3950  275.3950  0.000000       0.00000       0.00000         231459.9030    0.000000    -0.00004     0.00000    0.000000000   -0.000000241   -0.000000411  256.590444  78065.7832
1842.00   15.0000    0.0000   15.0000  275.4730  275.4730  0.000000       0.00000       0.00000         231394.3653    0.000000    -0.00004     0.00000    0.000000000   -0.000000241   -0.000000411  256.546008  77941.1444
1854.00   15.0000    0.0000   15.0000  275.5510  275.5510  0.000000       0.00000       0.00000         231328.8647    0.000000    -0.00005     0.00000    0.000000000   -0.000000241   -0.000000410  256.501539  77816.6831
1866.00   15.0000    0.0000   15.0000  275.6290  275.6290  0.000000       0.00000       0.00000         231263.4012    0.000000    -0.00005     0.00000    0.000000000   -0.000000241   -0.000000410  256.457036  77692.3990
1878.00   15.0000    0.0000   15.0000  275.7070  275.7070  0.000000       0.00000       0.00000         231197.9747    0.000000    -0.00005     0.00000    0.000000000   -0.000000240   -0.000000409  256.412500  77568.2919
1890.00   15.0000    0.0000   15.0000  275.7850  275.7850  0.000000       0.00000       0.00000         231132.5852    0.000000    -0.00005     0.00000    0.000000000   -0.000000240   -0.000000409  256.367931  77444.3615
1902.00   15.0000    0.0000   15.0000  275.8630  275.8630  0.000000       0.00000       0.00000         231067.2326    0.000000    -0.00005     0.00000    0.000000000   -0.000000240   -0.000000409  256.323329  77320.6077
1914.00   15.0000    0.0000   15.0000  275.9410  275.9410  0.000000       0.00000       0.00000         231001.9171    0.000000    -0.00005     0.00000    0.000000000   -0.000000240   -0.000000408  256.278694  77197.0300
1926.00   15.0000    0.0000   15.0000  276.0190  276.0190  0.000000       0.00000       0.00000         230936.6384    0.000000    -0.00005     0.00000    0.000000000   -0.000000240   -0.000000408  256.234026  77073.6285
1938.00   15.0000    0.0000   15.0000  276.0970  276.0970  0.000000       0.00000       0.00000         230871.3966    0.000000    -0.00005     0.00000    0.000000000   -0.000000240   -0.000000407  256.189325  76950.4027
1950.00   15.0000    0.0000   15.0000  276.1750  276.1750  0.000000       0.00000       0.00000         230806.1917    0.000000    -0.00005     0.00000    0.000000000   -0.000000240   -0.000000407  256.144590  76827.3524
1962.00   15.0000    0.0000   15.0000  276.2530  276.2530  0.000000       0.00000       0.00000         230741.0236    0.000000    -0.00005     0.00000    0.000000000   -0.000000240   -0.000000406  256.099823  76704.4775
1974.00   15.0000    0.0000   15.0000  276.3310  276.3310  0.000000       0.00000       0.00000         230675.8923    0.000000    -0.00005     0.00000    0.000000000   -0.000000240   -0.000000406  256.055022  76581.7776
1986.00   15.0000    0.0000   15.0000  276.4090  276.4090  0.000000       0.00000       0.00000         230610.7978    0.000000    -0.00005     0.00000    0.000000000   -0.000000240   -0.000000405  256.010189  76459.2527
1998.00   15.0000    0.0000   15.0000  276.4870  276.4870  0.000000       0.00000       0.00000         230545.7399    0.000000    -0.00005     0.00000    0.000000000   -0.000000240   -0.000000405  255.965322  76336.9023
2010.00   15.0000    0.0000   15.0000  276.5650  276.5650  0.000000       0.00000       0.00000         230480.7188    0.000000    -0.00005     0.00000    0.000000000   -0.000000240   -0.000000405  255.920423  76214.7263
2022.00   15.0000    0.0000   15.0000  276.6430  276.6430  0.000000       0.00000       0.00000         230415.7344    0.000000    -0.00005     0.00000    0.000000000   -0.000000240   -0.000000404  255.875490  76092.7244
2034.00   15.0000    0.0000   15.0000  276.7210  276.7210  0.000000       0.00000       0.00000         230350.7865    0.000000    -0.00005     0.00000    0.000000000   -0.000000239   -0.000000404  255.830524  75970.8965
2046.00   15.0000    0.0000   15.0000  276.7990  276.7990  0.000000       0.00000       0.00000         230285.8753    0.000000    -0.00005     0.00000    0.000000000   -0.000000239   -0.000000403  255.785526  75849.2422
2058.00   15.0000    0.0000   15.0000  276.8770  276.8770  0.000000       0.00000       0.00000         230221.0007    0.000000    -0.00005     0.00000    0.000000000   -0.000000239   -0.000000403  255.740494  75727.7614
2070.00   15.0000    0.0000   15.0000  276.9550  276.9550  0.000000       0.00000       0.00000         230156.1626    0.000000    -0.00005     0.00000    0.000000000   -0.000000239   -0.000000402  255.695429  75606.4539
2082.00   15.0000    0.0000   15.0000  277.0330  277.0330  0.000000       0.00000       0.00000         230091.3610    0.000000    -0.00005     0.00000    0.000000000   -0.000000239   -0.000000402  255.650332  75485.3192
2094.00   15.0000    0.0000   15.0000  277.1110  277.1110  0.000000       0.00000       0.00000         230026.5958    0.000000    -0.00005     0.00000    0.000000000   -0.000000239   -0.000000401  255.605201  75364.3574
2106.00   15.0000    0.0000   15.0000  277.1890  277.1890  0.000000       0.00000       0.00000         229961.8672    0.000000    -0.00005     0.00000    0.000000000   -0.000000239   -0.000000401  255.560037  75243.5681
2118.00   15.0000    0.0000   15.0000  277.2670  277.2670  0.000000       0.00000       0.00000         229897.1749    0.000000    -0.00005     0.00000    0.000000000   -0.000000239   -0.000000400  255.514841  75122.9510
2130.00   15.0000    0.0000   15.0000  277.3450  277.3450  0.000000       0.00000       0.00000         229832.5191    0.000000    -0.00005     0.00000    0.000000000   -0.000000239   -0.000000400  255.469611  75002.5060
2142.00   15.0000    0.0000   15.0000  277.4230  277.4230  0.000000       0.00000       0.00000         229767.8996    0.000000    -0.00005     0.00000    0.000000000   -0.000000239   -0.000000400  255.424349  74882.2329
2154.00   15.0000    0.0000   15.0000  277.5010  277.5010  0.000000       0.00000       0.00000         229703.3164    0.000000    -0.00005     0.00000    0.000000000   -0.000000238   -0.000000399  255.379054  74762.1313
2166.00   15.0000    0.0000   15.0000  277.5790  277.5790  0.000000       0.00000       0.00000         229638.7695    0.000000    -0.00005     0.00000    0.000000000   -0.000000238   -0.000000399  255.333725  74642.2011
2178.00   15.0000    0.0000   15.0000  277.6570  277.6570  0.000000       0.00000       0.00000         229574.2589    0.000000    -0.00005     0.00000    0.000000000   -0.000000238   -0.000000398  255.288364  74522.4421
2190.00   15.0000    0.0000   15.0000  277.7350  277.7350  0.000000       0.00000       0.00000         229509.7845    0.000000    -0.00005     0.00000    0.000000000   -0.000000238   -0.000000398  255.242970  74402.8539
2202.00   15.0000    0.0000   15.0000  277.8130  277.8130  0.000000       0.00000       0.00000         229445.3463    0.000000    -0.00005     0.00000    0.000000000   -0.000000238   -0.000000397  255.197543  74283.4364
2214.00   15.0000    0.0000   15.0000  277.8910  277.8910  0.000000       0.00000       0.00000         229380.9443    0.000000    -0.00005     0.00000    0.000000000   -0.000000238   -0.000000397  255.152084  74164.1894
2226.00   15.0000    0.0000   15.0000  277.9690  277.9690  0.000000       0.00000       0.00000         229316.5785    0.000000    -0.00005     0.00000    0.000000000   -0.000000238   -0.000000396  255.106591  74045.1126
2238.00   15.0000    0.0000   15.0000  278.0470  278.0470  0.000000       0.00000       0.00000         229252.2487    0.000000    -0.00005     0.00000    0.000000000   -0.000000238   -0.000000396  255.061065  73926.2058
2250.00   15.0000    0.0000   15.0000  278.1250  278.1250  0.000000       0.00000       0.00000         229187.9551    0.000000    -0.00005     0.00000    0.000000000   -0.000000238   -0.000000395  255.015507  73807.4688
2262.00   15.0000    0.0000   15.0000  278.2030  278.2030  0.000000       0.00000       0.00000         229123.6974    0.000000    -0.00006     0.00000    0.000000000   -0.000000238   -0.000000395  254.969916  73688.9013
2274.00   15.0000    0.0000   15.0000  278.2810  278.2810  0.000000       0.00000       0.00000         229059.4759    0.000000    -0.00006     0.00000    0.000000000   -0.000000237   -0.000000394  254.924292  73570.5031
2286.00   15.0000    0.0000   15.0000  278.3590  278.3590  0.000000       0.00000       0.00000         228995.2903    0.000000    -0.00006     0.00000    0.000000000   -0.000000237   -0.000000394  254.878635  73452.2740
2298.00   15.0000    0.0000   15.0000  278.4370  278.4370  0.000000       0.00000       0.00000         228931.1406    0.000000    -0.00006     0.00000    0.000000000   -0.000000237   -0.000000393  254.832945  73334.2138
2310.00   15.0000    0.0000   15.0000  278.5150  278.5150  0.000000       0.00000       0.00000         228867.0269    0.000000    -0.00006     0.00000    0.000000000   -0.000000237   -0.000000393  254.787223  73216.3222
2322.00   15.0000    0.0000   15.0000  278.5930  278.5930  0.000000       0.00000       0.00000         228802.9491    0.000000    -0.00006     0.00000    0.000000000   -0.000000237   -0.000000392  254.741468  73098.5990
2334.00   15.0000    0.0000   15.0000  278.6710  278.6710  0.000000       0.00000       0.00000         228738.9072    0.000000    -0.00006     0.00000    0.000000000   -0.000000237   -0.000000392  254.695680  72981.0440
2346.00   15.0000    0.0000   15.0000  278.7490  278.7490  0.000000       0.00000       0.00000         228674.9011    0.000000    -0.00006     0.00000    0.000000000   -0.000000237   -0.000000391  254.649859  72863.6569
2358.00   15.0000    0.0000   15.0000  278.8270  278.8270  0.000000       0.00000       0.00000         228610.9308    0.000000    -0.00006     0.00000    0.000000000   -0.000000237   -0.000000391  254.604005  72746.4376
2370.00   15.0000    0.0000   15.0000  278.9050  278.9050  0.000000       0.00000       0.00000         228546.9963    0.000000    -0.00006     0.00000    0.000000000   -0.000000236   -0.000000391  254.558119  72629.3858
2382.00   15.0000    0.0000   15.0000  278.9830  278.9830  0.000000       0.00000       0.00000              0.0000    0.000000    -0.00006     0.00000    0.000000000    0.000000000    0.000000000  254.512200  72512.5012
2394.00   15.0000    0.0000   15.0000  279.0610  279.0610  0.000000       0.00000       0.00000              0.0000    0.000000     0.00000     0.00000    0.000000000    0.000000000    0.000000000  254.466248  72395.7837
