   0.00    0.0000    0.0000    0.0000  245.3598  245.3598  0.000000       0.00000       0.00000              0.0000    0.000000     0.00000     0.00000    0.000000000    0.000000000    0.000000000    0.000000      0.0000
   6.00    7.3740    3.5864    8.1999  247.3662  247.3662  0.000000       0.64449       0.64449              0.0000    0.000000     0.00000     0.00000   -0.000041186    0.000000000    0.000000000  247.278524  99875.8127
  18.00    8.4944    4.0303    9.4020  247.5610  247.5610  0.000000       1.78236       1.78236              0.0791    0.000000    -0.00000     0.00000   -0.000045947    0.000000000    0.000000000  247.326724  99669.0214
  30.00    9.2454    4.2677   10.1828  247.6961  247.6961  0.000000       1.61664       1.61664              0.1107    0.000000    -0.00000     0.00000   -0.000055491    0.000000124    0.000000057  247.344623  99503.9561
  42.00    9.9541    4.4370   10.8982  247.8284  247.8284  0.000000       1.73427       1.73427              0.1282    0.000000    -0.00000     0.00000   -0.000059341    0.000000107    0.000000041  247.359622  99339.1751
  54.00   10.6005    4.5425   11.5328  247.9543  247.9543  0.000000       1.65254       1.65254              0.1472    0.000000    -0.00000     0.00000   -0.000062255    0.000000097    0.000000031  247.368121  99174.6748
  66.00   11.2195    4.5965   12.1245  248.0808  248.0808  0.000000       1.57655       1.57655              0.1638    0.000000    -0.00000     0.00000   -0.000064811    0.000000101    0.000000035  247.377153  99010.4527
  78.00   11.8137    4.6019   12.6784  248.2090  248.2090  0.000000       1.46082       1.46082              0.1805    0.000000    -0.00000     0.00000   -0.000067195    0.000000112    0.000000045  247.387956  98846.5092
  90.00   12.3891    4.5605   13.2019  248.3414  248.3414  0.000000       1.33656       1.33656              0.1970    0.000000    -0.00000     0.00000   -0.000069553    0.000000130    0.000000062  247.402772  98682.8455
 102.00   12.9465    4.4723   13.6972  248.4793  248.4793  0.000000       1.20335       1.20335              0.2141    0.000000    -0.00000     0.00000   -0.000071974    0.000000153    0.000000084  247.423036  98519.4645
 114.00   13.4853    4.3366   14.1654  248.6244  248.6244  0.000000       1.06850       1.06850              0.2320    0.000000    -0.00001     0.00000   -0.000074534    0.000000182    0.000000112  247.450351  98356.3695
 126.00   14.0034    4.1521   14.6060  248.7782  248.7782  0.000000       0.93457       0.93457              0.2511    0.000000    -0.00001     0.00000   -0.000077304    0.000000218    0.000000146  247.486301  98193.5654
 138.00   14.4969    3.9175   15.0169  248.9426  248.9426  0.000000       0.80426       0.80426              0.2718    0.000000    -0.00001     0.00000   -0.000080380    0.000000262    0.000000188  247.532691  98031.0578
 150.00   14.9607    3.6314   15.3951  249.1196  249.1196  0.000000       0.67943       0.67943              0.2948    0.000000    -0.00001     0.00000   -0.000083841    0.000000315    0.000000239  247.591593  97868.8536
 162.00   15.3876    3.2926   15.7359  249.3119  249.3119  0.000000       0.56085       0.56085              0.3208    0.000000    -0.00001     0.00000   -0.000087797    0.000000380    0.000000302  247.665591  97706.9611
 174.00   15.7684    2.9007   16.0330  249.5227  249.5227  0.000000       0.45068       0.45068              0.3510    0.000000    -0.00001     0.00000   -0.000092445    0.000000462    0.000000380  247.757866  97545.3907
 186.00   16.0917    2.4559   16.2781  249.7569  249.7569  0.000000       0.34622       0.34622              0.3880    0.000000    -0.00002     0.00000   -0.000098097    0.000000567    0.000000480  247.873239  97384.1550
 198.00   16.3408    1.9627   16.4582  250.0200  250.0200  0.000000       0.25578       0.25578              0.4334    0.000000    -0.00002     0.00000   -0.000105094    0.000000716    0.000000623  248.017161  97223.2698
 210.00   16.4962    1.4188   16.5571  250.3274  250.3274  0.000000       0.16085       0.16085              0.5036    0.000000    -0.00002     0.00000   -0.000114908    0.000000909    0.000000808  248.204990  97062.7577
 222.00   16.5178    0.8643   16.5404  250.6830  250.6830  0.000000       0.10635       0.10635              0.5830    0.000000    -0.00002     0.00000   -0.000136372    0.000001323    0.000001202  248.440364  96902.6471
 234.00   16.3014    0.2597   16.3035  251.1852  251.1852  0.000000       0.00458       0.00458              1.5254    0.000000     0.00000     0.00000   -0.000121168    0.000010814    0.000008925  248.820908  96742.9982
 246.00   15.0868   -0.0532   15.0869  255.3869  255.3869  0.000000       0.00037       0.00037              2.7545    0.000000    -0.00008     0.00000   -0.000070925    0.000012838    0.000013934  252.864985  96585.0059
 258.00   15.0002   -0.0005   15.0002  256.4479  256.4479  0.000000       0.00000       0.00000            171.3884    0.000000    -0.00007     0.00000   -0.000001375    0.000005282    0.000005069  253.798132  96428.8302
 270.00   15.0000   -0.0000   15.0000  257.3205  257.3205  0.000000       0.00000       0.00000        1523299.8677    0.000000    -0.00005     0.00000    0.000000000    0.000004027    0.000003851  254.544387  96273.4220
 282.00   15.0000   -0.0000   15.0000  257.8993  257.8993  0.000000       0.00000       0.00000        1682408.5851    0.000000    -0.00004     0.00000    0.000000000    0.000002898    0.000002713  254.999746  96118.6302
 294.00   15.0000   -0.0000   15.0000  258.3824  258.3824  0.000000       0.00000       0.00000        1443940.0925    0.000000    -0.00004     0.00000    0.000000000    0.000002472    0.000002289  255.360160  95964.3341
 306.00   15.0000   -0.0000   15.0000  258.8124  258.8124  0.000000       0.00000       0.00000        1290144.6062    0.000000    -0.00004     0.00000    0.000000000    0.000002194    0.000002013  255.667962  95810.4870
 318.00   15.0000   -0.0000   15.0000  259.1996  259.1996  0.000000       0.00000       0.00000        1180054.2823    0.000000    -0.00004     0.00000    0.000000000    0.000001993    0.000001813  255.933232  95657.0586
 330.00   15.0000    0.0000   15.0000  259.5610  259.5610  0.000000       0.00000       0.00000        1105801.5052    0.000000    -0.00003     0.00000    0.000000000    0.000001862    0.000001682  256.172912  95504.0267
 342.00   15.0000    0.0000   15.0000  259.9020  259.9020  0.000000       0.00000       0.00000        1049395.1103    0.000000    -0.00003     0.00000    0.000000000    0.000001764    0.000001583  256.392320  95351.3764
 354.00   15.0000    0.0000   15.0000  260.2285  260.2285  0.000000       0.00000       0.00000         999127.7686    0.000000    -0.00003     0.00000    0.000000000    0.000001673    0.000001493  256.597199  95199.0961
 366.00   15.0000    0.0000   15.0000  260.5383  260.5383  0.000000       0.00000       0.00000         956118.3028    0.000000    -0.00003     0.00000    0.000000000    0.000001596    0.000001415  256.785567  95047.1753
 378.00   15.0000    0.0000   15.0000  260.8381  260.8381  0.000000       0.00000       0.00000         905979.4943    0.000000    -0.00003     0.00000    0.000000000    0.000001495    0.000001314  256.963876  94895.6051
 390.00   15.0000    0.0000   15.0000  261.1167  261.1167  0.000000       0.00000       0.00000         871878.4982    0.000000    -0.00003     0.00000    0.000000000    0.000001431    0.000001249  257.121132  94744.3754
 402.00   15.0000    0.0000   15.0000  261.3953  261.3953  0.000000       0.00000       0.00000         821312.7283    0.000000    -0.00003     0.00000    0.000000000    0.000001319    0.000001139  257.278327  94593.4789
 414.00   15.0000    0.0000   15.0000  261.6421  261.6421  0.000000       0.00000       0.00000         777231.0096    0.000000    -0.00003     0.00000    0.000000000    0.000001221    0.000001040  257.404088  94442.9055
 426.00   15.0000    0.0000   15.0000  261.8930  261.8930  0.000000       0.00000       0.00000         752107.5957    0.000000    -0.00003     0.00000    0.000000000    0.000001168    0.000000987  257.533758  94292.6463
 438.00   15.0000    0.0000   15.0000  262.1241  262.1241  0.000000       0.00000       0.00000         717616.7922    0.000000    -0.00003     0.00000    0.000000000    0.000001089    0.000000908  257.643936  94142.6959
 450.00   15.0000    0.0000   15.0000  262.3533  262.3533  0.000000       0.00000       0.00000         698293.2052    0.000000    -0.00003     0.00000    0.000000000    0.000001048    0.000000866  257.752057  93993.0474
 462.00   15.0000    0.0000   15.0000  262.5725  262.5725  0.000000       0.00000       0.00000         674179.0988    0.000000    -0.00003     0.00000    0.000000000    0.000000992    0.000000810  257.850237  93843.6964
 474.00   15.0000    0.0000   15.0000  262.7865  262.7865  0.000000       0.00000       0.00000         656554.9909    0.000000    -0.00003     0.00000    0.000000000    0.000000953    0.000000770  257.943308  93694.6381
 486.00   15.0000    0.0000   15.0000  262.9947  262.9947  0.000000       0.00000       0.00000         639615.8523    0.000000    -0.00003     0.00000    0.000000000    0.000000915    0.000000731  258.030516  93545.8685
 498.00   15.0000    0.0000   15.0000  263.1982  263.1982  0.000000       0.00000       0.00000         624383.7796    0.000000    -0.00003     0.00000    0.000000000    0.000000880    0.000000696  258.113030  93397.3838
 510.00   15.0000    0.0000   15.0000  263.3969  263.3969  0.000000       0.00000       0.00000         610403.1083    0.000000    -0.00003     0.00000    0.000000000    0.000000847    0.000000663  258.190746  93249.1809
 522.00   15.0000    0.0000   15.0000  263.5917  263.5917  0.000000       0.00000       0.00000         597262.9135    0.000000    -0.00003     0.00000    0.000000000    0.000000816    0.000000631  258.264544  93101.2565
 534.00   15.0000    0.0000   15.0000  263.7822  263.7822  0.000000       0.00000       0.00000         584359.4020    0.000000    -0.00003     0.00000    0.000000000    0.000000786    0.000000600  258.334064  92953.6077
 546.00   15.0000    0.0000   15.0000  263.9689  263.9689  0.000000       0.00000       0.00000         569891.3222    0.000000    -0.00003     0.00000    0.000000000    0.000000749    0.000000563  258.399806  92806.2316
 558.00   15.0000    0.0000   15.0000  264.1504  264.1504  0.000000       0.00000       0.00000         556755.7681    0.000000    -0.00003     0.00000    0.000000000    0.000000716    0.000000530  258.460272  92659.1250
 570.00   15.0000    0.0000   15.0000  264.3289  264.3289  0.000000       0.00000       0.00000         539280.7436    0.000000    -0.00003     0.00000    0.000000000    0.000000670    0.000000484  258.517788  92512.2852
 582.00   15.0000    0.0000   15.0000  264.4992  264.4992  0.000000       0.00000       0.00000         523444.1604    0.000000    -0.00003     0.00000    0.000000000    0.000000628    0.000000441  258.567277  92365.7083
 594.00   15.0000    0.0000   15.0000  264.6677  264.6677  0.000000       0.00000       0.00000         504808.6035    0.000000    -0.00003     0.00000    0.000000000    0.000000576    0.000000390  258.614837  92219.3912
 606.00   15.0000    0.0000   15.0000  264.8262  264.8262  0.000000       0.00000       0.00000         481695.0707    0.000000    -0.00003     0.00000    0.000000000    0.000000510    0.000000324  258.652594  92073.3299
 618.00   15.0000    0.0000   15.0000  264.9799  264.9799  0.000000       0.00000       0.00000         465361.5220    0.000000    -0.00003     0.00000    0.000000000    0.000000464    0.000000278  258.685567  91927.5198
 630.00   15.0000    0.0000   15.0000  265.1280  265.1280  0.000000       0.00000       0.00000         448548.4133    0.000000    -0.00003     0.00000    0.000000000    0.000000416    0.000000230  258.713023  91781.9577
 642.00   15.0000    0.0000   15.0000  265.2709  265.2709  0.000000       0.00000       0.00000         434709.6844    0.000000    -0.00003     0.00000    0.000000000    0.000000376    0.000000190  258.735382  91636.6400
 654.00   15.0000    0.0000   15.0000  265.4102  265.4102  0.000000       0.00000       0.00000         423524.6495    0.000000    -0.00003     0.00000    0.000000000    0.000000344    0.000000158  258.754099  91491.5639
 666.00   15.0000    0.0000   15.0000  265.5460  265.5460  0.000000       0.00000       0.00000         413869.4256    0.000000    -0.00003     0.00000    0.000000000    0.000000315    0.000000130  258.769396  91346.7270
 678.00   15.0000    0.0000   15.0000  265.6792  265.6792  0.000000       0.00000       0.00000         405689.7261    0.000000    -0.00003     0.00000    0.000000000    0.000000292    0.000000106  258.782014  91202.1272
 690.00   15.0000    0.0000   15.0000  265.8098  265.8098  0.000000       0.00000       0.00000         398464.2516    0.000000    -0.00003     0.00000    0.000000000    0.000000271    0.000000085  258.792142  91057.7626
 702.00   15.0000    0.0000   15.0000  265.9384  265.9384  0.000000       0.00000       0.00000         392260.7019    0.000000    -0.00003     0.00000    0.000000000    0.000000252    0.000000067  258.800194  90913.6316
 714.00   15.0000    0.0000   15.0000  266.0651  266.0651  0.000000       0.00000       0.00000         386894.5434    0.000000    -0.00003     0.00000    0.000000000    0.000000237    0.000000051  258.806401  90769.7327
 726.00   15.0000    0.0000   15.0000  266.1903  266.1903  0.000000       0.00000       0.00000         382236.6764    0.000000    -0.00003     0.00000    0.000000000    0.000000223    0.000000037  258.811060  90626.0646
 738.00   15.0000    0.0000   15.0000  266.3141  266.3141  0.000000       0.00000       0.00000         378073.0025    0.000000    -0.00003     0.00000    0.000000000    0.000000211    0.000000025  258.814321  90482.6261
 750.00   15.0000    0.0000   15.0000  266.4367  266.4367  0.000000       0.00000       0.00000         374197.4158    0.000000    -0.00003     0.00000    0.000000000    0.000000199    0.000000013  258.816346  90339.4161
 762.00   15.0000    0.0000   15.0000  266.5581  266.5581  0.000000       0.00000       0.00000         370981.8410    0.000000    -0.00003     0.00000    0.000000000    0.000000190    0.000000004  258.817154  90196.4335
 774.00   15.0000    0.0000   15.0000  266.6787  266.6787  0.000000       0.00000       0.00000         367403.8866    0.000000    -0.00003     0.00000    0.000000000    0.000000179   -0.000000007  258.817143  90053.6774
 786.00   15.0000    0.0000   15.0000  266.7979  266.7979  0.000000       0.00000       0.00000         364854.1007    0.000000    -0.00003     0.00000    0.000000000    0.000000171   -0.000000015  258.815685  89911.1468
 798.00   15.0000    0.0000   15.0000  266.9170  266.9170  0.000000       0.00000       0.00000         362336.9520    0.000000    -0.00003     0.00000    0.000000000    0.000000164   -0.000000022  258.814057  89768.8411
 810.00   15.0000    0.0000   15.0000  267.0346  267.0346  0.000000       0.00000       0.00000         360109.4870    0.000000    -0.00003     0.00000    0.000000000    0.000000157   -0.000000029  258.811003  89626.7592
 822.00   15.0000    0.0000   15.0000  267.1523  267.1523  0.000000       0.00000       0.00000         359129.9726    0.000000    -0.00003     0.00000    0.000000000    0.000000154   -0.000000032  258.807961  89484.9006
 834.00   15.0000    0.0000   15.0000  267.2694  267.2694  0.000000       0.00000       0.00000         358092.5163    0.000000    -0.00003     0.00000    0.000000000    0.000000151   -0.000000035  258.804285  89343.2646
 846.00   15.0000    0.0000   15.0000  267.3865  267.3865  0.000000       0.00000       0.00000         357702.1135    0.000000    -0.00003     0.00000    0.000000000    0.000000150   -0.000000037  258.800582  89201.8509
 858.00   15.0000    0.0000   15.0000  267.5035  267.5035  0.000000       0.00000       0.00000         358165.1631    0.000000    -0.00003     0.00000    0.000000000    0.000000152   -0.000000035  258.796656  89060.6588
 870.00   15.0000    0.0000   15.0000  267.6210  267.6210  0.000000       0.00000       0.00000         360161.9453    0.000000    -0.00003     0.00000    0.000000000    0.000000158   -0.000000029  258.793243  88919.6883
 882.00   15.0000    0.0000   15.0000  267.7394  267.7394  0.000000       0.00000       0.00000         363250.6150    0.000000    -0.00003     0.00000    0.000000000    0.000000168   -0.000000020  258.790577  88778.9392
 894.00   15.0000    0.0000   15.0000  267.8590  267.8590  0.000000       0.00000       0.00000         368367.6055    0.000000    -0.00003     0.00000    0.000000000    0.000000184   -0.000000004  258.789118  88638.4119
 906.00   15.0000    0.0000   15.0000  267.9809  267.9809  0.000000       0.00000       0.00000         376022.1976    0.000000    -0.00004     0.00000    0.000000000    0.000000208    0.000000019  258.789692  88498.1067
 918.00   15.0000    0.0000   15.0000  268.1056  268.1056  0.000000       0.00000       0.00000         387929.1867    0.000000    -0.00004     0.00000    0.000000000    0.000000246    0.000000056  258.793082  88358.0246
 930.00   15.0000    0.0000   15.0000  268.2354  268.2354  0.000000       0.00000       0.00000         402546.2249    0.000000    -0.00004     0.00000    0.000000000    0.000000292    0.000000101  258.801200  88218.1675
 942.00   15.0000    0.0000   15.0000  268.3699  268.3699  0.000000       0.00000       0.00000         441068.3448    0.000000    -0.00005     0.00000    0.000000000    0.000000414    0.000000219  258.813855  88078.5372
 954.00   15.0000    0.0000   15.0000  268.5251  268.5251  0.000000       0.00000       0.00000         456567.7429    0.000000    -0.00004     0.00000    0.000000000    0.000000464    0.000000268  258.846382  87939.1402
 966.00   15.0000    0.0000   15.0000  268.6699  268.6699  0.000000       0.00000       0.00000         621723.4453    0.000000    -0.00008     0.00000    0.000000000    0.000000992    0.000000781  258.868897  87799.9785
 978.00   15.0000    0.0000   15.0000  268.9339  268.9339  0.000000       0.00000       0.00000         590889.9320    0.000000    -0.00004     0.00000    0.000000000    0.000000898    0.000000694  259.006054  87661.0799
 990.00   15.0000    0.0000   15.0000  269.0588  269.0588  0.000000       0.00000       0.00000        1638792.4772    0.000000    -0.00029     0.00000    0.000000000    0.000004387    0.000003987  259.009290  87522.4385
1002.00   15.0000    0.0000   15.0000  270.0130  270.0130  0.000000       0.00000       0.00000        1561922.2215    0.000000    -0.00002     0.00000    0.000000000    0.000004151    0.000003998  259.810486  87384.2304
1014.00   15.0000    0.0000   15.0000  270.0910  270.0910  0.000000       0.00000       0.00000         236005.2723    0.000000    -0.00002     0.00000    0.000000000   -0.000000244   -0.000000443  259.768428  87246.4425
1026.00   15.0000    0.0000   15.0000  270.1690  270.1690  0.000000       0.00000       0.00000         235937.1356    0.000000    -0.00002     0.00000    0.000000000   -0.000000244   -0.000000442  259.726337  87108.8496
1038.00   15.0000    0.0000   15.0000  270.2470  270.2470  0.000000       0.00000       0.00000         235869.0383    0.000000    -0.00003     0.00000    0.000000000   -0.000000244   -0.000000442  259.684211  86971.4515
1050.00   15.0000    0.0000   15.0000  270.3250  270.3250  0.000000       0.00000       0.00000         235800.9803    0.000000    -0.00003     0.00000    0.000000000   -0.000000244   -0.000000442  259.642052  86834.2478
1062.00   15.0000    0.0000   15.0000  270.4030  270.4030  0.000000       0.00000       0.00000         235732.9615    0.000000    -0.00003     0.00000    0.000000000   -0.000000244   -0.000000441  259.599859  86697.2383
1074.00   15.0000    0.0000   15.0000  270.4810  270.4810  0.000000       0.00000       0.00000         235664.9820    0.000000    -0.00003     0.00000    0.000000000   -0.000000244   -0.000000441  259.557632  86560.4228
1086.00   15.0000    0.0000   15.0000  270.5590  270.5590  0.000000       0.00000       0.00000         235597.0417    0.000000    -0.00003     0.00000    0.000000000   -0.000000244   -0.000000441  259.515371  86423.8009
1098.00   15.0000    0.0000   15.0000  270.6370  270.6370  0.000000       0.00000       0.00000         235529.1405    0.000000    -0.00003     0.00000    0.000000000   -0.000000244   -0.000000440  259.473077  86287.3725
1110.00   15.0000    0.0000   15.0000  270.7150  270.7150  0.000000       0.00000       0.00000         235461.2785    0.000000    -0.00003     0.00000    0.000000000   -0.000000244   -0.000000440  259.430749  86151.1373
1122.00   15.0000    0.0000   15.0000  270.7930  270.7930  0.000000       0.00000       0.00000         235393.4555    0.000000    -0.00003     0.00000    0.000000000   -0.000000244   -0.000000440  259.388387  86015.0949
1134.00   15.0000    0.0000   15.0000  270.8710  270.8710  0.000000       0.00000       0.00000         235325.6716    0.000000    -0.00003     0.00000    0.000000000   -0.000000244   -0.000000439  259.345991  85879.2453
1146.00   15.0000    0.0000   15.0000  270.9490  270.9490  0.000000       0.00000       0.00000         235257.9268    0.000000    -0.00003     0.00000    0.000000000   -0.000000244   -0.000000439  259.303562  85743.5880
1158.00   15.0000    0.0000   15.0000  271.0270  271.0270  0.000000       0.00000       0.00000         235190.2209    0.000000    -0.00003     0.00000    0.000000000   -0.000000244   -0.000000439  259.261099  85608.1228
1170.00   15.0000    0.0000   15.0000  271.1050  271.1050  0.000000       0.00000       0.00000         235122.5540    0.000000    -0.00003     0.00000    0.000000000   -0.000000244   -0.000000438  259.218602  85472.8495
1182.00   15.0000    0.0000   15.0000  271.1830  271.1830  0.000000       0.00000       0.00000         235054.9260    0.000000    -0.00003     0.00000    0.000000000   -0.000000244   -0.000000438  259.176072  85337.7679
1194.00   15.0000    0.0000   15.0000  271.2610  271.2610  0.000000       0.00000       0.00000         234987.3369    0.000000    -0.00003     0.00000    0.000000000   -0.000000244   -0.000000438  259.133507  85202.8776
1206.00   15.0000    0.0000   15.0000  271.3390  271.3390  0.000000       0.00000       0.00000         234919.7867    0.000000    -0.00003     0.00000    0.000000000   -0.000000244   -0.000000437  259.090910  85068.1784
1218.00   15.0000    0.0000   15.0000  271.4170  271.4170  0.000000       0.00000       0.00000         234852.2753    0.000000    -0.00003     0.00000    0.000000000   -0.000000245   -0.000000437  259.048278  84933.6700
1230.00   15.0000    0.0000   15.0000  271.4950  271.4950  0.000000       0.00000       0.00000         234784.8027    0.000000    -0.00003     0.00000    0.000000000   -0.000000245   -0.000000436  259.005613  84799.3522
1242.00   15.0000    0.0000   15.0000  271.5730  271.5730  0.000000       0.00000       0.00000         234717.3688    0.000000    -0.00003     0.00000    0.000000000   -0.000000245   -0.000000436  258.962914  84665.2248
1254.00   15.0000    0.0000   15.0000  271.6510  271.6510  0.000000       0.00000       0.00000         234649.9737    0.000000    -0.00003     0.00000    0.000000000   -0.000000245   -0.000000436  258.920182  84531.2874
1266.00   15.0000    0.0000   15.0000  271.7290  271.7290  0.000000       0.00000       0.00000         234582.6172    0.000000    -0.00003     0.00000    0.000000000   -0.000000245   -0.000000435  258.877416  84397.5399
1278.00   15.0000    0.0000   15.0000  271.8070  271.8070  0.000000       0.00000       0.00000         234515.2995    0.000000    -0.00003     0.00000    0.000000000   -0.000000245   -0.000000435  258.834616  84263.9819
1290.00   15.0000    0.0000   15.0000  271.8850  271.8850  0.000000       0.00000       0.00000         234448.0203    0.000000    -0.00003     0.00000    0.000000000   -0.000000245   -0.000000435  258.791783  84130.6132
1302.00   15.0000    0.0000   15.0000  271.9630  271.9630  0.000000       0.00000       0.00000         234380.7797    0.000000    -0.00003     0.00000    0.000000000   -0.000000245   -0.000000434  258.748916  83997.4336
1314.00   15.0000    0.0000   15.0000  272.0410  272.0410  0.000000       0.00000       0.00000         234313.5777    0.000000    -0.00003     0.00000    0.000000000   -0.000000245   -0.000000434  258.706016  83864.4428
1326.00   15.0000    0.0000   15.0000  272.1190  272.1190  0.000000       0.00000       0.00000         234246.4143    0.000000    -0.00003     0.00000    0.000000000   -0.000000245   -0.000000434  258.663082  83731.6406
1338.00   15.0000    0.0000   15.0000  272.1970  272.1970  0.000000       0.00000       0.00000         234179.2893    0.000000    -0.00003     0.00000    0.000000000   -0.000000245   -0.000000433  258.620115  83599.0266
1350.00   15.0000    0.0000   15.0000  272.2750  272.2750  0.000000       0.00000       0.00000         234112.2027    0.000000    -0.00003     0.00000    0.000000000   -0.000000245   -0.000000433  258.577114  83466.6007
1362.00   15.0000    0.0000   15.0000  272.3530  272.3530  0.000000       0.00000       0.00000         234045.1546    0.000000    -0.00003     0.00000    0.000000000   -0.000000245   -0.000000432  258.534079  83334.3626
1374.00   15.0000    0.0000   15.0000  272.4310  272.4310  0.000000       0.00000       0.00000         233978.1449    0.000000    -0.00003     0.00000    0.000000000   -0.000000245   -0.000000432  258.491011  83202.3120
1386.00   15.0000    0.0000   15.0000  272.5090  272.5090  0.000000       0.00000       0.00000         233911.1736    0.000000    -0.00003     0.00000    0.000000000   -0.000000245   -0.000000432  258.447909  83070.4487
1398.00   15.0000    0.0000   15.0000  272.5870  272.5870  0.000000       0.00000       0.00000         233844.2406    0.000000    -0.00003     0.00000    0.000000000   -0.000000245   -0.000000431  258.404774  82938.7724
1410.00   15.0000    0.0000   15.0000  272.6650  272.6650  0.000000       0.00000       0.00000         233777.3458    0.000000    -0.00003     0.00000    0.000000000   -0.000000245   -0.000000431  258.361605  82807.2829
1422.00   15.0000    0.0000   15.0000  272.7430  272.7430  0.000000       0.00000       0.00000         233710.4894    0.000000    -0.00003     0.00000    0.000000000   -0.000000245   -0.000000431  258.318403  82675.9800
1434.00   15.0000    0.0000   15.0000  272.8210  272.8210  0.000000       0.00000       0.00000         233643.6711    0.000000    -0.00003     0.00000    0.000000000   -0.000000245   -0.000000430  258.275167  82544.8633
1446.00   15.0000    0.0000   15.0000  272.8990  272.8990  0.000000       0.00000       0.00000         233576.8911    0.000000    -0.00004     0.00000    0.000000000   -0.000000245   -0.000000430  258.231898  82413.9326
1458.00   15.0000    0.0000   15.0000  272.9770  272.9770  0.000000       0.00000       0.00000         233510.1492    0.000000    -0.00004     0.00000    0.000000000   -0.000000245   -0.000000429  258.188596  82283.1878
1470.00   15.0000    0.0000   15.0000  273.0550  273.0550  0.000000       0.00000       0.00000         233443.4455    0.000000    -0.00004     0.00000    0.000000000   -0.000000245   -0.000000429  258.145260  82152.6285
1482.00   15.0000    0.0000   15.0000  273.1330  273.1330  0.000000       0.00000       0.00000         233376.7798    0.000000    -0.00004     0.00000    0.000000000   -0.000000245   -0.000000429  258.101890  82022.2544
1494.00   15.0000    0.0000   15.0000  273.2110  273.2110  0.000000       0.00000       0.00000         233310.1522    0.000000    -0.00004     0.00000    0.000000000   -0.000000244   -0.000000428  258.058487  81892.0654
1506.00   15.0000    0.0000   15.0000  273.2890  273.2890  0.000000       0.00000       0.00000         233243.5627    0.000000    -0.00004     0.00000    0.000000000   -0.000000244   -0.000000428  258.015051  81762.0612
1518.00   15.0000    0.0000   15.0000  273.3670  273.3670  0.000000       0.00000       0.00000         233177.0111    0.000000    -0.00004     0.00000    0.000000000   -0.000000244   -0.000000428  257.971581  81632.2415
1530.00   15.0000    0.0000   15.0000  273.4450  273.4450  0.000000       0.00000       0.00000         233110.4975    0.000000    -0.00004     0.00000    0.000000000   -0.000000244   -0.000000427  257.928078  81502.6061
1542.00   15.0000    0.0000   15.0000  273.5230  273.5230  0.000000       0.00000       0.00000         233044.0219    0.000000    -0.00004     0.00000    0.000000000   -0.000000244   -0.000000427  257.884541  81373.1548
1554.00   15.0000    0.0000   15.0000  273.6010  273.6010  0.000000       0.00000       0.00000         232977.5841    0.000000    -0.00004     0.00000    0.000000000   -0.000000244   -0.000000426  257.840971  81243.8872
1566.00   15.0000    0.0000   15.0000  273.6790  273.6790  0.000000       0.00000       0.00000         232911.1843    0.000000    -0.00004     0.00000    0.000000000   -0.000000244   -0.000000426  257.797368  81114.8032
1578.00   15.0000    0.0000   15.0000  273.7570  273.7570  0.000000       0.00000       0.00000         232844.8222    0.000000    -0.00004     0.00000    0.000000000   -0.000000244   -0.000000426  257.753731  80985.9025
1590.00   15.0000    0.0000   15.0000  273.8350  273.8350  0.000000       0.00000       0.00000         232778.4980    0.000000    -0.00004     0.00000    0.000000000   -0.000000244   -0.000000425  257.710061  80857.1849
1602.00   15.0000    0.0000   15.0000  273.9130  273.9130  0.000000       0.00000       0.00000         232712.2115    0.000000    -0.00004     0.00000    0.000000000   -0.000000244   -0.000000425  257.666357  80728.6501
1614.00   15.0000    0.0000   15.0000  273.9910  273.9910  0.000000       0.00000       0.00000         232645.9628    0.000000    -0.00004     0.00000    0.000000000   -0.000000244   -0.000000424  257.622620  80600.2978
1626.00   15.0000    0.0000   15.0000  274.0690  274.0690  0.000000       0.00000       0.00000         232579.7518    0.000000    -0.00004     0.00000    0.000000000   -0.000000244   -0.000000424  257.578850  80472.1279
1638.00   15.0000    0.0000   15.0000  274.1470  274.1470  0.000000       0.00000       0.00000         232513.5785    0.000000    -0.00004     0.00000    0.000000000   -0.000000244   -0.000000424  257.535047  80344.1400
1650.00   15.0000    0.0000   15.0000  274.2250  274.2250  0.000000       0.00000       0.00000         232447.4428    0.000000    -0.00004     0.00000    0.000000000   -0.000000244   -0.000000423  257.491210  80216.3340
1662.00   15.0000    0.0000   15.0000  274.3030  274.3030  0.000000       0.00000       0.00000         232381.3447    0.000000    -0.00004     0.00000    0.000000000   -0.000000244   -0.000000423  257.447340  80088.7095
1674.00   15.0000    0.0000   15.0000  274.3810  274.3810  0.000000       0.00000       0.00000         232315.2842    0.000000    -0.00004     0.00000    0.000000000   -0.000000244   -0.000000422  257.403436  79961.2664
1686.00   15.0000    0.0000   15.0000  274.4590  274.4590  0.000000       0.00000       0.00000         232249.2613    0.000000    -0.00004     0.00000    0.000000000   -0.000000244   -0.000000422  257.359500  79834.0045
1698.00   15.0000    0.0000   15.0000  274.5370  274.5370  0.000000       0.00000       0.00000         232183.2758    0.000000    -0.00004     0.00000    0.000000000   -0.000000244   -0.000000421  257.315530  79706.9233
1710.00   15.0000    0.0000   15.0000  274.6150  274.6150  0.000000       0.00000       0.00000         232117.3279    0.000000    -0.00004     0.00000    0.000000000   -0.000000244   -0.000000421  257.271527  79580.0228
1722.00   15.0000    0.0000   15.0000  274.6930  274.6930  0.000000       0.00000       0.00000         232051.4174    0.000000    -0.00004     0.00000    0.000000000   -0.000000244   -0.000000421  257.227490  79453.3027
1734.00   15.0000    0.0000   15.0000  274.7710  274.7710  0.000000       0.00000       0.00000         231985.5443    0.000000    -0.00004     0.00000    0.000000000   -0.000000244   -0.000000420  257.183420  79326.7626
1746.00   15.0000    0.0000   15.0000  274.8490  274.8490  0.000000       0.00000       0.00000         231919.7086    0.000000    -0.00004     0.00000    0.000000000   -0.000000244   -0.000000420  257.139317  79200.4025
1758.00   15.0000    0.0000   15.0000  274.9270  274.9270  0.000000       0.00000       0.00000         231853.9103    0.000000    -0.00004     0.00000    0.000000000   -0.000000244   -0.000000419  257.095181  79074.2220
1770.00   15.0000    0.0000   15.0000  275.0050  275.0050  0.000000       0.00000       0.00000         231788.1493    0.000000    -0.00004     0.00000    0.000000000   -0.000000244   -0.000000419  257.051012  78948.2210
1782.00   15.0000    0.0000   15.0000  275.0830  275.0830  0.000000       0.00000       0.00000         231722.4256    0.000000    -0.00004     0.00000    0.000000000   -0.000000244   -0.000000418  257.006809  78822.3991
1794.00   15.0000    0.0000   15.0000  275.1610  275.1610  0.000000       0.00000       0.00000         231656.7391    0.000000    -0.00004     0.00000    0.000000000   -0.000000244   -0.000000418  256.962573  78696.7561
1806.00   15.0000    0.0000   15.0000  275.2390  275.2390  0.000000       0.00000       0.00000         231591.0899    0.000000    -0.00004     0.00000    0.000000000   -0.000000244   -0.000000418  256.918304  78571.2918
1818.00   15.0000    0.0000   15.0000  275.3170  275.3170  0.000000       0.00000       0.00000         231525.4779    0.000000    -0.00004     0.00000    0.000000000   -0.000000243   -0.000000417  256.874002  78446.0060
1830.00   15.0000    0.0000   15.0000  275.3950  275.3950  0.000000       0.00000       0.00000         231459.9030    0.000000    -0.00004     0.00000    0.000000000   -0.000000243   -0.000000417  256.829666  78320.8984
1842.00   15.0000    0.0000   15.0000  275.4730  275.4730  0.000000       0.00000       0.00000         231394.3653    0.000000    -0.00004     0.00000    0.000000000   -0.000000243   -0.000000416  256.785298  78195.9687
1854.00   15.0000    0.0000   15.0000  275.5510  275.5510  0.000000       0.00000       0.00000         231328.8647    0.000000    -0.00005     0.00000    0.000000000   -0.000000243   -0.000000416  256.740896  78071.2168
1866.00   15.0000    0.0000   15.0000  275.6290  275.6290  0.000000       0.00000       0.00000         231263.4012    0.000000    -0.00005     0.00000    0.000000000   -0.000000243   -0.000000415  256.696461  77946.6423
1878.00   15.0000    0.0000   15.0000  275.7070  275.7070  0.000000       0.00000       0.00000         231197.9747    0.000000    -0.00005     0.00000    0.000000000   -0.000000243   -0.000000415  256.651993  77822.2452
1890.00   15.0000    0.0000   15.0000  275.7850  275.7850  0.000000       0.00000       0.00000         231132.5852    0.000000    -0.00005     0.00000    0.000000000   -0.000000243   -0.000000415  256.607492  77698.0250
1902.00   15.0000    0.0000   15.0000  275.8630  275.8630  0.000000       0.00000       0.00000         231067.2326    0.000000    -0.00005     0.00000    0.000000000   -0.000000243   -0.000000414  256.562958  77573.9816
1914.00   15.0000    0.0000   15.0000  275.9410  275.9410  0.000000       0.00000       0.00000         231001.9171    0.000000    -0.00005     0.00000    0.000000000   -0.000000243   -0.000000414  256.518391  77450.1148
1926.00   15.0000    0.0000   15.0000  276.0190  276.0190  0.000000       0.00000       0.00000         230936.6384    0.000000    -0.00005     0.00000    0.000000000   -0.000000243   -0.000000413  256.473790  77326.4242
1938.00   15.0000    0.0000   15.0000  276.0970  276.0970  0.000000       0.00000       0.00000         230871.3966    0.000000    -0.00005     0.00000    0.000000000   -0.000000243   -0.000000413  256.429157  77202.9098
1950.00   15.0000    0.0000   15.0000  276.1750  276.1750  0.000000       0.00000       0.00000         230806.1917    0.000000    -0.00005     0.00000    0.000000000   -0.000000243   -0.000000412  256.384490  77079.5712
1962.00   15.0000    0.0000   15.0000  276.2530  276.2530  0.000000       0.00000       0.00000         230741.0236    0.000000    -0.00005     0.00000    0.000000000   -0.000000243   -0.000000412  256.339790  76956.4081
1974.00   15.0000    0.0000   15.0000  276.3310  276.3310  0.000000       0.00000       0.00000         230675.8923    0.000000    -0.00005     0.00000    0.000000000   -0.000000243   -0.000000412  256.295057  76833.4205
1986.00   15.0000    0.0000   15.0000  276.4090  276.4090  0.000000       0.00000       0.00000         230610.7978    0.000000    -0.00005     0.00000    0.000000000   -0.000000242   -0.000000411  256.250292  76710.6079
1998.00   15.0000    0.0000   15.0000  276.4870  276.4870  0.000000       0.00000       0.00000         230545.7399    0.000000    -0.00005     0.00000    0.000000000   -0.000000242   -0.000000411  256.205493  76587.9703
2010.00   15.0000    0.0000   15.0000  276.5650  276.5650  0.000000       0.00000       0.00000         230480.7188    0.000000    -0.00005     0.00000    0.000000000   -0.000000242   -0.000000410  256.160661  76465.5073
2022.00   15.0000    0.0000   15.0000  276.6430  276.6430  0.000000       0.00000       0.00000         230415.7344    0.000000    -0.00005     0.00000    0.000000000   -0.000000242   -0.000000410  256.115796  76343.2187
2034.00   15.0000    0.0000   15.0000  276.7210  276.7210  0.000000       0.00000       0.00000         230350.7865    0.000000    -0.00005     0.00000    0.000000000   -0.000000242   -0.000000409  256.070898  76221.1044
2046.00   15.0000    0.0000   15.0000  276.7990  276.7990  0.000000       0.00000       0.00000         230285.8753    0.000000    -0.00005     0.00000    0.000000000   -0.000000242   -0.000000409  256.025967  76099.1640
2058.00   15.0000    0.0000   15.0000  276.8770  276.8770  0.000000       0.00000       0.00000         230221.0007    0.000000    -0.00005     0.00000    0.000000000   -0.000000242   -0.000000408  255.981003  75977.3973
2070.00   15.0000    0.0000   15.0000  276.9550  276.9550  0.000000       0.00000       0.00000         230156.1626    0.000000    -0.00005     0.00000    0.000000000   -0.000000242   -0.000000408  255.936006  75855.8041
2082.00   15.0000    0.0000   15.0000  277.0330  277.0330  0.000000       0.00000       0.00000         230091.3610    0.000000    -0.00005     0.00000    0.000000000   -0.000000242   -0.000000407  255.890976  75734.3841
2094.00   15.0000    0.0000   15.0000  277.1110  277.1110  0.000000       0.00000       0.00000         230026.5958    0.000000    -0.00005     0.00000    0.000000000   -0.000000242   -0.000000407  255.845914  75613.1372
2106.00   15.0000    0.0000   15.0000  277.1890  277.1890  0.000000       0.00000       0.00000         229961.8672    0.000000    -0.00005     0.00000    0.000000000   -0.000000242   -0.000000407  255.800818  75492.0631
2118.00   15.0000    0.0000   15.0000  277.2670  277.2670  0.000000       0.00000       0.00000         229897.1749    0.000000    -0.00005     0.00000    0.000000000   -0.000000242   -0.000000406  255.755689  75371.1616
2130.00   15.0000    0.0000   15.0000  277.3450  277.3450  0.000000       0.00000       0.00000         229832.5191    0.000000    -0.00005     0.00000    0.000000000   -0.000000241   -0.000000406  255.710527  75250.4324
2142.00   15.0000    0.0000   15.0000  277.4230  277.4230  0.000000       0.00000       0.00000         229767.8996    0.000000    -0.00005     0.00000    0.000000000   -0.000000241   -0.000000405  255.665333  75129.8753
2154.00   15.0000    0.0000   15.0000  277.5010  277.5010  0.000000       0.00000       0.00000         229703.3164    0.000000    -0.00005     0.00000    0.000000000   -0.000000241   -0.000000405  255.620105  75009.4900
2166.00   15.0000    0.0000   15.0000  277.5790  277.5790  0.000000       0.00000       0.00000         229638.7695    0.000000    -0.00005     0.00000    0.000000000   -0.000000241   -0.000000404  255.574845  74889.2764
2178.00   15.0000    0.0000   15.0000  277.6570  277.6570  0.000000       0.00000       0.00000         229574.2589    0.000000    -0.00005     0.00000    0.000000000   -0.000000241   -0.000000404  255.529551  74769.2343
2190.00   15.0000    0.0000   15.0000  277.7350  277.7350  0.000000       0.00000       0.00000         229509.7845    0.000000    -0.00005     0.00000    0.000000000   -0.000000241   -0.000000403  255.484225  74649.3633
2202.00   15.0000    0.0000   15.0000  277.8130  277.8130  0.000000       0.00000       0.00000         229445.3463    0.000000    -0.00005     0.00000    0.000000000   -0.000000241   -0.000000403  255.438866  74529.6632
2214.00   15.0000    0.0000   15.0000  277.8910  277.8910  0.000000       0.00000       0.00000         229380.9443    0.000000    -0.00005     0.00000    0.000000000   -0.000000241   -0.000000402  255.393474  74410.1339
2226.00   15.0000    0.0000   15.0000  277.9690  277.9690  0.000000       0.00000       0.00000         229316.5785    0.000000    -0.00005     0.00000    0.000000000   -0.000000241   -0.000000402  255.348049  74290.7751
2238.00   15.0000    0.0000   15.0000  278.0470  278.0470  0.000000       0.00000       0.00000         229252.2487    0.000000    -0.00005     0.00000    0.000000000   -0.000000241   -0.000000401  255.302591  74171.5865
2250.00   15.0000    0.0000   15.0000  278.1250  278.1250  0.000000       0.00000       0.00000         229187.9551    0.000000    -0.00005     0.00000    0.000000000   -0.000000240   -0.000000401  255.257101  74052.5680
2262.00   15.0000    0.0000   15.0000  278.2030  278.2030  0.000000       0.00000       0.00000         229123.6974    0.000000    -0.00006     0.00000    0.000000000   -0.000000240   -0.000000400  255.211577  73933.7193
2274.00   15.0000    0.0000   15.0000  278.2810  278.2810  0.000000       0.00000       0.00000         229059.4759    0.000000    -0.00006     0.00000    0.000000000   -0.000000240   -0.000000400  255.166021  73815.0402
2286.00   15.0000    0.0000   15.0000  278.3590  278.3590  0.000000       0.00000       0.00000         228995.2903    0.000000    -0.00006     0.00000    0.000000000   -0.000000240   -0.000000399  255.120432  73696.5304
2298.00   15.0000    0.0000   15.0000  278.4370  278.4370  0.000000       0.00000       0.00000         228931.1406    0.000000    -0.00006     0.00000    0.000000000   -0.000000240   -0.000000399  255.074810  73578.1898
2310.00   15.0000    0.0000   15.0000  278.5150  278.5150  0.000000       0.00000       0.00000         228867.0269    0.000000    -0.00006     0.00000    0.000000000   -0.000000240   -0.000000398  255.029155  73460.0181
2322.00   15.0000    0.0000   15.0000  278.5930  278.5930  0.000000       0.00000       0.00000         228802.9491    0.000000    -0.00006     0.00000    0.000000000   -0.000000240   -0.000000398  254.983468  73342.0150
2334.00   15.0000    0.0000   15.0000  278.6710  278.6710  0.000000       0.00000       0.00000         228738.9072    0.000000    -0.00006     0.00000    0.000000000   -0.000000240   -0.000000397  254.937747  73224.1804
2346.00   15.0000    0.0000   15.0000  278.7490  278.7490  0.000000       0.00000       0.00000         228674.9011    0.000000    -0.00006     0.00000    0.000000000   -0.000000239   -0.000000397  254.891994  73106.5141
2358.00   15.0000    0.0000   15.0000  278.8270  278.8270  0.000000       0.00000       0.00000         228610.9308    0.000000    -0.00006     0.00000    0.000000000   -0.000000239   -0.000000397  254.846208  72989.0157
2370.00   15.0000    0.0000   15.0000  278.9050  278.9050  0.000000       0.00000       0.00000         228546.9963    0.000000    -0.00006     0.00000    0.000000000   -0.000000239   -0.000000396  254.800390  72871.6851
2382.00   15.0000    0.0000   15.0000  278.9830  278.9830  0.000000       0.00000       0.00000              0.0000    0.000000    -0.00006     0.00000    0.000000000    0.000000000    0.000000000  254.754539  72754.5221
2394.00   15.0000    0.0000   15.0000  279.0610  279.0610  0.000000       0.00000       0.00000              0.0000    0.000000     0.00000     0.00000    0.000000000    0.000000000    0.000000000  254.708655  72637.5264
