   0.00    0.0000    0.0000    0.0000  245.7366  245.7366  0.000000       0.00000       0.00000              0.0000    0.000000     0.00000     0.00000    0.000000000    0.000000000    0.000000000    0.000000      0.0000
   6.00    7.3410    3.6034    8.1777  247.7858  247.7858  0.000000       0.63836       0.63836              0.0000    0.000000     0.00000     0.00000   -0.000043386    0.000000000    0.000000000  247.698066  99876.0228
  18.00    8.4690    4.0541    9.3893  247.9890  247.9890  0.000000       1.74924       1.74924              0.0810    0.000000    -0.00000     0.00000   -0.000048373    0.000000000    0.000000000  247.754763  99669.5838
  30.00    9.2277    4.2958   10.1787  248.1306  248.1306  0.000000       1.57937       1.57937              0.1132    0.000000    -0.00000     0.00000   -0.000058231    0.000000153    0.000000083  247.779105  99504.8046
  42.00    9.9455    4.4683   10.9031  248.2696  248.2696  0.000000       1.69039       1.69039              0.1311    0.000000    -0.00000     0.00000   -0.000062163    0.000000136    0.000000066  247.800793  99340.3132
  54.00   10.6009    4.5756   11.5462  248.4021  248.4021  0.000000       1.60506       1.60506              0.1505    0.000000    -0.00000     0.00000   -0.000065132    0.000000126    0.000000056  247.815910  99176.1058
  66.00   11.2292    4.6298   12.1462  248.5356  248.5356  0.000000       1.52658       1.52658              0.1675    0.000000    -0.00000     0.00000   -0.000067711    0.000000132    0.000000062  247.831902  99012.1802
  78.00   11.8329    4.6340   12.7080  248.6712  248.6712  0.000000       1.40937       1.40937              0.1847    0.000000    -0.00000     0.00000   -0.000070101    0.000000145    0.000000075  247.850075  98848.5367
  90.00   12.4180    4.5896   13.2390  248.8116  248.8116  0.000000       1.28445       1.28445              0.2018    0.000000    -0.00000     0.00000   -0.000072454    0.000000167    0.000000095  247.872868  98685.1773
 102.00   12.9848    4.4963   13.7412  248.9583  248.9583  0.000000       1.15129       1.15129              0.2195    0.000000    -0.00000     0.00000   -0.000074859    0.000000194    0.000000121  247.901877  98522.1048
 114.00   13.5327    4.3532   14.2157  249.1131  249.1131  0.000000       1.01717       1.01717              0.2381    0.000000    -0.00001     0.00000   -0.000077398    0.000000229    0.000000155  247.938918  98359.3234
 126.00   14.0591    4.1586   14.6612  249.2779  249.2779  0.000000       0.88463       0.88463              0.2581    0.000000    -0.00001     0.00000   -0.000080138    0.000000273    0.000000196  247.985826  98196.8385
 138.00   14.5595    3.9108   15.0756  249.4549  249.4549  0.000000       0.75642       0.75642              0.2800    0.000000    -0.00001     0.00000   -0.000083206    0.000000325    0.000000247  248.044714  98034.6566
 150.00   15.0278    3.6079   15.4549  249.6464  249.6464  0.000000       0.63446       0.63446              0.3042    0.000000    -0.00001     0.00000   -0.000086674    0.000000390    0.000000309  248.118031  97872.7857
 162.00   15.4558    3.2486   15.7935  249.8556  249.8556  0.000000       0.51959       0.51959              0.3319    0.000000    -0.00001     0.00000   -0.000090717    0.000000469    0.000000385  248.208821  97711.2354
 174.00   15.8322    2.8324   16.0836  250.0862  250.0862  0.000000       0.41408       0.41408              0.3639    0.000000    -0.00001     0.00000   -0.000095537    0.000000569    0.000000481  248.320765  97550.0175
 186.00   16.1435    2.3601   16.3151  250.3437  250.3437  0.000000       0.31523       0.31523              0.4031    0.000000    -0.00002     0.00000   -0.000101557    0.000000695    0.000000601  248.459298  97389.1467
 198.00   16.3699    1.8385   16.4728  250.6338  250.6338  0.000000       0.23145       0.23145              0.4506    0.000000    -0.00002     0.00000   -0.000109240    0.000000870    0.000000769  248.629980  97228.6410
 210.00   16.4889    1.2688   16.5376  250.9723  250.9723  0.000000       0.14393       0.14393              0.5237    0.000000    -0.00002     0.00000   -0.000120222    0.000001079    0.000000969  248.848666  97068.5252
 222.00   16.4615    0.7056   16.4766  251.3552  251.3552  0.000000       0.09759       0.09759              0.5982    0.000000    -0.00003     0.00000   -0.000144355    0.000001464    0.000001336  249.111108  96908.8273
 234.00   16.1879    0.1276   16.1884  251.8623  251.8623  0.000000       0.00274       0.00274              1.7141    0.000000     0.00000     0.00000   -0.000134832    0.000011181    0.000009276  249.496531  96749.5990
 246.00   15.0530   -0.0293   15.0530  255.9846  255.9846  0.000000       0.00019       0.00019              3.2006    0.000000    -0.00006     0.00000   -0.000041306    0.000012595    0.000013746  253.461984  96591.9959
 258.00   15.0002   -0.0002   15.0002  256.8294  256.8294  0.000000       0.00000       0.00000            406.9266    0.000000    -0.00006     0.00000   -0.000000547    0.000004499    0.000004279  254.181119  96436.1104
 270.00   15.0000   -0.0000   15.0000  257.6113  257.6113  0.000000       0.00000       0.00000        1894477.0366    0.000000    -0.00005     0.00000    0.000000000    0.000003737    0.000003554  254.837653  96280.8969
 282.00   15.0000   -0.0000   15.0000  258.1620  258.1620  0.000000       0.00000       0.00000        1591335.3064    0.000000    -0.00004     0.00000    0.000000000    0.000002764    0.000002580  255.265202  96126.2625
 294.00   15.0000   -0.0000   15.0000  258.6167  258.6167  0.000000       0.00000       0.00000        1369027.7183    0.000000    -0.00004     0.00000    0.000000000    0.000002353    0.000002170  255.597624  95972.1060
 306.00   15.0000   -0.0000   15.0000  259.0284  259.0284  0.000000       0.00000       0.00000        1239714.0452    0.000000    -0.00004     0.00000    0.000000000    0.000002118    0.000001937  255.887395  95818.3838
 318.00   15.0000   -0.0000   15.0000  259.4026  259.4026  0.000000       0.00000       0.00000        1143651.0323    0.000000    -0.00003     0.00000    0.000000000    0.000001942    0.000001761  256.139805  95665.0702
 330.00   15.0000    0.0000   15.0000  259.7545  259.7545  0.000000       0.00000       0.00000        1079566.8761    0.000000    -0.00003     0.00000    0.000000000    0.000001829    0.000001648  256.370120  95512.1460
 342.00   15.0000    0.0000   15.0000  260.0889  260.0889  0.000000       0.00000       0.00000        1030057.0003    0.000000    -0.00003     0.00000    0.000000000    0.000001744    0.000001562  256.582966  95359.5981
 354.00   15.0000    0.0000   15.0000  260.4101  260.4101  0.000000       0.00000       0.00000         984744.1302    0.000000    -0.00003     0.00000    0.000000000    0.000001663    0.000001481  256.782753  95207.4161
 366.00   15.0000    0.0000   15.0000  260.7164  260.7164  0.000000       0.00000       0.00000         945575.0986    0.000000    -0.00003     0.00000    0.000000000    0.000001593    0.000001410  256.967627  95055.5907
 378.00   15.0000    0.0000   15.0000  261.0135  261.0135  0.000000       0.00000       0.00000         897806.4667    0.000000    -0.00003     0.00000    0.000000000    0.000001496    0.000001314  257.143226  94904.1136
 390.00   15.0000    0.0000   15.0000  261.2900  261.2900  0.000000       0.00000       0.00000         865474.3568    0.000000    -0.00003     0.00000    0.000000000    0.000001435    0.000001251  257.298447  94752.9751
 402.00   15.0000    0.0000   15.0000  261.5669  261.5669  0.000000       0.00000       0.00000         812964.6992    0.000000    -0.00003     0.00000    0.000000000    0.000001316    0.000001134  257.454023  94602.1683
 414.00   15.0000    0.0000   15.0000  261.8104  261.8104  0.000000       0.00000       0.00000         767217.0120    0.000000    -0.00003     0.00000    0.000000000    0.000001211    0.000001028  257.576496  94451.6828
 426.00   15.0000    0.0000   15.0000  262.0585  262.0585  0.000000       0.00000       0.00000         743242.2309    0.000000    -0.00003     0.00000    0.000000000    0.000001161    0.000000978  257.703469  94301.5093
 438.00   15.0000    0.0000   15.0000  262.2870  262.2870  0.000000       0.00000       0.00000         708652.3879    0.000000    -0.00003     0.00000    0.000000000    0.000001080    0.000000896  257.811065  94151.6427
 450.00   15.0000    0.0000   15.0000  262.5134  262.5134  0.000000       0.00000       0.00000         689710.8030    0.000000    -0.00003     0.00000    0.000000000    0.000001039    0.000000855  257.916405  94002.0761
 462.00   15.0000    0.0000   15.0000  262.7302  262.7302  0.000000       0.00000       0.00000         666727.1263    0.000000    -0.00003     0.00000    0.000000000    0.000000985    0.000000801  258.012230  93852.8052
 474.00   15.0000    0.0000   15.0000  262.9421  262.9421  0.000000       0.00000       0.00000         650200.2439    0.000000    -0.00003     0.00000    0.000000000    0.000000948    0.000000763  258.103218  93703.8253
 486.00   15.0000    0.0000   15.0000  263.1486  263.1486  0.000000       0.00000       0.00000         634355.7372    0.000000    -0.00003     0.00000    0.000000000    0.000000912    0.000000726  258.188752  93555.1327
 498.00   15.0000    0.0000   15.0000  263.3506  263.3506  0.000000       0.00000       0.00000         620104.2398    0.000000    -0.00003     0.00000    0.000000000    0.000000879    0.000000693  258.269864  93406.7239
 510.00   15.0000    0.0000   15.0000  263.5482  263.5482  0.000000       0.00000       0.00000         606998.3896    0.000000    -0.00003     0.00000    0.000000000    0.000000848    0.000000662  258.346516  93258.5957
 522.00   15.0000    0.0000   15.0000  263.7421  263.7421  0.000000       0.00000       0.00000         594467.3509    0.000000    -0.00003     0.00000    0.000000000    0.000000819    0.000000632  258.419458  93110.7453
 534.00   15.0000    0.0000   15.0000  263.9319  263.9319  0.000000       0.00000       0.00000         582115.4782    0.000000    -0.00003     0.00000    0.000000000    0.000000789    0.000000602  258.488293  92963.1696
 546.00   15.0000    0.0000   15.0000  264.1181  264.1181  0.000000       0.00000       0.00000         568249.9017    0.000000    -0.00003     0.00000    0.000000000    0.000000754    0.000000566  258.553521  92815.8661
 558.00   15.0000    0.0000   15.0000  264.2992  264.2992  0.000000       0.00000       0.00000         555484.2632    0.000000    -0.00003     0.00000    0.000000000    0.000000722    0.000000533  258.613676  92668.8316
 570.00   15.0000    0.0000   15.0000  264.4774  264.4774  0.000000       0.00000       0.00000         537842.0089    0.000000    -0.00003     0.00000    0.000000000    0.000000674    0.000000486  258.670908  92522.0633
 582.00   15.0000    0.0000   15.0000  264.6474  264.6474  0.000000       0.00000       0.00000         521882.5353    0.000000    -0.00003     0.00000    0.000000000    0.000000631    0.000000442  258.719973  92375.5576
 594.00   15.0000    0.0000   15.0000  264.8155  264.8155  0.000000       0.00000       0.00000         502181.7516    0.000000    -0.00003     0.00000    0.000000000    0.000000576    0.000000387  258.767163  92229.3110
 606.00   15.0000    0.0000   15.0000  264.9728  264.9728  0.000000       0.00000       0.00000         476970.3656    0.000000    -0.00003     0.00000    0.000000000    0.000000503    0.000000315  258.803814  92083.3196
 618.00   15.0000    0.0000   15.0000  265.1248  265.1248  0.000000       0.00000       0.00000         459356.6948    0.000000    -0.00003     0.00000    0.000000000    0.000000452    0.000000264  258.835079  91937.5783
 630.00   15.0000    0.0000   15.0000  265.2709  265.2709  0.000000       0.00000       0.00000         442026.0745    0.000000    -0.00003     0.00000    0.000000000    0.000000402    0.000000214  258.860610  91792.0838
 642.00   15.0000    0.0000   15.0000  265.4117  265.4117  0.000000       0.00000       0.00000         428060.5889    0.000000    -0.00003     0.00000    0.000000000    0.000000361    0.000000174  258.880924  91646.8323
 654.00   15.0000    0.0000   15.0000  265.5489  265.5489  0.000000       0.00000       0.00000         416994.2734    0.000000    -0.00003     0.00000    0.000000000    0.000000328    0.000000141  258.897628  91501.8210
 666.00   15.0000    0.0000   15.0000  265.6827  265.6827  0.000000       0.00000       0.00000         407528.5127    0.000000    -0.00003     0.00000    0.000000000    0.000000300    0.000000113  258.910949  91357.0475
 678.00   15.0000    0.0000   15.0000  265.8139  265.8139  0.000000       0.00000       0.00000         399622.0735    0.000000    -0.00003     0.00000    0.000000000    0.000000277    0.000000090  258.921668  91212.5099
 690.00   15.0000    0.0000   15.0000  265.9427  265.9427  0.000000       0.00000       0.00000         392656.0516    0.000000    -0.00003     0.00000    0.000000000    0.000000256    0.000000069  258.929989  91068.2062
 702.00   15.0000    0.0000   15.0000  266.0695  266.0695  0.000000       0.00000       0.00000         386689.3265    0.000000    -0.00003     0.00000    0.000000000    0.000000239    0.000000052  258.936302  90924.1348
 714.00   15.0000    0.0000   15.0000  266.1945  266.1945  0.000000       0.00000       0.00000         381549.1014    0.000000    -0.00003     0.00000    0.000000000    0.000000223    0.000000036  258.940848  90780.2944
 726.00   15.0000    0.0000   15.0000  266.3180  266.3180  0.000000       0.00000       0.00000         377069.0475    0.000000    -0.00003     0.00000    0.000000000    0.000000210    0.000000023  258.943908  90636.6837
 738.00   15.0000    0.0000   15.0000  266.4403  266.4403  0.000000       0.00000       0.00000         373127.5267    0.000000    -0.00003     0.00000    0.000000000    0.000000198    0.000000011  258.945618  90493.3015
 750.00   15.0000    0.0000   15.0000  266.5613  266.5613  0.000000       0.00000       0.00000         369426.1430    0.000000    -0.00003     0.00000    0.000000000    0.000000187   -0.000000000  258.946181  90350.1467
 762.00   15.0000    0.0000   15.0000  266.6813  266.6813  0.000000       0.00000       0.00000         366211.0930    0.000000    -0.00003     0.00000    0.000000000    0.000000177   -0.000000010  258.945546  90207.2184
 774.00   15.0000    0.0000   15.0000  266.8004  266.8004  0.000000       0.00000       0.00000         362676.1736    0.000000    -0.00003     0.00000    0.000000000    0.000000167   -0.000000021  258.944071  90064.5156
 786.00   15.0000    0.0000   15.0000  266.9181  266.9181  0.000000       0.00000       0.00000         360191.7699    0.000000    -0.00003     0.00000    0.000000000    0.000000159   -0.000000028  258.941195  89922.0373
 798.00   15.0000    0.0000   15.0000  267.0356  267.0356  0.000000       0.00000       0.00000         357502.1522    0.000000    -0.00003     0.00000    0.000000000    0.000000151   -0.000000037  258.938143  89779.7828
 810.00   15.0000    0.0000   15.0000  267.1517  267.1517  0.000000       0.00000       0.00000         355047.0756    0.000000    -0.00003     0.00000    0.000000000    0.000000144   -0.000000044  258.933559  89637.7513
 822.00   15.0000    0.0000   15.0000  267.2678  267.2678  0.000000       0.00000       0.00000         353874.6656    0.000000    -0.00003     0.00000    0.000000000    0.000000140   -0.000000048  258.928947  89495.9419
 834.00   15.0000    0.0000   15.0000  267.3832  267.3832  0.000000       0.00000       0.00000         352652.0009    0.000000    -0.00003     0.00000    0.000000000    0.000000136   -0.000000052  258.923617  89354.3542
 846.00   15.0000    0.0000   15.0000  267.4985  267.4985  0.000000       0.00000       0.00000         352030.4452    0.000000    -0.00003     0.00000    0.000000000    0.000000135   -0.000000054  258.918225  89212.9875
 858.00   15.0000    0.0000   15.0000  267.6136  267.6136  0.000000       0.00000       0.00000         352048.6442    0.000000    -0.00003     0.00000    0.000000000    0.000000135   -0.000000054  258.912497  89071.8415
 870.00   15.0000    0.0000   15.0000  267.7291  267.7291  0.000000       0.00000       0.00000         353530.7557    0.000000    -0.00003     0.00000    0.000000000    0.000000140   -0.000000049  258.907112  88930.9157
 882.00   15.0000    0.0000   15.0000  267.8453  267.8453  0.000000       0.00000       0.00000         356004.5392    0.000000    -0.00003     0.00000    0.000000000    0.000000147   -0.000000042  258.902317  88790.2102
 894.00   15.0000    0.0000   15.0000  267.9625  267.9625  0.000000       0.00000       0.00000         359991.1965    0.000000    -0.00003     0.00000    0.000000000    0.000000160   -0.000000030  258.898495  88649.7249
 906.00   15.0000    0.0000   15.0000  268.0813  268.0813  0.000000       0.00000       0.00000         366793.5578    0.000000    -0.00003     0.00000    0.000000000    0.000000182   -0.000000009  258.896224  88509.4603
 918.00   15.0000    0.0000   15.0000  268.2031  268.2031  0.000000       0.00000       0.00000         376934.3717    0.000000    -0.00004     0.00000    0.000000000    0.000000214    0.000000023  258.896709  88369.4171
 930.00   15.0000    0.0000   15.0000  268.3288  268.3288  0.000000       0.00000       0.00000         389952.2931    0.000000    -0.00004     0.00000    0.000000000    0.000000255    0.000000063  258.900863  88229.5968
 942.00   15.0000    0.0000   15.0000  268.4592  268.4592  0.000000       0.00000       0.00000         422480.9148    0.000000    -0.00004     0.00000    0.000000000    0.000000359    0.000000164  258.909601  88090.0011
 954.00   15.0000    0.0000   15.0000  268.6063  268.6063  0.000000       0.00000       0.00000         438569.1780    0.000000    -0.00004     0.00000    0.000000000    0.000000411    0.000000214  258.934372  87950.6354
 966.00   15.0000    0.0000   15.0000  268.7475  268.7475  0.000000       0.00000       0.00000         587945.6583    0.000000    -0.00007     0.00000    0.000000000    0.000000890    0.000000681  258.953335  87811.5018
 978.00   15.0000    0.0000   15.0000  268.9930  268.9930  0.000000       0.00000       0.00000         556329.4501    0.000000    -0.00004     0.00000    0.000000000    0.000000792    0.000000589  259.072769  87672.6255
 990.00   15.0000    0.0000   15.0000  269.1138  269.1138  0.000000       0.00000       0.00000        1548642.1798    0.000000    -0.00028     0.00000    0.000000000    0.000004102    0.000003722  259.071908  87534.0004
1002.00   15.0000    0.0000   15.0000  270.0130  270.0130  0.000000       0.00000       0.00000        1478850.1985    0.000000    -0.00002     0.00000    0.000000000    0.000003886    0.000003722  259.820305  87395.7934
1014.00   15.0000    0.0000   15.0000  270.0910  270.0910  0.000000       0.00000       0.00000         236005.2723    0.000000    -0.00002     0.00000    0.000000000   -0.000000244   -0.000000443  259.778250  87257.9925
1026.00   15.0000    0.0000   15.0000  270.1690  270.1690  0.000000       0.00000       0.00000         235937.1356    0.000000    -0.00002     0.00000    0.000000000   -0.000000244   -0.000000443  259.736161  87120.3866
1038.00   15.0000    0.0000   15.0000  270.2470  270.2470  0.000000       0.00000       0.00000         235869.0383    0.000000    -0.00003     0.00000    0.000000000   -0.000000244   -0.000000442  259.694039  86982.9754
1050.00   15.0000    0.0000   15.0000  270.3250  270.3250  0.000000       0.00000       0.00000         235800.9803    0.000000    -0.00003     0.00000    0.000000000   -0.000000244   -0.000000442  259.651882  86845.7587
1062.00   15.0000    0.0000   15.0000  270.4030  270.4030  0.000000       0.00000       0.00000         235732.9615    0.000000    -0.00003     0.00000    0.000000000   -0.000000244   -0.000000442  259.609692  86708.7363
1074.00   15.0000    0.0000   15.0000  270.4810  270.4810  0.000000       0.00000       0.00000         235664.9820    0.000000    -0.00003     0.00000    0.000000000   -0.000000244   -0.000000441  259.567468  86571.9078
1086.00   15.0000    0.0000   15.0000  270.5590  270.5590  0.000000       0.00000       0.00000         235597.0417    0.000000    -0.00003     0.00000    0.000000000   -0.000000244   -0.000000441  259.525210  86435.2730
1098.00   15.0000    0.0000   15.0000  270.6370  270.6370  0.000000       0.00000       0.00000         235529.1405    0.000000    -0.00003     0.00000    0.000000000   -0.000000244   -0.000000441  259.482918  86298.8316
1110.00   15.0000    0.0000   15.0000  270.7150  270.7150  0.000000       0.00000       0.00000         235461.2785    0.000000    -0.00003     0.00000    0.000000000   -0.000000244   -0.000000440  259.440593  86162.5834
1122.00   15.0000    0.0000   15.0000  270.7930  270.7930  0.000000       0.00000       0.00000         235393.4555    0.000000    -0.00003     0.00000    0.000000000   -0.000000244   -0.000000440  259.398234  86026.5282
1134.00   15.0000    0.0000   15.0000  270.8710  270.8710  0.000000       0.00000       0.00000         235325.6716    0.000000    -0.00003     0.00000    0.000000000   -0.000000244   -0.000000440  259.355841  85890.6656
1146.00   15.0000    0.0000   15.0000  270.9490  270.9490  0.000000       0.00000       0.00000         235257.9268    0.000000    -0.00003     0.00000    0.000000000   -0.000000244   -0.000000439  259.313415  85754.9954
1158.00   15.0000    0.0000   15.0000  271.0270  271.0270  0.000000       0.00000       0.00000         235190.2209    0.000000    -0.00003     0.00000    0.000000000   -0.000000245   -0.000000439  259.270955  85619.5174
1170.00   15.0000    0.0000   15.0000  271.1050  271.1050  0.000000       0.00000       0.00000         235122.5540    0.000000    -0.00003     0.00000    0.000000000   -0.000000245   -0.000000438  259.228461  85484.2313
1182.00   15.0000    0.0000   15.0000  271.1830  271.1830  0.000000       0.00000       0.00000         235054.9260    0.000000    -0.00003     0.00000    0.000000000   -0.000000245   -0.000000438  259.185933  85349.1367
1194.00   15.0000    0.0000   15.0000  271.2610  271.2610  0.000000       0.00000       0.00000         234987.3369    0.000000    -0.00003     0.00000    0.000000000   -0.000000245   -0.000000438  259.143372  85214.2336
1206.00   15.0000    0.0000   15.0000  271.3390  271.3390  0.000000       0.00000       0.00000         234919.7867    0.000000    -0.00003     0.00000    0.000000000   -0.000000245   -0.000000437  259.100777  85079.5216
1218.00   15.0000    0.0000   15.0000  271.4170  271.4170  0.000000       0.00000       0.00000         234852.2753    0.000000    -0.00003     0.00000    0.000000000   -0.000000245   -0.000000437  259.058148  84945.0004
1230.00   15.0000    0.0000   15.0000  271.4950  271.4950  0.000000       0.00000       0.00000         234784.8027    0.000000    -0.00003     0.00000    0.000000000   -0.000000245   -0.000000437  259.015486  84810.6698
1242.00   15.0000    0.0000   15.0000  271.5730  271.5730  0.000000       0.00000       0.00000         234717.3688    0.000000    -0.00003     0.00000    0.000000000   -0.000000245   -0.000000436  258.972790  84676.5296
1254.00   15.0000    0.0000   15.0000  271.6510  271.6510  0.000000       0.00000       0.00000         234649.9737    0.000000    -0.00003     0.00000    0.000000000   -0.000000245   -0.000000436  258.930061  84542.5794
1266.00   15.0000    0.0000   15.0000  271.7290  271.7290  0.000000       0.00000       0.00000         234582.6172    0.000000    -0.00003     0.00000    0.000000000   -0.000000245   -0.000000436  258.887297  84408.8191
1278.00   15.0000    0.0000   15.0000  271.8070  271.8070  0.000000       0.00000       0.00000         234515.2995    0.000000    -0.00003     0.00000    0.000000000   -0.000000245   -0.000000435  258.844501  84275.2484
1290.00   15.0000    0.0000   15.0000  271.8850  271.8850  0.000000       0.00000       0.00000         234448.0203    0.000000    -0.00003     0.00000    0.000000000   -0.000000245   -0.000000435  258.801670  84141.8670
1302.00   15.0000    0.0000   15.0000  271.9630  271.9630  0.000000       0.00000       0.00000         234380.7797    0.000000    -0.00003     0.00000    0.000000000   -0.000000245   -0.000000435  258.758806  84008.6747
1314.00   15.0000    0.0000   15.0000  272.0410  272.0410  0.000000       0.00000       0.00000         234313.5777    0.000000    -0.00003     0.00000    0.000000000   -0.000000245   -0.000000434  258.715909  83875.6711
1326.00   15.0000    0.0000   15.0000  272.1190  272.1190  0.000000       0.00000       0.00000         234246.4143    0.000000    -0.00003     0.00000    0.000000000   -0.000000245   -0.000000434  258.672978  83742.8562
1338.00   15.0000    0.0000   15.0000  272.1970  272.1970  0.000000       0.00000       0.00000         234179.2893    0.000000    -0.00003     0.00000    0.000000000   -0.000000245   -0.000000433  258.630013  83610.2295
1350.00   15.0000    0.0000   15.0000  272.2750  272.2750  0.000000       0.00000       0.00000         234112.2027    0.000000    -0.00003     0.00000    0.000000000   -0.000000245   -0.000000433  258.587015  83477.7909
1362.00   15.0000    0.0000   15.0000  272.3530  272.3530  0.000000       0.00000       0.00000         234045.1546    0.000000    -0.00003     0.00000    0.000000000   -0.000000245   -0.000000433  258.543983  83345.5401
1374.00   15.0000    0.0000   15.0000  272.4310  272.4310  0.000000       0.00000       0.00000         233978.1449    0.000000    -0.00003     0.00000    0.000000000   -0.000000245   -0.000000432  258.500918  83213.4769
1386.00   15.0000    0.0000   15.0000  272.5090  272.5090  0.000000       0.00000       0.00000         233911.1736    0.000000    -0.00003     0.00000    0.000000000   -0.000000245   -0.000000432  258.457819  83081.6009
1398.00   15.0000    0.0000   15.0000  272.5870  272.5870  0.000000       0.00000       0.00000         233844.2406    0.000000    -0.00003     0.00000    0.000000000   -0.000000245   -0.000000432  258.414687  82949.9120
1410.00   15.0000    0.0000   15.0000  272.6650  272.6650  0.000000       0.00000       0.00000         233777.3458    0.000000    -0.00003     0.00000    0.000000000   -0.000000245   -0.000000431  258.371521  82818.4099
1422.00   15.0000    0.0000   15.0000  272.7430  272.7430  0.000000       0.00000       0.00000         233710.4894    0.000000    -0.00003     0.00000    0.000000000   -0.000000245   -0.000000431  258.328321  82687.0944
1434.00   15.0000    0.0000   15.0000  272.8210  272.8210  0.000000       0.00000       0.00000         233643.6711    0.000000    -0.00003     0.00000    0.000000000   -0.000000245   -0.000000430  258.285088  82555.9651
1446.00   15.0000    0.0000   15.0000  272.8990  272.8990  0.000000       0.00000       0.00000         233576.8911    0.000000    -0.00004     0.00000    0.000000000   -0.000000245   -0.000000430  258.241822  82425.0219
1458.00   15.0000    0.0000   15.0000  272.9770  272.9770  0.000000       0.00000       0.00000         233510.1492    0.000000    -0.00004     0.00000    0.000000000   -0.000000245   -0.000000430  258.198522  82294.2645
1470.00   15.0000    0.0000   15.0000  273.0550  273.0550  0.000000       0.00000       0.00000         233443.4455    0.000000    -0.00004     0.00000    0.000000000   -0.000000245   -0.000000429  258.155189  82163.6926
1482.00   15.0000    0.0000   15.0000  273.1330  273.1330  0.000000       0.00000       0.00000         233376.7798    0.000000    -0.00004     0.00000    0.000000000   -0.000000245   -0.000000429  258.111822  82033.3060
1494.00   15.0000    0.0000   15.0000  273.2110  273.2110  0.000000       0.00000       0.00000         233310.1522    0.000000    -0.00004     0.00000    0.000000000   -0.000000245   -0.000000429  258.068422  81903.1045
1506.00   15.0000    0.0000   15.0000  273.2890  273.2890  0.000000       0.00000       0.00000         233243.5627    0.000000    -0.00004     0.00000    0.000000000   -0.000000245   -0.000000428  258.024989  81773.0877
1518.00   15.0000    0.0000   15.0000  273.3670  273.3670  0.000000       0.00000       0.00000         233177.0111    0.000000    -0.00004     0.00000    0.000000000   -0.000000245   -0.000000428  257.981522  81643.2555
1530.00   15.0000    0.0000   15.0000  273.4450  273.4450  0.000000       0.00000       0.00000         233110.4975    0.000000    -0.00004     0.00000    0.000000000   -0.000000245   -0.000000427  257.938021  81513.6076
1542.00   15.0000    0.0000   15.0000  273.5230  273.5230  0.000000       0.00000       0.00000         233044.0219    0.000000    -0.00004     0.00000    0.000000000   -0.000000245   -0.000000427  257.894488  81384.1438
1554.00   15.0000    0.0000   15.0000  273.6010  273.6010  0.000000       0.00000       0.00000         232977.5841    0.000000    -0.00004     0.00000    0.000000000   -0.000000244   -0.000000427  257.850920  81254.8638
1566.00   15.0000    0.0000   15.0000  273.6790  273.6790  0.000000       0.00000       0.00000         232911.1843    0.000000    -0.00004     0.00000    0.000000000   -0.000000244   -0.000000426  257.807320  81125.7673
1578.00   15.0000    0.0000   15.0000  273.7570  273.7570  0.000000       0.00000       0.00000         232844.8222    0.000000    -0.00004     0.00000    0.000000000   -0.000000244   -0.000000426  257.763686  80996.8542
1590.00   15.0000    0.0000   15.0000  273.8350  273.8350  0.000000       0.00000       0.00000         232778.4980    0.000000    -0.00004     0.00000    0.000000000   -0.000000244   -0.000000425  257.720019  80868.1241
1602.00   15.0000    0.0000   15.0000  273.9130  273.9130  0.000000       0.00000       0.00000         232712.2115    0.000000    -0.00004     0.00000    0.000000000   -0.000000244   -0.000000425  257.676318  80739.5768
1614.00   15.0000    0.0000   15.0000  273.9910  273.9910  0.000000       0.00000       0.00000         232645.9628    0.000000    -0.00004     0.00000    0.000000000   -0.000000244   -0.000000425  257.632584  80611.2122
1626.00   15.0000    0.0000   15.0000  274.0690  274.0690  0.000000       0.00000       0.00000         232579.7518    0.000000    -0.00004     0.00000    0.000000000   -0.000000244   -0.000000424  257.588817  80483.0298
1638.00   15.0000    0.0000   15.0000  274.1470  274.1470  0.000000       0.00000       0.00000         232513.5785    0.000000    -0.00004     0.00000    0.000000000   -0.000000244   -0.000000424  257.545016  80355.0296
1650.00   15.0000    0.0000   15.0000  274.2250  274.2250  0.000000       0.00000       0.00000         232447.4428    0.000000    -0.00004     0.00000    0.000000000   -0.000000244   -0.000000423  257.501182  80227.2112
1662.00   15.0000    0.0000   15.0000  274.3030  274.3030  0.000000       0.00000       0.00000         232381.3447    0.000000    -0.00004     0.00000    0.000000000   -0.000000244   -0.000000423  257.457315  80099.5744
1674.00   15.0000    0.0000   15.0000  274.3810  274.3810  0.000000       0.00000       0.00000         232315.2842    0.000000    -0.00004     0.00000    0.000000000   -0.000000244   -0.000000423  257.413414  79972.1189
1686.00   15.0000    0.0000   15.0000  274.4590  274.4590  0.000000       0.00000       0.00000         232249.2613    0.000000    -0.00004     0.00000    0.000000000   -0.000000244   -0.000000422  257.369480  79844.8446
1698.00   15.0000    0.0000   15.0000  274.5370  274.5370  0.000000       0.00000       0.00000         232183.2758    0.000000    -0.00004     0.00000    0.000000000   -0.000000244   -0.000000422  257.325513  79717.7511
1710.00   15.0000    0.0000   15.0000  274.6150  274.6150  0.000000       0.00000       0.00000         232117.3279    0.000000    -0.00004     0.00000    0.000000000   -0.000000244   -0.000000421  257.281513  79590.8383
1722.00   15.0000    0.0000   15.0000  274.6930  274.6930  0.000000       0.00000       0.00000         232051.4174    0.000000    -0.00004     0.00000    0.000000000   -0.000000244   -0.000000421  257.237479  79464.1058
1734.00   15.0000    0.0000   15.0000  274.7710  274.7710  0.000000       0.00000       0.00000         231985.5443    0.000000    -0.00004     0.00000    0.000000000   -0.000000244   -0.000000420  257.193412  79337.5535
1746.00   15.0000    0.0000   15.0000  274.8490  274.8490  0.000000       0.00000       0.00000         231919.7086    0.000000    -0.00004     0.00000    0.000000000   -0.000000244   -0.000000420  257.149312  79211.1811
1758.00   15.0000    0.0000   15.0000  274.9270  274.9270  0.000000       0.00000       0.00000         231853.9103    0.000000    -0.00004     0.00000    0.000000000   -0.000000244   -0.000000420  257.105179  79084.9884
1770.00   15.0000    0.0000   15.0000  275.0050  275.0050  0.000000       0.00000       0.00000         231788.1493    0.000000    -0.00004     0.00000    0.000000000   -0.000000244   -0.000000419  257.061012  78958.9750
1782.00   15.0000    0.0000   15.0000  275.0830  275.0830  0.000000       0.00000       0.00000         231722.4256    0.000000    -0.00004     0.00000    0.000000000   -0.000000244   -0.000000419  257.016812  78833.1409
1794.00   15.0000    0.0000   15.0000  275.1610  275.1610  0.000000       0.00000       0.00000         231656.7391    0.000000    -0.00004     0.00000    0.000000000   -0.000000244   -0.000000418  256.972579  78707.4857
1806.00   15.0000    0.0000   15.0000  275.2390  275.2390  0.000000       0.00000       0.00000         231591.0899    0.000000    -0.00004     0.00000    0.000000000   -0.000000244   -0.000000418  256.928313  78582.0092
1818.00   15.0000    0.0000   15.0000  275.3170  275.3170  0.000000       0.00000       0.00000         231525.4779    0.000000    -0.00004     0.00000    0.000000000   -0.000000244   -0.000000417  256.884014  78456.7111
1830.00   15.0000    0.0000   15.0000  275.3950  275.3950  0.000000       0.00000       0.00000         231459.9030    0.000000    -0.00004     0.00000    0.000000000   -0.000000243   -0.000000417  256.839681  78331.5913
1842.00   15.0000    0.0000   15.0000  275.4730  275.4730  0.000000       0.00000       0.00000         231394.3653    0.000000    -0.00004     0.00000    0.000000000   -0.000000243   -0.000000417  256.795315  78206.6495
1854.00   15.0000    0.0000   15.0000  275.5510  275.5510  0.000000       0.00000       0.00000         231328.8647    0.000000    -0.00005     0.00000    0.000000000   -0.000000243   -0.000000416  256.750916  78081.8854
1866.00   15.0000    0.0000   15.0000  275.6290  275.6290  0.000000       0.00000       0.00000         231263.4012    0.000000    -0.00005     0.00000    0.000000000   -0.000000243   -0.000000416  256.706484  77957.2988
1878.00   15.0000    0.0000   15.0000  275.7070  275.7070  0.000000       0.00000       0.00000         231197.9747    0.000000    -0.00005     0.00000    0.000000000   -0.000000243   -0.000000415  256.662019  77832.8894
1890.00   15.0000    0.0000   15.0000  275.7850  275.7850  0.000000       0.00000       0.00000         231132.5852    0.000000    -0.00005     0.00000    0.000000000   -0.000000243   -0.000000415  256.617521  77708.6571
1902.00   15.0000    0.0000   15.0000  275.8630  275.8630  0.000000       0.00000       0.00000         231067.2326    0.000000    -0.00005     0.00000    0.000000000   -0.000000243   -0.000000414  256.572990  77584.6016
1914.00   15.0000    0.0000   15.0000  275.9410  275.9410  0.000000       0.00000       0.00000         231001.9171    0.000000    -0.00005     0.00000    0.000000000   -0.000000243   -0.000000414  256.528425  77460.7227
1926.00   15.0000    0.0000   15.0000  276.0190  276.0190  0.000000       0.00000       0.00000         230936.6384    0.000000    -0.00005     0.00000    0.000000000   -0.000000243   -0.000000414  256.483827  77337.0200
1938.00   15.0000    0.0000   15.0000  276.0970  276.0970  0.000000       0.00000       0.00000         230871.3966    0.000000    -0.00005     0.00000    0.000000000   -0.000000243   -0.000000413  256.439197  77213.4935
1950.00   15.0000    0.0000   15.0000  276.1750  276.1750  0.000000       0.00000       0.00000         230806.1917    0.000000    -0.00005     0.00000    0.000000000   -0.000000243   -0.000000413  256.394533  77090.1428
1962.00   15.0000    0.0000   15.0000  276.2530  276.2530  0.000000       0.00000       0.00000         230741.0236    0.000000    -0.00005     0.00000    0.000000000   -0.000000243   -0.000000412  256.349836  76966.9677
1974.00   15.0000    0.0000   15.0000  276.3310  276.3310  0.000000       0.00000       0.00000         230675.8923    0.000000    -0.00005     0.00000    0.000000000   -0.000000243   -0.000000412  256.305106  76843.9679
1986.00   15.0000    0.0000   15.0000  276.4090  276.4090  0.000000       0.00000       0.00000         230610.7978    0.000000    -0.00005     0.00000    0.000000000   -0.000000243   -0.000000411  256.260343  76721.1434
1998.00   15.0000    0.0000   15.0000  276.4870  276.4870  0.000000       0.00000       0.00000         230545.7399    0.000000    -0.00005     0.00000    0.000000000   -0.000000243   -0.000000411  256.215547  76598.4937
2010.00   15.0000    0.0000   15.0000  276.5650  276.5650  0.000000       0.00000       0.00000         230480.7188    0.000000    -0.00005     0.00000    0.000000000   -0.000000242   -0.000000410  256.170718  76476.0187
2022.00   15.0000    0.0000   15.0000  276.6430  276.6430  0.000000       0.00000       0.00000         230415.7344    0.000000    -0.00005     0.00000    0.000000000   -0.000000242   -0.000000410  256.125856  76353.7181
2034.00   15.0000    0.0000   15.0000  276.7210  276.7210  0.000000       0.00000       0.00000         230350.7865    0.000000    -0.00005     0.00000    0.000000000   -0.000000242   -0.000000409  256.080961  76231.5917
2046.00   15.0000    0.0000   15.0000  276.7990  276.7990  0.000000       0.00000       0.00000         230285.8753    0.000000    -0.00005     0.00000    0.000000000   -0.000000242   -0.000000409  256.036033  76109.6393
2058.00   15.0000    0.0000   15.0000  276.8770  276.8770  0.000000       0.00000       0.00000         230221.0007    0.000000    -0.00005     0.00000    0.000000000   -0.000000242   -0.000000409  255.991072  75987.8607
2070.00   15.0000    0.0000   15.0000  276.9550  276.9550  0.000000       0.00000       0.00000         230156.1626    0.000000    -0.00005     0.00000    0.000000000   -0.000000242   -0.000000408  255.946078  75866.2555
2082.00   15.0000    0.0000   15.0000  277.0330  277.0330  0.000000       0.00000       0.00000         230091.3610    0.000000    -0.00005     0.00000    0.000000000   -0.000000242   -0.000000408  255.901051  75744.8236
2094.00   15.0000    0.0000   15.0000  277.1110  277.1110  0.000000       0.00000       0.00000         230026.5958    0.000000    -0.00005     0.00000    0.000000000   -0.000000242   -0.000000407  255.855991  75623.5648
2106.00   15.0000    0.0000   15.0000  277.1890  277.1890  0.000000       0.00000       0.00000         229961.8672    0.000000    -0.00005     0.00000    0.000000000   -0.000000242   -0.000000407  255.810898  75502.4787
2118.00   15.0000    0.0000   15.0000  277.2670  277.2670  0.000000       0.00000       0.00000         229897.1749    0.000000    -0.00005     0.00000    0.000000000   -0.000000242   -0.000000406  255.765772  75381.5653
2130.00   15.0000    0.0000   15.0000  277.3450  277.3450  0.000000       0.00000       0.00000         229832.5191    0.000000    -0.00005     0.00000    0.000000000   -0.000000242   -0.000000406  255.720613  75260.8242
2142.00   15.0000    0.0000   15.0000  277.4230  277.4230  0.000000       0.00000       0.00000         229767.8996    0.000000    -0.00005     0.00000    0.000000000   -0.000000241   -0.000000405  255.675421  75140.2552
2154.00   15.0000    0.0000   15.0000  277.5010  277.5010  0.000000       0.00000       0.00000         229703.3164    0.000000    -0.00005     0.00000    0.000000000   -0.000000241   -0.000000405  255.630196  75019.8580
2166.00   15.0000    0.0000   15.0000  277.5790  277.5790  0.000000       0.00000       0.00000         229638.7695    0.000000    -0.00005     0.00000    0.000000000   -0.000000241   -0.000000404  255.584939  74899.6326
2178.00   15.0000    0.0000   15.0000  277.6570  277.6570  0.000000       0.00000       0.00000         229574.2589    0.000000    -0.00005     0.00000    0.000000000   -0.000000241   -0.000000404  255.539648  74779.5785
2190.00   15.0000    0.0000   15.0000  277.7350  277.7350  0.000000       0.00000       0.00000         229509.7845    0.000000    -0.00005     0.00000    0.000000000   -0.000000241   -0.000000403  255.494325  74659.6957
2202.00   15.0000    0.0000   15.0000  277.8130  277.8130  0.000000       0.00000       0.00000         229445.3463    0.000000    -0.00005     0.00000    0.000000000   -0.000000241   -0.000000403  255.448968  74539.9838
2214.00   15.0000    0.0000   15.0000  277.8910  277.8910  0.000000       0.00000       0.00000         229380.9443    0.000000    -0.00005     0.00000    0.000000000   -0.000000241   -0.000000403  255.403579  74420.4427
2226.00   15.0000    0.0000   15.0000  277.9690  277.9690  0.000000       0.00000       0.00000         229316.5785    0.000000    -0.00005     0.00000    0.000000000   -0.000000241   -0.000000402  255.358157  74301.0720
2238.00   15.0000    0.0000   15.0000  278.0470  278.0470  0.000000       0.00000       0.00000         229252.2487    0.000000    -0.00005     0.00000    0.000000000   -0.000000241   -0.000000402  255.312702  74181.8717
2250.00   15.0000    0.0000   15.0000  278.1250  278.1250  0.000000       0.00000       0.00000         229187.9551    0.000000    -0.00005     0.00000    0.000000000   -0.000000241   -0.000000401  255.267214  74062.8414
2262.00   15.0000    0.0000   15.0000  278.2030  278.2030  0.000000       0.00000       0.00000         229123.6974    0.000000    -0.00006     0.00000    0.000000000   -0.000000240   -0.000000401  255.221694  73943.9809
2274.00   15.0000    0.0000   15.0000  278.2810  278.2810  0.000000       0.00000       0.00000         229059.4759    0.000000    -0.00006     0.00000    0.000000000   -0.000000240   -0.000000400  255.176140  73825.2900
2286.00   15.0000    0.0000   15.0000  278.3590  278.3590  0.000000       0.00000       0.00000         228995.2903    0.000000    -0.00006     0.00000    0.000000000   -0.000000240   -0.000000400  255.130554  73706.7685
2298.00   15.0000    0.0000   15.0000  278.4370  278.4370  0.000000       0.00000       0.00000         228931.1406    0.000000    -0.00006     0.00000    0.000000000   -0.000000240   -0.000000399  255.084935  73588.4161
2310.00   15.0000    0.0000   15.0000  278.5150  278.5150  0.000000       0.00000       0.00000         228867.0269    0.000000    -0.00006     0.00000    0.000000000   -0.000000240   -0.000000399  255.039283  73470.2326
2322.00   15.0000    0.0000   15.0000  278.5930  278.5930  0.000000       0.00000       0.00000         228802.9491    0.000000    -0.00006     0.00000    0.000000000   -0.000000240   -0.000000398  254.993599  73352.2179
2334.00   15.0000    0.0000   15.0000  278.6710  278.6710  0.000000       0.00000       0.00000         228738.9072    0.000000    -0.00006     0.00000    0.000000000   -0.000000240   -0.000000398  254.947881  73234.3716
2346.00   15.0000    0.0000   15.0000  278.7490  278.7490  0.000000       0.00000       0.00000         228674.9011    0.000000    -0.00006     0.00000    0.000000000   -0.000000240   -0.000000397  254.902131  73116.6935
2358.00   15.0000    0.0000   15.0000  278.8270  278.8270  0.000000       0.00000       0.00000         228610.9308    0.000000    -0.00006     0.00000    0.000000000   -0.000000239   -0.000000397  254.856348  72999.1834
2370.00   15.0000    0.0000   15.0000  278.9050  278.9050  0.000000       0.00000       0.00000         228546.9963    0.000000    -0.00006     0.00000    0.000000000   -0.000000239   -0.000000396  254.810532  72881.8412
2382.00   15.0000    0.0000   15.0000  278.9830  278.9830  0.000000       0.00000       0.00000              0.0000    0.000000    -0.00006     0.00000    0.000000000    0.000000000    0.000000000  254.764684  72764.6665
2394.00   15.0000    0.0000   15.0000  279.0610  279.0610  0.000000       0.00000       0.00000              0.0000    0.000000     0.00000     0.00000    0.000000000    0.000000000    0.000000000  254.718802  72647.6591
