   0.00    0.0000    0.0000    0.0000  240.2553  240.2553  0.000000       0.00000       0.00000              0.0000    0.000000     0.00000     0.00000    0.000000000    0.000000000    0.000000000    0.000000      0.0000
   6.00    7.8466    3.5084    8.5952  241.7259  241.7259  0.000000       0.73751       0.73751              0.0000    0.000000     0.00000     0.00000   -0.000006706    0.000000000    0.000000000  241.638144  99872.9176
  18.00    8.8682    3.8886    9.6833  241.8270  241.8270  0.000000       2.31527       2.31527              0.0522    0.000000    -0.00000     0.00000   -0.000017995    0.000000000    0.000000000  241.592747  99661.2771
  30.00    9.5168    4.0871   10.3573  241.8935  241.8935  0.000000       2.24592       2.24592              0.0761    0.000000    -0.00000     0.00000   -0.000022302   -0.000000077   -0.000000110  241.542072  99492.2868
  42.00   10.1082    4.2307   10.9579  241.9564  241.9564  0.000000       2.46932       2.46932              0.0900    0.000000    -0.00000     0.00000   -0.000024498   -0.000000085   -0.000000118  241.487833  99323.5465
  54.00   10.6397    4.3269   11.4859  242.0154  242.0154  0.000000       2.44633       2.44633              0.1044    0.000000    -0.00000     0.00000   -0.000026233   -0.000000090   -0.000000123  241.429569  99155.0531
  66.00   11.1414    4.3868   11.9740  242.0736  242.0736  0.000000       2.40131       2.40131              0.1170    0.000000    -0.00000     0.00000   -0.000027742   -0.000000090   -0.000000123  241.370547  98986.8047
  78.00   11.6200    4.4143   12.4302  242.1320  242.1320  0.000000       2.29751       2.29751              0.1295    0.000000    -0.00000     0.00000   -0.000029152   -0.000000089   -0.000000121  241.311639  98818.8008
  90.00   12.0819    4.4115   12.8621  242.1915  242.1915  0.000000       2.16908       2.16908              0.1417    0.000000    -0.00000     0.00000   -0.000030553   -0.000000085   -0.000000118  241.253854  98651.0415
 102.00   12.5300    4.3794   13.2732  242.2529  242.2529  0.000000       2.02022       2.02022              0.1539    0.000000    -0.00000     0.00000   -0.000032006   -0.000000080   -0.000000113  241.197873  98483.5275
 114.00   12.9660    4.3181   13.6661  242.3167  242.3167  0.000000       1.86031       1.86031              0.1665    0.000000    -0.00000     0.00000   -0.000033543   -0.000000074   -0.000000107  241.144357  98316.2601
 126.00   13.3904    4.2273   14.0419  242.3838  242.3838  0.000000       1.69405       1.69405              0.1796    0.000000    -0.00000     0.00000   -0.000035204   -0.000000067   -0.000000100  241.093937  98149.2408
 138.00   13.8030    4.1065   14.4009  242.4546  242.4546  0.000000       1.52565       1.52565              0.1933    0.000000    -0.00000     0.00000   -0.000037044   -0.000000058   -0.000000091  241.047281  97982.4717
 150.00   14.2027    3.9547   14.7430  242.5300  242.5300  0.000000       1.35803       1.35803              0.2080    0.000000    -0.00000     0.00000   -0.000039107   -0.000000047   -0.000000081  241.005117  97815.9553
 162.00   14.5878    3.7709   15.0673  242.6108  242.6108  0.000000       1.19352       1.19352              0.2240    0.000000    -0.00000     0.00000   -0.000041473   -0.000000035   -0.000000069  240.968280  97649.6946
 174.00   14.9557    3.5540   15.3722  242.6979  242.6979  0.000000       1.03372       1.03372              0.2415    0.000000    -0.00001     0.00000   -0.000044227   -0.000000020   -0.000000055  240.937760  97483.6934
 186.00   15.3033    3.3031   15.6557  242.7927  242.7927  0.000000       0.88027       0.88027              0.2611    0.000000    -0.00001     0.00000   -0.000047447   -0.000000002   -0.000000038  240.914754  97317.9560
 198.00   15.6263    3.0169   15.9148  242.8967  242.8967  0.000000       0.73315       0.73315              0.2835    0.000000    -0.00001     0.00000   -0.000051263    0.000000019   -0.000000017  240.900821  97152.4877
 210.00   15.9190    2.6948   16.1455  243.0119  243.0119  0.000000       0.59537       0.59537              0.3096    0.000000    -0.00001     0.00000   -0.000055972    0.000000046    0.000000009  240.897931  96987.2949
 222.00   16.1750    2.3355   16.3427  243.1414  243.1414  0.000000       0.46168       0.46168              0.3421    0.000000    -0.00001     0.00000   -0.000061767    0.000000080    0.000000041  240.909188  96822.3859
 234.00   16.3831    1.9410   16.4977  243.2888  243.2888  0.000000       0.34661       0.34661              0.3816    0.000000    -0.00001     0.00000   -0.000069346    0.000000130    0.000000088  240.938061  96657.7710
 246.00   16.5317    1.5035   16.5999  243.4646  243.4646  0.000000       0.21727       0.21727              0.4453    0.000000    -0.00002     0.00000   -0.000080378    0.000000191    0.000000147  240.995035  96493.4652
 258.00   16.5868    1.0560   16.6204  243.6686  243.6686  0.000000       0.15509       0.15509              0.5060    0.000000    -0.00002     0.00000   -0.000106336    0.000000314    0.000000263  241.079906  96329.4870
 270.00   16.4672    0.5372   16.4760  243.9560  243.9560  0.000000       0.00273       0.00273              1.8246    0.000000     0.00000     0.00000   -0.000089387    0.000009112    0.000006655  241.246992  96165.8727
 282.00   15.0621   -0.0181   15.0621  250.2470  250.2470  0.000000       0.00038       0.00038              2.9026    0.000000    -0.00011     0.00000   -0.000066415    0.000011110    0.000012972  247.349579  96004.6038
 294.00   15.0002   -0.0002   15.0002  251.4890  251.4890  0.000000       0.00000       0.00000            571.5780    0.000000    -0.00012     0.00000   -0.000001659    0.000004773    0.000004528  248.459846  95845.9709
 306.00   15.0000   -0.0000   15.0000  252.8038  252.8038  0.000000       0.00000       0.00000        3183321.6616    0.000000    -0.00008     0.00000    0.000000000    0.000004278    0.000004142  249.641350  95688.3280
 318.00   15.0000   -0.0000   15.0000  253.6494  253.6494  0.000000       0.00000       0.00000        2529869.2641    0.000000    -0.00007     0.00000    0.000000000    0.000003214    0.000003047  250.359066  95531.5424
 330.00   15.0000   -0.0000   15.0000  254.3742  254.3742  0.000000       0.00000       0.00000        2152311.1590    0.000000    -0.00006     0.00000    0.000000000    0.000002808    0.000002648  250.957271  95375.4244
 342.00   15.0000   -0.0000   15.0000  254.9893  254.9893  0.000000       0.00000       0.00000        1858061.6510    0.000000    -0.00006     0.00000    0.000000000    0.000002464    0.000002306  251.446801  95219.8987
 354.00   15.0000   -0.0000   15.0000  255.5337  255.5337  0.000000       0.00000       0.00000        1649689.1695    0.000000    -0.00005     0.00000    0.000000000    0.000002211    0.000002057  251.866501  95064.9071
 366.00   15.0000    0.0000   15.0000  256.0209  256.0209  0.000000       0.00000       0.00000        1494074.5918    0.000000    -0.00005     0.00000    0.000000000    0.000002017    0.000001864  252.229496  94910.4078
 378.00   15.0000    0.0000   15.0000  256.4699  256.4699  0.000000       0.00000       0.00000        1365039.9077    0.000000    -0.00005     0.00000    0.000000000    0.000001848    0.000001697  252.554599  94756.3697
 390.00   15.0000    0.0000   15.0000  256.8777  256.8777  0.000000       0.00000       0.00000        1262079.8087    0.000000    -0.00005     0.00000    0.000000000    0.000001710    0.000001560  252.839028  94602.7670
 402.00   15.0000    0.0000   15.0000  257.2633  257.2633  0.000000       0.00000       0.00000        1175200.7261    0.000000    -0.00004     0.00000    0.000000000    0.000001589    0.000001440  253.101367  94449.5788
 414.00   15.0000    0.0000   15.0000  257.6176  257.6176  0.000000       0.00000       0.00000        1103495.9045    0.000000    -0.00004     0.00000    0.000000000    0.000001488    0.000001339  253.332794  94296.7878
 426.00   15.0000    0.0000   15.0000  257.9590  257.9590  0.000000       0.00000       0.00000        1045052.3645    0.000000    -0.00004     0.00000    0.000000000    0.000001405    0.000001256  253.551338  94144.3792
 438.00   15.0000    0.0000   15.0000  258.2774  258.2774  0.000000       0.00000       0.00000         989348.4537    0.000000    -0.00004     0.00000    0.000000000    0.000001321    0.000001173  253.747092  93992.3411
 450.00   15.0000    0.0000   15.0000  258.5844  258.5844  0.000000       0.00000       0.00000         942432.0250    0.000000    -0.00004     0.00000    0.000000000    0.000001250    0.000001102  253.931542  93840.6622
 462.00   15.0000    0.0000   15.0000  258.8738  258.8738  0.000000       0.00000       0.00000         897974.7090    0.000000    -0.00004     0.00000    0.000000000    0.000001180    0.000001031  254.098587  93689.3327
 474.00   15.0000    0.0000   15.0000  259.1533  259.1533  0.000000       0.00000       0.00000         861345.4180    0.000000    -0.00004     0.00000    0.000000000    0.000001122    0.000000973  254.255774  93538.3435
 486.00   15.0000    0.0000   15.0000  259.4201  259.4201  0.000000       0.00000       0.00000         825921.4165    0.000000    -0.00004     0.00000    0.000000000    0.000001064    0.000000915  254.400373  93387.6871
 498.00   15.0000    0.0000   15.0000  259.6777  259.6777  0.000000       0.00000       0.00000         795424.6244    0.000000    -0.00004     0.00000    0.000000000    0.000001013    0.000000864  254.535809  93237.3560
 510.00   15.0000    0.0000   15.0000  259.9256  259.9256  0.000000       0.00000       0.00000         767749.1372    0.000000    -0.00004     0.00000    0.000000000    0.000000966    0.000000817  254.661684  93087.3439
 522.00   15.0000    0.0000   15.0000  260.1661  260.1661  0.000000       0.00000       0.00000         742513.0270    0.000000    -0.00004     0.00000    0.000000000    0.000000923    0.000000774  254.780116  92937.6449
 534.00   15.0000    0.0000   15.0000  260.3984  260.3984  0.000000       0.00000       0.00000         719874.7057    0.000000    -0.00004     0.00000    0.000000000    0.000000884    0.000000734  254.890479  92788.2536
 546.00   15.0000    0.0000   15.0000  260.6248  260.6248  0.000000       0.00000       0.00000         699281.1333    0.000000    -0.00004     0.00000    0.000000000    0.000000848    0.000000697  254.994989  92639.1654
 558.00   15.0000    0.0000   15.0000  260.8444  260.8444  0.000000       0.00000       0.00000         679948.6186    0.000000    -0.00004     0.00000    0.000000000    0.000000813    0.000000662  255.092684  92490.3756
 570.00   15.0000    0.0000   15.0000  261.0589  261.0589  0.000000       0.00000       0.00000         660011.0125    0.000000    -0.00004     0.00000    0.000000000    0.000000776    0.000000625  255.185292  92341.8801
 582.00   15.0000    0.0000   15.0000  261.2661  261.2661  0.000000       0.00000       0.00000         642127.4486    0.000000    -0.00004     0.00000    0.000000000    0.000000742    0.000000591  255.270691  92193.6748
 594.00   15.0000    0.0000   15.0000  261.4695  261.4695  0.000000       0.00000       0.00000         625771.2291    0.000000    -0.00004     0.00000    0.000000000    0.000000711    0.000000560  255.352263  92045.7556
 606.00   15.0000    0.0000   15.0000  261.6665  261.6665  0.000000       0.00000       0.00000         609856.3845    0.000000    -0.00004     0.00000    0.000000000    0.000000680    0.000000529  255.427569  91898.1191
 618.00   15.0000    0.0000   15.0000  261.8600  261.8600  0.000000       0.00000       0.00000         596001.2516    0.000000    -0.00004     0.00000    0.000000000    0.000000653    0.000000502  255.499307  91750.7618
 630.00   15.0000    0.0000   15.0000  262.0485  262.0485  0.000000       0.00000       0.00000         582317.9069    0.000000    -0.00004     0.00000    0.000000000    0.000000626    0.000000474  255.566057  91603.6806
 642.00   15.0000    0.0000   15.0000  262.2335  262.2335  0.000000       0.00000       0.00000         570496.0854    0.000000    -0.00004     0.00000    0.000000000    0.000000603    0.000000450  255.629334  91456.8725
 654.00   15.0000    0.0000   15.0000  262.4146  262.4146  0.000000       0.00000       0.00000         559188.7987    0.000000    -0.00004     0.00000    0.000000000    0.000000580    0.000000427  255.688778  91310.3349
 666.00   15.0000    0.0000   15.0000  262.5926  262.5926  0.000000       0.00000       0.00000         549700.1605    0.000000    -0.00004     0.00000    0.000000000    0.000000561    0.000000408  255.745063  91164.0651
 678.00   15.0000    0.0000   15.0000  262.7679  262.7679  0.000000       0.00000       0.00000         541112.1252    0.000000    -0.00004     0.00000    0.000000000    0.000000544    0.000000391  255.798645  91018.0609
 690.00   15.0000    0.0000   15.0000  262.9406  262.9406  0.000000       0.00000       0.00000         533267.5748    0.000000    -0.00004     0.00000    0.000000000    0.000000529    0.000000375  255.849625  90872.3204
 702.00   15.0000    0.0000   15.0000  263.1110  263.1110  0.000000       0.00000       0.00000         526096.9557    0.000000    -0.00004     0.00000    0.000000000    0.000000515    0.000000360  255.898363  90726.8416
 714.00   15.0000    0.0000   15.0000  263.2793  263.2793  0.000000       0.00000       0.00000         519909.2005    0.000000    -0.00004     0.00000    0.000000000    0.000000502    0.000000347  255.944916  90581.6226
 726.00   15.0000    0.0000   15.0000  263.4460  263.4460  0.000000       0.00000       0.00000         515054.7834    0.000000    -0.00004     0.00000    0.000000000    0.000000493    0.000000338  255.989837  90436.6620
 738.00   15.0000    0.0000   15.0000  263.6114  263.6114  0.000000       0.00000       0.00000         511255.8151    0.000000    -0.00004     0.00000    0.000000000    0.000000487    0.000000330  256.033406  90291.9584
 750.00   15.0000    0.0000   15.0000  263.7759  263.7759  0.000000       0.00000       0.00000         508317.4610    0.000000    -0.00004     0.00000    0.000000000    0.000000482    0.000000325  256.076002  90147.5106
 762.00   15.0000    0.0000   15.0000  263.9396  263.9396  0.000000       0.00000       0.00000         506688.6505    0.000000    -0.00004     0.00000    0.000000000    0.000000481    0.000000323  256.117783  90003.3177
 774.00   15.0000    0.0000   15.0000  264.1032  264.1032  0.000000       0.00000       0.00000         505512.8543    0.000000    -0.00004     0.00000    0.000000000    0.000000480    0.000000322  256.159410  89859.3788
 786.00   15.0000    0.0000   15.0000  264.2663  264.2663  0.000000       0.00000       0.00000         504991.3567    0.000000    -0.00004     0.00000    0.000000000    0.000000481    0.000000322  256.200505  89715.6932
 798.00   15.0000    0.0000   15.0000  264.4298  264.4298  0.000000       0.00000       0.00000         505958.8193    0.000000    -0.00004     0.00000    0.000000000    0.000000486    0.000000326  256.241855  89572.2605
 810.00   15.0000    0.0000   15.0000  264.5937  264.5937  0.000000       0.00000       0.00000         508160.2924    0.000000    -0.00004     0.00000    0.000000000    0.000000494    0.000000334  256.283608  89429.0803
 822.00   15.0000    0.0000   15.0000  264.7588  264.7588  0.000000       0.00000       0.00000         512000.8348    0.000000    -0.00004     0.00000    0.000000000    0.000000507    0.000000345  256.326391  89286.1525
 834.00   15.0000    0.0000   15.0000  264.9255  264.9255  0.000000       0.00000       0.00000         518354.6552    0.000000    -0.00004     0.00000    0.000000000    0.000000526    0.000000363  256.370607  89143.4774
 846.00   15.0000    0.0000   15.0000  265.0949  265.0949  0.000000       0.00000       0.00000         527557.2083    0.000000    -0.00005     0.00000    0.000000000    0.000000553    0.000000388  256.417431  89001.0555
 858.00   15.0000    0.0000   15.0000  265.2677  265.2677  0.000000       0.00000       0.00000         539172.9585    0.000000    -0.00005     0.00000    0.000000000    0.000000586    0.000000420  256.467481  88858.8880
 870.00   15.0000    0.0000   15.0000  265.4449  265.4449  0.000000       0.00000       0.00000         557130.1346    0.000000    -0.00005     0.00000    0.000000000    0.000000636    0.000000468  256.521661  88716.9764
 882.00   15.0000    0.0000   15.0000  265.6297  265.6297  0.000000       0.00000       0.00000         574567.9947    0.000000    -0.00005     0.00000    0.000000000    0.000000686    0.000000516  256.583054  88575.3233
 894.00   15.0000    0.0000   15.0000  265.8185  265.8185  0.000000       0.00000       0.00000         607904.8734    0.000000    -0.00006     0.00000    0.000000000    0.000000779    0.000000606  256.648269  88433.9313
 906.00   15.0000    0.0000   15.0000  266.0251  266.0251  0.000000       0.00000       0.00000         627776.1967    0.000000    -0.00006     0.00000    0.000000000    0.000000838    0.000000663  256.730690  88292.8055
 918.00   15.0000    0.0000   15.0000  266.2272  266.2272  0.000000       0.00000       0.00000         699513.9683    0.000000    -0.00007     0.00000    0.000000000    0.000001039    0.000000856  256.808517  88151.9488
 930.00   15.0000    0.0000   15.0000  266.4809  266.4809  0.000000       0.00000       0.00000         709786.4747    0.000000    -0.00006     0.00000    0.000000000    0.000001076    0.000000894  256.936133  88011.3731
 942.00   15.0000    0.0000   15.0000  266.6901  266.6901  0.000000       0.00000       0.00000         890349.3527    0.000000    -0.00011     0.00000    0.000000000    0.000001590    0.000001385  257.020659  87871.0794
 954.00   15.0000    0.0000   15.0000  267.0620  267.0620  0.000000       0.00000       0.00000         857166.2566    0.000000    -0.00006     0.00000    0.000000000    0.000001512    0.000001324  257.261952  87731.0980
 966.00   15.0000    0.0000   15.0000  267.2503  267.2503  0.000000       0.00000       0.00000        1317204.9117    0.000000    -0.00020     0.00000    0.000000000    0.000002873    0.000002597  257.326188  87591.4226
 978.00   15.0000    0.0000   15.0000  267.9235  267.9235  0.000000       0.00000       0.00000        1213144.4344    0.000000    -0.00004     0.00000    0.000000000    0.000002594    0.000002417  257.857185  87452.1302
 990.00   15.0000    0.0000   15.0000  268.0458  268.0458  0.000000       0.00000       0.00000        3185154.4182    0.000000    -0.00061     0.00000    0.000000000    0.000009017    0.000008091  257.857690  87313.2029
1002.00   15.0000    0.0000   15.0000  270.0130  270.0130  0.000000       0.00000       0.00000        3095033.8018    0.000000    -0.00002     0.00000    0.000000000    0.000008804    0.000009028  259.632628  87174.9697
1014.00   15.0000    0.0000   15.0000  270.0910  270.0910  0.000000       0.00000       0.00000         236005.2723    0.000000    -0.00002     0.00000    0.000000000   -0.000000242   -0.000000438  259.590518  87037.4177
1026.00   15.0000    0.0000   15.0000  270.1690  270.1690  0.000000       0.00000       0.00000         235937.1356    0.000000    -0.00002     0.00000    0.000000000   -0.000000242   -0.000000438  259.548375  86900.0604
1038.00   15.0000    0.0000   15.0000  270.2470  270.2470  0.000000       0.00000       0.00000         235869.0383    0.000000    -0.00003     0.00000    0.000000000   -0.000000242   -0.000000438  259.506198  86762.8976
1050.00   15.0000    0.0000   15.0000  270.3250  270.3250  0.000000       0.00000       0.00000         235800.9803    0.000000    -0.00003     0.00000    0.000000000   -0.000000242   -0.000000437  259.463988  86625.9291
1062.00   15.0000    0.0000   15.0000  270.4030  270.4030  0.000000       0.00000       0.00000         235732.9615    0.000000    -0.00003     0.00000    0.000000000   -0.000000242   -0.000000437  259.421743  86489.1546
1074.00   15.0000    0.0000   15.0000  270.4810  270.4810  0.000000       0.00000       0.00000         235664.9820    0.000000    -0.00003     0.00000    0.000000000   -0.000000242   -0.000000437  259.379465  86352.5738
1086.00   15.0000    0.0000   15.0000  270.5590  270.5590  0.000000       0.00000       0.00000         235597.0417    0.000000    -0.00003     0.00000    0.000000000   -0.000000242   -0.000000436  259.337153  86216.1864
1098.00   15.0000    0.0000   15.0000  270.6370  270.6370  0.000000       0.00000       0.00000         235529.1405    0.000000    -0.00003     0.00000    0.000000000   -0.000000242   -0.000000436  259.294807  86079.9923
1110.00   15.0000    0.0000   15.0000  270.7150  270.7150  0.000000       0.00000       0.00000         235461.2785    0.000000    -0.00003     0.00000    0.000000000   -0.000000242   -0.000000436  259.252428  85943.9911
1122.00   15.0000    0.0000   15.0000  270.7930  270.7930  0.000000       0.00000       0.00000         235393.4555    0.000000    -0.00003     0.00000    0.000000000   -0.000000242   -0.000000435  259.210014  85808.1826
1134.00   15.0000    0.0000   15.0000  270.8710  270.8710  0.000000       0.00000       0.00000         235325.6716    0.000000    -0.00003     0.00000    0.000000000   -0.000000242   -0.000000435  259.167567  85672.5665
1146.00   15.0000    0.0000   15.0000  270.9490  270.9490  0.000000       0.00000       0.00000         235257.9268    0.000000    -0.00003     0.00000    0.000000000   -0.000000243   -0.000000435  259.125087  85537.1425
1158.00   15.0000    0.0000   15.0000  271.0270  271.0270  0.000000       0.00000       0.00000         235190.2209    0.000000    -0.00003     0.00000    0.000000000   -0.000000243   -0.000000434  259.082572  85401.9105
1170.00   15.0000    0.0000   15.0000  271.1050  271.1050  0.000000       0.00000       0.00000         235122.5540    0.000000    -0.00003     0.00000    0.000000000   -0.000000243   -0.000000434  259.040024  85266.8701
1182.00   15.0000    0.0000   15.0000  271.1830  271.1830  0.000000       0.00000       0.00000         235054.9260    0.000000    -0.00003     0.00000    0.000000000   -0.000000243   -0.000000434  258.997442  85132.0212
1194.00   15.0000    0.0000   15.0000  271.2610  271.2610  0.000000       0.00000       0.00000         234987.3369    0.000000    -0.00003     0.00000    0.000000000   -0.000000243   -0.000000433  258.954827  84997.3633
1206.00   15.0000    0.0000   15.0000  271.3390  271.3390  0.000000       0.00000       0.00000         234919.7867    0.000000    -0.00003     0.00000    0.000000000   -0.000000243   -0.000000433  258.912178  84862.8963
1218.00   15.0000    0.0000   15.0000  271.4170  271.4170  0.000000       0.00000       0.00000         234852.2753    0.000000    -0.00003     0.00000    0.000000000   -0.000000243   -0.000000433  258.869495  84728.6200
1230.00   15.0000    0.0000   15.0000  271.4950  271.4950  0.000000       0.00000       0.00000         234784.8027    0.000000    -0.00003     0.00000    0.000000000   -0.000000243   -0.000000432  258.826778  84594.5340
1242.00   15.0000    0.0000   15.0000  271.5730  271.5730  0.000000       0.00000       0.00000         234717.3688    0.000000    -0.00003     0.00000    0.000000000   -0.000000243   -0.000000432  258.784028  84460.6381
1254.00   15.0000    0.0000   15.0000  271.6510  271.6510  0.000000       0.00000       0.00000         234649.9737    0.000000    -0.00003     0.00000    0.000000000   -0.000000243   -0.000000432  258.741245  84326.9321
1266.00   15.0000    0.0000   15.0000  271.7290  271.7290  0.000000       0.00000       0.00000         234582.6172    0.000000    -0.00003     0.00000    0.000000000   -0.000000243   -0.000000431  258.698427  84193.4157
1278.00   15.0000    0.0000   15.0000  271.8070  271.8070  0.000000       0.00000       0.00000         234515.2995    0.000000    -0.00003     0.00000    0.000000000   -0.000000243   -0.000000431  258.655576  84060.0886
1290.00   15.0000    0.0000   15.0000  271.8850  271.8850  0.000000       0.00000       0.00000         234448.0203    0.000000    -0.00003     0.00000    0.000000000   -0.000000243   -0.000000430  258.612692  83926.9506
1302.00   15.0000    0.0000   15.0000  271.9630  271.9630  0.000000       0.00000       0.00000         234380.7797    0.000000    -0.00003     0.00000    0.000000000   -0.000000243   -0.000000430  258.569774  83794.0014
1314.00   15.0000    0.0000   15.0000  272.0410  272.0410  0.000000       0.00000       0.00000         234313.5777    0.000000    -0.00003     0.00000    0.000000000   -0.000000243   -0.000000430  258.526822  83661.2409
1326.00   15.0000    0.0000   15.0000  272.1190  272.1190  0.000000       0.00000       0.00000         234246.4143    0.000000    -0.00003     0.00000    0.000000000   -0.000000243   -0.000000429  258.483836  83528.6686
1338.00   15.0000    0.0000   15.0000  272.1970  272.1970  0.000000       0.00000       0.00000         234179.2893    0.000000    -0.00003     0.00000    0.000000000   -0.000000243   -0.000000429  258.440818  83396.2844
1350.00   15.0000    0.0000   15.0000  272.2750  272.2750  0.000000       0.00000       0.00000         234112.2027    0.000000    -0.00003     0.00000    0.000000000   -0.000000243   -0.000000429  258.397765  83264.0881
1362.00   15.0000    0.0000   15.0000  272.3530  272.3530  0.000000       0.00000       0.00000         234045.1546    0.000000    -0.00003     0.00000    0.000000000   -0.000000243   -0.000000428  258.354679  83132.0793
1374.00   15.0000    0.0000   15.0000  272.4310  272.4310  0.000000       0.00000       0.00000         233978.1449    0.000000    -0.00003     0.00000    0.000000000   -0.000000243   -0.000000428  258.311560  83000.2578
1386.00   15.0000    0.0000   15.0000  272.5090  272.5090  0.000000       0.00000       0.00000         233911.1736    0.000000    -0.00003     0.00000    0.000000000   -0.000000243   -0.000000428  258.268407  82868.6234
1398.00   15.0000    0.0000   15.0000  272.5870  272.5870  0.000000       0.00000       0.00000         233844.2406    0.000000    -0.00003     0.00000    0.000000000   -0.000000243   -0.000000427  258.225220  82737.1758
1410.00   15.0000    0.0000   15.0000  272.6650  272.6650  0.000000       0.00000       0.00000         233777.3458    0.000000    -0.00003     0.00000    0.000000000   -0.000000243   -0.000000427  258.182000  82605.9148
1422.00   15.0000    0.0000   15.0000  272.7430  272.7430  0.000000       0.00000       0.00000         233710.4894    0.000000    -0.00003     0.00000    0.000000000   -0.000000243   -0.000000426  258.138746  82474.8400
1434.00   15.0000    0.0000   15.0000  272.8210  272.8210  0.000000       0.00000       0.00000         233643.6711    0.000000    -0.00003     0.00000    0.000000000   -0.000000243   -0.000000426  258.095459  82343.9514
1446.00   15.0000    0.0000   15.0000  272.8990  272.8990  0.000000       0.00000       0.00000         233576.8911    0.000000    -0.00004     0.00000    0.000000000   -0.000000243   -0.000000426  258.052139  82213.2485
1458.00   15.0000    0.0000   15.0000  272.9770  272.9770  0.000000       0.00000       0.00000         233510.1492    0.000000    -0.00004     0.00000    0.000000000   -0.000000243   -0.000000425  258.008785  82082.7312
1470.00   15.0000    0.0000   15.0000  273.0550  273.0550  0.000000       0.00000       0.00000         233443.4455    0.000000    -0.00004     0.00000    0.000000000   -0.000000243   -0.000000425  257.965397  81952.3993
1482.00   15.0000    0.0000   15.0000  273.1330  273.1330  0.000000       0.00000       0.00000         233376.7798    0.000000    -0.00004     0.00000    0.000000000   -0.000000243   -0.000000424  257.921976  81822.2524
1494.00   15.0000    0.0000   15.0000  273.2110  273.2110  0.000000       0.00000       0.00000         233310.1522    0.000000    -0.00004     0.00000    0.000000000   -0.000000243   -0.000000424  257.878522  81692.2903
1506.00   15.0000    0.0000   15.0000  273.2890  273.2890  0.000000       0.00000       0.00000         233243.5627    0.000000    -0.00004     0.00000    0.000000000   -0.000000243   -0.000000424  257.835034  81562.5127
1518.00   15.0000    0.0000   15.0000  273.3670  273.3670  0.000000       0.00000       0.00000         233177.0111    0.000000    -0.00004     0.00000    0.000000000   -0.000000242   -0.000000423  257.791513  81432.9195
1530.00   15.0000    0.0000   15.0000  273.4450  273.4450  0.000000       0.00000       0.00000         233110.4975    0.000000    -0.00004     0.00000    0.000000000   -0.000000242   -0.000000423  257.747959  81303.5104
1542.00   15.0000    0.0000   15.0000  273.5230  273.5230  0.000000       0.00000       0.00000         233044.0219    0.000000    -0.00004     0.00000    0.000000000   -0.000000242   -0.000000422  257.704371  81174.2851
1554.00   15.0000    0.0000   15.0000  273.6010  273.6010  0.000000       0.00000       0.00000         232977.5841    0.000000    -0.00004     0.00000    0.000000000   -0.000000242   -0.000000422  257.660749  81045.2433
1566.00   15.0000    0.0000   15.0000  273.6790  273.6790  0.000000       0.00000       0.00000         232911.1843    0.000000    -0.00004     0.00000    0.000000000   -0.000000242   -0.000000422  257.617094  80916.3849
1578.00   15.0000    0.0000   15.0000  273.7570  273.7570  0.000000       0.00000       0.00000         232844.8222    0.000000    -0.00004     0.00000    0.000000000   -0.000000242   -0.000000421  257.573406  80787.7096
1590.00   15.0000    0.0000   15.0000  273.8350  273.8350  0.000000       0.00000       0.00000         232778.4980    0.000000    -0.00004     0.00000    0.000000000   -0.000000242   -0.000000421  257.529685  80659.2172
1602.00   15.0000    0.0000   15.0000  273.9130  273.9130  0.000000       0.00000       0.00000         232712.2115    0.000000    -0.00004     0.00000    0.000000000   -0.000000242   -0.000000420  257.485930  80530.9073
1614.00   15.0000    0.0000   15.0000  273.9910  273.9910  0.000000       0.00000       0.00000         232645.9628    0.000000    -0.00004     0.00000    0.000000000   -0.000000242   -0.000000420  257.442142  80402.7797
1626.00   15.0000    0.0000   15.0000  274.0690  274.0690  0.000000       0.00000       0.00000         232579.7518    0.000000    -0.00004     0.00000    0.000000000   -0.000000242   -0.000000420  257.398320  80274.8343
1638.00   15.0000    0.0000   15.0000  274.1470  274.1470  0.000000       0.00000       0.00000         232513.5785    0.000000    -0.00004     0.00000    0.000000000   -0.000000242   -0.000000419  257.354465  80147.0707
1650.00   15.0000    0.0000   15.0000  274.2250  274.2250  0.000000       0.00000       0.00000         232447.4428    0.000000    -0.00004     0.00000    0.000000000   -0.000000242   -0.000000419  257.310577  80019.4888
1662.00   15.0000    0.0000   15.0000  274.3030  274.3030  0.000000       0.00000       0.00000         232381.3447    0.000000    -0.00004     0.00000    0.000000000   -0.000000242   -0.000000418  257.266656  79892.0882
1674.00   15.0000    0.0000   15.0000  274.3810  274.3810  0.000000       0.00000       0.00000         232315.2842    0.000000    -0.00004     0.00000    0.000000000   -0.000000242   -0.000000418  257.222701  79764.8687
1686.00   15.0000    0.0000   15.0000  274.4590  274.4590  0.000000       0.00000       0.00000         232249.2613    0.000000    -0.00004     0.00000    0.000000000   -0.000000242   -0.000000418  257.178713  79637.8302
1698.00   15.0000    0.0000   15.0000  274.5370  274.5370  0.000000       0.00000       0.00000         232183.2758    0.000000    -0.00004     0.00000    0.000000000   -0.000000242   -0.000000417  257.134691  79510.9723
1710.00   15.0000    0.0000   15.0000  274.6150  274.6150  0.000000       0.00000       0.00000         232117.3279    0.000000    -0.00004     0.00000    0.000000000   -0.000000242   -0.000000417  257.090637  79384.2947
1722.00   15.0000    0.0000   15.0000  274.6930  274.6930  0.000000       0.00000       0.00000         232051.4174    0.000000    -0.00004     0.00000    0.000000000   -0.000000242   -0.000000416  257.046549  79257.7974
1734.00   15.0000    0.0000   15.0000  274.7710  274.7710  0.000000       0.00000       0.00000         231985.5443    0.000000    -0.00004     0.00000    0.000000000   -0.000000242   -0.000000416  257.002428  79131.4799
1746.00   15.0000    0.0000   15.0000  274.8490  274.8490  0.000000       0.00000       0.00000         231919.7086    0.000000    -0.00004     0.00000    0.000000000   -0.000000242   -0.000000416  256.958273  79005.3421
1758.00   15.0000    0.0000   15.0000  274.9270  274.9270  0.000000       0.00000       0.00000         231853.9103    0.000000    -0.00004     0.00000    0.000000000   -0.000000242   -0.000000415  256.914086  78879.3838
1770.00   15.0000    0.0000   15.0000  275.0050  275.0050  0.000000       0.00000       0.00000         231788.1493    0.000000    -0.00004     0.00000    0.000000000   -0.000000242   -0.000000415  256.869865  78753.6046
1782.00   15.0000    0.0000   15.0000  275.0830  275.0830  0.000000       0.00000       0.00000         231722.4256    0.000000    -0.00004     0.00000    0.000000000   -0.000000242   -0.000000414  256.825611  78628.0045
1794.00   15.0000    0.0000   15.0000  275.1610  275.1610  0.000000       0.00000       0.00000         231656.7391    0.000000    -0.00004     0.00000    0.000000000   -0.000000242   -0.000000414  256.781324  78502.5830
1806.00   15.0000    0.0000   15.0000  275.2390  275.2390  0.000000       0.00000       0.00000         231591.0899    0.000000    -0.00004     0.00000    0.000000000   -0.000000241   -0.000000413  256.737003  78377.3400
1818.00   15.0000    0.0000   15.0000  275.3170  275.3170  0.000000       0.00000       0.00000         231525.4779    0.000000    -0.00004     0.00000    0.000000000   -0.000000241   -0.000000413  256.692650  78252.2752
1830.00   15.0000    0.0000   15.0000  275.3950  275.3950  0.000000       0.00000       0.00000         231459.9030    0.000000    -0.00004     0.00000    0.000000000   -0.000000241   -0.000000413  256.648263  78127.3884
1842.00   15.0000    0.0000   15.0000  275.4730  275.4730  0.000000       0.00000       0.00000         231394.3653    0.000000    -0.00004     0.00000    0.000000000   -0.000000241   -0.000000412  256.603843  78002.6794
1854.00   15.0000    0.0000   15.0000  275.5510  275.5510  0.000000       0.00000       0.00000         231328.8647    0.000000    -0.00005     0.00000    0.000000000   -0.000000241   -0.000000412  256.559390  77878.1479
1866.00   15.0000    0.0000   15.0000  275.6290  275.6290  0.000000       0.00000       0.00000         231263.4012    0.000000    -0.00005     0.00000    0.000000000   -0.000000241   -0.000000411  256.514904  77753.7936
1878.00   15.0000    0.0000   15.0000  275.7070  275.7070  0.000000       0.00000       0.00000         231197.9747    0.000000    -0.00005     0.00000    0.000000000   -0.000000241   -0.000000411  256.470384  77629.6165
1890.00   15.0000    0.0000   15.0000  275.7850  275.7850  0.000000       0.00000       0.00000         231132.5852    0.000000    -0.00005     0.00000    0.000000000   -0.000000241   -0.000000410  256.425832  77505.6161
1902.00   15.0000    0.0000   15.0000  275.8630  275.8630  0.000000       0.00000       0.00000         231067.2326    0.000000    -0.00005     0.00000    0.000000000   -0.000000241   -0.000000410  256.381246  77381.7923
1914.00   15.0000    0.0000   15.0000  275.9410  275.9410  0.000000       0.00000       0.00000         231001.9171    0.000000    -0.00005     0.00000    0.000000000   -0.000000241   -0.000000410  256.336627  77258.1448
1926.00   15.0000    0.0000   15.0000  276.0190  276.0190  0.000000       0.00000       0.00000         230936.6384    0.000000    -0.00005     0.00000    0.000000000   -0.000000241   -0.000000409  256.291975  77134.6734
1938.00   15.0000    0.0000   15.0000  276.0970  276.0970  0.000000       0.00000       0.00000         230871.3966    0.000000    -0.00005     0.00000    0.000000000   -0.000000241   -0.000000409  256.247291  77011.3779
1950.00   15.0000    0.0000   15.0000  276.1750  276.1750  0.000000       0.00000       0.00000         230806.1917    0.000000    -0.00005     0.00000    0.000000000   -0.000000241   -0.000000408  256.202573  76888.2580
1962.00   15.0000    0.0000   15.0000  276.2530  276.2530  0.000000       0.00000       0.00000         230741.0236    0.000000    -0.00005     0.00000    0.000000000   -0.000000241   -0.000000408  256.157821  76765.3134
1974.00   15.0000    0.0000   15.0000  276.3310  276.3310  0.000000       0.00000       0.00000         230675.8923    0.000000    -0.00005     0.00000    0.000000000   -0.000000240   -0.000000407  256.113037  76642.5441
1986.00   15.0000    0.0000   15.0000  276.4090  276.4090  0.000000       0.00000       0.00000         230610.7978    0.000000    -0.00005     0.00000    0.000000000   -0.000000240   -0.000000407  256.068220  76519.9496
1998.00   15.0000    0.0000   15.0000  276.4870  276.4870  0.000000       0.00000       0.00000         230545.7399    0.000000    -0.00005     0.00000    0.000000000   -0.000000240   -0.000000406  256.023370  76397.5298
2010.00   15.0000    0.0000   15.0000  276.5650  276.5650  0.000000       0.00000       0.00000         230480.7188    0.000000    -0.00005     0.00000    0.000000000   -0.000000240   -0.000000406  255.978487  76275.2845
2022.00   15.0000    0.0000   15.0000  276.6430  276.6430  0.000000       0.00000       0.00000         230415.7344    0.000000    -0.00005     0.00000    0.000000000   -0.000000240   -0.000000405  255.933570  76153.2134
2034.00   15.0000    0.0000   15.0000  276.7210  276.7210  0.000000       0.00000       0.00000         230350.7865    0.000000    -0.00005     0.00000    0.000000000   -0.000000240   -0.000000405  255.888621  76031.3163
2046.00   15.0000    0.0000   15.0000  276.7990  276.7990  0.000000       0.00000       0.00000         230285.8753    0.000000    -0.00005     0.00000    0.000000000   -0.000000240   -0.000000405  255.843639  75909.5929
2058.00   15.0000    0.0000   15.0000  276.8770  276.8770  0.000000       0.00000       0.00000         230221.0007    0.000000    -0.00005     0.00000    0.000000000   -0.000000240   -0.000000404  255.798623  75788.0430
2070.00   15.0000    0.0000   15.0000  276.9550  276.9550  0.000000       0.00000       0.00000         230156.1626    0.000000    -0.00005     0.00000    0.000000000   -0.000000240   -0.000000404  255.753575  75666.6665
2082.00   15.0000    0.0000   15.0000  277.0330  277.0330  0.000000       0.00000       0.00000         230091.3610    0.000000    -0.00005     0.00000    0.000000000   -0.000000240   -0.000000403  255.708494  75545.4629
2094.00   15.0000    0.0000   15.0000  277.1110  277.1110  0.000000       0.00000       0.00000         230026.5958    0.000000    -0.00005     0.00000    0.000000000   -0.000000240   -0.000000403  255.663380  75424.4322
2106.00   15.0000    0.0000   15.0000  277.1890  277.1890  0.000000       0.00000       0.00000         229961.8672    0.000000    -0.00005     0.00000    0.000000000   -0.000000240   -0.000000402  255.618232  75303.5741
2118.00   15.0000    0.0000   15.0000  277.2670  277.2670  0.000000       0.00000       0.00000         229897.1749    0.000000    -0.00005     0.00000    0.000000000   -0.000000239   -0.000000402  255.573052  75182.8883
2130.00   15.0000    0.0000   15.0000  277.3450  277.3450  0.000000       0.00000       0.00000         229832.5191    0.000000    -0.00005     0.00000    0.000000000   -0.000000239   -0.000000401  255.527839  75062.3747
2142.00   15.0000    0.0000   15.0000  277.4230  277.4230  0.000000       0.00000       0.00000         229767.8996    0.000000    -0.00005     0.00000    0.000000000   -0.000000239   -0.000000401  255.482593  74942.0329
2154.00   15.0000    0.0000   15.0000  277.5010  277.5010  0.000000       0.00000       0.00000         229703.3164    0.000000    -0.00005     0.00000    0.000000000   -0.000000239   -0.000000400  255.437314  74821.8628
2166.00   15.0000    0.0000   15.0000  277.5790  277.5790  0.000000       0.00000       0.00000         229638.7695    0.000000    -0.00005     0.00000    0.000000000   -0.000000239   -0.000000400  255.392002  74701.8642
2178.00   15.0000    0.0000   15.0000  277.6570  277.6570  0.000000       0.00000       0.00000         229574.2589    0.000000    -0.00005     0.00000    0.000000000   -0.000000239   -0.000000399  255.346658  74582.0367
2190.00   15.0000    0.0000   15.0000  277.7350  277.7350  0.000000       0.00000       0.00000         229509.7845    0.000000    -0.00005     0.00000    0.000000000   -0.000000239   -0.000000399  255.301280  74462.3803
2202.00   15.0000    0.0000   15.0000  277.8130  277.8130  0.000000       0.00000       0.00000         229445.3463    0.000000    -0.00005     0.00000    0.000000000   -0.000000239   -0.000000399  255.255869  74342.8945
2214.00   15.0000    0.0000   15.0000  277.8910  277.8910  0.000000       0.00000       0.00000         229380.9443    0.000000    -0.00005     0.00000    0.000000000   -0.000000239   -0.000000398  255.210426  74223.5793
2226.00   15.0000    0.0000   15.0000  277.9690  277.9690  0.000000       0.00000       0.00000         229316.5785    0.000000    -0.00005     0.00000    0.000000000   -0.000000239   -0.000000398  255.164950  74104.4344
2238.00   15.0000    0.0000   15.0000  278.0470  278.0470  0.000000       0.00000       0.00000         229252.2487    0.000000    -0.00005     0.00000    0.000000000   -0.000000238   -0.000000397  255.119441  73985.4595
2250.00   15.0000    0.0000   15.0000  278.1250  278.1250  0.000000       0.00000       0.00000         229187.9551    0.000000    -0.00005     0.00000    0.000000000   -0.000000238   -0.000000397  255.073899  73866.6545
2262.00   15.0000    0.0000   15.0000  278.2030  278.2030  0.000000       0.00000       0.00000         229123.6974    0.000000    -0.00006     0.00000    0.000000000   -0.000000238   -0.000000396  255.028324  73748.0191
2274.00   15.0000    0.0000   15.0000  278.2810  278.2810  0.000000       0.00000       0.00000         229059.4759    0.000000    -0.00006     0.00000    0.000000000   -0.000000238   -0.000000396  254.982716  73629.5530
2286.00   15.0000    0.0000   15.0000  278.3590  278.3590  0.000000       0.00000       0.00000         228995.2903    0.000000    -0.00006     0.00000    0.000000000   -0.000000238   -0.000000395  254.937076  73511.2562
2298.00   15.0000    0.0000   15.0000  278.4370  278.4370  0.000000       0.00000       0.00000         228931.1406    0.000000    -0.00006     0.00000    0.000000000   -0.000000238   -0.000000395  254.891402  73393.1282
2310.00   15.0000    0.0000   15.0000  278.5150  278.5150  0.000000       0.00000       0.00000         228867.0269    0.000000    -0.00006     0.00000    0.000000000   -0.000000238   -0.000000394  254.845696  73275.1689
2322.00   15.0000    0.0000   15.0000  278.5930  278.5930  0.000000       0.00000       0.00000         228802.9491    0.000000    -0.00006     0.00000    0.000000000   -0.000000238   -0.000000394  254.799957  73157.3781
2334.00   15.0000    0.0000   15.0000  278.6710  278.6710  0.000000       0.00000       0.00000         228738.9072    0.000000    -0.00006     0.00000    0.000000000   -0.000000237   -0.000000393  254.754186  73039.7556
2346.00   15.0000    0.0000   15.0000  278.7490  278.7490  0.000000       0.00000       0.00000         228674.9011    0.000000    -0.00006     0.00000    0.000000000   -0.000000237   -0.000000393  254.708381  72922.3010
2358.00   15.0000    0.0000   15.0000  278.8270  278.8270  0.000000       0.00000       0.00000         228610.9308    0.000000    -0.00006     0.00000    0.000000000   -0.000000237   -0.000000392  254.662544  72805.0143
2370.00   15.0000    0.0000   15.0000  278.9050  278.9050  0.000000       0.00000       0.00000         228546.9963    0.000000    -0.00006     0.00000    0.000000000   -0.000000237   -0.000000392  254.616674  72687.8951
2382.00   15.0000    0.0000   15.0000  278.9830  278.9830  0.000000       0.00000       0.00000              0.0000    0.000000    -0.00006     0.00000    0.000000000    0.000000000    0.000000000  254.570772  72570.9433
2394.00   15.0000    0.0000   15.0000  279.0610  279.0610  0.000000       0.00000       0.00000              0.0000    0.000000     0.00000     0.00000    0.000000000    0.000000000    0.000000000  254.524836  72454.1586
