   0.00    0.0000    0.0000    0.0000  249.8028  249.8028  0.000000       0.00000       0.00000              0.0000    0.000000     0.00000     0.00000    0.000000000    0.000000000    0.000000000    0.000000      0.0000
   6.00    6.9746    3.9434    8.0122  252.3178  252.3178  0.000000       0.58255       0.58255              0.0000    0.000000     0.00000     0.00000   -0.000064172    0.000000000    0.000000000  252.230065  99878.2477
  18.00    8.1737    4.4959    9.3286  252.6219  252.6219  0.000000       1.46594       1.46594              0.1000    0.000000    -0.00000     0.00000   -0.000076198    0.000000000    0.000000000  252.387580  99675.5423
  30.00    9.0089    4.8031   10.2093  252.8412  252.8412  0.000000       1.27457       1.27457              0.1372    0.000000    -0.00000     0.00000   -0.000093122    0.000000655    0.000000539  252.489561  99513.8004
  42.00    9.8157    5.0269   11.0281  253.0610  253.0610  0.000000       1.33816       1.33816              0.1581    0.000000    -0.00000     0.00000   -0.000101698    0.000000640    0.000000524  252.591884  99352.3862
  54.00   10.5603    5.1672   11.7567  253.2727  253.2727  0.000000       1.23479       1.23479              0.1813    0.000000    -0.00000     0.00000   -0.000108877    0.000000634    0.000000517  252.686133  99191.2965
  66.00   11.2808    5.2375   12.4374  253.4884  253.4884  0.000000       1.14690       1.14690              0.2017    0.000000    -0.00000     0.00000   -0.000115613    0.000000664    0.000000545  252.784113  99030.5291
  78.00   11.9754    5.2396   13.0715  253.7090  253.7090  0.000000       1.02987       1.02987              0.2228    0.000000    -0.00001     0.00000   -0.000121987    0.000000708    0.000000587  252.886980  98870.0859
  90.00   12.6480    5.1735   13.6652  253.9382  253.9382  0.000000       0.91207       0.91207              0.2439    0.000000    -0.00001     0.00000   -0.000128036    0.000000769    0.000000645  252.998300  98709.9705
 102.00   13.2947    5.0377   14.2172  254.1778  254.1778  0.000000       0.79183       0.79183              0.2662    0.000000    -0.00001     0.00000   -0.000133603    0.000000842    0.000000715  253.119852  98550.1878
 114.00   13.9098    4.8301   14.7245  254.4297  254.4297  0.000000       0.67561       0.67561              0.2898    0.000000    -0.00001     0.00000   -0.000138394    0.000000927    0.000000797  253.253621  98390.7441
 126.00   14.4837    4.5487   15.1812  254.6955  254.6955  0.000000       0.56539       0.56539              0.3153    0.000000    -0.00001     0.00000   -0.000141947    0.000001024    0.000000889  253.401061  98231.6467
 138.00   15.0035    4.1929   15.5783  254.9764  254.9764  0.000000       0.46364       0.46364              0.3432    0.000000    -0.00001     0.00000   -0.000143641    0.000001129    0.000000990  253.563324  98072.9035
 150.00   15.4525    3.7652   15.9046  255.2728  255.2728  0.000000       0.37192       0.37192              0.3740    0.000000    -0.00001     0.00000   -0.000142540    0.000001238    0.000001095  253.740884  97914.5229
 162.00   15.8109    3.2729   16.1461  255.5842  255.5842  0.000000       0.29132       0.29132              0.4083    0.000000    -0.00002     0.00000   -0.000137532    0.000001345    0.000001197  253.933307  97756.5132
 174.00   16.0575    2.7314   16.2881  255.9090  255.9090  0.000000       0.22278       0.22278              0.4466    0.000000    -0.00002     0.00000   -0.000127576    0.000001442    0.000001291  254.138801  97598.8819
 186.00   16.1737    2.1649   16.3180  256.2443  256.2443  0.000000       0.16557       0.16557              0.4899    0.000000    -0.00002     0.00000   -0.000112048    0.000001524    0.000001368  254.354619  97441.6351
 198.00   16.1502    1.6079   16.2300  256.5868  256.5868  0.000000       0.12044       0.12044              0.5390    0.000000    -0.00002     0.00000   -0.000092455    0.000001614    0.000001454  254.577385  97284.7768
 210.00   15.9912    1.0912   16.0284  256.9413  256.9413  0.000000       0.08077       0.08077              0.6051    0.000000    -0.00002     0.00000   -0.000071628    0.000001754    0.000001589  254.811898  97128.3115
 222.00   15.7200    0.6487   15.7333  257.3168  257.3168  0.000000       0.05424       0.05424              0.6941    0.000000     0.00000     0.00000   -0.000061775    0.000002494    0.000002292  255.067112  96972.2478
 234.00   15.2986    0.2245   15.3002  257.8754  257.8754  0.000000       0.00468       0.00468              1.3067    0.000000    -0.00006     0.00000   -0.000101761    0.000003965    0.000003712  255.503620  96816.6456
 246.00   15.0050    0.0035   15.0050  258.6444  258.6444  0.000000       0.00000       0.00000              7.3293    0.000000    -0.00003     0.00000   -0.000012508    0.000003335    0.000003174  256.148270  96661.6209
 258.00   15.0000    0.0000   15.0000  258.9987  258.9987  0.000000       0.00000       0.00000          16647.3801    0.000000    -0.00003     0.00000   -0.000000003    0.000001835    0.000001656  256.381947  96507.1098
 270.00   15.0000    0.0000   15.0000  259.3350  259.3350  0.000000       0.00000       0.00000        1049112.8889    0.000000    -0.00003     0.00000    0.000000000    0.000001774    0.000001593  256.597689  96352.9807
 282.00   15.0000    0.0000   15.0000  259.6646  259.6646  0.000000       0.00000       0.00000        1033767.6825    0.000000    -0.00003     0.00000    0.000000000    0.000001770    0.000001587  256.806583  96199.2250
 294.00   15.0000    0.0000   15.0000  259.9920  259.9920  0.000000       0.00000       0.00000        1026856.6711    0.000000    -0.00003     0.00000    0.000000000    0.000001786    0.000001599  257.013215  96045.8387
 306.00   15.0000    0.0000   15.0000  260.3179  260.3179  0.000000       0.00000       0.00000        1021429.2235    0.000000    -0.00003     0.00000    0.000000000    0.000001805    0.000001616  257.218285  95892.8194
 318.00   15.0000    0.0000   15.0000  260.6427  260.6427  0.000000       0.00000       0.00000        1016211.4960    0.000000    -0.00003     0.00000    0.000000000    0.000001824    0.000001632  257.422016  95740.1652
 330.00   15.0000    0.0000   15.0000  260.9662  260.9662  0.000000       0.00000       0.00000        1010230.2148    0.000000    -0.00003     0.00000    0.000000000    0.000001841    0.000001647  257.624308  95587.8741
 342.00   15.0000    0.0000   15.0000  261.2879  261.2879  0.000000       0.00000       0.00000        1002699.8321    0.000000    -0.00003     0.00000    0.000000000    0.000001854    0.000001657  257.824771  95435.9439
 354.00   15.0000    0.0000   15.0000  261.6073  261.6073  0.000000       0.00000       0.00000         992532.0386    0.000000    -0.00003     0.00000    0.000000000    0.000001859    0.000001659  258.022807  95284.3723
 366.00   15.0000    0.0000   15.0000  261.9234  261.9234  0.000000       0.00000       0.00000         978095.9139    0.000000    -0.00004     0.00000    0.000000000    0.000001851    0.000001649  258.217336  95133.1564
 378.00   15.0000    0.0000   15.0000  262.2343  262.2343  0.000000       0.00000       0.00000         950599.6831    0.000000    -0.00004     0.00000    0.000000000    0.000001804    0.000001602  258.406722  94982.2926
 390.00   15.0000    0.0000   15.0000  262.5334  262.5334  0.000000       0.00000       0.00000         918941.0436    0.000000    -0.00004     0.00000    0.000000000    0.000001743    0.000001539  258.584317  94831.7749
 402.00   15.0000    0.0000   15.0000  262.8247  262.8247  0.000000       0.00000       0.00000         790456.8808    0.000000    -0.00003     0.00000    0.000000000    0.000001393    0.000001197  258.754080  94681.5965
 414.00   15.0000    0.0000   15.0000  263.0419  263.0419  0.000000       0.00000       0.00000         682174.3503    0.000000    -0.00003     0.00000    0.000000000    0.000001093    0.000000898  258.850708  94531.7331
 426.00   15.0000    0.0000   15.0000  263.2639  263.2639  0.000000       0.00000       0.00000         667890.7405    0.000000    -0.00003     0.00000    0.000000000    0.000001061    0.000000865  258.952044  94382.1640
 438.00   15.0000    0.0000   15.0000  263.4722  263.4722  0.000000       0.00000       0.00000         641337.4996    0.000000    -0.00003     0.00000    0.000000000    0.000000992    0.000000795  259.039793  94232.8861
 450.00   15.0000    0.0000   15.0000  263.6774  263.6774  0.000000       0.00000       0.00000         630926.7409    0.000000    -0.00003     0.00000    0.000000000    0.000000969    0.000000771  259.124438  94083.8938
 462.00   15.0000    0.0000   15.0000  263.8793  263.8793  0.000000       0.00000       0.00000         622040.0385    0.000000    -0.00003     0.00000    0.000000000    0.000000950    0.000000752  259.205717  93935.1847
 474.00   15.0000    0.0000   15.0000  264.0791  264.0791  0.000000       0.00000       0.00000         615632.8422    0.000000    -0.00003     0.00000    0.000000000    0.000000938    0.000000739  259.284849  93786.7565
 486.00   15.0000    0.0000   15.0000  264.2772  264.2772  0.000000       0.00000       0.00000         610230.2391    0.000000    -0.00003     0.00000    0.000000000    0.000000929    0.000000728  259.362184  93638.6075
 498.00   15.0000    0.0000   15.0000  264.4738  264.4738  0.000000       0.00000       0.00000         605373.3627    0.000000    -0.00003     0.00000    0.000000000    0.000000921    0.000000719  259.438003  93490.7362
 510.00   15.0000    0.0000   15.0000  264.6690  264.6690  0.000000       0.00000       0.00000         600732.9628    0.000000    -0.00003     0.00000    0.000000000    0.000000914    0.000000711  259.512367  93343.1411
 522.00   15.0000    0.0000   15.0000  264.8629  264.8629  0.000000       0.00000       0.00000         596157.3462    0.000000    -0.00003     0.00000    0.000000000    0.000000906    0.000000702  259.585349  93195.8208
 534.00   15.0000    0.0000   15.0000  265.0555  265.0555  0.000000       0.00000       0.00000         591283.6910    0.000000    -0.00003     0.00000    0.000000000    0.000000898    0.000000692  259.656913  93048.7739
 546.00   15.0000    0.0000   15.0000  265.2465  265.2465  0.000000       0.00000       0.00000         585263.1211    0.000000    -0.00003     0.00000    0.000000000    0.000000885    0.000000679  259.726903  92901.9991
 558.00   15.0000    0.0000   15.0000  265.4354  265.4354  0.000000       0.00000       0.00000         578297.6327    0.000000    -0.00003     0.00000    0.000000000    0.000000869    0.000000662  259.794741  92755.4946
 570.00   15.0000    0.0000   15.0000  265.6222  265.6222  0.000000       0.00000       0.00000         564330.0654    0.000000    -0.00003     0.00000    0.000000000    0.000000830    0.000000622  259.860399  92609.2586
 582.00   15.0000    0.0000   15.0000  265.8022  265.8022  0.000000       0.00000       0.00000         552038.6286    0.000000    -0.00003     0.00000    0.000000000    0.000000795    0.000000587  259.919449  92463.2883
 594.00   15.0000    0.0000   15.0000  265.9813  265.9813  0.000000       0.00000       0.00000         506055.2683    0.000000    -0.00003     0.00000    0.000000000    0.000000649    0.000000443  259.977369  92317.5807
 606.00   15.0000    0.0000   15.0000  266.1317  266.1317  0.000000       0.00000       0.00000         431289.4157    0.000000    -0.00002     0.00000    0.000000000    0.000000407    0.000000204  260.007246  92172.1274
 618.00   15.0000    0.0000   15.0000  266.2622  266.2622  0.000000       0.00000       0.00000         391763.5929    0.000000    -0.00002     0.00000    0.000000000    0.000000278    0.000000077  260.017626  92026.9144
 630.00   15.0000    0.0000   15.0000  266.3869  266.3869  0.000000       0.00000       0.00000         375843.0377    0.000000    -0.00002     0.00000    0.000000000    0.000000226    0.000000025  260.022358  91881.9345
 642.00   15.0000    0.0000   15.0000  266.5072  266.5072  0.000000       0.00000       0.00000         364509.4892    0.000000    -0.00002     0.00000    0.000000000    0.000000189   -0.000000011  260.022611  91737.1843
 654.00   15.0000    0.0000   15.0000  266.6247  266.6247  0.000000       0.00000       0.00000         357534.2421    0.000000    -0.00002     0.00000    0.000000000    0.000000166   -0.000000034  260.020131  91592.6615
 666.00   15.0000    0.0000   15.0000  266.7405  266.7405  0.000000       0.00000       0.00000         352883.2571    0.000000    -0.00002     0.00000    0.000000000    0.000000151   -0.000000049  260.015943  91448.3646
 678.00   15.0000    0.0000   15.0000  266.8551  266.8551  0.000000       0.00000       0.00000         349362.8486    0.000000    -0.00002     0.00000    0.000000000    0.000000140   -0.000000061  260.010500  91304.2923
 690.00   15.0000    0.0000   15.0000  266.9687  266.9687  0.000000       0.00000       0.00000         346626.3039    0.000000    -0.00002     0.00000    0.000000000    0.000000131   -0.000000070  260.004066  91160.4438
 702.00   15.0000    0.0000   15.0000  267.0815  267.0815  0.000000       0.00000       0.00000         344344.3238    0.000000    -0.00002     0.00000    0.000000000    0.000000123   -0.000000077  259.996876  91016.8181
 714.00   15.0000    0.0000   15.0000  267.1937  267.1937  0.000000       0.00000       0.00000         342380.2708    0.000000    -0.00002     0.00000    0.000000000    0.000000117   -0.000000084  259.988985  90873.4145
 726.00   15.0000    0.0000   15.0000  267.3054  267.3054  0.000000       0.00000       0.00000         340704.5457    0.000000    -0.00003     0.00000    0.000000000    0.000000111   -0.000000089  259.980538  90730.2324
 738.00   15.0000    0.0000   15.0000  267.4166  267.4166  0.000000       0.00000       0.00000         339095.9347    0.000000    -0.00003     0.00000    0.000000000    0.000000106   -0.000000095  259.971573  90587.2711
 750.00   15.0000    0.0000   15.0000  267.5273  267.5273  0.000000       0.00000       0.00000         337508.0328    0.000000    -0.00003     0.00000    0.000000000    0.000000101   -0.000000100  259.962096  90444.5300
 762.00   15.0000    0.0000   15.0000  267.6376  267.6376  0.000000       0.00000       0.00000         335999.9620    0.000000    -0.00003     0.00000    0.000000000    0.000000096   -0.000000105  259.952113  90302.0085
 774.00   15.0000    0.0000   15.0000  267.7474  267.7474  0.000000       0.00000       0.00000         333960.3548    0.000000    -0.00003     0.00000    0.000000000    0.000000089   -0.000000112  259.941668  90159.7060
 786.00   15.0000    0.0000   15.0000  267.8564  267.8564  0.000000       0.00000       0.00000         332567.3640    0.000000    -0.00003     0.00000    0.000000000    0.000000084   -0.000000117  259.930379  90017.6218
 798.00   15.0000    0.0000   15.0000  267.9654  267.9654  0.000000       0.00000       0.00000         327538.1925    0.000000    -0.00003     0.00000    0.000000000    0.000000067   -0.000000133  259.919039  89875.7554
 810.00   15.0000    0.0000   15.0000  268.0712  268.0712  0.000000       0.00000       0.00000         321856.9379    0.000000    -0.00003     0.00000    0.000000000    0.000000048   -0.000000152  259.904542  89734.1055
 822.00   15.0000    0.0000   15.0000  268.1766  268.1766  0.000000       0.00000       0.00000         320035.4155    0.000000    -0.00003     0.00000    0.000000000    0.000000042   -0.000000158  259.889576  89592.6708
 834.00   15.0000    0.0000   15.0000  268.2813  268.2813  0.000000       0.00000       0.00000         318455.2120    0.000000    -0.00003     0.00000    0.000000000    0.000000037   -0.000000164  259.873909  89451.4507
 846.00   15.0000    0.0000   15.0000  268.3857  268.3857  0.000000       0.00000       0.00000         317431.9264    0.000000    -0.00003     0.00000    0.000000000    0.000000033   -0.000000167  259.857925  89310.4447
 858.00   15.0000    0.0000   15.0000  268.4898  268.4898  0.000000       0.00000       0.00000         316521.8211    0.000000    -0.00003     0.00000    0.000000000    0.000000030   -0.000000170  259.841595  89169.6522
 870.00   15.0000    0.0000   15.0000  268.5937  268.5937  0.000000       0.00000       0.00000         315876.0377    0.000000    -0.00003     0.00000    0.000000000    0.000000028   -0.000000173  259.825020  89029.0727
 882.00   15.0000    0.0000   15.0000  268.6974  268.6974  0.000000       0.00000       0.00000         315362.1838    0.000000    -0.00003     0.00000    0.000000000    0.000000026   -0.000000174  259.808266  88888.7059
 894.00   15.0000    0.0000   15.0000  268.8010  268.8010  0.000000       0.00000       0.00000         314923.2767    0.000000    -0.00003     0.00000    0.000000000    0.000000025   -0.000000176  259.791351  88748.5513
 906.00   15.0000    0.0000   15.0000  268.9046  268.9046  0.000000       0.00000       0.00000         314736.8469    0.000000    -0.00003     0.00000    0.000000000    0.000000024   -0.000000177  259.774305  88608.6086
 918.00   15.0000    0.0000   15.0000  269.0082  269.0082  0.000000       0.00000       0.00000         314859.1993    0.000000    -0.00003     0.00000    0.000000000    0.000000024   -0.000000176  259.757259  88468.8773
 930.00   15.0000    0.0000   15.0000  269.1119  269.1119  0.000000       0.00000       0.00000         315382.9916    0.000000    -0.00003     0.00000    0.000000000    0.000000026   -0.000000175  259.740278  88329.3573
 942.00   15.0000    0.0000   15.0000  269.2159  269.2159  0.000000       0.00000       0.00000         317055.2121    0.000000    -0.00003     0.00000    0.000000000    0.000000031   -0.000000169  259.723551  88190.0483
 954.00   15.0000    0.0000   15.0000  269.3208  269.3208  0.000000       0.00000       0.00000         320236.9245    0.000000    -0.00003     0.00000    0.000000000    0.000000042   -0.000000159  259.707620  88050.9502
 966.00   15.0000    0.0000   15.0000  269.4270  269.4270  0.000000       0.00000       0.00000         334663.6990    0.000000    -0.00003     0.00000    0.000000000    0.000000091   -0.000000112  259.692903  87912.0634
 978.00   15.0000    0.0000   15.0000  269.5414  269.5414  0.000000       0.00000       0.00000         354392.5061    0.000000    -0.00004     0.00000    0.000000000    0.000000157   -0.000000047  259.686128  87773.3899
 990.00   15.0000    0.0000   15.0000  269.6607  269.6607  0.000000       0.00000       0.00000         714530.7873    0.000000    -0.00011     0.00000    0.000000000    0.000001382    0.000001144  259.683944  87634.9327
1002.00   15.0000    0.0000   15.0000  270.0130  270.0130  0.000000       0.00000       0.00000         651102.0475    0.000000    -0.00002     0.00000    0.000000000    0.000001169    0.000000954  259.905997  87496.7524
1014.00   15.0000    0.0000   15.0000  270.0910  270.0910  0.000000       0.00000       0.00000         236005.2723    0.000000    -0.00002     0.00000    0.000000000   -0.000000245   -0.000000445  259.863967  87358.8377
1026.00   15.0000    0.0000   15.0000  270.1690  270.1690  0.000000       0.00000       0.00000         235937.1356    0.000000    -0.00002     0.00000    0.000000000   -0.000000245   -0.000000445  259.821903  87221.1182
1038.00   15.0000    0.0000   15.0000  270.2470  270.2470  0.000000       0.00000       0.00000         235869.0383    0.000000    -0.00003     0.00000    0.000000000   -0.000000245   -0.000000444  259.779805  87083.5935
1050.00   15.0000    0.0000   15.0000  270.3250  270.3250  0.000000       0.00000       0.00000         235800.9803    0.000000    -0.00003     0.00000    0.000000000   -0.000000245   -0.000000444  259.737673  86946.2634
1062.00   15.0000    0.0000   15.0000  270.4030  270.4030  0.000000       0.00000       0.00000         235732.9615    0.000000    -0.00003     0.00000    0.000000000   -0.000000245   -0.000000444  259.695507  86809.1277
1074.00   15.0000    0.0000   15.0000  270.4810  270.4810  0.000000       0.00000       0.00000         235664.9820    0.000000    -0.00003     0.00000    0.000000000   -0.000000245   -0.000000443  259.653308  86672.1860
1086.00   15.0000    0.0000   15.0000  270.5590  270.5590  0.000000       0.00000       0.00000         235597.0417    0.000000    -0.00003     0.00000    0.000000000   -0.000000245   -0.000000443  259.611075  86535.4382
1098.00   15.0000    0.0000   15.0000  270.6370  270.6370  0.000000       0.00000       0.00000         235529.1405    0.000000    -0.00003     0.00000    0.000000000   -0.000000245   -0.000000443  259.568808  86398.8838
1110.00   15.0000    0.0000   15.0000  270.7150  270.7150  0.000000       0.00000       0.00000         235461.2785    0.000000    -0.00003     0.00000    0.000000000   -0.000000245   -0.000000442  259.526508  86262.5228
1122.00   15.0000    0.0000   15.0000  270.7930  270.7930  0.000000       0.00000       0.00000         235393.4555    0.000000    -0.00003     0.00000    0.000000000   -0.000000245   -0.000000442  259.484173  86126.3548
1134.00   15.0000    0.0000   15.0000  270.8710  270.8710  0.000000       0.00000       0.00000         235325.6716    0.000000    -0.00003     0.00000    0.000000000   -0.000000245   -0.000000442  259.441805  85990.3796
1146.00   15.0000    0.0000   15.0000  270.9490  270.9490  0.000000       0.00000       0.00000         235257.9268    0.000000    -0.00003     0.00000    0.000000000   -0.000000245   -0.000000441  259.399404  85854.5969
1158.00   15.0000    0.0000   15.0000  271.0270  271.0270  0.000000       0.00000       0.00000         235190.2209    0.000000    -0.00003     0.00000    0.000000000   -0.000000245   -0.000000441  259.356968  85719.0065
1170.00   15.0000    0.0000   15.0000  271.1050  271.1050  0.000000       0.00000       0.00000         235122.5540    0.000000    -0.00003     0.00000    0.000000000   -0.000000245   -0.000000441  259.314499  85583.6080
1182.00   15.0000    0.0000   15.0000  271.1830  271.1830  0.000000       0.00000       0.00000         235054.9260    0.000000    -0.00003     0.00000    0.000000000   -0.000000245   -0.000000440  259.271996  85448.4013
1194.00   15.0000    0.0000   15.0000  271.2610  271.2610  0.000000       0.00000       0.00000         234987.3369    0.000000    -0.00003     0.00000    0.000000000   -0.000000245   -0.000000440  259.229460  85313.3860
1206.00   15.0000    0.0000   15.0000  271.3390  271.3390  0.000000       0.00000       0.00000         234919.7867    0.000000    -0.00003     0.00000    0.000000000   -0.000000246   -0.000000439  259.186890  85178.5620
1218.00   15.0000    0.0000   15.0000  271.4170  271.4170  0.000000       0.00000       0.00000         234852.2753    0.000000    -0.00003     0.00000    0.000000000   -0.000000246   -0.000000439  259.144286  85043.9290
1230.00   15.0000    0.0000   15.0000  271.4950  271.4950  0.000000       0.00000       0.00000         234784.8027    0.000000    -0.00003     0.00000    0.000000000   -0.000000246   -0.000000439  259.101648  84909.4866
1242.00   15.0000    0.0000   15.0000  271.5730  271.5730  0.000000       0.00000       0.00000         234717.3688    0.000000    -0.00003     0.00000    0.000000000   -0.000000246   -0.000000438  259.058977  84775.2348
1254.00   15.0000    0.0000   15.0000  271.6510  271.6510  0.000000       0.00000       0.00000         234649.9737    0.000000    -0.00003     0.00000    0.000000000   -0.000000246   -0.000000438  259.016272  84641.1731
1266.00   15.0000    0.0000   15.0000  271.7290  271.7290  0.000000       0.00000       0.00000         234582.6172    0.000000    -0.00003     0.00000    0.000000000   -0.000000246   -0.000000438  258.973534  84507.3013
1278.00   15.0000    0.0000   15.0000  271.8070  271.8070  0.000000       0.00000       0.00000         234515.2995    0.000000    -0.00003     0.00000    0.000000000   -0.000000246   -0.000000437  258.930762  84373.6192
1290.00   15.0000    0.0000   15.0000  271.8850  271.8850  0.000000       0.00000       0.00000         234448.0203    0.000000    -0.00003     0.00000    0.000000000   -0.000000246   -0.000000437  258.887956  84240.1266
1302.00   15.0000    0.0000   15.0000  271.9630  271.9630  0.000000       0.00000       0.00000         234380.7797    0.000000    -0.00003     0.00000    0.000000000   -0.000000246   -0.000000437  258.845117  84106.8231
1314.00   15.0000    0.0000   15.0000  272.0410  272.0410  0.000000       0.00000       0.00000         234313.5777    0.000000    -0.00003     0.00000    0.000000000   -0.000000246   -0.000000436  258.802244  83973.7086
1326.00   15.0000    0.0000   15.0000  272.1190  272.1190  0.000000       0.00000       0.00000         234246.4143    0.000000    -0.00003     0.00000    0.000000000   -0.000000246   -0.000000436  258.759338  83840.7827
1338.00   15.0000    0.0000   15.0000  272.1970  272.1970  0.000000       0.00000       0.00000         234179.2893    0.000000    -0.00003     0.00000    0.000000000   -0.000000246   -0.000000436  258.716398  83708.0453
1350.00   15.0000    0.0000   15.0000  272.2750  272.2750  0.000000       0.00000       0.00000         234112.2027    0.000000    -0.00003     0.00000    0.000000000   -0.000000246   -0.000000435  258.673425  83575.4960
1362.00   15.0000    0.0000   15.0000  272.3530  272.3530  0.000000       0.00000       0.00000         234045.1546    0.000000    -0.00003     0.00000    0.000000000   -0.000000246   -0.000000435  258.630418  83443.1346
1374.00   15.0000    0.0000   15.0000  272.4310  272.4310  0.000000       0.00000       0.00000         233978.1449    0.000000    -0.00003     0.00000    0.000000000   -0.000000246   -0.000000434  258.587377  83310.9609
1386.00   15.0000    0.0000   15.0000  272.5090  272.5090  0.000000       0.00000       0.00000         233911.1736    0.000000    -0.00003     0.00000    0.000000000   -0.000000246   -0.000000434  258.544303  83178.9746
1398.00   15.0000    0.0000   15.0000  272.5870  272.5870  0.000000       0.00000       0.00000         233844.2406    0.000000    -0.00003     0.00000    0.000000000   -0.000000246   -0.000000434  258.501195  83047.1754
1410.00   15.0000    0.0000   15.0000  272.6650  272.6650  0.000000       0.00000       0.00000         233777.3458    0.000000    -0.00003     0.00000    0.000000000   -0.000000246   -0.000000433  258.458054  82915.5631
1422.00   15.0000    0.0000   15.0000  272.7430  272.7430  0.000000       0.00000       0.00000         233710.4894    0.000000    -0.00003     0.00000    0.000000000   -0.000000246   -0.000000433  258.414880  82784.1375
1434.00   15.0000    0.0000   15.0000  272.8210  272.8210  0.000000       0.00000       0.00000         233643.6711    0.000000    -0.00003     0.00000    0.000000000   -0.000000246   -0.000000433  258.371672  82652.8983
1446.00   15.0000    0.0000   15.0000  272.8990  272.8990  0.000000       0.00000       0.00000         233576.8911    0.000000    -0.00004     0.00000    0.000000000   -0.000000246   -0.000000432  258.328430  82521.8453
1458.00   15.0000    0.0000   15.0000  272.9770  272.9770  0.000000       0.00000       0.00000         233510.1492    0.000000    -0.00004     0.00000    0.000000000   -0.000000246   -0.000000432  258.285155  82390.9781
1470.00   15.0000    0.0000   15.0000  273.0550  273.0550  0.000000       0.00000       0.00000         233443.4455    0.000000    -0.00004     0.00000    0.000000000   -0.000000246   -0.000000431  258.241846  82260.2966
1482.00   15.0000    0.0000   15.0000  273.1330  273.1330  0.000000       0.00000       0.00000         233376.7798    0.000000    -0.00004     0.00000    0.000000000   -0.000000246   -0.000000431  258.198505  82129.8005
1494.00   15.0000    0.0000   15.0000  273.2110  273.2110  0.000000       0.00000       0.00000         233310.1522    0.000000    -0.00004     0.00000    0.000000000   -0.000000246   -0.000000431  258.155129  81999.4895
1506.00   15.0000    0.0000   15.0000  273.2890  273.2890  0.000000       0.00000       0.00000         233243.5627    0.000000    -0.00004     0.00000    0.000000000   -0.000000246   -0.000000430  258.111720  81869.3635
1518.00   15.0000    0.0000   15.0000  273.3670  273.3670  0.000000       0.00000       0.00000         233177.0111    0.000000    -0.00004     0.00000    0.000000000   -0.000000246   -0.000000430  258.068278  81739.4221
1530.00   15.0000    0.0000   15.0000  273.4450  273.4450  0.000000       0.00000       0.00000         233110.4975    0.000000    -0.00004     0.00000    0.000000000   -0.000000245   -0.000000429  258.024803  81609.6651
1542.00   15.0000    0.0000   15.0000  273.5230  273.5230  0.000000       0.00000       0.00000         233044.0219    0.000000    -0.00004     0.00000    0.000000000   -0.000000245   -0.000000429  257.981293  81480.0923
1554.00   15.0000    0.0000   15.0000  273.6010  273.6010  0.000000       0.00000       0.00000         232977.5841    0.000000    -0.00004     0.00000    0.000000000   -0.000000245   -0.000000429  257.937751  81350.7034
1566.00   15.0000    0.0000   15.0000  273.6790  273.6790  0.000000       0.00000       0.00000         232911.1843    0.000000    -0.00004     0.00000    0.000000000   -0.000000245   -0.000000428  257.894175  81221.4981
1578.00   15.0000    0.0000   15.0000  273.7570  273.7570  0.000000       0.00000       0.00000         232844.8222    0.000000    -0.00004     0.00000    0.000000000   -0.000000245   -0.000000428  257.850566  81092.4763
1590.00   15.0000    0.0000   15.0000  273.8350  273.8350  0.000000       0.00000       0.00000         232778.4980    0.000000    -0.00004     0.00000    0.000000000   -0.000000245   -0.000000427  257.806924  80963.6376
1602.00   15.0000    0.0000   15.0000  273.9130  273.9130  0.000000       0.00000       0.00000         232712.2115    0.000000    -0.00004     0.00000    0.000000000   -0.000000245   -0.000000427  257.763248  80834.9819
1614.00   15.0000    0.0000   15.0000  273.9910  273.9910  0.000000       0.00000       0.00000         232645.9628    0.000000    -0.00004     0.00000    0.000000000   -0.000000245   -0.000000427  257.719538  80706.5089
1626.00   15.0000    0.0000   15.0000  274.0690  274.0690  0.000000       0.00000       0.00000         232579.7518    0.000000    -0.00004     0.00000    0.000000000   -0.000000245   -0.000000426  257.675796  80578.2183
1638.00   15.0000    0.0000   15.0000  274.1470  274.1470  0.000000       0.00000       0.00000         232513.5785    0.000000    -0.00004     0.00000    0.000000000   -0.000000245   -0.000000426  257.632020  80450.1099
1650.00   15.0000    0.0000   15.0000  274.2250  274.2250  0.000000       0.00000       0.00000         232447.4428    0.000000    -0.00004     0.00000    0.000000000   -0.000000245   -0.000000425  257.588211  80322.1834
1662.00   15.0000    0.0000   15.0000  274.3030  274.3030  0.000000       0.00000       0.00000         232381.3447    0.000000    -0.00004     0.00000    0.000000000   -0.000000245   -0.000000425  257.544368  80194.4387
1674.00   15.0000    0.0000   15.0000  274.3810  274.3810  0.000000       0.00000       0.00000         232315.2842    0.000000    -0.00004     0.00000    0.000000000   -0.000000245   -0.000000425  257.500492  80066.8754
1686.00   15.0000    0.0000   15.0000  274.4590  274.4590  0.000000       0.00000       0.00000         232249.2613    0.000000    -0.00004     0.00000    0.000000000   -0.000000245   -0.000000424  257.456583  79939.4933
1698.00   15.0000    0.0000   15.0000  274.5370  274.5370  0.000000       0.00000       0.00000         232183.2758    0.000000    -0.00004     0.00000    0.000000000   -0.000000245   -0.000000424  257.412641  79812.2922
1710.00   15.0000    0.0000   15.0000  274.6150  274.6150  0.000000       0.00000       0.00000         232117.3279    0.000000    -0.00004     0.00000    0.000000000   -0.000000245   -0.000000423  257.368665  79685.2718
1722.00   15.0000    0.0000   15.0000  274.6930  274.6930  0.000000       0.00000       0.00000         232051.4174    0.000000    -0.00004     0.00000    0.000000000   -0.000000245   -0.000000423  257.324656  79558.4320
1734.00   15.0000    0.0000   15.0000  274.7710  274.7710  0.000000       0.00000       0.00000         231985.5443    0.000000    -0.00004     0.00000    0.000000000   -0.000000245   -0.000000422  257.280614  79431.7723
1746.00   15.0000    0.0000   15.0000  274.8490  274.8490  0.000000       0.00000       0.00000         231919.7086    0.000000    -0.00004     0.00000    0.000000000   -0.000000245   -0.000000422  257.236539  79305.2927
1758.00   15.0000    0.0000   15.0000  274.9270  274.9270  0.000000       0.00000       0.00000         231853.9103    0.000000    -0.00004     0.00000    0.000000000   -0.000000245   -0.000000422  257.192430  79178.9929
1770.00   15.0000    0.0000   15.0000  275.0050  275.0050  0.000000       0.00000       0.00000         231788.1493    0.000000    -0.00004     0.00000    0.000000000   -0.000000245   -0.000000421  257.148288  79052.8725
1782.00   15.0000    0.0000   15.0000  275.0830  275.0830  0.000000       0.00000       0.00000         231722.4256    0.000000    -0.00004     0.00000    0.000000000   -0.000000245   -0.000000421  257.104113  78926.9315
1794.00   15.0000    0.0000   15.0000  275.1610  275.1610  0.000000       0.00000       0.00000         231656.7391    0.000000    -0.00004     0.00000    0.000000000   -0.000000245   -0.000000420  257.059905  78801.1695
1806.00   15.0000    0.0000   15.0000  275.2390  275.2390  0.000000       0.00000       0.00000         231591.0899    0.000000    -0.00004     0.00000    0.000000000   -0.000000245   -0.000000420  257.015664  78675.5863
1818.00   15.0000    0.0000   15.0000  275.3170  275.3170  0.000000       0.00000       0.00000         231525.4779    0.000000    -0.00004     0.00000    0.000000000   -0.000000245   -0.000000420  256.971389  78550.1816
1830.00   15.0000    0.0000   15.0000  275.3950  275.3950  0.000000       0.00000       0.00000         231459.9030    0.000000    -0.00004     0.00000    0.000000000   -0.000000244   -0.000000419  256.927081  78424.9553
1842.00   15.0000    0.0000   15.0000  275.4730  275.4730  0.000000       0.00000       0.00000         231394.3653    0.000000    -0.00004     0.00000    0.000000000   -0.000000244   -0.000000419  256.882740  78299.9071
1854.00   15.0000    0.0000   15.0000  275.5510  275.5510  0.000000       0.00000       0.00000         231328.8647    0.000000    -0.00005     0.00000    0.000000000   -0.000000244   -0.000000418  256.838366  78175.0367
1866.00   15.0000    0.0000   15.0000  275.6290  275.6290  0.000000       0.00000       0.00000         231263.4012    0.000000    -0.00005     0.00000    0.000000000   -0.000000244   -0.000000418  256.793959  78050.3439
1878.00   15.0000    0.0000   15.0000  275.7070  275.7070  0.000000       0.00000       0.00000         231197.9747    0.000000    -0.00005     0.00000    0.000000000   -0.000000244   -0.000000417  256.749518  77925.8285
1890.00   15.0000    0.0000   15.0000  275.7850  275.7850  0.000000       0.00000       0.00000         231132.5852    0.000000    -0.00005     0.00000    0.000000000   -0.000000244   -0.000000417  256.705045  77801.4902
1902.00   15.0000    0.0000   15.0000  275.8630  275.8630  0.000000       0.00000       0.00000         231067.2326    0.000000    -0.00005     0.00000    0.000000000   -0.000000244   -0.000000416  256.660538  77677.3288
1914.00   15.0000    0.0000   15.0000  275.9410  275.9410  0.000000       0.00000       0.00000         231001.9171    0.000000    -0.00005     0.00000    0.000000000   -0.000000244   -0.000000416  256.615998  77553.3441
1926.00   15.0000    0.0000   15.0000  276.0190  276.0190  0.000000       0.00000       0.00000         230936.6384    0.000000    -0.00005     0.00000    0.000000000   -0.000000244   -0.000000416  256.571425  77429.5358
1938.00   15.0000    0.0000   15.0000  276.0970  276.0970  0.000000       0.00000       0.00000         230871.3966    0.000000    -0.00005     0.00000    0.000000000   -0.000000244   -0.000000415  256.526819  77305.9036
1950.00   15.0000    0.0000   15.0000  276.1750  276.1750  0.000000       0.00000       0.00000         230806.1917    0.000000    -0.00005     0.00000    0.000000000   -0.000000244   -0.000000415  256.482180  77182.4475
1962.00   15.0000    0.0000   15.0000  276.2530  276.2530  0.000000       0.00000       0.00000         230741.0236    0.000000    -0.00005     0.00000    0.000000000   -0.000000244   -0.000000414  256.437508  77059.1670
1974.00   15.0000    0.0000   15.0000  276.3310  276.3310  0.000000       0.00000       0.00000         230675.8923    0.000000    -0.00005     0.00000    0.000000000   -0.000000244   -0.000000414  256.392803  76936.0620
1986.00   15.0000    0.0000   15.0000  276.4090  276.4090  0.000000       0.00000       0.00000         230610.7978    0.000000    -0.00005     0.00000    0.000000000   -0.000000244   -0.000000413  256.348065  76813.1323
1998.00   15.0000    0.0000   15.0000  276.4870  276.4870  0.000000       0.00000       0.00000         230545.7399    0.000000    -0.00005     0.00000    0.000000000   -0.000000244   -0.000000413  256.303294  76690.3775
2010.00   15.0000    0.0000   15.0000  276.5650  276.5650  0.000000       0.00000       0.00000         230480.7188    0.000000    -0.00005     0.00000    0.000000000   -0.000000243   -0.000000412  256.258489  76567.7975
2022.00   15.0000    0.0000   15.0000  276.6430  276.6430  0.000000       0.00000       0.00000         230415.7344    0.000000    -0.00005     0.00000    0.000000000   -0.000000243   -0.000000412  256.213652  76445.3921
2034.00   15.0000    0.0000   15.0000  276.7210  276.7210  0.000000       0.00000       0.00000         230350.7865    0.000000    -0.00005     0.00000    0.000000000   -0.000000243   -0.000000412  256.168782  76323.1610
2046.00   15.0000    0.0000   15.0000  276.7990  276.7990  0.000000       0.00000       0.00000         230285.8753    0.000000    -0.00005     0.00000    0.000000000   -0.000000243   -0.000000411  256.123878  76201.1039
2058.00   15.0000    0.0000   15.0000  276.8770  276.8770  0.000000       0.00000       0.00000         230221.0007    0.000000    -0.00005     0.00000    0.000000000   -0.000000243   -0.000000411  256.078942  76079.2207
2070.00   15.0000    0.0000   15.0000  276.9550  276.9550  0.000000       0.00000       0.00000         230156.1626    0.000000    -0.00005     0.00000    0.000000000   -0.000000243   -0.000000410  256.033973  75957.5111
2082.00   15.0000    0.0000   15.0000  277.0330  277.0330  0.000000       0.00000       0.00000         230091.3610    0.000000    -0.00005     0.00000    0.000000000   -0.000000243   -0.000000410  255.988970  75835.9749
2094.00   15.0000    0.0000   15.0000  277.1110  277.1110  0.000000       0.00000       0.00000         230026.5958    0.000000    -0.00005     0.00000    0.000000000   -0.000000243   -0.000000409  255.943935  75714.6118
2106.00   15.0000    0.0000   15.0000  277.1890  277.1890  0.000000       0.00000       0.00000         229961.8672    0.000000    -0.00005     0.00000    0.000000000   -0.000000243   -0.000000409  255.898867  75593.4216
2118.00   15.0000    0.0000   15.0000  277.2670  277.2670  0.000000       0.00000       0.00000         229897.1749    0.000000    -0.00005     0.00000    0.000000000   -0.000000243   -0.000000408  255.853766  75472.4041
2130.00   15.0000    0.0000   15.0000  277.3450  277.3450  0.000000       0.00000       0.00000         229832.5191    0.000000    -0.00005     0.00000    0.000000000   -0.000000243   -0.000000408  255.808632  75351.5590
2142.00   15.0000    0.0000   15.0000  277.4230  277.4230  0.000000       0.00000       0.00000         229767.8996    0.000000    -0.00005     0.00000    0.000000000   -0.000000242   -0.000000407  255.763465  75230.8862
2154.00   15.0000    0.0000   15.0000  277.5010  277.5010  0.000000       0.00000       0.00000         229703.3164    0.000000    -0.00005     0.00000    0.000000000   -0.000000242   -0.000000407  255.718265  75110.3853
2166.00   15.0000    0.0000   15.0000  277.5790  277.5790  0.000000       0.00000       0.00000         229638.7695    0.000000    -0.00005     0.00000    0.000000000   -0.000000242   -0.000000406  255.673032  74990.0562
2178.00   15.0000    0.0000   15.0000  277.6570  277.6570  0.000000       0.00000       0.00000         229574.2589    0.000000    -0.00005     0.00000    0.000000000   -0.000000242   -0.000000406  255.627766  74869.8986
2190.00   15.0000    0.0000   15.0000  277.7350  277.7350  0.000000       0.00000       0.00000         229509.7845    0.000000    -0.00005     0.00000    0.000000000   -0.000000242   -0.000000406  255.582467  74749.9123
2202.00   15.0000    0.0000   15.0000  277.8130  277.8130  0.000000       0.00000       0.00000         229445.3463    0.000000    -0.00005     0.00000    0.000000000   -0.000000242   -0.000000405  255.537136  74630.0971
2214.00   15.0000    0.0000   15.0000  277.8910  277.8910  0.000000       0.00000       0.00000         229380.9443    0.000000    -0.00005     0.00000    0.000000000   -0.000000242   -0.000000405  255.491771  74510.4527
2226.00   15.0000    0.0000   15.0000  277.9690  277.9690  0.000000       0.00000       0.00000         229316.5785    0.000000    -0.00005     0.00000    0.000000000   -0.000000242   -0.000000404  255.446374  74390.9789
2238.00   15.0000    0.0000   15.0000  278.0470  278.0470  0.000000       0.00000       0.00000         229252.2487    0.000000    -0.00005     0.00000    0.000000000   -0.000000242   -0.000000404  255.400944  74271.6755
2250.00   15.0000    0.0000   15.0000  278.1250  278.1250  0.000000       0.00000       0.00000         229187.9551    0.000000    -0.00005     0.00000    0.000000000   -0.000000242   -0.000000403  255.355481  74152.5423
2262.00   15.0000    0.0000   15.0000  278.2030  278.2030  0.000000       0.00000       0.00000         229123.6974    0.000000    -0.00006     0.00000    0.000000000   -0.000000241   -0.000000403  255.309985  74033.5789
2274.00   15.0000    0.0000   15.0000  278.2810  278.2810  0.000000       0.00000       0.00000         229059.4759    0.000000    -0.00006     0.00000    0.000000000   -0.000000241   -0.000000402  255.264456  73914.7853
2286.00   15.0000    0.0000   15.0000  278.3590  278.3590  0.000000       0.00000       0.00000         228995.2903    0.000000    -0.00006     0.00000    0.000000000   -0.000000241   -0.000000402  255.218895  73796.1611
2298.00   15.0000    0.0000   15.0000  278.4370  278.4370  0.000000       0.00000       0.00000         228931.1406    0.000000    -0.00006     0.00000    0.000000000   -0.000000241   -0.000000401  255.173300  73677.7062
2310.00   15.0000    0.0000   15.0000  278.5150  278.5150  0.000000       0.00000       0.00000         228867.0269    0.000000    -0.00006     0.00000    0.000000000   -0.000000241   -0.000000401  255.127673  73559.4203
2322.00   15.0000    0.0000   15.0000  278.5930  278.5930  0.000000       0.00000       0.00000         228802.9491    0.000000    -0.00006     0.00000    0.000000000   -0.000000241   -0.000000400  255.082013  73441.3032
2334.00   15.0000    0.0000   15.0000  278.6710  278.6710  0.000000       0.00000       0.00000         228738.9072    0.000000    -0.00006     0.00000    0.000000000   -0.000000241   -0.000000400  255.036321  73323.3546
2346.00   15.0000    0.0000   15.0000  278.7490  278.7490  0.000000       0.00000       0.00000         228674.9011    0.000000    -0.00006     0.00000    0.000000000   -0.000000241   -0.000000399  254.990595  73205.5744
2358.00   15.0000    0.0000   15.0000  278.8270  278.8270  0.000000       0.00000       0.00000         228610.9308    0.000000    -0.00006     0.00000    0.000000000   -0.000000241   -0.000000399  254.944837  73087.9623
2370.00   15.0000    0.0000   15.0000  278.9050  278.9050  0.000000       0.00000       0.00000         228546.9963    0.000000    -0.00006     0.00000    0.000000000   -0.000000240   -0.000000398  254.899046  72970.5181
2382.00   15.0000    0.0000   15.0000  278.9830  278.9830  0.000000       0.00000       0.00000              0.0000    0.000000    -0.00006     0.00000    0.000000000    0.000000000    0.000000000  254.853222  72853.2415
2394.00   15.0000    0.0000   15.0000  279.0610  279.0610  0.000000       0.00000       0.00000              0.0000    0.000000     0.00000     0.00000    0.000000000    0.000000000    0.000000000  254.807366  72736.1324
