   0.00    0.0000    0.0000    0.0000  239.1523  239.1523  0.000000       0.00000       0.00000              0.0000    0.000000     0.00000     0.00000    0.000000000    0.000000000    0.000000000    0.000000      0.0000
   6.00    7.9620    3.4710    8.6857  240.5265  240.5265  0.000000       0.75710       0.75710              0.0000    0.000000     0.00000     0.00000   -0.000003622    0.000000000    0.000000000  240.438753  99872.2844
  18.00    8.9666    3.8367    9.7529  240.6124  240.6124  0.000000       2.44319       2.44319              0.0466    0.000000    -0.00000     0.00000   -0.000013847    0.000000000    0.000000000  240.378232  99659.5851
  30.00    9.5960    4.0260   10.4063  240.6683  240.6683  0.000000       2.41293       2.41293              0.0686    0.000000    -0.00000     0.00000   -0.000017744   -0.000000090   -0.000000119  240.316874  99489.7407
  42.00   10.1643    4.1626   10.9836  240.7205  240.7205  0.000000       2.67126       2.67126              0.0815    0.000000    -0.00000     0.00000   -0.000019746   -0.000000097   -0.000000125  240.251983  99320.1413
  54.00   10.6725    4.2548   11.4894  240.7692  240.7692  0.000000       2.67366       2.67366              0.0948    0.000000    -0.00000     0.00000   -0.000021282   -0.000000101   -0.000000129  240.183459  99150.7840
  66.00   11.1499    4.3134   11.9552  240.8170  240.8170  0.000000       2.64493       2.64493              0.1066    0.000000    -0.00000     0.00000   -0.000022622   -0.000000102   -0.000000130  240.114002  98981.6670
  78.00   11.6037    4.3425   12.3897  240.8646  240.8646  0.000000       2.55205       2.55205              0.1180    0.000000    -0.00000     0.00000   -0.000023862   -0.000000101   -0.000000129  240.044386  98812.7895
  90.00   12.0407    4.3443   12.8004  240.9129  240.9129  0.000000       2.42940       2.42940              0.1292    0.000000    -0.00000     0.00000   -0.000025083   -0.000000098   -0.000000126  239.975425  98644.1516
 102.00   12.4637    4.3200   13.1912  240.9625  240.9625  0.000000       2.28255       2.28255              0.1403    0.000000    -0.00000     0.00000   -0.000026315   -0.000000095   -0.000000123  239.907665  98475.7535
 114.00   12.8750    4.2699   13.5646  241.0137  241.0137  0.000000       2.12138       2.12138              0.1517    0.000000    -0.00000     0.00000   -0.000027609   -0.000000091   -0.000000119  239.841618  98307.5961
 126.00   13.2753    4.1941   13.9221  241.0672  241.0672  0.000000       1.95119       1.95119              0.1634    0.000000    -0.00000     0.00000   -0.000028995   -0.000000086   -0.000000114  239.777754  98139.6804
 138.00   13.6648    4.0922   14.2644  241.1235  241.1235  0.000000       1.77659       1.77659              0.1757    0.000000    -0.00000     0.00000   -0.000030504   -0.000000080   -0.000000108  239.716557  97972.0078
 150.00   14.0430    3.9636   14.5917  241.1829  241.1829  0.000000       1.60085       1.60085              0.1887    0.000000    -0.00000     0.00000   -0.000032178   -0.000000073   -0.000000102  239.658543  97804.5801
 162.00   14.4088    3.8075   14.9034  241.2461  241.2461  0.000000       1.42654       1.42654              0.2026    0.000000    -0.00000     0.00000   -0.000034054   -0.000000066   -0.000000094  239.604288  97637.3994
 174.00   14.7606    3.6232   15.1988  241.3139  241.3139  0.000000       1.25562       1.25562              0.2177    0.000000    -0.00000     0.00000   -0.000036153   -0.000000056   -0.000000085  239.554454  97470.4682
 186.00   15.0962    3.4098   15.4765  241.3869  241.3869  0.000000       1.08944       1.08944              0.2344    0.000000    -0.00000     0.00000   -0.000038587   -0.000000045   -0.000000075  239.509846  97303.7896
 198.00   15.4126    3.1664   15.7345  241.4662  241.4662  0.000000       0.92948       0.92948              0.2531    0.000000    -0.00001     0.00000   -0.000041413   -0.000000033   -0.000000062  239.471446  97137.3672
 210.00   15.7064    2.8921   15.9704  241.5532  241.5532  0.000000       0.77566       0.77566              0.2746    0.000000    -0.00001     0.00000   -0.000044754   -0.000000017   -0.000000047  239.440546  96971.2055
 222.00   15.9726    2.5864   16.1807  241.6494  241.6494  0.000000       0.63097       0.63097              0.2997    0.000000    -0.00001     0.00000   -0.000048759    0.000000003   -0.000000028  239.418806  96805.3097
 234.00   16.2057    2.2479   16.3608  241.7576  241.7576  0.000000       0.48993       0.48993              0.3311    0.000000    -0.00001     0.00000   -0.000053871    0.000000028   -0.000000004  239.408905  96639.6869
 246.00   16.3957    1.8782   16.5030  241.8809  241.8809  0.000000       0.36825       0.36825              0.3695    0.000000    -0.00001     0.00000   -0.000060351    0.000000064    0.000000030  239.413851  96474.3457
 258.00   16.5325    1.4689   16.5976  242.0285  242.0285  0.000000       0.23043       0.23043              0.4319    0.000000    -0.00001     0.00000   -0.000069999    0.000000111    0.000000074  239.442884  96309.2990
 270.00   16.5838    1.0503   16.6170  242.2010  242.2010  0.000000       0.16532       0.16532              0.4909    0.000000    -0.00001     0.00000   -0.000093725    0.000000204    0.000000163  239.496369  96144.5631
 282.00   16.4713    0.5614   16.4809  242.4465  242.4465  0.000000       0.00263       0.00263              1.8515    0.000000     0.00000     0.00000   -0.000076448    0.000007982    0.000005768  239.621990  95980.1703
 294.00   15.0623   -0.0166   15.0623  248.7870  248.7870  0.000000       0.00040       0.00040              2.8913    0.000000    -0.00011     0.00000   -0.000065023    0.000009772    0.000011441  245.770004  95818.1503
 306.00   15.0002   -0.0002   15.0002  250.0245  250.0245  0.000000       0.00000       0.00000            587.6368    0.000000    -0.00013     0.00000   -0.000001727    0.000004276    0.000004041  246.875070  95658.8093
 318.00   15.0000   -0.0000   15.0000  251.3832  251.3832  0.000000       0.00000       0.00000        3272043.9054    0.000000    -0.00009     0.00000    0.000000000    0.000003939    0.000003810  248.099256  95500.4811
 330.00   15.0000   -0.0000   15.0000  252.2676  252.2676  0.000000       0.00000       0.00000        2653418.6825    0.000000    -0.00008     0.00000    0.000000000    0.000002991    0.000002836  248.854822  95343.0448
 342.00   15.0000   -0.0000   15.0000  253.0214  253.0214  0.000000       0.00000       0.00000        2269568.5450    0.000000    -0.00007     0.00000    0.000000000    0.000002643    0.000002492  249.481111  95186.3037
 354.00   15.0000   -0.0000   15.0000  253.6730  253.6730  0.000000       0.00000       0.00000        1967623.5902    0.000000    -0.00006     0.00000    0.000000000    0.000002340    0.000002194  250.006372  95030.1809
 366.00   15.0000   -0.0000   15.0000  254.2429  254.2429  0.000000       0.00000       0.00000        1748903.5422    0.000000    -0.00006     0.00000    0.000000000    0.000002113    0.000001968  250.450830  94874.6159
 378.00   15.0000    0.0000   15.0000  254.7612  254.7612  0.000000       0.00000       0.00000        1584308.0761    0.000000    -0.00006     0.00000    0.000000000    0.000001936    0.000001794  250.844163  94719.5650
 390.00   15.0000    0.0000   15.0000  255.2307  255.2307  0.000000       0.00000       0.00000        1453118.9695    0.000000    -0.00005     0.00000    0.000000000    0.000001791    0.000001649  251.189258  94564.9951
 402.00   15.0000    0.0000   15.0000  255.6689  255.6689  0.000000       0.00000       0.00000        1341557.4341    0.000000    -0.00005     0.00000    0.000000000    0.000001660    0.000001520  251.503278  94410.8795
 414.00   15.0000    0.0000   15.0000  256.0701  256.0701  0.000000       0.00000       0.00000        1248302.8134    0.000000    -0.00005     0.00000    0.000000000    0.000001548    0.000001408  251.780824  94257.1959
 426.00   15.0000    0.0000   15.0000  256.4512  256.4512  0.000000       0.00000       0.00000        1171989.4594    0.000000    -0.00005     0.00000    0.000000000    0.000001454    0.000001315  252.038288  94103.9252
 438.00   15.0000    0.0000   15.0000  256.8057  256.8057  0.000000       0.00000       0.00000        1105426.1443    0.000000    -0.00005     0.00000    0.000000000    0.000001369    0.000001231  252.269550  93951.0520
 450.00   15.0000    0.0000   15.0000  257.1459  257.1459  0.000000       0.00000       0.00000        1051405.8766    0.000000    -0.00004     0.00000    0.000000000    0.000001301    0.000001163  252.486579  93798.5625
 462.00   15.0000    0.0000   15.0000  257.4674  257.4674  0.000000       0.00000       0.00000        1001076.6679    0.000000    -0.00004     0.00000    0.000000000    0.000001234    0.000001096  252.685050  93646.4457
 474.00   15.0000    0.0000   15.0000  257.7767  257.7767  0.000000       0.00000       0.00000         956326.4516    0.000000    -0.00004     0.00000    0.000000000    0.000001173    0.000001035  252.871465  93494.6911
 486.00   15.0000    0.0000   15.0000  258.0707  258.0707  0.000000       0.00000       0.00000         913974.4618    0.000000    -0.00004     0.00000    0.000000000    0.000001113    0.000000975  253.042698  93343.2895
 498.00   15.0000    0.0000   15.0000  258.3540  258.3540  0.000000       0.00000       0.00000         878081.3753    0.000000    -0.00004     0.00000    0.000000000    0.000001062    0.000000924  253.203285  93192.2320
 510.00   15.0000    0.0000   15.0000  258.6259  258.6259  0.000000       0.00000       0.00000         845369.9305    0.000000    -0.00004     0.00000    0.000000000    0.000001015    0.000000876  253.352636  93041.5112
 522.00   15.0000    0.0000   15.0000  258.8890  258.8890  0.000000       0.00000       0.00000         815720.8516    0.000000    -0.00004     0.00000    0.000000000    0.000000971    0.000000832  253.493261  92891.1202
 534.00   15.0000    0.0000   15.0000  259.1427  259.1427  0.000000       0.00000       0.00000         788648.6581    0.000000    -0.00004     0.00000    0.000000000    0.000000930    0.000000791  253.624509  92741.0527
 546.00   15.0000    0.0000   15.0000  259.3892  259.3892  0.000000       0.00000       0.00000         763919.4803    0.000000    -0.00004     0.00000    0.000000000    0.000000892    0.000000752  253.748592  92591.3030
 558.00   15.0000    0.0000   15.0000  259.6277  259.6277  0.000000       0.00000       0.00000         742250.0763    0.000000    -0.00004     0.00000    0.000000000    0.000000859    0.000000718  253.864723  92441.8658
 570.00   15.0000    0.0000   15.0000  259.8608  259.8608  0.000000       0.00000       0.00000         722287.1877    0.000000    -0.00004     0.00000    0.000000000    0.000000827    0.000000687  253.975559  92292.7363
 582.00   15.0000    0.0000   15.0000  260.0870  260.0870  0.000000       0.00000       0.00000         704556.1118    0.000000    -0.00004     0.00000    0.000000000    0.000000800    0.000000659  254.079484  92143.9104
 594.00   15.0000    0.0000   15.0000  260.3093  260.3093  0.000000       0.00000       0.00000         687753.2687    0.000000    -0.00004     0.00000    0.000000000    0.000000773    0.000000631  254.179477  91995.3840
 606.00   15.0000    0.0000   15.0000  260.5252  260.5252  0.000000       0.00000       0.00000         670367.7452    0.000000    -0.00004     0.00000    0.000000000    0.000000744    0.000000602  254.273122  91847.1535
 618.00   15.0000    0.0000   15.0000  260.7367  260.7367  0.000000       0.00000       0.00000         654812.0320    0.000000    -0.00004     0.00000    0.000000000    0.000000718    0.000000575  254.362454  91699.2150
 630.00   15.0000    0.0000   15.0000  260.9430  260.9430  0.000000       0.00000       0.00000         640339.7028    0.000000    -0.00004     0.00000    0.000000000    0.000000693    0.000000550  254.446562  91551.5650
 642.00   15.0000    0.0000   15.0000  261.1456  261.1456  0.000000       0.00000       0.00000         627826.2782    0.000000    -0.00004     0.00000    0.000000000    0.000000672    0.000000529  254.527016  91404.2005
 654.00   15.0000    0.0000   15.0000  261.3443  261.3443  0.000000       0.00000       0.00000         616029.6097    0.000000    -0.00004     0.00000    0.000000000    0.000000652    0.000000508  254.603456  91257.1184
 666.00   15.0000    0.0000   15.0000  261.5397  261.5397  0.000000       0.00000       0.00000         605782.1280    0.000000    -0.00004     0.00000    0.000000000    0.000000635    0.000000491  254.676677  91110.3162
 678.00   15.0000    0.0000   15.0000  261.7320  261.7320  0.000000       0.00000       0.00000         596406.9979    0.000000    -0.00004     0.00000    0.000000000    0.000000619    0.000000474  254.746840  90963.7913
 690.00   15.0000    0.0000   15.0000  261.9217  261.9217  0.000000       0.00000       0.00000         588306.8158    0.000000    -0.00004     0.00000    0.000000000    0.000000606    0.000000460  254.814320  90817.5416
 702.00   15.0000    0.0000   15.0000  262.1091  262.1091  0.000000       0.00000       0.00000         581157.7647    0.000000    -0.00004     0.00000    0.000000000    0.000000594    0.000000448  254.879530  90671.5650
 714.00   15.0000    0.0000   15.0000  262.2945  262.2945  0.000000       0.00000       0.00000         575238.0235    0.000000    -0.00004     0.00000    0.000000000    0.000000585    0.000000438  254.942644  90525.8596
 726.00   15.0000    0.0000   15.0000  262.4784  262.4784  0.000000       0.00000       0.00000         570761.4934    0.000000    -0.00004     0.00000    0.000000000    0.000000579    0.000000432  255.004251  90380.4240
 738.00   15.0000    0.0000   15.0000  262.6611  262.6611  0.000000       0.00000       0.00000         567452.8826    0.000000    -0.00004     0.00000    0.000000000    0.000000575    0.000000427  255.064658  90235.2567
 750.00   15.0000    0.0000   15.0000  262.8431  262.8431  0.000000       0.00000       0.00000         565132.9321    0.000000    -0.00004     0.00000    0.000000000    0.000000574    0.000000425  255.124283  90090.3567
 762.00   15.0000    0.0000   15.0000  263.0246  263.0246  0.000000       0.00000       0.00000         564109.2539    0.000000    -0.00004     0.00000    0.000000000    0.000000575    0.000000426  255.183325  89945.7229
 774.00   15.0000    0.0000   15.0000  263.2063  263.2063  0.000000       0.00000       0.00000         564260.7868    0.000000    -0.00004     0.00000    0.000000000    0.000000580    0.000000429  255.242392  89801.3547
 786.00   15.0000    0.0000   15.0000  263.3881  263.3881  0.000000       0.00000       0.00000         566090.7527    0.000000    -0.00004     0.00000    0.000000000    0.000000588    0.000000436  255.301610  89657.2517
 798.00   15.0000    0.0000   15.0000  263.5712  263.5712  0.000000       0.00000       0.00000         569179.4453    0.000000    -0.00005     0.00000    0.000000000    0.000000599    0.000000446  255.361902  89513.4135
 810.00   15.0000    0.0000   15.0000  263.7553  263.7553  0.000000       0.00000       0.00000         574086.7769    0.000000    -0.00005     0.00000    0.000000000    0.000000615    0.000000461  255.423134  89369.8402
 822.00   15.0000    0.0000   15.0000  263.9417  263.9417  0.000000       0.00000       0.00000         581606.0664    0.000000    -0.00005     0.00000    0.000000000    0.000000637    0.000000482  255.486579  89226.5321
 834.00   15.0000    0.0000   15.0000  264.1310  264.1310  0.000000       0.00000       0.00000         590634.4930    0.000000    -0.00005     0.00000    0.000000000    0.000000663    0.000000506  255.552601  89083.4901
 846.00   15.0000    0.0000   15.0000  264.3235  264.3235  0.000000       0.00000       0.00000         603326.4367    0.000000    -0.00005     0.00000    0.000000000    0.000000699    0.000000540  255.621786  88940.7151
 858.00   15.0000    0.0000   15.0000  264.5212  264.5212  0.000000       0.00000       0.00000         617941.4899    0.000000    -0.00005     0.00000    0.000000000    0.000000740    0.000000579  255.695848  88798.2088
 870.00   15.0000    0.0000   15.0000  264.7236  264.7236  0.000000       0.00000       0.00000         642737.8330    0.000000    -0.00006     0.00000    0.000000000    0.000000807    0.000000644  255.774289  88655.9733
 882.00   15.0000    0.0000   15.0000  264.9376  264.9376  0.000000       0.00000       0.00000         662260.8390    0.000000    -0.00006     0.00000    0.000000000    0.000000863    0.000000697  255.863989  88514.0122
 894.00   15.0000    0.0000   15.0000  265.1530  265.1530  0.000000       0.00000       0.00000         708278.3510    0.000000    -0.00007     0.00000    0.000000000    0.000000987    0.000000816  255.954798  88372.3284
 906.00   15.0000    0.0000   15.0000  265.3973  265.3973  0.000000       0.00000       0.00000         725307.2340    0.000000    -0.00006     0.00000    0.000000000    0.000001039    0.000000867  256.073465  88230.9292
 918.00   15.0000    0.0000   15.0000  265.6241  265.6241  0.000000       0.00000       0.00000         822979.3636    0.000000    -0.00009     0.00000    0.000000000    0.000001303    0.000001120  256.175162  88089.8169
 930.00   15.0000    0.0000   15.0000  265.9323  265.9323  0.000000       0.00000       0.00000         822074.8859    0.000000    -0.00007     0.00000    0.000000000    0.000001315    0.000001136  256.355223  87949.0077
 942.00   15.0000    0.0000   15.0000  266.1591  266.1591  0.000000       0.00000       0.00000        1050618.4472    0.000000    -0.00013     0.00000    0.000000000    0.000001946    0.000001732  256.456751  87808.5007
 954.00   15.0000    0.0000   15.0000  266.6166  266.6166  0.000000       0.00000       0.00000         998989.8248    0.000000    -0.00006     0.00000    0.000000000    0.000001828    0.000001646  256.780389  87668.3342
 966.00   15.0000    0.0000   15.0000  266.8109  266.8109  0.000000       0.00000       0.00000        1530188.0640    0.000000    -0.00024     0.00000    0.000000000    0.000003369    0.000003064  256.850413  87528.4987
 978.00   15.0000    0.0000   15.0000  267.6158  267.6158  0.000000       0.00000       0.00000        1428660.6725    0.000000    -0.00004     0.00000    0.000000000    0.000003114    0.000002953  257.507941  87389.0833
 990.00   15.0000    0.0000   15.0000  267.7466  267.7466  0.000000       0.00000       0.00000        3658382.4156    0.000000    -0.00070     0.00000    0.000000000    0.000010341    0.000009204  257.516725  87250.0702
1002.00   15.0000    0.0000   15.0000  270.0130  270.0130  0.000000       0.00000       0.00000        3547699.7932    0.000000    -0.00002     0.00000    0.000000000    0.000010093    0.000010491  259.578904  87111.8310
1014.00   15.0000    0.0000   15.0000  270.0910  270.0910  0.000000       0.00000       0.00000         236005.2723    0.000000    -0.00002     0.00000    0.000000000   -0.000000242   -0.000000437  259.536779  86974.3502
1026.00   15.0000    0.0000   15.0000  270.1690  270.1690  0.000000       0.00000       0.00000         235937.1356    0.000000    -0.00002     0.00000    0.000000000   -0.000000242   -0.000000437  259.494620  86837.0640
1038.00   15.0000    0.0000   15.0000  270.2470  270.2470  0.000000       0.00000       0.00000         235869.0383    0.000000    -0.00003     0.00000    0.000000000   -0.000000242   -0.000000436  259.452428  86699.9723
1050.00   15.0000    0.0000   15.0000  270.3250  270.3250  0.000000       0.00000       0.00000         235800.9803    0.000000    -0.00003     0.00000    0.000000000   -0.000000242   -0.000000436  259.410202  86563.0748
1062.00   15.0000    0.0000   15.0000  270.4030  270.4030  0.000000       0.00000       0.00000         235732.9615    0.000000    -0.00003     0.00000    0.000000000   -0.000000242   -0.000000436  259.367942  86426.3711
1074.00   15.0000    0.0000   15.0000  270.4810  270.4810  0.000000       0.00000       0.00000         235664.9820    0.000000    -0.00003     0.00000    0.000000000   -0.000000242   -0.000000435  259.325648  86289.8612
1086.00   15.0000    0.0000   15.0000  270.5590  270.5590  0.000000       0.00000       0.00000         235597.0417    0.000000    -0.00003     0.00000    0.000000000   -0.000000242   -0.000000435  259.283321  86153.5446
1098.00   15.0000    0.0000   15.0000  270.6370  270.6370  0.000000       0.00000       0.00000         235529.1405    0.000000    -0.00003     0.00000    0.000000000   -0.000000242   -0.000000435  259.240959  86017.4212
1110.00   15.0000    0.0000   15.0000  270.7150  270.7150  0.000000       0.00000       0.00000         235461.2785    0.000000    -0.00003     0.00000    0.000000000   -0.000000242   -0.000000434  259.198564  85881.4906
1122.00   15.0000    0.0000   15.0000  270.7930  270.7930  0.000000       0.00000       0.00000         235393.4555    0.000000    -0.00003     0.00000    0.000000000   -0.000000242   -0.000000434  259.156135  85745.7527
1134.00   15.0000    0.0000   15.0000  270.8710  270.8710  0.000000       0.00000       0.00000         235325.6716    0.000000    -0.00003     0.00000    0.000000000   -0.000000242   -0.000000434  259.113673  85610.2071
1146.00   15.0000    0.0000   15.0000  270.9490  270.9490  0.000000       0.00000       0.00000         235257.9268    0.000000    -0.00003     0.00000    0.000000000   -0.000000242   -0.000000433  259.071177  85474.8536
1158.00   15.0000    0.0000   15.0000  271.0270  271.0270  0.000000       0.00000       0.00000         235190.2209    0.000000    -0.00003     0.00000    0.000000000   -0.000000242   -0.000000433  259.028647  85339.6919
1170.00   15.0000    0.0000   15.0000  271.1050  271.1050  0.000000       0.00000       0.00000         235122.5540    0.000000    -0.00003     0.00000    0.000000000   -0.000000242   -0.000000433  258.986083  85204.7219
1182.00   15.0000    0.0000   15.0000  271.1830  271.1830  0.000000       0.00000       0.00000         235054.9260    0.000000    -0.00003     0.00000    0.000000000   -0.000000242   -0.000000432  258.943486  85069.9431
1194.00   15.0000    0.0000   15.0000  271.2610  271.2610  0.000000       0.00000       0.00000         234987.3369    0.000000    -0.00003     0.00000    0.000000000   -0.000000242   -0.000000432  258.900855  84935.3555
1206.00   15.0000    0.0000   15.0000  271.3390  271.3390  0.000000       0.00000       0.00000         234919.7867    0.000000    -0.00003     0.00000    0.000000000   -0.000000242   -0.000000432  258.858190  84800.9586
1218.00   15.0000    0.0000   15.0000  271.4170  271.4170  0.000000       0.00000       0.00000         234852.2753    0.000000    -0.00003     0.00000    0.000000000   -0.000000242   -0.000000431  258.815492  84666.7523
1230.00   15.0000    0.0000   15.0000  271.4950  271.4950  0.000000       0.00000       0.00000         234784.8027    0.000000    -0.00003     0.00000    0.000000000   -0.000000242   -0.000000431  258.772760  84532.7363
1242.00   15.0000    0.0000   15.0000  271.5730  271.5730  0.000000       0.00000       0.00000         234717.3688    0.000000    -0.00003     0.00000    0.000000000   -0.000000242   -0.000000431  258.729994  84398.9103
1254.00   15.0000    0.0000   15.0000  271.6510  271.6510  0.000000       0.00000       0.00000         234649.9737    0.000000    -0.00003     0.00000    0.000000000   -0.000000242   -0.000000430  258.687195  84265.2741
1266.00   15.0000    0.0000   15.0000  271.7290  271.7290  0.000000       0.00000       0.00000         234582.6172    0.000000    -0.00003     0.00000    0.000000000   -0.000000242   -0.000000430  258.644362  84131.8274
1278.00   15.0000    0.0000   15.0000  271.8070  271.8070  0.000000       0.00000       0.00000         234515.2995    0.000000    -0.00003     0.00000    0.000000000   -0.000000242   -0.000000430  258.601495  83998.5700
1290.00   15.0000    0.0000   15.0000  271.8850  271.8850  0.000000       0.00000       0.00000         234448.0203    0.000000    -0.00003     0.00000    0.000000000   -0.000000242   -0.000000429  258.558595  83865.5017
1302.00   15.0000    0.0000   15.0000  271.9630  271.9630  0.000000       0.00000       0.00000         234380.7797    0.000000    -0.00003     0.00000    0.000000000   -0.000000242   -0.000000429  258.515662  83732.6221
1314.00   15.0000    0.0000   15.0000  272.0410  272.0410  0.000000       0.00000       0.00000         234313.5777    0.000000    -0.00003     0.00000    0.000000000   -0.000000242   -0.000000428  258.472694  83599.9310
1326.00   15.0000    0.0000   15.0000  272.1190  272.1190  0.000000       0.00000       0.00000         234246.4143    0.000000    -0.00003     0.00000    0.000000000   -0.000000242   -0.000000428  258.429694  83467.4282
1338.00   15.0000    0.0000   15.0000  272.1970  272.1970  0.000000       0.00000       0.00000         234179.2893    0.000000    -0.00003     0.00000    0.000000000   -0.000000242   -0.000000428  258.386659  83335.1133
1350.00   15.0000    0.0000   15.0000  272.2750  272.2750  0.000000       0.00000       0.00000         234112.2027    0.000000    -0.00003     0.00000    0.000000000   -0.000000242   -0.000000427  258.343591  83202.9863
1362.00   15.0000    0.0000   15.0000  272.3530  272.3530  0.000000       0.00000       0.00000         234045.1546    0.000000    -0.00003     0.00000    0.000000000   -0.000000242   -0.000000427  258.300490  83071.0467
1374.00   15.0000    0.0000   15.0000  272.4310  272.4310  0.000000       0.00000       0.00000         233978.1449    0.000000    -0.00003     0.00000    0.000000000   -0.000000242   -0.000000427  258.257355  82939.2944
1386.00   15.0000    0.0000   15.0000  272.5090  272.5090  0.000000       0.00000       0.00000         233911.1736    0.000000    -0.00003     0.00000    0.000000000   -0.000000242   -0.000000426  258.214186  82807.7291
1398.00   15.0000    0.0000   15.0000  272.5870  272.5870  0.000000       0.00000       0.00000         233844.2406    0.000000    -0.00003     0.00000    0.000000000   -0.000000242   -0.000000426  258.170984  82676.3505
1410.00   15.0000    0.0000   15.0000  272.6650  272.6650  0.000000       0.00000       0.00000         233777.3458    0.000000    -0.00003     0.00000    0.000000000   -0.000000242   -0.000000425  258.127748  82545.1584
1422.00   15.0000    0.0000   15.0000  272.7430  272.7430  0.000000       0.00000       0.00000         233710.4894    0.000000    -0.00003     0.00000    0.000000000   -0.000000242   -0.000000425  258.084479  82414.1526
1434.00   15.0000    0.0000   15.0000  272.8210  272.8210  0.000000       0.00000       0.00000         233643.6711    0.000000    -0.00003     0.00000    0.000000000   -0.000000242   -0.000000425  258.041177  82283.3328
1446.00   15.0000    0.0000   15.0000  272.8990  272.8990  0.000000       0.00000       0.00000         233576.8911    0.000000    -0.00004     0.00000    0.000000000   -0.000000242   -0.000000424  257.997841  82152.6987
1458.00   15.0000    0.0000   15.0000  272.9770  272.9770  0.000000       0.00000       0.00000         233510.1492    0.000000    -0.00004     0.00000    0.000000000   -0.000000242   -0.000000424  257.954471  82022.2501
1470.00   15.0000    0.0000   15.0000  273.0550  273.0550  0.000000       0.00000       0.00000         233443.4455    0.000000    -0.00004     0.00000    0.000000000   -0.000000242   -0.000000424  257.911068  81891.9867
1482.00   15.0000    0.0000   15.0000  273.1330  273.1330  0.000000       0.00000       0.00000         233376.7798    0.000000    -0.00004     0.00000    0.000000000   -0.000000242   -0.000000423  257.867632  81761.9084
1494.00   15.0000    0.0000   15.0000  273.2110  273.2110  0.000000       0.00000       0.00000         233310.1522    0.000000    -0.00004     0.00000    0.000000000   -0.000000242   -0.000000423  257.824162  81632.0148
1506.00   15.0000    0.0000   15.0000  273.2890  273.2890  0.000000       0.00000       0.00000         233243.5627    0.000000    -0.00004     0.00000    0.000000000   -0.000000242   -0.000000422  257.780659  81502.3057
1518.00   15.0000    0.0000   15.0000  273.3670  273.3670  0.000000       0.00000       0.00000         233177.0111    0.000000    -0.00004     0.00000    0.000000000   -0.000000242   -0.000000422  257.737122  81372.7808
1530.00   15.0000    0.0000   15.0000  273.4450  273.4450  0.000000       0.00000       0.00000         233110.4975    0.000000    -0.00004     0.00000    0.000000000   -0.000000242   -0.000000422  257.693552  81243.4400
1542.00   15.0000    0.0000   15.0000  273.5230  273.5230  0.000000       0.00000       0.00000         233044.0219    0.000000    -0.00004     0.00000    0.000000000   -0.000000242   -0.000000421  257.649948  81114.2829
1554.00   15.0000    0.0000   15.0000  273.6010  273.6010  0.000000       0.00000       0.00000         232977.5841    0.000000    -0.00004     0.00000    0.000000000   -0.000000242   -0.000000421  257.606311  80985.3094
1566.00   15.0000    0.0000   15.0000  273.6790  273.6790  0.000000       0.00000       0.00000         232911.1843    0.000000    -0.00004     0.00000    0.000000000   -0.000000242   -0.000000420  257.562641  80856.5190
1578.00   15.0000    0.0000   15.0000  273.7570  273.7570  0.000000       0.00000       0.00000         232844.8222    0.000000    -0.00004     0.00000    0.000000000   -0.000000242   -0.000000420  257.518937  80727.9118
1590.00   15.0000    0.0000   15.0000  273.8350  273.8350  0.000000       0.00000       0.00000         232778.4980    0.000000    -0.00004     0.00000    0.000000000   -0.000000242   -0.000000420  257.475200  80599.4873
1602.00   15.0000    0.0000   15.0000  273.9130  273.9130  0.000000       0.00000       0.00000         232712.2115    0.000000    -0.00004     0.00000    0.000000000   -0.000000242   -0.000000419  257.431430  80471.2453
1614.00   15.0000    0.0000   15.0000  273.9910  273.9910  0.000000       0.00000       0.00000         232645.9628    0.000000    -0.00004     0.00000    0.000000000   -0.000000242   -0.000000419  257.387626  80343.1856
1626.00   15.0000    0.0000   15.0000  274.0690  274.0690  0.000000       0.00000       0.00000         232579.7518    0.000000    -0.00004     0.00000    0.000000000   -0.000000242   -0.000000418  257.343789  80215.3079
1638.00   15.0000    0.0000   15.0000  274.1470  274.1470  0.000000       0.00000       0.00000         232513.5785    0.000000    -0.00004     0.00000    0.000000000   -0.000000242   -0.000000418  257.299919  80087.6120
1650.00   15.0000    0.0000   15.0000  274.2250  274.2250  0.000000       0.00000       0.00000         232447.4428    0.000000    -0.00004     0.00000    0.000000000   -0.000000242   -0.000000418  257.256015  79960.0977
1662.00   15.0000    0.0000   15.0000  274.3030  274.3030  0.000000       0.00000       0.00000         232381.3447    0.000000    -0.00004     0.00000    0.000000000   -0.000000241   -0.000000417  257.212078  79832.7647
1674.00   15.0000    0.0000   15.0000  274.3810  274.3810  0.000000       0.00000       0.00000         232315.2842    0.000000    -0.00004     0.00000    0.000000000   -0.000000241   -0.000000417  257.168108  79705.6128
1686.00   15.0000    0.0000   15.0000  274.4590  274.4590  0.000000       0.00000       0.00000         232249.2613    0.000000    -0.00004     0.00000    0.000000000   -0.000000241   -0.000000416  257.124104  79578.6416
1698.00   15.0000    0.0000   15.0000  274.5370  274.5370  0.000000       0.00000       0.00000         232183.2758    0.000000    -0.00004     0.00000    0.000000000   -0.000000241   -0.000000416  257.080067  79451.8511
1710.00   15.0000    0.0000   15.0000  274.6150  274.6150  0.000000       0.00000       0.00000         232117.3279    0.000000    -0.00004     0.00000    0.000000000   -0.000000241   -0.000000416  257.035997  79325.2409
1722.00   15.0000    0.0000   15.0000  274.6930  274.6930  0.000000       0.00000       0.00000         232051.4174    0.000000    -0.00004     0.00000    0.000000000   -0.000000241   -0.000000415  256.991894  79198.8108
1734.00   15.0000    0.0000   15.0000  274.7710  274.7710  0.000000       0.00000       0.00000         231985.5443    0.000000    -0.00004     0.00000    0.000000000   -0.000000241   -0.000000415  256.947757  79072.5605
1746.00   15.0000    0.0000   15.0000  274.8490  274.8490  0.000000       0.00000       0.00000         231919.7086    0.000000    -0.00004     0.00000    0.000000000   -0.000000241   -0.000000414  256.903587  78946.4898
1758.00   15.0000    0.0000   15.0000  274.9270  274.9270  0.000000       0.00000       0.00000         231853.9103    0.000000    -0.00004     0.00000    0.000000000   -0.000000241   -0.000000414  256.859384  78820.5985
1770.00   15.0000    0.0000   15.0000  275.0050  275.0050  0.000000       0.00000       0.00000         231788.1493    0.000000    -0.00004     0.00000    0.000000000   -0.000000241   -0.000000413  256.815148  78694.8864
1782.00   15.0000    0.0000   15.0000  275.0830  275.0830  0.000000       0.00000       0.00000         231722.4256    0.000000    -0.00004     0.00000    0.000000000   -0.000000241   -0.000000413  256.770878  78569.3531
1794.00   15.0000    0.0000   15.0000  275.1610  275.1610  0.000000       0.00000       0.00000         231656.7391    0.000000    -0.00004     0.00000    0.000000000   -0.000000241   -0.000000413  256.726575  78443.9985
1806.00   15.0000    0.0000   15.0000  275.2390  275.2390  0.000000       0.00000       0.00000         231591.0899    0.000000    -0.00004     0.00000    0.000000000   -0.000000241   -0.000000412  256.682240  78318.8223
1818.00   15.0000    0.0000   15.0000  275.3170  275.3170  0.000000       0.00000       0.00000         231525.4779    0.000000    -0.00004     0.00000    0.000000000   -0.000000241   -0.000000412  256.637870  78193.8242
1830.00   15.0000    0.0000   15.0000  275.3950  275.3950  0.000000       0.00000       0.00000         231459.9030    0.000000    -0.00004     0.00000    0.000000000   -0.000000241   -0.000000411  256.593468  78069.0041
1842.00   15.0000    0.0000   15.0000  275.4730  275.4730  0.000000       0.00000       0.00000         231394.3653    0.000000    -0.00004     0.00000    0.000000000   -0.000000241   -0.000000411  256.549033  77944.3617
1854.00   15.0000    0.0000   15.0000  275.5510  275.5510  0.000000       0.00000       0.00000         231328.8647    0.000000    -0.00005     0.00000    0.000000000   -0.000000241   -0.000000410  256.504564  77819.8967
1866.00   15.0000    0.0000   15.0000  275.6290  275.6290  0.000000       0.00000       0.00000         231263.4012    0.000000    -0.00005     0.00000    0.000000000   -0.000000241   -0.000000410  256.460062  77695.6089
1878.00   15.0000    0.0000   15.0000  275.7070  275.7070  0.000000       0.00000       0.00000         231197.9747    0.000000    -0.00005     0.00000    0.000000000   -0.000000240   -0.000000410  256.415527  77571.4982
1890.00   15.0000    0.0000   15.0000  275.7850  275.7850  0.000000       0.00000       0.00000         231132.5852    0.000000    -0.00005     0.00000    0.000000000   -0.000000240   -0.000000409  256.370959  77447.5641
1902.00   15.0000    0.0000   15.0000  275.8630  275.8630  0.000000       0.00000       0.00000         231067.2326    0.000000    -0.00005     0.00000    0.000000000   -0.000000240   -0.000000409  256.326358  77323.8066
1914.00   15.0000    0.0000   15.0000  275.9410  275.9410  0.000000       0.00000       0.00000         231001.9171    0.000000    -0.00005     0.00000    0.000000000   -0.000000240   -0.000000408  256.281724  77200.2253
1926.00   15.0000    0.0000   15.0000  276.0190  276.0190  0.000000       0.00000       0.00000         230936.6384    0.000000    -0.00005     0.00000    0.000000000   -0.000000240   -0.000000408  256.237057  77076.8201
1938.00   15.0000    0.0000   15.0000  276.0970  276.0970  0.000000       0.00000       0.00000         230871.3966    0.000000    -0.00005     0.00000    0.000000000   -0.000000240   -0.000000407  256.192356  76953.5906
1950.00   15.0000    0.0000   15.0000  276.1750  276.1750  0.000000       0.00000       0.00000         230806.1917    0.000000    -0.00005     0.00000    0.000000000   -0.000000240   -0.000000407  256.147623  76830.5367
1962.00   15.0000    0.0000   15.0000  276.2530  276.2530  0.000000       0.00000       0.00000         230741.0236    0.000000    -0.00005     0.00000    0.000000000   -0.000000240   -0.000000406  256.102856  76707.6582
1974.00   15.0000    0.0000   15.0000  276.3310  276.3310  0.000000       0.00000       0.00000         230675.8923    0.000000    -0.00005     0.00000    0.000000000   -0.000000240   -0.000000406  256.058056  76584.9547
1986.00   15.0000    0.0000   15.0000  276.4090  276.4090  0.000000       0.00000       0.00000         230610.7978    0.000000    -0.00005     0.00000    0.000000000   -0.000000240   -0.000000406  256.013224  76462.4261
1998.00   15.0000    0.0000   15.0000  276.4870  276.4870  0.000000       0.00000       0.00000         230545.7399    0.000000    -0.00005     0.00000    0.000000000   -0.000000240   -0.000000405  255.968358  76340.0721
2010.00   15.0000    0.0000   15.0000  276.5650  276.5650  0.000000       0.00000       0.00000         230480.7188    0.000000    -0.00005     0.00000    0.000000000   -0.000000240   -0.000000405  255.923459  76217.8925
2022.00   15.0000    0.0000   15.0000  276.6430  276.6430  0.000000       0.00000       0.00000         230415.7344    0.000000    -0.00005     0.00000    0.000000000   -0.000000240   -0.000000404  255.878527  76095.8870
2034.00   15.0000    0.0000   15.0000  276.7210  276.7210  0.000000       0.00000       0.00000         230350.7865    0.000000    -0.00005     0.00000    0.000000000   -0.000000239   -0.000000404  255.833563  75974.0554
2046.00   15.0000    0.0000   15.0000  276.7990  276.7990  0.000000       0.00000       0.00000         230285.8753    0.000000    -0.00005     0.00000    0.000000000   -0.000000239   -0.000000403  255.788565  75852.3976
2058.00   15.0000    0.0000   15.0000  276.8770  276.8770  0.000000       0.00000       0.00000         230221.0007    0.000000    -0.00005     0.00000    0.000000000   -0.000000239   -0.000000403  255.743534  75730.9131
2070.00   15.0000    0.0000   15.0000  276.9550  276.9550  0.000000       0.00000       0.00000         230156.1626    0.000000    -0.00005     0.00000    0.000000000   -0.000000239   -0.000000402  255.698470  75609.6020
2082.00   15.0000    0.0000   15.0000  277.0330  277.0330  0.000000       0.00000       0.00000         230091.3610    0.000000    -0.00005     0.00000    0.000000000   -0.000000239   -0.000000402  255.653373  75488.4637
2094.00   15.0000    0.0000   15.0000  277.1110  277.1110  0.000000       0.00000       0.00000         230026.5958    0.000000    -0.00005     0.00000    0.000000000   -0.000000239   -0.000000401  255.608244  75367.4983
2106.00   15.0000    0.0000   15.0000  277.1890  277.1890  0.000000       0.00000       0.00000         229961.8672    0.000000    -0.00005     0.00000    0.000000000   -0.000000239   -0.000000401  255.563081  75246.7054
2118.00   15.0000    0.0000   15.0000  277.2670  277.2670  0.000000       0.00000       0.00000         229897.1749    0.000000    -0.00005     0.00000    0.000000000   -0.000000239   -0.000000401  255.517885  75126.0847
2130.00   15.0000    0.0000   15.0000  277.3450  277.3450  0.000000       0.00000       0.00000         229832.5191    0.000000    -0.00005     0.00000    0.000000000   -0.000000239   -0.000000400  255.472657  75005.6361
2142.00   15.0000    0.0000   15.0000  277.4230  277.4230  0.000000       0.00000       0.00000         229767.8996    0.000000    -0.00005     0.00000    0.000000000   -0.000000239   -0.000000400  255.427395  74885.3594
2154.00   15.0000    0.0000   15.0000  277.5010  277.5010  0.000000       0.00000       0.00000         229703.3164    0.000000    -0.00005     0.00000    0.000000000   -0.000000239   -0.000000399  255.382101  74765.2543
2166.00   15.0000    0.0000   15.0000  277.5790  277.5790  0.000000       0.00000       0.00000         229638.7695    0.000000    -0.00005     0.00000    0.000000000   -0.000000238   -0.000000399  255.336773  74645.3205
2178.00   15.0000    0.0000   15.0000  277.6570  277.6570  0.000000       0.00000       0.00000         229574.2589    0.000000    -0.00005     0.00000    0.000000000   -0.000000238   -0.000000398  255.291413  74525.5578
2190.00   15.0000    0.0000   15.0000  277.7350  277.7350  0.000000       0.00000       0.00000         229509.7845    0.000000    -0.00005     0.00000    0.000000000   -0.000000238   -0.000000398  255.246020  74405.9661
2202.00   15.0000    0.0000   15.0000  277.8130  277.8130  0.000000       0.00000       0.00000         229445.3463    0.000000    -0.00005     0.00000    0.000000000   -0.000000238   -0.000000397  255.200594  74286.5451
2214.00   15.0000    0.0000   15.0000  277.8910  277.8910  0.000000       0.00000       0.00000         229380.9443    0.000000    -0.00005     0.00000    0.000000000   -0.000000238   -0.000000397  255.155135  74167.2945
2226.00   15.0000    0.0000   15.0000  277.9690  277.9690  0.000000       0.00000       0.00000         229316.5785    0.000000    -0.00005     0.00000    0.000000000   -0.000000238   -0.000000396  255.109643  74048.2141
2238.00   15.0000    0.0000   15.0000  278.0470  278.0470  0.000000       0.00000       0.00000         229252.2487    0.000000    -0.00005     0.00000    0.000000000   -0.000000238   -0.000000396  255.064118  73929.3038
2250.00   15.0000    0.0000   15.0000  278.1250  278.1250  0.000000       0.00000       0.00000         229187.9551    0.000000    -0.00005     0.00000    0.000000000   -0.000000238   -0.000000395  255.018561  73810.5632
2262.00   15.0000    0.0000   15.0000  278.2030  278.2030  0.000000       0.00000       0.00000         229123.6974    0.000000    -0.00006     0.00000    0.000000000   -0.000000238   -0.000000395  254.972970  73691.9922
2274.00   15.0000    0.0000   15.0000  278.2810  278.2810  0.000000       0.00000       0.00000         229059.4759    0.000000    -0.00006     0.00000    0.000000000   -0.000000237   -0.000000394  254.927347  73573.5904
2286.00   15.0000    0.0000   15.0000  278.3590  278.3590  0.000000       0.00000       0.00000         228995.2903    0.000000    -0.00006     0.00000    0.000000000   -0.000000237   -0.000000394  254.881691  73455.3578
2298.00   15.0000    0.0000   15.0000  278.4370  278.4370  0.000000       0.00000       0.00000         228931.1406    0.000000    -0.00006     0.00000    0.000000000   -0.000000237   -0.000000393  254.836002  73337.2940
2310.00   15.0000    0.0000   15.0000  278.5150  278.5150  0.000000       0.00000       0.00000         228867.0269    0.000000    -0.00006     0.00000    0.000000000   -0.000000237   -0.000000393  254.790281  73219.3989
2322.00   15.0000    0.0000   15.0000  278.5930  278.5930  0.000000       0.00000       0.00000         228802.9491    0.000000    -0.00006     0.00000    0.000000000   -0.000000237   -0.000000393  254.744526  73101.6721
2334.00   15.0000    0.0000   15.0000  278.6710  278.6710  0.000000       0.00000       0.00000         228738.9072    0.000000    -0.00006     0.00000    0.000000000   -0.000000237   -0.000000392  254.698739  72984.1136
2346.00   15.0000    0.0000   15.0000  278.7490  278.7490  0.000000       0.00000       0.00000         228674.9011    0.000000    -0.00006     0.00000    0.000000000   -0.000000237   -0.000000392  254.652919  72866.7230
2358.00   15.0000    0.0000   15.0000  278.8270  278.8270  0.000000       0.00000       0.00000         228610.9308    0.000000    -0.00006     0.00000    0.000000000   -0.000000237   -0.000000391  254.607067  72749.5001
2370.00   15.0000    0.0000   15.0000  278.9050  278.9050  0.000000       0.00000       0.00000         228546.9963    0.000000    -0.00006     0.00000    0.000000000   -0.000000236   -0.000000391  254.561181  72632.4448
2382.00   15.0000    0.0000   15.0000  278.9830  278.9830  0.000000       0.00000       0.00000              0.0000    0.000000    -0.00006     0.00000    0.000000000    0.000000000    0.000000000  254.515263  72515.5568
2394.00   15.0000    0.0000   15.0000  279.0610  279.0610  0.000000       0.00000       0.00000              0.0000    0.000000     0.00000     0.00000    0.000000000    0.000000000    0.000000000  254.469312  72398.8358
