   0.00    0.0000    0.0000    0.0000  241.8990  241.8990  0.000000       0.00000       0.00000              0.0000    0.000000     0.00000     0.00000    0.000000000    0.000000000    0.000000000    0.000000      0.0000
   6.00    7.6855    3.5767    8.4771  243.5189  243.5189  0.000000       0.70993       0.70993              0.0000    0.000000     0.00000     0.00000   -0.000013832    0.000000000    0.000000000  243.431127  99873.8524
  18.00    8.7333    3.9820    9.5983  243.6446  243.6446  0.000000       2.14090       2.14090              0.0604    0.000000    -0.00000     0.00000   -0.000026924    0.000000000    0.000000000  243.410405  99663.7762
  30.00    9.4101    4.1969   10.3036  243.7288  243.7288  0.000000       2.02746       2.02746              0.0868    0.000000    -0.00000     0.00000   -0.000031811   -0.000000044   -0.000000086  243.377350  99496.0487
  42.00   10.0349    4.3537   10.9387  243.8094  243.8094  0.000000       2.20758       2.20758              0.1019    0.000000    -0.00000     0.00000   -0.000034191   -0.000000054   -0.000000096  243.340768  99328.5796
  54.00   10.5997    4.4587   11.4993  243.8855  243.8855  0.000000       2.15448       2.15448              0.1180    0.000000    -0.00000     0.00000   -0.000035956   -0.000000061   -0.000000102  243.299550  99161.3656
  66.00   11.1362    4.5236   12.0199  243.9612  243.9612  0.000000       2.08917       2.08917              0.1321    0.000000    -0.00000     0.00000   -0.000037413   -0.000000060   -0.000000101  243.257977  98994.4048
  78.00   11.6500    4.5520   12.5077  244.0377  244.0377  0.000000       1.97083       1.97083              0.1462    0.000000    -0.00000     0.00000   -0.000038710   -0.000000056   -0.000000098  243.217136  98827.6969
  90.00   12.1479    4.5458   12.9705  244.1164  244.1164  0.000000       1.83315       1.83315              0.1602    0.000000    -0.00000     0.00000   -0.000039952   -0.000000049   -0.000000091  243.178468  98661.2425
 102.00   12.6324    4.5054   13.4118  244.1984  244.1984  0.000000       1.67873       1.67873              0.1745    0.000000    -0.00000     0.00000   -0.000041141   -0.000000040   -0.000000081  243.143019  98495.0432
 114.00   13.1052    4.4304   13.8338  244.2848  244.2848  0.000000       1.51649       1.51649              0.1896    0.000000    -0.00000     0.00000   -0.000042333   -0.000000027   -0.000000069  243.111926  98329.1012
 126.00   13.5664    4.3196   14.2375  244.3768  244.3768  0.000000       1.35063       1.35063              0.2056    0.000000    -0.00000     0.00000   -0.000043561   -0.000000011   -0.000000054  243.086397  98163.4194
 138.00   14.0152    4.1712   14.6227  244.4759  244.4759  0.000000       1.18518       1.18518              0.2230    0.000000    -0.00000     0.00000   -0.000044880    0.000000009   -0.000000035  243.067862  97998.0019
 150.00   14.4498    3.9829   14.9886  244.5838  244.5838  0.000000       1.02321       1.02321              0.2422    0.000000    -0.00001     0.00000   -0.000046463    0.000000034   -0.000000011  243.058066  97832.8534
 162.00   14.8670    3.7517   15.3331  244.7029  244.7029  0.000000       0.86709       0.86709              0.2638    0.000000    -0.00001     0.00000   -0.000048245    0.000000066    0.000000020  243.059233  97667.9804
 174.00   15.2624    3.4743   15.6529  244.8360  244.8360  0.000000       0.71914       0.71914              0.2885    0.000000    -0.00001     0.00000   -0.000050628    0.000000107    0.000000059  243.074304  97503.3907
 186.00   15.6293    3.1466   15.9429  244.9872  244.9872  0.000000       0.58060       0.58060              0.3175    0.000000    -0.00001     0.00000   -0.000053802    0.000000161    0.000000110  243.107294  97339.0946
 198.00   15.9577    2.7648   16.1955  245.1621  245.1621  0.000000       0.45453       0.45453              0.3520    0.000000    -0.00001     0.00000   -0.000058319    0.000000233    0.000000180  243.163711  97175.1055
 210.00   16.2340    2.3243   16.3996  245.3692  245.3692  0.000000       0.33841       0.33841              0.3952    0.000000    -0.00002     0.00000   -0.000065295    0.000000333    0.000000275  243.252014  97011.4413
 222.00   16.4358    1.8259   16.5369  245.6194  245.6194  0.000000       0.24280       0.24280              0.4484    0.000000    -0.00002     0.00000   -0.000076606    0.000000482    0.000000417  243.382941  96848.1262
 234.00   16.5335    1.2646   16.5818  245.9366  245.9366  0.000000       0.14621       0.14621              0.5298    0.000000    -0.00003     0.00000   -0.000096403    0.000000672    0.000000599  243.580047  96685.1958
 246.00   16.4780    0.6998   16.4928  246.3224  246.3224  0.000000       0.10159       0.10159              0.6051    0.000000    -0.00003     0.00000   -0.000141468    0.000000990    0.000000899  243.845050  96522.6936
 258.00   16.1571    0.1192   16.1575  246.8572  246.8572  0.000000       0.00100       0.00100              2.2679    0.000000     0.00000     0.00000   -0.000169555    0.000010858    0.000008286  244.257230  96360.6892
 270.00   15.0123   -0.0111   15.0123  252.6345  252.6345  0.000000       0.00004       0.00004              4.7587    0.000000    -0.00009     0.00000   -0.000020769    0.000012677    0.000014570  249.855185  96200.9006
 282.00   15.0000   -0.0000   15.0000  253.7678  253.7678  0.000000       0.00000       0.00000           7267.0009    0.000000    -0.00009     0.00000   -0.000000158    0.000004788    0.000004575  250.858610  96043.4992
 294.00   15.0000   -0.0000   15.0000  254.8009  254.8009  0.000000       0.00000       0.00000        2886354.7399    0.000000    -0.00007     0.00000    0.000000000    0.000004162    0.000003990  251.762557  95886.9513
 306.00   15.0000   -0.0000   15.0000  255.5677  255.5677  0.000000       0.00000       0.00000        2217398.1921    0.000000    -0.00006     0.00000    0.000000000    0.000003265    0.000003092  252.402975  95731.1372
 318.00   15.0000   -0.0000   15.0000  256.1878  256.1878  0.000000       0.00000       0.00000        1855635.4000    0.000000    -0.00005     0.00000    0.000000000    0.000002765    0.000002594  252.898120  95575.9258
 330.00   15.0000   -0.0000   15.0000  256.7312  256.7312  0.000000       0.00000       0.00000        1626055.8667    0.000000    -0.00005     0.00000    0.000000000    0.000002441    0.000002273  253.317305  95421.2458
 342.00   15.0000    0.0000   15.0000  257.2095  257.2095  0.000000       0.00000       0.00000        1451582.6314    0.000000    -0.00005     0.00000    0.000000000    0.000002184    0.000002018  253.672023  95267.0517
 354.00   15.0000    0.0000   15.0000  257.6449  257.6449  0.000000       0.00000       0.00000        1319052.1573    0.000000    -0.00004     0.00000    0.000000000    0.000001982    0.000001819  253.984298  95113.3089
 366.00   15.0000    0.0000   15.0000  258.0412  258.0412  0.000000       0.00000       0.00000        1217408.3063    0.000000    -0.00004     0.00000    0.000000000    0.000001826    0.000001663  254.257746  94959.9910
 378.00   15.0000    0.0000   15.0000  258.4137  258.4137  0.000000       0.00000       0.00000        1129762.3753    0.000000    -0.00004     0.00000    0.000000000    0.000001685    0.000001524  254.507652  94807.0775
 390.00   15.0000    0.0000   15.0000  258.7557  258.7557  0.000000       0.00000       0.00000        1062660.6702    0.000000    -0.00004     0.00000    0.000000000    0.000001578    0.000001416  254.727254  94654.5510
 402.00   15.0000    0.0000   15.0000  259.0867  259.0867  0.000000       0.00000       0.00000        1000089.5774    0.000000    -0.00004     0.00000    0.000000000    0.000001473    0.000001312  254.935931  94502.3977
 414.00   15.0000    0.0000   15.0000  259.3898  259.3898  0.000000       0.00000       0.00000         945281.6088    0.000000    -0.00004     0.00000    0.000000000    0.000001379    0.000001217  255.117042  94350.6050
 426.00   15.0000    0.0000   15.0000  259.6867  259.6867  0.000000       0.00000       0.00000         900434.9278    0.000000    -0.00004     0.00000    0.000000000    0.000001301    0.000001140  255.291937  94199.1617
 438.00   15.0000    0.0000   15.0000  259.9621  259.9621  0.000000       0.00000       0.00000         855744.9351    0.000000    -0.00004     0.00000    0.000000000    0.000001219    0.000001058  255.445436  94048.0587
 450.00   15.0000    0.0000   15.0000  260.2312  260.2312  0.000000       0.00000       0.00000         822581.4820    0.000000    -0.00004     0.00000    0.000000000    0.000001160    0.000000999  255.592728  93897.2868
 462.00   15.0000    0.0000   15.0000  260.4859  260.4859  0.000000       0.00000       0.00000         788346.3846    0.000000    -0.00004     0.00000    0.000000000    0.000001096    0.000000935  255.725793  93746.8390
 474.00   15.0000    0.0000   15.0000  260.7338  260.7338  0.000000       0.00000       0.00000         761728.1617    0.000000    -0.00004     0.00000    0.000000000    0.000001047    0.000000886  255.851926  93596.7084
 486.00   15.0000    0.0000   15.0000  260.9720  260.9720  0.000000       0.00000       0.00000         735422.9566    0.000000    -0.00003     0.00000    0.000000000    0.000000997    0.000000835  255.968567  93446.8892
 498.00   15.0000    0.0000   15.0000  261.2035  261.2035  0.000000       0.00000       0.00000         712604.7285    0.000000    -0.00003     0.00000    0.000000000    0.000000953    0.000000791  256.078438  93297.3760
 510.00   15.0000    0.0000   15.0000  261.4275  261.4275  0.000000       0.00000       0.00000         690113.1381    0.000000    -0.00003     0.00000    0.000000000    0.000000909    0.000000746  256.180977  93148.1638
 522.00   15.0000    0.0000   15.0000  261.6450  261.6450  0.000000       0.00000       0.00000         667925.6640    0.000000    -0.00003     0.00000    0.000000000    0.000000864    0.000000701  256.276925  92999.2479
 534.00   15.0000    0.0000   15.0000  261.8552  261.8552  0.000000       0.00000       0.00000         648140.9382    0.000000    -0.00003     0.00000    0.000000000    0.000000823    0.000000660  256.365711  92850.6237
 546.00   15.0000    0.0000   15.0000  262.0604  262.0604  0.000000       0.00000       0.00000         629187.7082    0.000000    -0.00003     0.00000    0.000000000    0.000000783    0.000000620  256.449390  92702.2868
 558.00   15.0000    0.0000   15.0000  262.2588  262.2588  0.000000       0.00000       0.00000         612368.2249    0.000000    -0.00003     0.00000    0.000000000    0.000000748    0.000000584  256.526413  92554.2333
 570.00   15.0000    0.0000   15.0000  262.4534  262.4534  0.000000       0.00000       0.00000         595117.3115    0.000000    -0.00003     0.00000    0.000000000    0.000000710    0.000000546  256.599651  92406.4594
 582.00   15.0000    0.0000   15.0000  262.6410  262.6410  0.000000       0.00000       0.00000         579340.6634    0.000000    -0.00003     0.00000    0.000000000    0.000000675    0.000000511  256.665952  92258.9616
 594.00   15.0000    0.0000   15.0000  262.8258  262.8258  0.000000       0.00000       0.00000         564436.3006    0.000000    -0.00003     0.00000    0.000000000    0.000000642    0.000000477  256.729375  92111.7364
 606.00   15.0000    0.0000   15.0000  263.0041  263.0041  0.000000       0.00000       0.00000         549209.0139    0.000000    -0.00003     0.00000    0.000000000    0.000000607    0.000000442  256.786402  91964.7806
 618.00   15.0000    0.0000   15.0000  263.1793  263.1793  0.000000       0.00000       0.00000         536598.7724    0.000000    -0.00003     0.00000    0.000000000    0.000000579    0.000000414  256.840334  91818.0910
 630.00   15.0000    0.0000   15.0000  263.3497  263.3497  0.000000       0.00000       0.00000         523283.6628    0.000000    -0.00003     0.00000    0.000000000    0.000000547    0.000000382  256.889507  91671.6646
 642.00   15.0000    0.0000   15.0000  263.5165  263.5165  0.000000       0.00000       0.00000         511711.0724    0.000000    -0.00003     0.00000    0.000000000    0.000000520    0.000000355  256.935133  91525.4988
 654.00   15.0000    0.0000   15.0000  263.6797  263.6797  0.000000       0.00000       0.00000         500685.7855    0.000000    -0.00003     0.00000    0.000000000    0.000000494    0.000000329  256.977087  91379.5908
 666.00   15.0000    0.0000   15.0000  263.8396  263.8396  0.000000       0.00000       0.00000         491078.8864    0.000000    -0.00003     0.00000    0.000000000    0.000000471    0.000000306  257.015831  91233.9383
 678.00   15.0000    0.0000   15.0000  263.9968  263.9968  0.000000       0.00000       0.00000         482438.3455    0.000000    -0.00003     0.00000    0.000000000    0.000000451    0.000000285  257.051790  91088.5391
 690.00   15.0000    0.0000   15.0000  264.1513  264.1513  0.000000       0.00000       0.00000         474734.2592    0.000000    -0.00003     0.00000    0.000000000    0.000000432    0.000000266  257.085142  90943.3911
 702.00   15.0000    0.0000   15.0000  264.3037  264.3037  0.000000       0.00000       0.00000         467685.6538    0.000000    -0.00003     0.00000    0.000000000    0.000000416    0.000000249  257.116293  90798.4927
 714.00   15.0000    0.0000   15.0000  264.4539  264.4539  0.000000       0.00000       0.00000         460872.7363    0.000000    -0.00003     0.00000    0.000000000    0.000000399    0.000000232  257.145246  90653.8419
 726.00   15.0000    0.0000   15.0000  264.6020  264.6020  0.000000       0.00000       0.00000         454815.1487    0.000000    -0.00003     0.00000    0.000000000    0.000000384    0.000000217  257.172142  90509.4373
 738.00   15.0000    0.0000   15.0000  264.7484  264.7484  0.000000       0.00000       0.00000         449853.0084    0.000000    -0.00003     0.00000    0.000000000    0.000000373    0.000000205  257.197313  90365.2773
 750.00   15.0000    0.0000   15.0000  264.8934  264.8934  0.000000       0.00000       0.00000         445459.3513    0.000000    -0.00003     0.00000    0.000000000    0.000000362    0.000000194  257.221114  90221.3606
 762.00   15.0000    0.0000   15.0000  265.0372  265.0372  0.000000       0.00000       0.00000         441897.0950    0.000000    -0.00003     0.00000    0.000000000    0.000000354    0.000000186  257.243544  90077.6860
 774.00   15.0000    0.0000   15.0000  265.1801  265.1801  0.000000       0.00000       0.00000         439098.3808    0.000000    -0.00003     0.00000    0.000000000    0.000000347    0.000000179  257.265127  89934.2524
 786.00   15.0000    0.0000   15.0000  265.3221  265.3221  0.000000       0.00000       0.00000         437510.8138    0.000000    -0.00003     0.00000    0.000000000    0.000000344    0.000000175  257.285819  89791.0590
 798.00   15.0000    0.0000   15.0000  265.4642  265.4642  0.000000       0.00000       0.00000         436800.4022    0.000000    -0.00004     0.00000    0.000000000    0.000000344    0.000000174  257.306425  89648.1051
 810.00   15.0000    0.0000   15.0000  265.6059  265.6059  0.000000       0.00000       0.00000         437553.8924    0.000000    -0.00004     0.00000    0.000000000    0.000000347    0.000000177  257.326691  89505.3901
 822.00   15.0000    0.0000   15.0000  265.7486  265.7486  0.000000       0.00000       0.00000         439219.1407    0.000000    -0.00004     0.00000    0.000000000    0.000000353    0.000000182  257.347792  89362.9137
 834.00   15.0000    0.0000   15.0000  265.8916  265.8916  0.000000       0.00000       0.00000         441674.1760    0.000000    -0.00004     0.00000    0.000000000    0.000000361    0.000000189  257.369131  89220.6759
 846.00   15.0000    0.0000   15.0000  266.0360  266.0360  0.000000       0.00000       0.00000         446332.4406    0.000000    -0.00004     0.00000    0.000000000    0.000000375    0.000000202  257.391801  89078.6765
 858.00   15.0000    0.0000   15.0000  266.1822  266.1822  0.000000       0.00000       0.00000         453225.4117    0.000000    -0.00004     0.00000    0.000000000    0.000000396    0.000000222  257.416098  88936.9161
 870.00   15.0000    0.0000   15.0000  266.3312  266.3312  0.000000       0.00000       0.00000         463699.6921    0.000000    -0.00004     0.00000    0.000000000    0.000000426    0.000000252  257.443137  88795.3954
 882.00   15.0000    0.0000   15.0000  266.4844  266.4844  0.000000       0.00000       0.00000         476175.3501    0.000000    -0.00004     0.00000    0.000000000    0.000000463    0.000000287  257.474063  88654.1158
 894.00   15.0000    0.0000   15.0000  266.6418  266.6418  0.000000       0.00000       0.00000         495750.4506    0.000000    -0.00005     0.00000    0.000000000    0.000000521    0.000000342  257.508998  88513.0790
 906.00   15.0000    0.0000   15.0000  266.8079  266.8079  0.000000       0.00000       0.00000         514389.4602    0.000000    -0.00005     0.00000    0.000000000    0.000000576    0.000000396  257.552300  88372.2879
 918.00   15.0000    0.0000   15.0000  266.9777  266.9777  0.000000       0.00000       0.00000         558056.0232    0.000000    -0.00006     0.00000    0.000000000    0.000000704    0.000000520  257.599038  88231.7453
 930.00   15.0000    0.0000   15.0000  267.1725  267.1725  0.000000       0.00000       0.00000         576332.0713    0.000000    -0.00005     0.00000    0.000000000    0.000000761    0.000000575  257.669923  88091.4582
 942.00   15.0000    0.0000   15.0000  267.3545  267.3545  0.000000       0.00000       0.00000         697179.8109    0.000000    -0.00008     0.00000    0.000000000    0.000001119    0.000000921  257.728290  87951.4293
 954.00   15.0000    0.0000   15.0000  267.6287  267.6287  0.000000       0.00000       0.00000         687624.0079    0.000000    -0.00005     0.00000    0.000000000    0.000001099    0.000000906  257.875459  87811.6787
 966.00   15.0000    0.0000   15.0000  267.8049  267.8049  0.000000       0.00000       0.00000        1040536.8809    0.000000    -0.00015     0.00000    0.000000000    0.000002172    0.000001928  257.928088  87672.2041
 978.00   15.0000    0.0000   15.0000  268.3107  268.3107  0.000000       0.00000       0.00000         959846.9203    0.000000    -0.00004     0.00000    0.000000000    0.000001944    0.000001750  258.298023  87533.0648
 990.00   15.0000    0.0000   15.0000  268.4352  268.4352  0.000000       0.00000       0.00000        2591223.5411    0.000000    -0.00049     0.00000    0.000000000    0.000007295    0.000006607  258.300742  87394.2466
1002.00   15.0000    0.0000   15.0000  270.0130  270.0130  0.000000       0.00000       0.00000        2505734.9744    0.000000    -0.00002     0.00000    0.000000000    0.000007069    0.000007109  259.701554  87256.0225
1014.00   15.0000    0.0000   15.0000  270.0910  270.0910  0.000000       0.00000       0.00000         236005.2723    0.000000    -0.00002     0.00000    0.000000000   -0.000000243   -0.000000440  259.659464  87118.3791
1026.00   15.0000    0.0000   15.0000  270.1690  270.1690  0.000000       0.00000       0.00000         235937.1356    0.000000    -0.00002     0.00000    0.000000000   -0.000000243   -0.000000440  259.617341  86980.9305
1038.00   15.0000    0.0000   15.0000  270.2470  270.2470  0.000000       0.00000       0.00000         235869.0383    0.000000    -0.00003     0.00000    0.000000000   -0.000000243   -0.000000439  259.575184  86843.6766
1050.00   15.0000    0.0000   15.0000  270.3250  270.3250  0.000000       0.00000       0.00000         235800.9803    0.000000    -0.00003     0.00000    0.000000000   -0.000000243   -0.000000439  259.532993  86706.6169
1062.00   15.0000    0.0000   15.0000  270.4030  270.4030  0.000000       0.00000       0.00000         235732.9615    0.000000    -0.00003     0.00000    0.000000000   -0.000000243   -0.000000439  259.490769  86569.7514
1074.00   15.0000    0.0000   15.0000  270.4810  270.4810  0.000000       0.00000       0.00000         235664.9820    0.000000    -0.00003     0.00000    0.000000000   -0.000000243   -0.000000438  259.448510  86433.0796
1086.00   15.0000    0.0000   15.0000  270.5590  270.5590  0.000000       0.00000       0.00000         235597.0417    0.000000    -0.00003     0.00000    0.000000000   -0.000000243   -0.000000438  259.406218  86296.6014
1098.00   15.0000    0.0000   15.0000  270.6370  270.6370  0.000000       0.00000       0.00000         235529.1405    0.000000    -0.00003     0.00000    0.000000000   -0.000000243   -0.000000438  259.363892  86160.3165
1110.00   15.0000    0.0000   15.0000  270.7150  270.7150  0.000000       0.00000       0.00000         235461.2785    0.000000    -0.00003     0.00000    0.000000000   -0.000000243   -0.000000437  259.321533  86024.2247
1122.00   15.0000    0.0000   15.0000  270.7930  270.7930  0.000000       0.00000       0.00000         235393.4555    0.000000    -0.00003     0.00000    0.000000000   -0.000000243   -0.000000437  259.279139  85888.3256
1134.00   15.0000    0.0000   15.0000  270.8710  270.8710  0.000000       0.00000       0.00000         235325.6716    0.000000    -0.00003     0.00000    0.000000000   -0.000000243   -0.000000437  259.236712  85752.6190
1146.00   15.0000    0.0000   15.0000  270.9490  270.9490  0.000000       0.00000       0.00000         235257.9268    0.000000    -0.00003     0.00000    0.000000000   -0.000000243   -0.000000436  259.194252  85617.1046
1158.00   15.0000    0.0000   15.0000  271.0270  271.0270  0.000000       0.00000       0.00000         235190.2209    0.000000    -0.00003     0.00000    0.000000000   -0.000000243   -0.000000436  259.151757  85481.7823
1170.00   15.0000    0.0000   15.0000  271.1050  271.1050  0.000000       0.00000       0.00000         235122.5540    0.000000    -0.00003     0.00000    0.000000000   -0.000000243   -0.000000436  259.109229  85346.6517
1182.00   15.0000    0.0000   15.0000  271.1830  271.1830  0.000000       0.00000       0.00000         235054.9260    0.000000    -0.00003     0.00000    0.000000000   -0.000000243   -0.000000435  259.066667  85211.7126
1194.00   15.0000    0.0000   15.0000  271.2610  271.2610  0.000000       0.00000       0.00000         234987.3369    0.000000    -0.00003     0.00000    0.000000000   -0.000000243   -0.000000435  259.024071  85076.9647
1206.00   15.0000    0.0000   15.0000  271.3390  271.3390  0.000000       0.00000       0.00000         234919.7867    0.000000    -0.00003     0.00000    0.000000000   -0.000000243   -0.000000435  258.981442  84942.4077
1218.00   15.0000    0.0000   15.0000  271.4170  271.4170  0.000000       0.00000       0.00000         234852.2753    0.000000    -0.00003     0.00000    0.000000000   -0.000000243   -0.000000434  258.938779  84808.0415
1230.00   15.0000    0.0000   15.0000  271.4950  271.4950  0.000000       0.00000       0.00000         234784.8027    0.000000    -0.00003     0.00000    0.000000000   -0.000000243   -0.000000434  258.896083  84673.8657
1242.00   15.0000    0.0000   15.0000  271.5730  271.5730  0.000000       0.00000       0.00000         234717.3688    0.000000    -0.00003     0.00000    0.000000000   -0.000000243   -0.000000434  258.853353  84539.8801
1254.00   15.0000    0.0000   15.0000  271.6510  271.6510  0.000000       0.00000       0.00000         234649.9737    0.000000    -0.00003     0.00000    0.000000000   -0.000000243   -0.000000433  258.810589  84406.0845
1266.00   15.0000    0.0000   15.0000  271.7290  271.7290  0.000000       0.00000       0.00000         234582.6172    0.000000    -0.00003     0.00000    0.000000000   -0.000000243   -0.000000433  258.767791  84272.4785
1278.00   15.0000    0.0000   15.0000  271.8070  271.8070  0.000000       0.00000       0.00000         234515.2995    0.000000    -0.00003     0.00000    0.000000000   -0.000000243   -0.000000432  258.724960  84139.0620
1290.00   15.0000    0.0000   15.0000  271.8850  271.8850  0.000000       0.00000       0.00000         234448.0203    0.000000    -0.00003     0.00000    0.000000000   -0.000000243   -0.000000432  258.682095  84005.8346
1302.00   15.0000    0.0000   15.0000  271.9630  271.9630  0.000000       0.00000       0.00000         234380.7797    0.000000    -0.00003     0.00000    0.000000000   -0.000000243   -0.000000432  258.639197  83872.7962
1314.00   15.0000    0.0000   15.0000  272.0410  272.0410  0.000000       0.00000       0.00000         234313.5777    0.000000    -0.00003     0.00000    0.000000000   -0.000000243   -0.000000431  258.596265  83739.9464
1326.00   15.0000    0.0000   15.0000  272.1190  272.1190  0.000000       0.00000       0.00000         234246.4143    0.000000    -0.00003     0.00000    0.000000000   -0.000000243   -0.000000431  258.553300  83607.2850
1338.00   15.0000    0.0000   15.0000  272.1970  272.1970  0.000000       0.00000       0.00000         234179.2893    0.000000    -0.00003     0.00000    0.000000000   -0.000000243   -0.000000431  258.510301  83474.8118
1350.00   15.0000    0.0000   15.0000  272.2750  272.2750  0.000000       0.00000       0.00000         234112.2027    0.000000    -0.00003     0.00000    0.000000000   -0.000000243   -0.000000430  258.467268  83342.5266
1362.00   15.0000    0.0000   15.0000  272.3530  272.3530  0.000000       0.00000       0.00000         234045.1546    0.000000    -0.00003     0.00000    0.000000000   -0.000000243   -0.000000430  258.424202  83210.4289
1374.00   15.0000    0.0000   15.0000  272.4310  272.4310  0.000000       0.00000       0.00000         233978.1449    0.000000    -0.00003     0.00000    0.000000000   -0.000000243   -0.000000430  258.381103  83078.5187
1386.00   15.0000    0.0000   15.0000  272.5090  272.5090  0.000000       0.00000       0.00000         233911.1736    0.000000    -0.00003     0.00000    0.000000000   -0.000000243   -0.000000429  258.337970  82946.7956
1398.00   15.0000    0.0000   15.0000  272.5870  272.5870  0.000000       0.00000       0.00000         233844.2406    0.000000    -0.00003     0.00000    0.000000000   -0.000000243   -0.000000429  258.294803  82815.2594
1410.00   15.0000    0.0000   15.0000  272.6650  272.6650  0.000000       0.00000       0.00000         233777.3458    0.000000    -0.00003     0.00000    0.000000000   -0.000000243   -0.000000428  258.251603  82683.9099
1422.00   15.0000    0.0000   15.0000  272.7430  272.7430  0.000000       0.00000       0.00000         233710.4894    0.000000    -0.00003     0.00000    0.000000000   -0.000000243   -0.000000428  258.208369  82552.7467
1434.00   15.0000    0.0000   15.0000  272.8210  272.8210  0.000000       0.00000       0.00000         233643.6711    0.000000    -0.00003     0.00000    0.000000000   -0.000000243   -0.000000428  258.165102  82421.7697
1446.00   15.0000    0.0000   15.0000  272.8990  272.8990  0.000000       0.00000       0.00000         233576.8911    0.000000    -0.00004     0.00000    0.000000000   -0.000000243   -0.000000427  258.121801  82290.9786
1458.00   15.0000    0.0000   15.0000  272.9770  272.9770  0.000000       0.00000       0.00000         233510.1492    0.000000    -0.00004     0.00000    0.000000000   -0.000000243   -0.000000427  258.078467  82160.3732
1470.00   15.0000    0.0000   15.0000  273.0550  273.0550  0.000000       0.00000       0.00000         233443.4455    0.000000    -0.00004     0.00000    0.000000000   -0.000000243   -0.000000426  258.035100  82029.9531
1482.00   15.0000    0.0000   15.0000  273.1330  273.1330  0.000000       0.00000       0.00000         233376.7798    0.000000    -0.00004     0.00000    0.000000000   -0.000000243   -0.000000426  257.991699  81899.7182
1494.00   15.0000    0.0000   15.0000  273.2110  273.2110  0.000000       0.00000       0.00000         233310.1522    0.000000    -0.00004     0.00000    0.000000000   -0.000000243   -0.000000426  257.948264  81769.6682
1506.00   15.0000    0.0000   15.0000  273.2890  273.2890  0.000000       0.00000       0.00000         233243.5627    0.000000    -0.00004     0.00000    0.000000000   -0.000000243   -0.000000425  257.904796  81639.8029
1518.00   15.0000    0.0000   15.0000  273.3670  273.3670  0.000000       0.00000       0.00000         233177.0111    0.000000    -0.00004     0.00000    0.000000000   -0.000000243   -0.000000425  257.861295  81510.1219
1530.00   15.0000    0.0000   15.0000  273.4450  273.4450  0.000000       0.00000       0.00000         233110.4975    0.000000    -0.00004     0.00000    0.000000000   -0.000000243   -0.000000425  257.817761  81380.6252
1542.00   15.0000    0.0000   15.0000  273.5230  273.5230  0.000000       0.00000       0.00000         233044.0219    0.000000    -0.00004     0.00000    0.000000000   -0.000000243   -0.000000424  257.774192  81251.3123
1554.00   15.0000    0.0000   15.0000  273.6010  273.6010  0.000000       0.00000       0.00000         232977.5841    0.000000    -0.00004     0.00000    0.000000000   -0.000000243   -0.000000424  257.730591  81122.1831
1566.00   15.0000    0.0000   15.0000  273.6790  273.6790  0.000000       0.00000       0.00000         232911.1843    0.000000    -0.00004     0.00000    0.000000000   -0.000000243   -0.000000423  257.686956  80993.2373
1578.00   15.0000    0.0000   15.0000  273.7570  273.7570  0.000000       0.00000       0.00000         232844.8222    0.000000    -0.00004     0.00000    0.000000000   -0.000000243   -0.000000423  257.643288  80864.4746
1590.00   15.0000    0.0000   15.0000  273.8350  273.8350  0.000000       0.00000       0.00000         232778.4980    0.000000    -0.00004     0.00000    0.000000000   -0.000000243   -0.000000423  257.599586  80735.8949
1602.00   15.0000    0.0000   15.0000  273.9130  273.9130  0.000000       0.00000       0.00000         232712.2115    0.000000    -0.00004     0.00000    0.000000000   -0.000000243   -0.000000422  257.555851  80607.4979
1614.00   15.0000    0.0000   15.0000  273.9910  273.9910  0.000000       0.00000       0.00000         232645.9628    0.000000    -0.00004     0.00000    0.000000000   -0.000000243   -0.000000422  257.512083  80479.2833
1626.00   15.0000    0.0000   15.0000  274.0690  274.0690  0.000000       0.00000       0.00000         232579.7518    0.000000    -0.00004     0.00000    0.000000000   -0.000000243   -0.000000421  257.468281  80351.2509
1638.00   15.0000    0.0000   15.0000  274.1470  274.1470  0.000000       0.00000       0.00000         232513.5785    0.000000    -0.00004     0.00000    0.000000000   -0.000000243   -0.000000421  257.424446  80223.4004
1650.00   15.0000    0.0000   15.0000  274.2250  274.2250  0.000000       0.00000       0.00000         232447.4428    0.000000    -0.00004     0.00000    0.000000000   -0.000000243   -0.000000420  257.380578  80095.7317
1662.00   15.0000    0.0000   15.0000  274.3030  274.3030  0.000000       0.00000       0.00000         232381.3447    0.000000    -0.00004     0.00000    0.000000000   -0.000000243   -0.000000420  257.336677  79968.2444
1674.00   15.0000    0.0000   15.0000  274.3810  274.3810  0.000000       0.00000       0.00000         232315.2842    0.000000    -0.00004     0.00000    0.000000000   -0.000000243   -0.000000420  257.292742  79840.9383
1686.00   15.0000    0.0000   15.0000  274.4590  274.4590  0.000000       0.00000       0.00000         232249.2613    0.000000    -0.00004     0.00000    0.000000000   -0.000000243   -0.000000419  257.248774  79713.8131
1698.00   15.0000    0.0000   15.0000  274.5370  274.5370  0.000000       0.00000       0.00000         232183.2758    0.000000    -0.00004     0.00000    0.000000000   -0.000000243   -0.000000419  257.204772  79586.8688
1710.00   15.0000    0.0000   15.0000  274.6150  274.6150  0.000000       0.00000       0.00000         232117.3279    0.000000    -0.00004     0.00000    0.000000000   -0.000000243   -0.000000418  257.160737  79460.1048
1722.00   15.0000    0.0000   15.0000  274.6930  274.6930  0.000000       0.00000       0.00000         232051.4174    0.000000    -0.00004     0.00000    0.000000000   -0.000000243   -0.000000418  257.116669  79333.5212
1734.00   15.0000    0.0000   15.0000  274.7710  274.7710  0.000000       0.00000       0.00000         231985.5443    0.000000    -0.00004     0.00000    0.000000000   -0.000000243   -0.000000418  257.072568  79207.1175
1746.00   15.0000    0.0000   15.0000  274.8490  274.8490  0.000000       0.00000       0.00000         231919.7086    0.000000    -0.00004     0.00000    0.000000000   -0.000000243   -0.000000417  257.028434  79080.8936
1758.00   15.0000    0.0000   15.0000  274.9270  274.9270  0.000000       0.00000       0.00000         231853.9103    0.000000    -0.00004     0.00000    0.000000000   -0.000000242   -0.000000417  256.984266  78954.8492
1770.00   15.0000    0.0000   15.0000  275.0050  275.0050  0.000000       0.00000       0.00000         231788.1493    0.000000    -0.00004     0.00000    0.000000000   -0.000000242   -0.000000416  256.940065  78828.9841
1782.00   15.0000    0.0000   15.0000  275.0830  275.0830  0.000000       0.00000       0.00000         231722.4256    0.000000    -0.00004     0.00000    0.000000000   -0.000000242   -0.000000416  256.895831  78703.2980
1794.00   15.0000    0.0000   15.0000  275.1610  275.1610  0.000000       0.00000       0.00000         231656.7391    0.000000    -0.00004     0.00000    0.000000000   -0.000000242   -0.000000415  256.851564  78577.7907
1806.00   15.0000    0.0000   15.0000  275.2390  275.2390  0.000000       0.00000       0.00000         231591.0899    0.000000    -0.00004     0.00000    0.000000000   -0.000000242   -0.000000415  256.807263  78452.4620
1818.00   15.0000    0.0000   15.0000  275.3170  275.3170  0.000000       0.00000       0.00000         231525.4779    0.000000    -0.00004     0.00000    0.000000000   -0.000000242   -0.000000415  256.762929  78327.3115
1830.00   15.0000    0.0000   15.0000  275.3950  275.3950  0.000000       0.00000       0.00000         231459.9030    0.000000    -0.00004     0.00000    0.000000000   -0.000000242   -0.000000414  256.718563  78202.3392
1842.00   15.0000    0.0000   15.0000  275.4730  275.4730  0.000000       0.00000       0.00000         231394.3653    0.000000    -0.00004     0.00000    0.000000000   -0.000000242   -0.000000414  256.674163  78077.5447
1854.00   15.0000    0.0000   15.0000  275.5510  275.5510  0.000000       0.00000       0.00000         231328.8647    0.000000    -0.00005     0.00000    0.000000000   -0.000000242   -0.000000413  256.629729  77952.9278
1866.00   15.0000    0.0000   15.0000  275.6290  275.6290  0.000000       0.00000       0.00000         231263.4012    0.000000    -0.00005     0.00000    0.000000000   -0.000000242   -0.000000413  256.585263  77828.4883
1878.00   15.0000    0.0000   15.0000  275.7070  275.7070  0.000000       0.00000       0.00000         231197.9747    0.000000    -0.00005     0.00000    0.000000000   -0.000000242   -0.000000412  256.540764  77704.2259
1890.00   15.0000    0.0000   15.0000  275.7850  275.7850  0.000000       0.00000       0.00000         231132.5852    0.000000    -0.00005     0.00000    0.000000000   -0.000000242   -0.000000412  256.496231  77580.1403
1902.00   15.0000    0.0000   15.0000  275.8630  275.8630  0.000000       0.00000       0.00000         231067.2326    0.000000    -0.00005     0.00000    0.000000000   -0.000000242   -0.000000412  256.451665  77456.2314
1914.00   15.0000    0.0000   15.0000  275.9410  275.9410  0.000000       0.00000       0.00000         231001.9171    0.000000    -0.00005     0.00000    0.000000000   -0.000000242   -0.000000411  256.407066  77332.4990
1926.00   15.0000    0.0000   15.0000  276.0190  276.0190  0.000000       0.00000       0.00000         230936.6384    0.000000    -0.00005     0.00000    0.000000000   -0.000000242   -0.000000411  256.362435  77208.9427
1938.00   15.0000    0.0000   15.0000  276.0970  276.0970  0.000000       0.00000       0.00000         230871.3966    0.000000    -0.00005     0.00000    0.000000000   -0.000000242   -0.000000410  256.317770  77085.5624
1950.00   15.0000    0.0000   15.0000  276.1750  276.1750  0.000000       0.00000       0.00000         230806.1917    0.000000    -0.00005     0.00000    0.000000000   -0.000000241   -0.000000410  256.273071  76962.3577
1962.00   15.0000    0.0000   15.0000  276.2530  276.2530  0.000000       0.00000       0.00000         230741.0236    0.000000    -0.00005     0.00000    0.000000000   -0.000000241   -0.000000409  256.228340  76839.3285
1974.00   15.0000    0.0000   15.0000  276.3310  276.3310  0.000000       0.00000       0.00000         230675.8923    0.000000    -0.00005     0.00000    0.000000000   -0.000000241   -0.000000409  256.183576  76716.4746
1986.00   15.0000    0.0000   15.0000  276.4090  276.4090  0.000000       0.00000       0.00000         230610.7978    0.000000    -0.00005     0.00000    0.000000000   -0.000000241   -0.000000408  256.138779  76593.7957
1998.00   15.0000    0.0000   15.0000  276.4870  276.4870  0.000000       0.00000       0.00000         230545.7399    0.000000    -0.00005     0.00000    0.000000000   -0.000000241   -0.000000408  256.093948  76471.2915
2010.00   15.0000    0.0000   15.0000  276.5650  276.5650  0.000000       0.00000       0.00000         230480.7188    0.000000    -0.00005     0.00000    0.000000000   -0.000000241   -0.000000408  256.049085  76348.9618
2022.00   15.0000    0.0000   15.0000  276.6430  276.6430  0.000000       0.00000       0.00000         230415.7344    0.000000    -0.00005     0.00000    0.000000000   -0.000000241   -0.000000407  256.004189  76226.8065
2034.00   15.0000    0.0000   15.0000  276.7210  276.7210  0.000000       0.00000       0.00000         230350.7865    0.000000    -0.00005     0.00000    0.000000000   -0.000000241   -0.000000407  255.959259  76104.8252
2046.00   15.0000    0.0000   15.0000  276.7990  276.7990  0.000000       0.00000       0.00000         230285.8753    0.000000    -0.00005     0.00000    0.000000000   -0.000000241   -0.000000406  255.914297  75983.0177
2058.00   15.0000    0.0000   15.0000  276.8770  276.8770  0.000000       0.00000       0.00000         230221.0007    0.000000    -0.00005     0.00000    0.000000000   -0.000000241   -0.000000406  255.869302  75861.3839
2070.00   15.0000    0.0000   15.0000  276.9550  276.9550  0.000000       0.00000       0.00000         230156.1626    0.000000    -0.00005     0.00000    0.000000000   -0.000000241   -0.000000405  255.824273  75739.9234
2082.00   15.0000    0.0000   15.0000  277.0330  277.0330  0.000000       0.00000       0.00000         230091.3610    0.000000    -0.00005     0.00000    0.000000000   -0.000000241   -0.000000405  255.779212  75618.6360
2094.00   15.0000    0.0000   15.0000  277.1110  277.1110  0.000000       0.00000       0.00000         230026.5958    0.000000    -0.00005     0.00000    0.000000000   -0.000000240   -0.000000404  255.734117  75497.5216
2106.00   15.0000    0.0000   15.0000  277.1890  277.1890  0.000000       0.00000       0.00000         229961.8672    0.000000    -0.00005     0.00000    0.000000000   -0.000000240   -0.000000404  255.688990  75376.5798
2118.00   15.0000    0.0000   15.0000  277.2670  277.2670  0.000000       0.00000       0.00000         229897.1749    0.000000    -0.00005     0.00000    0.000000000   -0.000000240   -0.000000403  255.643830  75255.8104
2130.00   15.0000    0.0000   15.0000  277.3450  277.3450  0.000000       0.00000       0.00000         229832.5191    0.000000    -0.00005     0.00000    0.000000000   -0.000000240   -0.000000403  255.598637  75135.2132
2142.00   15.0000    0.0000   15.0000  277.4230  277.4230  0.000000       0.00000       0.00000         229767.8996    0.000000    -0.00005     0.00000    0.000000000   -0.000000240   -0.000000403  255.553411  75014.7881
2154.00   15.0000    0.0000   15.0000  277.5010  277.5010  0.000000       0.00000       0.00000         229703.3164    0.000000    -0.00005     0.00000    0.000000000   -0.000000240   -0.000000402  255.508152  74894.5346
2166.00   15.0000    0.0000   15.0000  277.5790  277.5790  0.000000       0.00000       0.00000         229638.7695    0.000000    -0.00005     0.00000    0.000000000   -0.000000240   -0.000000402  255.462860  74774.4527
2178.00   15.0000    0.0000   15.0000  277.6570  277.6570  0.000000       0.00000       0.00000         229574.2589    0.000000    -0.00005     0.00000    0.000000000   -0.000000240   -0.000000401  255.417535  74654.5421
2190.00   15.0000    0.0000   15.0000  277.7350  277.7350  0.000000       0.00000       0.00000         229509.7845    0.000000    -0.00005     0.00000    0.000000000   -0.000000240   -0.000000401  255.372177  74534.8025
2202.00   15.0000    0.0000   15.0000  277.8130  277.8130  0.000000       0.00000       0.00000         229445.3463    0.000000    -0.00005     0.00000    0.000000000   -0.000000240   -0.000000400  255.326786  74415.2337
2214.00   15.0000    0.0000   15.0000  277.8910  277.8910  0.000000       0.00000       0.00000         229380.9443    0.000000    -0.00005     0.00000    0.000000000   -0.000000239   -0.000000400  255.281363  74295.8356
2226.00   15.0000    0.0000   15.0000  277.9690  277.9690  0.000000       0.00000       0.00000         229316.5785    0.000000    -0.00005     0.00000    0.000000000   -0.000000239   -0.000000399  255.235907  74176.6078
2238.00   15.0000    0.0000   15.0000  278.0470  278.0470  0.000000       0.00000       0.00000         229252.2487    0.000000    -0.00005     0.00000    0.000000000   -0.000000239   -0.000000399  255.190417  74057.5501
2250.00   15.0000    0.0000   15.0000  278.1250  278.1250  0.000000       0.00000       0.00000         229187.9551    0.000000    -0.00005     0.00000    0.000000000   -0.000000239   -0.000000398  255.144895  73938.6624
2262.00   15.0000    0.0000   15.0000  278.2030  278.2030  0.000000       0.00000       0.00000         229123.6974    0.000000    -0.00006     0.00000    0.000000000   -0.000000239   -0.000000398  255.099340  73819.9444
2274.00   15.0000    0.0000   15.0000  278.2810  278.2810  0.000000       0.00000       0.00000         229059.4759    0.000000    -0.00006     0.00000    0.000000000   -0.000000239   -0.000000397  255.053753  73701.3958
2286.00   15.0000    0.0000   15.0000  278.3590  278.3590  0.000000       0.00000       0.00000         228995.2903    0.000000    -0.00006     0.00000    0.000000000   -0.000000239   -0.000000397  255.008132  73583.0164
2298.00   15.0000    0.0000   15.0000  278.4370  278.4370  0.000000       0.00000       0.00000         228931.1406    0.000000    -0.00006     0.00000    0.000000000   -0.000000239   -0.000000396  254.962479  73464.8060
2310.00   15.0000    0.0000   15.0000  278.5150  278.5150  0.000000       0.00000       0.00000         228867.0269    0.000000    -0.00006     0.00000    0.000000000   -0.000000239   -0.000000396  254.916793  73346.7645
2322.00   15.0000    0.0000   15.0000  278.5930  278.5930  0.000000       0.00000       0.00000         228802.9491    0.000000    -0.00006     0.00000    0.000000000   -0.000000238   -0.000000395  254.871074  73228.8914
2334.00   15.0000    0.0000   15.0000  278.6710  278.6710  0.000000       0.00000       0.00000         228738.9072    0.000000    -0.00006     0.00000    0.000000000   -0.000000238   -0.000000395  254.825322  73111.1867
2346.00   15.0000    0.0000   15.0000  278.7490  278.7490  0.000000       0.00000       0.00000         228674.9011    0.000000    -0.00006     0.00000    0.000000000   -0.000000238   -0.000000394  254.779537  72993.6502
2358.00   15.0000    0.0000   15.0000  278.8270  278.8270  0.000000       0.00000       0.00000         228610.9308    0.000000    -0.00006     0.00000    0.000000000   -0.000000238   -0.000000394  254.733720  72876.2814
2370.00   15.0000    0.0000   15.0000  278.9050  278.9050  0.000000       0.00000       0.00000         228546.9963    0.000000    -0.00006     0.00000    0.000000000   -0.000000238   -0.000000393  254.687870  72759.0804
2382.00   15.0000    0.0000   15.0000  278.9830  278.9830  0.000000       0.00000       0.00000              0.0000    0.000000    -0.00006     0.00000    0.000000000    0.000000000    0.000000000  254.641987  72642.0467
2394.00   15.0000    0.0000   15.0000  279.0610  279.0610  0.000000       0.00000       0.00000              0.0000    0.000000     0.00000     0.00000    0.000000000    0.000000000    0.000000000  254.596072  72525.1803
