   0.00    0.0000    0.0000    0.0000  241.1498  241.1498  0.000000       0.00000       0.00000              0.0000    0.000000     0.00000     0.00000    0.000000000    0.000000000    0.000000000    0.000000      0.0000
   6.00    7.7871    3.5134    8.5430  242.6984  242.6984  0.000000       0.72402       0.72402              0.0000    0.000000     0.00000     0.00000   -0.000012226    0.000000000    0.000000000  242.610658  99873.4263
  18.00    8.8247    3.9022    9.6489  242.8118  242.8118  0.000000       2.23056       2.23056              0.0562    0.000000    -0.00000     0.00000   -0.000024595    0.000000000    0.000000000  242.577597  99662.6368
  30.00    9.4887    4.1065   10.3391  242.8868  242.8868  0.000000       2.14288       2.14288              0.0812    0.000000    -0.00000     0.00000   -0.000029317   -0.000000064   -0.000000101  242.535403  99494.3327
  42.00   10.0970    4.2545   10.9567  242.9579  242.9579  0.000000       2.35038       2.35038              0.0954    0.000000    -0.00000     0.00000   -0.000031737   -0.000000074   -0.000000111  242.489297  99326.2823
  54.00   10.6444    4.3535   11.5002  243.0244  243.0244  0.000000       2.31875       2.31875              0.1103    0.000000    -0.00000     0.00000   -0.000033620   -0.000000080   -0.000000117  242.438529  99158.4823
  66.00   11.1616    4.4149   12.0030  243.0899  243.0899  0.000000       2.27037       2.27037              0.1233    0.000000    -0.00000     0.00000   -0.000035248   -0.000000081   -0.000000118  242.386780  98990.9303
  78.00   11.6549    4.4426   12.4729  243.1554  243.1554  0.000000       2.16596       2.16596              0.1360    0.000000    -0.00000     0.00000   -0.000036745   -0.000000080   -0.000000117  242.334967  98823.6257
  90.00   12.1308    4.4390   12.9175  243.2220  243.2220  0.000000       2.03906       2.03906              0.1485    0.000000    -0.00000     0.00000   -0.000038215   -0.000000076   -0.000000113  242.284205  98656.5686
 102.00   12.5921    4.4052   13.3404  243.2904  243.2904  0.000000       1.89271       1.89271              0.1611    0.000000    -0.00000     0.00000   -0.000039682   -0.000000071   -0.000000108  242.235230  98489.7595
 114.00   13.0404    4.3414   13.7441  243.3613  243.3613  0.000000       1.73571       1.73571              0.1741    0.000000    -0.00000     0.00000   -0.000041175   -0.000000064   -0.000000101  242.188779  98323.1998
 126.00   13.4763    4.2475   14.1299  243.4356  243.4356  0.000000       1.57219       1.57219              0.1877    0.000000    -0.00000     0.00000   -0.000042720   -0.000000055   -0.000000093  242.145569  98156.8909
 138.00   13.8996    4.1229   14.4982  243.5139  243.5139  0.000000       1.40596       1.40596              0.2022    0.000000    -0.00000     0.00000   -0.000044356   -0.000000045   -0.000000082  242.106391  97990.8352
 150.00   14.3094    3.9667   14.8490  243.5973  243.5973  0.000000       1.23967       1.23967              0.2180    0.000000    -0.00000     0.00000   -0.000046112   -0.000000032   -0.000000070  242.072163  97825.0352
 162.00   14.7041    3.7776   15.1816  243.6868  243.6868  0.000000       1.07542       1.07542              0.2355    0.000000    -0.00000     0.00000   -0.000048039   -0.000000016   -0.000000055  242.044022  97659.4945
 174.00   15.0813    3.5542   15.4944  243.7840  243.7840  0.000000       0.91497       0.91497              0.2553    0.000000    -0.00001     0.00000   -0.000050170    0.000000004   -0.000000035  242.023440  97494.2173
 186.00   15.4379    3.2945   15.7855  243.8909  243.8909  0.000000       0.75941       0.75941              0.2783    0.000000    -0.00001     0.00000   -0.000052613    0.000000030   -0.000000011  242.012452  97329.2090
 198.00   15.7695    2.9960   16.0516  244.0105  244.0105  0.000000       0.61078       0.61078              0.3060    0.000000    -0.00001     0.00000   -0.000055232    0.000000065    0.000000023  242.013987  97164.4768
 210.00   16.0702    2.6547   16.2880  244.1476  244.1476  0.000000       0.46800       0.46800              0.3411    0.000000    -0.00001     0.00000   -0.000058441    0.000000115    0.000000071  242.032871  97000.0303
 222.00   16.3297    2.2658   16.4861  244.3102  244.3102  0.000000       0.33836       0.33836              0.3876    0.000000    -0.00001     0.00000   -0.000062368    0.000000197    0.000000149  242.076918  96835.8835
 234.00   16.5327    1.8165   16.6322  244.5164  244.5164  0.000000       0.21056       0.21056              0.4605    0.000000    -0.00002     0.00000   -0.000067786    0.000000342    0.000000287  242.164008  96672.0588
 246.00   16.6367    1.3022   16.6876  244.7995  244.7995  0.000000       0.12009       0.12009              0.5722    0.000000    -0.00002     0.00000   -0.000079859    0.000000749    0.000000671  242.327265  96508.5956
 258.00   16.5123    0.6437   16.5249  245.3351  245.3351  0.000000       0.01173       0.01173              1.2489    0.000000     0.00000     0.00000   -0.000057774    0.000006787    0.000005490  242.740260  96345.6023
 270.00   15.2817   -0.0663   15.2819  249.6276  249.6276  0.000000       0.00084       0.00084              2.3918    0.000000    -0.00021     0.00000   -0.000179956    0.000011041    0.000011267  246.869402  96184.3803
 282.00   15.0025   -0.0027   15.0025  252.1782  252.1782  0.000000       0.00000       0.00000             43.6227    0.000000    -0.00012     0.00000   -0.000007459    0.000007646    0.000007666  249.273929  96025.5539
 294.00   15.0000   -0.0000   15.0000  253.5423  253.5423  0.000000       0.00000       0.00000         146540.8818    0.000000    -0.00008     0.00000   -0.000000000    0.000004731    0.000004593  250.504983  95868.1453
 306.00   15.0000   -0.0000   15.0000  254.4059  254.4059  0.000000       0.00000       0.00000        2556967.7146    0.000000    -0.00007     0.00000    0.000000000    0.000003496    0.000003321  251.240881  95711.6111
 318.00   15.0000   -0.0000   15.0000  255.1344  255.1344  0.000000       0.00000       0.00000        2146275.8642    0.000000    -0.00006     0.00000    0.000000000    0.000003008    0.000002840  251.843029  95555.7479
 330.00   15.0000   -0.0000   15.0000  255.7460  255.7460  0.000000       0.00000       0.00000        1828411.8784    0.000000    -0.00005     0.00000    0.000000000    0.000002596    0.000002431  252.329563  95400.4743
 342.00   15.0000   -0.0000   15.0000  256.2788  256.2788  0.000000       0.00000       0.00000        1615989.6573    0.000000    -0.00005     0.00000    0.000000000    0.000002314    0.000002151  252.737966  95245.7276
 354.00   15.0000    0.0000   15.0000  256.7596  256.7596  0.000000       0.00000       0.00000        1454602.7043    0.000000    -0.00005     0.00000    0.000000000    0.000002091    0.000001931  253.094931  95091.4656
 366.00   15.0000    0.0000   15.0000  257.1928  257.1928  0.000000       0.00000       0.00000        1329433.2210    0.000000    -0.00005     0.00000    0.000000000    0.000001913    0.000001755  253.404781  94937.6560
 378.00   15.0000    0.0000   15.0000  257.5964  257.5964  0.000000       0.00000       0.00000        1224668.1946    0.000000    -0.00004     0.00000    0.000000000    0.000001758    0.000001601  253.685219  94784.2738
 390.00   15.0000    0.0000   15.0000  257.9649  257.9649  0.000000       0.00000       0.00000        1142528.4731    0.000000    -0.00004     0.00000    0.000000000    0.000001636    0.000001479  253.930938  94631.2980
 402.00   15.0000    0.0000   15.0000  258.3177  258.3177  0.000000       0.00000       0.00000        1072330.2001    0.000000    -0.00004     0.00000    0.000000000    0.000001527    0.000001372  254.161062  94478.7121
 414.00   15.0000    0.0000   15.0000  258.6428  258.6428  0.000000       0.00000       0.00000        1012262.6917    0.000000    -0.00004     0.00000    0.000000000    0.000001433    0.000001277  254.363764  94326.5018
 426.00   15.0000    0.0000   15.0000  258.9584  258.9584  0.000000       0.00000       0.00000         960094.4290    0.000000    -0.00004     0.00000    0.000000000    0.000001349    0.000001194  254.557023  94174.6548
 438.00   15.0000    0.0000   15.0000  259.2512  259.2512  0.000000       0.00000       0.00000         910277.6854    0.000000    -0.00004     0.00000    0.000000000    0.000001265    0.000001109  254.727707  94023.1605
 450.00   15.0000    0.0000   15.0000  259.5360  259.5360  0.000000       0.00000       0.00000         871581.6681    0.000000    -0.00004     0.00000    0.000000000    0.000001200    0.000001045  254.890307  93872.0088
 462.00   15.0000    0.0000   15.0000  259.8049  259.8049  0.000000       0.00000       0.00000         832716.0263    0.000000    -0.00004     0.00000    0.000000000    0.000001133    0.000000977  255.037216  93721.1916
 474.00   15.0000    0.0000   15.0000  260.0654  260.0654  0.000000       0.00000       0.00000         801635.7809    0.000000    -0.00004     0.00000    0.000000000    0.000001079    0.000000923  255.175870  93570.7009
 486.00   15.0000    0.0000   15.0000  260.3151  260.3151  0.000000       0.00000       0.00000         771470.5945    0.000000    -0.00004     0.00000    0.000000000    0.000001024    0.000000868  255.303653  93420.5303
 498.00   15.0000    0.0000   15.0000  260.5569  260.5569  0.000000       0.00000       0.00000         745455.2736    0.000000    -0.00004     0.00000    0.000000000    0.000000977    0.000000821  255.423709  93270.6733
 510.00   15.0000    0.0000   15.0000  260.7904  260.7904  0.000000       0.00000       0.00000         721680.5506    0.000000    -0.00004     0.00000    0.000000000    0.000000934    0.000000777  255.535456  93121.1245
 522.00   15.0000    0.0000   15.0000  261.0175  261.0175  0.000000       0.00000       0.00000         699541.0004    0.000000    -0.00004     0.00000    0.000000000    0.000000892    0.000000735  255.640848  92971.8789
 534.00   15.0000    0.0000   15.0000  261.2373  261.2373  0.000000       0.00000       0.00000         678116.6736    0.000000    -0.00004     0.00000    0.000000000    0.000000851    0.000000694  255.738929  92822.9318
 546.00   15.0000    0.0000   15.0000  261.4511  261.4511  0.000000       0.00000       0.00000         657047.2597    0.000000    -0.00004     0.00000    0.000000000    0.000000809    0.000000652  255.831080  92674.2785
 558.00   15.0000    0.0000   15.0000  261.6577  261.6577  0.000000       0.00000       0.00000         639003.6294    0.000000    -0.00004     0.00000    0.000000000    0.000000774    0.000000616  255.916123  92525.9147
 570.00   15.0000    0.0000   15.0000  261.8603  261.8603  0.000000       0.00000       0.00000         621319.3346    0.000000    -0.00003     0.00000    0.000000000    0.000000738    0.000000580  255.997108  92377.8363
 582.00   15.0000    0.0000   15.0000  262.0559  262.0559  0.000000       0.00000       0.00000         604948.0449    0.000000    -0.00003     0.00000    0.000000000    0.000000704    0.000000546  256.071200  92230.0397
 594.00   15.0000    0.0000   15.0000  262.2483  262.2483  0.000000       0.00000       0.00000         589710.1998    0.000000    -0.00003     0.00000    0.000000000    0.000000672    0.000000514  256.142037  92082.5213
 606.00   15.0000    0.0000   15.0000  262.4344  262.4344  0.000000       0.00000       0.00000         574593.4137    0.000000    -0.00003     0.00000    0.000000000    0.000000640    0.000000481  256.206682  91935.2777
 618.00   15.0000    0.0000   15.0000  262.6173  262.6173  0.000000       0.00000       0.00000         561537.7579    0.000000    -0.00003     0.00000    0.000000000    0.000000612    0.000000453  256.268134  91788.3057
 630.00   15.0000    0.0000   15.0000  262.7953  262.7953  0.000000       0.00000       0.00000         548106.2234    0.000000    -0.00003     0.00000    0.000000000    0.000000583    0.000000424  256.324677  91641.6025
 642.00   15.0000    0.0000   15.0000  262.9698  262.9698  0.000000       0.00000       0.00000         536660.0418    0.000000    -0.00003     0.00000    0.000000000    0.000000558    0.000000398  256.377780  91495.1650
 654.00   15.0000    0.0000   15.0000  263.1407  263.1407  0.000000       0.00000       0.00000         525598.6944    0.000000    -0.00003     0.00000    0.000000000    0.000000534    0.000000374  256.427213  91348.9907
 666.00   15.0000    0.0000   15.0000  263.3083  263.3083  0.000000       0.00000       0.00000         515411.3876    0.000000    -0.00003     0.00000    0.000000000    0.000000511    0.000000351  256.473439  91203.0771
 678.00   15.0000    0.0000   15.0000  263.4728  263.4728  0.000000       0.00000       0.00000         506048.1235    0.000000    -0.00003     0.00000    0.000000000    0.000000490    0.000000329  256.516537  91057.4220
 690.00   15.0000    0.0000   15.0000  263.6346  263.6346  0.000000       0.00000       0.00000         498081.1235    0.000000    -0.00003     0.00000    0.000000000    0.000000472    0.000000311  256.556940  90912.0231
 702.00   15.0000    0.0000   15.0000  263.7942  263.7942  0.000000       0.00000       0.00000         490994.1835    0.000000    -0.00003     0.00000    0.000000000    0.000000457    0.000000295  256.595085  90766.8786
 714.00   15.0000    0.0000   15.0000  263.9516  263.9516  0.000000       0.00000       0.00000         484991.6085    0.000000    -0.00003     0.00000    0.000000000    0.000000443    0.000000282  256.631084  90621.9868
 726.00   15.0000    0.0000   15.0000  264.1074  264.1074  0.000000       0.00000       0.00000         480125.5690    0.000000    -0.00003     0.00000    0.000000000    0.000000433    0.000000271  256.665503  90477.3460
 738.00   15.0000    0.0000   15.0000  264.2619  264.2619  0.000000       0.00000       0.00000         475470.5222    0.000000    -0.00004     0.00000    0.000000000    0.000000423    0.000000260  256.698485  90332.9551
 750.00   15.0000    0.0000   15.0000  264.4149  264.4149  0.000000       0.00000       0.00000         471058.9035    0.000000    -0.00004     0.00000    0.000000000    0.000000413    0.000000250  256.730019  90188.8127
 762.00   15.0000    0.0000   15.0000  264.5667  264.5667  0.000000       0.00000       0.00000         467966.4231    0.000000    -0.00004     0.00000    0.000000000    0.000000407    0.000000243  256.760266  90044.9176
 774.00   15.0000    0.0000   15.0000  264.7179  264.7179  0.000000       0.00000       0.00000         465769.2534    0.000000    -0.00004     0.00000    0.000000000    0.000000403    0.000000239  256.789891  89901.2689
 786.00   15.0000    0.0000   15.0000  264.8685  264.8685  0.000000       0.00000       0.00000         464736.8548    0.000000    -0.00004     0.00000    0.000000000    0.000000402    0.000000237  256.818792  89757.8656
 798.00   15.0000    0.0000   15.0000  265.0192  265.0192  0.000000       0.00000       0.00000         464924.9335    0.000000    -0.00004     0.00000    0.000000000    0.000000404    0.000000239  256.847800  89614.7072
 810.00   15.0000    0.0000   15.0000  265.1700  265.1700  0.000000       0.00000       0.00000         466452.3438    0.000000    -0.00004     0.00000    0.000000000    0.000000410    0.000000244  256.876852  89471.7933
 822.00   15.0000    0.0000   15.0000  265.3219  265.3219  0.000000       0.00000       0.00000         469023.2396    0.000000    -0.00004     0.00000    0.000000000    0.000000418    0.000000252  256.906853  89329.1236
 834.00   15.0000    0.0000   15.0000  265.4746  265.4746  0.000000       0.00000       0.00000         473121.0930    0.000000    -0.00004     0.00000    0.000000000    0.000000431    0.000000263  256.937556  89186.6983
 846.00   15.0000    0.0000   15.0000  265.6293  265.6293  0.000000       0.00000       0.00000         479725.2206    0.000000    -0.00004     0.00000    0.000000000    0.000000451    0.000000282  256.970169  89044.5176
 858.00   15.0000    0.0000   15.0000  265.7864  265.7864  0.000000       0.00000       0.00000         488771.9293    0.000000    -0.00004     0.00000    0.000000000    0.000000477    0.000000307  257.005063  88902.5821
 870.00   15.0000    0.0000   15.0000  265.9472  265.9472  0.000000       0.00000       0.00000         502387.9586    0.000000    -0.00005     0.00000    0.000000000    0.000000517    0.000000345  257.043407  88760.8931
 882.00   15.0000    0.0000   15.0000  266.1134  266.1134  0.000000       0.00000       0.00000         517304.7752    0.000000    -0.00005     0.00000    0.000000000    0.000000560    0.000000387  257.086912  88619.4524
 894.00   15.0000    0.0000   15.0000  266.2841  266.2841  0.000000       0.00000       0.00000         542471.8056    0.000000    -0.00005     0.00000    0.000000000    0.000000632    0.000000456  257.134695  88478.2621
 906.00   15.0000    0.0000   15.0000  266.4670  266.4670  0.000000       0.00000       0.00000         562347.0197    0.000000    -0.00005     0.00000    0.000000000    0.000000691    0.000000513  257.194096  88337.3262
 918.00   15.0000    0.0000   15.0000  266.6509  266.6509  0.000000       0.00000       0.00000         617673.7166    0.000000    -0.00006     0.00000    0.000000000    0.000000850    0.000000667  257.254470  88196.6474
 930.00   15.0000    0.0000   15.0000  266.8700  266.8700  0.000000       0.00000       0.00000         633337.1488    0.000000    -0.00006     0.00000    0.000000000    0.000000900    0.000000716  257.348780  88056.2349
 942.00   15.0000    0.0000   15.0000  267.0645  267.0645  0.000000       0.00000       0.00000         780051.8376    0.000000    -0.00009     0.00000    0.000000000    0.000001327    0.000001126  257.419175  87916.0907
 954.00   15.0000    0.0000   15.0000  267.3799  267.3799  0.000000       0.00000       0.00000         760470.1489    0.000000    -0.00005     0.00000    0.000000000    0.000001281    0.000001091  257.605991  87776.2394
 966.00   15.0000    0.0000   15.0000  267.5621  267.5621  0.000000       0.00000       0.00000        1161530.9168    0.000000    -0.00017     0.00000    0.000000000    0.000002486    0.000002229  257.664453  87636.6770
 978.00   15.0000    0.0000   15.0000  268.1405  268.1405  0.000000       0.00000       0.00000        1069739.5676    0.000000    -0.00004     0.00000    0.000000000    0.000002232    0.000002045  258.104167  87497.4708
 990.00   15.0000    0.0000   15.0000  268.2641  268.2641  0.000000       0.00000       0.00000        2852152.4603    0.000000    -0.00054     0.00000    0.000000000    0.000008060    0.000007272  258.106084  87358.6047
1002.00   15.0000    0.0000   15.0000  270.0130  270.0130  0.000000       0.00000       0.00000        2764572.6575    0.000000    -0.00002     0.00000    0.000000000    0.000007839    0.000007954  259.671247  87220.3767
1014.00   15.0000    0.0000   15.0000  270.0910  270.0910  0.000000       0.00000       0.00000         236005.2723    0.000000    -0.00002     0.00000    0.000000000   -0.000000243   -0.000000439  259.629149  87082.7734
1026.00   15.0000    0.0000   15.0000  270.1690  270.1690  0.000000       0.00000       0.00000         235937.1356    0.000000    -0.00002     0.00000    0.000000000   -0.000000243   -0.000000439  259.587017  86945.3650
1038.00   15.0000    0.0000   15.0000  270.2470  270.2470  0.000000       0.00000       0.00000         235869.0383    0.000000    -0.00003     0.00000    0.000000000   -0.000000243   -0.000000439  259.544851  86808.1511
1050.00   15.0000    0.0000   15.0000  270.3250  270.3250  0.000000       0.00000       0.00000         235800.9803    0.000000    -0.00003     0.00000    0.000000000   -0.000000243   -0.000000438  259.502651  86671.1316
1062.00   15.0000    0.0000   15.0000  270.4030  270.4030  0.000000       0.00000       0.00000         235732.9615    0.000000    -0.00003     0.00000    0.000000000   -0.000000243   -0.000000438  259.460418  86534.3060
1074.00   15.0000    0.0000   15.0000  270.4810  270.4810  0.000000       0.00000       0.00000         235664.9820    0.000000    -0.00003     0.00000    0.000000000   -0.000000243   -0.000000438  259.418151  86397.6743
1086.00   15.0000    0.0000   15.0000  270.5590  270.5590  0.000000       0.00000       0.00000         235597.0417    0.000000    -0.00003     0.00000    0.000000000   -0.000000243   -0.000000437  259.375850  86261.2360
1098.00   15.0000    0.0000   15.0000  270.6370  270.6370  0.000000       0.00000       0.00000         235529.1405    0.000000    -0.00003     0.00000    0.000000000   -0.000000243   -0.000000437  259.333515  86124.9910
1110.00   15.0000    0.0000   15.0000  270.7150  270.7150  0.000000       0.00000       0.00000         235461.2785    0.000000    -0.00003     0.00000    0.000000000   -0.000000243   -0.000000437  259.291147  85988.9390
1122.00   15.0000    0.0000   15.0000  270.7930  270.7930  0.000000       0.00000       0.00000         235393.4555    0.000000    -0.00003     0.00000    0.000000000   -0.000000243   -0.000000436  259.248745  85853.0798
1134.00   15.0000    0.0000   15.0000  270.8710  270.8710  0.000000       0.00000       0.00000         235325.6716    0.000000    -0.00003     0.00000    0.000000000   -0.000000243   -0.000000436  259.206309  85717.4130
1146.00   15.0000    0.0000   15.0000  270.9490  270.9490  0.000000       0.00000       0.00000         235257.9268    0.000000    -0.00003     0.00000    0.000000000   -0.000000243   -0.000000436  259.163840  85581.9384
1158.00   15.0000    0.0000   15.0000  271.0270  271.0270  0.000000       0.00000       0.00000         235190.2209    0.000000    -0.00003     0.00000    0.000000000   -0.000000243   -0.000000435  259.121336  85446.6558
1170.00   15.0000    0.0000   15.0000  271.1050  271.1050  0.000000       0.00000       0.00000         235122.5540    0.000000    -0.00003     0.00000    0.000000000   -0.000000243   -0.000000435  259.078799  85311.5649
1182.00   15.0000    0.0000   15.0000  271.1830  271.1830  0.000000       0.00000       0.00000         235054.9260    0.000000    -0.00003     0.00000    0.000000000   -0.000000243   -0.000000435  259.036229  85176.6654
1194.00   15.0000    0.0000   15.0000  271.2610  271.2610  0.000000       0.00000       0.00000         234987.3369    0.000000    -0.00003     0.00000    0.000000000   -0.000000243   -0.000000434  258.993624  85041.9571
1206.00   15.0000    0.0000   15.0000  271.3390  271.3390  0.000000       0.00000       0.00000         234919.7867    0.000000    -0.00003     0.00000    0.000000000   -0.000000243   -0.000000434  258.950986  84907.4397
1218.00   15.0000    0.0000   15.0000  271.4170  271.4170  0.000000       0.00000       0.00000         234852.2753    0.000000    -0.00003     0.00000    0.000000000   -0.000000243   -0.000000434  258.908315  84773.1130
1230.00   15.0000    0.0000   15.0000  271.4950  271.4950  0.000000       0.00000       0.00000         234784.8027    0.000000    -0.00003     0.00000    0.000000000   -0.000000243   -0.000000433  258.865609  84638.9767
1242.00   15.0000    0.0000   15.0000  271.5730  271.5730  0.000000       0.00000       0.00000         234717.3688    0.000000    -0.00003     0.00000    0.000000000   -0.000000243   -0.000000433  258.822870  84505.0306
1254.00   15.0000    0.0000   15.0000  271.6510  271.6510  0.000000       0.00000       0.00000         234649.9737    0.000000    -0.00003     0.00000    0.000000000   -0.000000243   -0.000000432  258.780098  84371.2743
1266.00   15.0000    0.0000   15.0000  271.7290  271.7290  0.000000       0.00000       0.00000         234582.6172    0.000000    -0.00003     0.00000    0.000000000   -0.000000243   -0.000000432  258.737292  84237.7077
1278.00   15.0000    0.0000   15.0000  271.8070  271.8070  0.000000       0.00000       0.00000         234515.2995    0.000000    -0.00003     0.00000    0.000000000   -0.000000243   -0.000000432  258.694452  84104.3305
1290.00   15.0000    0.0000   15.0000  271.8850  271.8850  0.000000       0.00000       0.00000         234448.0203    0.000000    -0.00003     0.00000    0.000000000   -0.000000243   -0.000000431  258.651578  83971.1425
1302.00   15.0000    0.0000   15.0000  271.9630  271.9630  0.000000       0.00000       0.00000         234380.7797    0.000000    -0.00003     0.00000    0.000000000   -0.000000243   -0.000000431  258.608671  83838.1433
1314.00   15.0000    0.0000   15.0000  272.0410  272.0410  0.000000       0.00000       0.00000         234313.5777    0.000000    -0.00003     0.00000    0.000000000   -0.000000243   -0.000000431  258.565731  83705.3328
1326.00   15.0000    0.0000   15.0000  272.1190  272.1190  0.000000       0.00000       0.00000         234246.4143    0.000000    -0.00003     0.00000    0.000000000   -0.000000243   -0.000000430  258.522757  83572.7106
1338.00   15.0000    0.0000   15.0000  272.1970  272.1970  0.000000       0.00000       0.00000         234179.2893    0.000000    -0.00003     0.00000    0.000000000   -0.000000243   -0.000000430  258.479749  83440.2765
1350.00   15.0000    0.0000   15.0000  272.2750  272.2750  0.000000       0.00000       0.00000         234112.2027    0.000000    -0.00003     0.00000    0.000000000   -0.000000243   -0.000000430  258.436708  83308.0303
1362.00   15.0000    0.0000   15.0000  272.3530  272.3530  0.000000       0.00000       0.00000         234045.1546    0.000000    -0.00003     0.00000    0.000000000   -0.000000243   -0.000000429  258.393633  83175.9718
1374.00   15.0000    0.0000   15.0000  272.4310  272.4310  0.000000       0.00000       0.00000         233978.1449    0.000000    -0.00003     0.00000    0.000000000   -0.000000243   -0.000000429  258.350524  83044.1006
1386.00   15.0000    0.0000   15.0000  272.5090  272.5090  0.000000       0.00000       0.00000         233911.1736    0.000000    -0.00003     0.00000    0.000000000   -0.000000243   -0.000000428  258.307382  82912.4165
1398.00   15.0000    0.0000   15.0000  272.5870  272.5870  0.000000       0.00000       0.00000         233844.2406    0.000000    -0.00003     0.00000    0.000000000   -0.000000243   -0.000000428  258.264207  82780.9193
1410.00   15.0000    0.0000   15.0000  272.6650  272.6650  0.000000       0.00000       0.00000         233777.3458    0.000000    -0.00003     0.00000    0.000000000   -0.000000243   -0.000000428  258.220998  82649.6086
1422.00   15.0000    0.0000   15.0000  272.7430  272.7430  0.000000       0.00000       0.00000         233710.4894    0.000000    -0.00003     0.00000    0.000000000   -0.000000243   -0.000000427  258.177756  82518.4844
1434.00   15.0000    0.0000   15.0000  272.8210  272.8210  0.000000       0.00000       0.00000         233643.6711    0.000000    -0.00003     0.00000    0.000000000   -0.000000243   -0.000000427  258.134480  82387.5462
1446.00   15.0000    0.0000   15.0000  272.8990  272.8990  0.000000       0.00000       0.00000         233576.8911    0.000000    -0.00004     0.00000    0.000000000   -0.000000243   -0.000000427  258.091170  82256.7939
1458.00   15.0000    0.0000   15.0000  272.9770  272.9770  0.000000       0.00000       0.00000         233510.1492    0.000000    -0.00004     0.00000    0.000000000   -0.000000243   -0.000000426  258.047828  82126.2273
1470.00   15.0000    0.0000   15.0000  273.0550  273.0550  0.000000       0.00000       0.00000         233443.4455    0.000000    -0.00004     0.00000    0.000000000   -0.000000243   -0.000000426  258.004451  81995.8459
1482.00   15.0000    0.0000   15.0000  273.1330  273.1330  0.000000       0.00000       0.00000         233376.7798    0.000000    -0.00004     0.00000    0.000000000   -0.000000243   -0.000000425  257.961042  81865.6497
1494.00   15.0000    0.0000   15.0000  273.2110  273.2110  0.000000       0.00000       0.00000         233310.1522    0.000000    -0.00004     0.00000    0.000000000   -0.000000243   -0.000000425  257.917598  81735.6384
1506.00   15.0000    0.0000   15.0000  273.2890  273.2890  0.000000       0.00000       0.00000         233243.5627    0.000000    -0.00004     0.00000    0.000000000   -0.000000243   -0.000000425  257.874122  81605.8117
1518.00   15.0000    0.0000   15.0000  273.3670  273.3670  0.000000       0.00000       0.00000         233177.0111    0.000000    -0.00004     0.00000    0.000000000   -0.000000243   -0.000000424  257.830612  81476.1693
1530.00   15.0000    0.0000   15.0000  273.4450  273.4450  0.000000       0.00000       0.00000         233110.4975    0.000000    -0.00004     0.00000    0.000000000   -0.000000243   -0.000000424  257.787068  81346.7111
1542.00   15.0000    0.0000   15.0000  273.5230  273.5230  0.000000       0.00000       0.00000         233044.0219    0.000000    -0.00004     0.00000    0.000000000   -0.000000243   -0.000000423  257.743491  81217.4367
1554.00   15.0000    0.0000   15.0000  273.6010  273.6010  0.000000       0.00000       0.00000         232977.5841    0.000000    -0.00004     0.00000    0.000000000   -0.000000243   -0.000000423  257.699881  81088.3459
1566.00   15.0000    0.0000   15.0000  273.6790  273.6790  0.000000       0.00000       0.00000         232911.1843    0.000000    -0.00004     0.00000    0.000000000   -0.000000243   -0.000000423  257.656238  80959.4386
1578.00   15.0000    0.0000   15.0000  273.7570  273.7570  0.000000       0.00000       0.00000         232844.8222    0.000000    -0.00004     0.00000    0.000000000   -0.000000243   -0.000000422  257.612561  80830.7143
1590.00   15.0000    0.0000   15.0000  273.8350  273.8350  0.000000       0.00000       0.00000         232778.4980    0.000000    -0.00004     0.00000    0.000000000   -0.000000243   -0.000000422  257.568850  80702.1730
1602.00   15.0000    0.0000   15.0000  273.9130  273.9130  0.000000       0.00000       0.00000         232712.2115    0.000000    -0.00004     0.00000    0.000000000   -0.000000243   -0.000000421  257.525107  80573.8143
1614.00   15.0000    0.0000   15.0000  273.9910  273.9910  0.000000       0.00000       0.00000         232645.9628    0.000000    -0.00004     0.00000    0.000000000   -0.000000243   -0.000000421  257.481329  80445.6380
1626.00   15.0000    0.0000   15.0000  274.0690  274.0690  0.000000       0.00000       0.00000         232579.7518    0.000000    -0.00004     0.00000    0.000000000   -0.000000243   -0.000000421  257.437519  80317.6438
1638.00   15.0000    0.0000   15.0000  274.1470  274.1470  0.000000       0.00000       0.00000         232513.5785    0.000000    -0.00004     0.00000    0.000000000   -0.000000243   -0.000000420  257.393675  80189.8316
1650.00   15.0000    0.0000   15.0000  274.2250  274.2250  0.000000       0.00000       0.00000         232447.4428    0.000000    -0.00004     0.00000    0.000000000   -0.000000243   -0.000000420  257.349798  80062.2010
1662.00   15.0000    0.0000   15.0000  274.3030  274.3030  0.000000       0.00000       0.00000         232381.3447    0.000000    -0.00004     0.00000    0.000000000   -0.000000243   -0.000000419  257.305888  79934.7518
1674.00   15.0000    0.0000   15.0000  274.3810  274.3810  0.000000       0.00000       0.00000         232315.2842    0.000000    -0.00004     0.00000    0.000000000   -0.000000242   -0.000000419  257.261944  79807.4838
1686.00   15.0000    0.0000   15.0000  274.4590  274.4590  0.000000       0.00000       0.00000         232249.2613    0.000000    -0.00004     0.00000    0.000000000   -0.000000242   -0.000000419  257.217967  79680.3968
1698.00   15.0000    0.0000   15.0000  274.5370  274.5370  0.000000       0.00000       0.00000         232183.2758    0.000000    -0.00004     0.00000    0.000000000   -0.000000242   -0.000000418  257.173957  79553.4904
1710.00   15.0000    0.0000   15.0000  274.6150  274.6150  0.000000       0.00000       0.00000         232117.3279    0.000000    -0.00004     0.00000    0.000000000   -0.000000242   -0.000000418  257.129914  79426.7645
1722.00   15.0000    0.0000   15.0000  274.6930  274.6930  0.000000       0.00000       0.00000         232051.4174    0.000000    -0.00004     0.00000    0.000000000   -0.000000242   -0.000000417  257.085837  79300.2187
1734.00   15.0000    0.0000   15.0000  274.7710  274.7710  0.000000       0.00000       0.00000         231985.5443    0.000000    -0.00004     0.00000    0.000000000   -0.000000242   -0.000000417  257.041727  79173.8530
1746.00   15.0000    0.0000   15.0000  274.8490  274.8490  0.000000       0.00000       0.00000         231919.7086    0.000000    -0.00004     0.00000    0.000000000   -0.000000242   -0.000000416  256.997584  79047.6670
1758.00   15.0000    0.0000   15.0000  274.9270  274.9270  0.000000       0.00000       0.00000         231853.9103    0.000000    -0.00004     0.00000    0.000000000   -0.000000242   -0.000000416  256.953407  78921.6604
1770.00   15.0000    0.0000   15.0000  275.0050  275.0050  0.000000       0.00000       0.00000         231788.1493    0.000000    -0.00004     0.00000    0.000000000   -0.000000242   -0.000000416  256.909198  78795.8331
1782.00   15.0000    0.0000   15.0000  275.0830  275.0830  0.000000       0.00000       0.00000         231722.4256    0.000000    -0.00004     0.00000    0.000000000   -0.000000242   -0.000000415  256.864955  78670.1848
1794.00   15.0000    0.0000   15.0000  275.1610  275.1610  0.000000       0.00000       0.00000         231656.7391    0.000000    -0.00004     0.00000    0.000000000   -0.000000242   -0.000000415  256.820679  78544.7152
1806.00   15.0000    0.0000   15.0000  275.2390  275.2390  0.000000       0.00000       0.00000         231591.0899    0.000000    -0.00004     0.00000    0.000000000   -0.000000242   -0.000000414  256.776370  78419.4242
1818.00   15.0000    0.0000   15.0000  275.3170  275.3170  0.000000       0.00000       0.00000         231525.4779    0.000000    -0.00004     0.00000    0.000000000   -0.000000242   -0.000000414  256.732027  78294.3114
1830.00   15.0000    0.0000   15.0000  275.3950  275.3950  0.000000       0.00000       0.00000         231459.9030    0.000000    -0.00004     0.00000    0.000000000   -0.000000242   -0.000000413  256.687652  78169.3767
1842.00   15.0000    0.0000   15.0000  275.4730  275.4730  0.000000       0.00000       0.00000         231394.3653    0.000000    -0.00004     0.00000    0.000000000   -0.000000242   -0.000000413  256.643243  78044.6198
1854.00   15.0000    0.0000   15.0000  275.5510  275.5510  0.000000       0.00000       0.00000         231328.8647    0.000000    -0.00005     0.00000    0.000000000   -0.000000242   -0.000000413  256.598801  77920.0405
1866.00   15.0000    0.0000   15.0000  275.6290  275.6290  0.000000       0.00000       0.00000         231263.4012    0.000000    -0.00005     0.00000    0.000000000   -0.000000242   -0.000000412  256.554326  77795.6384
1878.00   15.0000    0.0000   15.0000  275.7070  275.7070  0.000000       0.00000       0.00000         231197.9747    0.000000    -0.00005     0.00000    0.000000000   -0.000000242   -0.000000412  256.509817  77671.4135
1890.00   15.0000    0.0000   15.0000  275.7850  275.7850  0.000000       0.00000       0.00000         231132.5852    0.000000    -0.00005     0.00000    0.000000000   -0.000000241   -0.000000411  256.465276  77547.3654
1902.00   15.0000    0.0000   15.0000  275.8630  275.8630  0.000000       0.00000       0.00000         231067.2326    0.000000    -0.00005     0.00000    0.000000000   -0.000000241   -0.000000411  256.420702  77423.4939
1914.00   15.0000    0.0000   15.0000  275.9410  275.9410  0.000000       0.00000       0.00000         231001.9171    0.000000    -0.00005     0.00000    0.000000000   -0.000000241   -0.000000410  256.376094  77299.7989
1926.00   15.0000    0.0000   15.0000  276.0190  276.0190  0.000000       0.00000       0.00000         230936.6384    0.000000    -0.00005     0.00000    0.000000000   -0.000000241   -0.000000410  256.331453  77176.2799
1938.00   15.0000    0.0000   15.0000  276.0970  276.0970  0.000000       0.00000       0.00000         230871.3966    0.000000    -0.00005     0.00000    0.000000000   -0.000000241   -0.000000410  256.286780  77052.9369
1950.00   15.0000    0.0000   15.0000  276.1750  276.1750  0.000000       0.00000       0.00000         230806.1917    0.000000    -0.00005     0.00000    0.000000000   -0.000000241   -0.000000409  256.242073  76929.7695
1962.00   15.0000    0.0000   15.0000  276.2530  276.2530  0.000000       0.00000       0.00000         230741.0236    0.000000    -0.00005     0.00000    0.000000000   -0.000000241   -0.000000409  256.197333  76806.7775
1974.00   15.0000    0.0000   15.0000  276.3310  276.3310  0.000000       0.00000       0.00000         230675.8923    0.000000    -0.00005     0.00000    0.000000000   -0.000000241   -0.000000408  256.152560  76683.9608
1986.00   15.0000    0.0000   15.0000  276.4090  276.4090  0.000000       0.00000       0.00000         230610.7978    0.000000    -0.00005     0.00000    0.000000000   -0.000000241   -0.000000408  256.107754  76561.3190
1998.00   15.0000    0.0000   15.0000  276.4870  276.4870  0.000000       0.00000       0.00000         230545.7399    0.000000    -0.00005     0.00000    0.000000000   -0.000000241   -0.000000407  256.062915  76438.8519
2010.00   15.0000    0.0000   15.0000  276.5650  276.5650  0.000000       0.00000       0.00000         230480.7188    0.000000    -0.00005     0.00000    0.000000000   -0.000000241   -0.000000407  256.018043  76316.5594
2022.00   15.0000    0.0000   15.0000  276.6430  276.6430  0.000000       0.00000       0.00000         230415.7344    0.000000    -0.00005     0.00000    0.000000000   -0.000000241   -0.000000406  255.973138  76194.4411
2034.00   15.0000    0.0000   15.0000  276.7210  276.7210  0.000000       0.00000       0.00000         230350.7865    0.000000    -0.00005     0.00000    0.000000000   -0.000000241   -0.000000406  255.928199  76072.4968
2046.00   15.0000    0.0000   15.0000  276.7990  276.7990  0.000000       0.00000       0.00000         230285.8753    0.000000    -0.00005     0.00000    0.000000000   -0.000000240   -0.000000405  255.883228  75950.7263
2058.00   15.0000    0.0000   15.0000  276.8770  276.8770  0.000000       0.00000       0.00000         230221.0007    0.000000    -0.00005     0.00000    0.000000000   -0.000000240   -0.000000405  255.838224  75829.1294
2070.00   15.0000    0.0000   15.0000  276.9550  276.9550  0.000000       0.00000       0.00000         230156.1626    0.000000    -0.00005     0.00000    0.000000000   -0.000000240   -0.000000405  255.793187  75707.7058
2082.00   15.0000    0.0000   15.0000  277.0330  277.0330  0.000000       0.00000       0.00000         230091.3610    0.000000    -0.00005     0.00000    0.000000000   -0.000000240   -0.000000404  255.748117  75586.4553
2094.00   15.0000    0.0000   15.0000  277.1110  277.1110  0.000000       0.00000       0.00000         230026.5958    0.000000    -0.00005     0.00000    0.000000000   -0.000000240   -0.000000404  255.703014  75465.3777
2106.00   15.0000    0.0000   15.0000  277.1890  277.1890  0.000000       0.00000       0.00000         229961.8672    0.000000    -0.00005     0.00000    0.000000000   -0.000000240   -0.000000403  255.657878  75344.4727
2118.00   15.0000    0.0000   15.0000  277.2670  277.2670  0.000000       0.00000       0.00000         229897.1749    0.000000    -0.00005     0.00000    0.000000000   -0.000000240   -0.000000403  255.612709  75223.7401
2130.00   15.0000    0.0000   15.0000  277.3450  277.3450  0.000000       0.00000       0.00000         229832.5191    0.000000    -0.00005     0.00000    0.000000000   -0.000000240   -0.000000402  255.567507  75103.1796
2142.00   15.0000    0.0000   15.0000  277.4230  277.4230  0.000000       0.00000       0.00000         229767.8996    0.000000    -0.00005     0.00000    0.000000000   -0.000000240   -0.000000402  255.522272  74982.7911
2154.00   15.0000    0.0000   15.0000  277.5010  277.5010  0.000000       0.00000       0.00000         229703.3164    0.000000    -0.00005     0.00000    0.000000000   -0.000000240   -0.000000401  255.477004  74862.5743
2166.00   15.0000    0.0000   15.0000  277.5790  277.5790  0.000000       0.00000       0.00000         229638.7695    0.000000    -0.00005     0.00000    0.000000000   -0.000000239   -0.000000401  255.431703  74742.5290
2178.00   15.0000    0.0000   15.0000  277.6570  277.6570  0.000000       0.00000       0.00000         229574.2589    0.000000    -0.00005     0.00000    0.000000000   -0.000000239   -0.000000400  255.386370  74622.6550
2190.00   15.0000    0.0000   15.0000  277.7350  277.7350  0.000000       0.00000       0.00000         229509.7845    0.000000    -0.00005     0.00000    0.000000000   -0.000000239   -0.000000400  255.341003  74502.9520
2202.00   15.0000    0.0000   15.0000  277.8130  277.8130  0.000000       0.00000       0.00000         229445.3463    0.000000    -0.00005     0.00000    0.000000000   -0.000000239   -0.000000399  255.295604  74383.4197
2214.00   15.0000    0.0000   15.0000  277.8910  277.8910  0.000000       0.00000       0.00000         229380.9443    0.000000    -0.00005     0.00000    0.000000000   -0.000000239   -0.000000399  255.250172  74264.0580
2226.00   15.0000    0.0000   15.0000  277.9690  277.9690  0.000000       0.00000       0.00000         229316.5785    0.000000    -0.00005     0.00000    0.000000000   -0.000000239   -0.000000399  255.204707  74144.8667
2238.00   15.0000    0.0000   15.0000  278.0470  278.0470  0.000000       0.00000       0.00000         229252.2487    0.000000    -0.00005     0.00000    0.000000000   -0.000000239   -0.000000398  255.159209  74025.8454
2250.00   15.0000    0.0000   15.0000  278.1250  278.1250  0.000000       0.00000       0.00000         229187.9551    0.000000    -0.00005     0.00000    0.000000000   -0.000000239   -0.000000398  255.113678  73906.9941
2262.00   15.0000    0.0000   15.0000  278.2030  278.2030  0.000000       0.00000       0.00000         229123.6974    0.000000    -0.00006     0.00000    0.000000000   -0.000000239   -0.000000397  255.068114  73788.3124
2274.00   15.0000    0.0000   15.0000  278.2810  278.2810  0.000000       0.00000       0.00000         229059.4759    0.000000    -0.00006     0.00000    0.000000000   -0.000000239   -0.000000397  255.022518  73669.8001
2286.00   15.0000    0.0000   15.0000  278.3590  278.3590  0.000000       0.00000       0.00000         228995.2903    0.000000    -0.00006     0.00000    0.000000000   -0.000000238   -0.000000396  254.976888  73551.4570
2298.00   15.0000    0.0000   15.0000  278.4370  278.4370  0.000000       0.00000       0.00000         228931.1406    0.000000    -0.00006     0.00000    0.000000000   -0.000000238   -0.000000396  254.931226  73433.2829
2310.00   15.0000    0.0000   15.0000  278.5150  278.5150  0.000000       0.00000       0.00000         228867.0269    0.000000    -0.00006     0.00000    0.000000000   -0.000000238   -0.000000395  254.885531  73315.2775
2322.00   15.0000    0.0000   15.0000  278.5930  278.5930  0.000000       0.00000       0.00000         228802.9491    0.000000    -0.00006     0.00000    0.000000000   -0.000000238   -0.000000395  254.839804  73197.4406
2334.00   15.0000    0.0000   15.0000  278.6710  278.6710  0.000000       0.00000       0.00000         228738.9072    0.000000    -0.00006     0.00000    0.000000000   -0.000000238   -0.000000394  254.794043  73079.7720
2346.00   15.0000    0.0000   15.0000  278.7490  278.7490  0.000000       0.00000       0.00000         228674.9011    0.000000    -0.00006     0.00000    0.000000000   -0.000000238   -0.000000394  254.748250  72962.2715
2358.00   15.0000    0.0000   15.0000  278.8270  278.8270  0.000000       0.00000       0.00000         228610.9308    0.000000    -0.00006     0.00000    0.000000000   -0.000000238   -0.000000393  254.702424  72844.9389
2370.00   15.0000    0.0000   15.0000  278.9050  278.9050  0.000000       0.00000       0.00000         228546.9963    0.000000    -0.00006     0.00000    0.000000000   -0.000000238   -0.000000393  254.656565  72727.7738
2382.00   15.0000    0.0000   15.0000  278.9830  278.9830  0.000000       0.00000       0.00000              0.0000    0.000000    -0.00006     0.00000    0.000000000    0.000000000    0.000000000  254.610673  72610.7762
2394.00   15.0000    0.0000   15.0000  279.0610  279.0610  0.000000       0.00000       0.00000              0.0000    0.000000     0.00000     0.00000    0.000000000    0.000000000    0.000000000  254.564749  72493.9457
