   0.00    0.0000    0.0000    0.0000  243.4445  243.4445  0.000000       0.00000       0.00000              0.0000    0.000000     0.00000     0.00000    0.000000000    0.000000000    0.000000000    0.000000      0.0000
   6.00    7.5365    3.5914    8.3484  245.2316  245.2316  0.000000       0.68029       0.68029              0.0000    0.000000     0.00000     0.00000   -0.000029234    0.000000000    0.000000000  245.143816  99874.7326
  18.00    8.6144    4.0147    9.5040  245.3854  245.3854  0.000000       1.97338       1.97338              0.0687    0.000000    -0.00000     0.00000   -0.000032510    0.000000000    0.000000000  245.151121  99666.1306
  30.00    9.3230    4.2403   10.2420  245.4903  245.4903  0.000000       1.82850       1.82850              0.0976    0.000000    -0.00000     0.00000   -0.000040392    0.000000012   -0.000000040  245.138805  99499.5963
  42.00    9.9847    4.4038   10.9128  245.5920  245.5920  0.000000       1.97607       1.97607              0.1139    0.000000    -0.00000     0.00000   -0.000043480   -0.000000001   -0.000000052  245.123303  99333.3308
  54.00   10.5859    4.5102   11.5067  245.6885  245.6885  0.000000       1.90540       1.90540              0.1314    0.000000    -0.00000     0.00000   -0.000045733   -0.000000008   -0.000000060  245.102520  99167.3309
  66.00   11.1597    4.5715   12.0598  245.7853  245.7853  0.000000       1.83210       1.83210              0.1467    0.000000    -0.00000     0.00000   -0.000047654   -0.000000006   -0.000000058  245.081883  99001.5944
  78.00   11.7105    4.5909   12.5783  245.8834  245.8834  0.000000       1.71242       1.71242              0.1621    0.000000    -0.00000     0.00000   -0.000049412    0.000000000   -0.000000051  245.062588  98836.1214
  90.00   12.2448    4.5701   13.0699  245.9847  245.9847  0.000000       1.57918       1.57918              0.1774    0.000000    -0.00000     0.00000   -0.000051131    0.000000012   -0.000000040  245.046450  98670.9131
 102.00   12.7643    4.5092   13.5374  246.0905  246.0905  0.000000       1.43345       1.43345              0.1932    0.000000    -0.00000     0.00000   -0.000052879    0.000000027   -0.000000025  245.034739  98505.9715
 114.00   13.2698    4.4076   13.9827  246.2022  246.2022  0.000000       1.28354       1.28354              0.2096    0.000000    -0.00000     0.00000   -0.000054790    0.000000047   -0.000000006  245.028860  98341.2998
 126.00   13.7604    4.2636   14.4058  246.3213  246.3213  0.000000       1.13279       1.13279              0.2272    0.000000    -0.00000     0.00000   -0.000056757    0.000000071    0.000000017  245.030261  98176.9019
 138.00   14.2340    4.0755   14.8060  246.4495  246.4495  0.000000       0.98472       0.98472              0.2463    0.000000    -0.00001     0.00000   -0.000059078    0.000000102    0.000000046  245.040642  98012.7827
 150.00   14.6870    3.8410   15.1810  246.5888  246.5888  0.000000       0.84161       0.84161              0.2673    0.000000    -0.00001     0.00000   -0.000061825    0.000000139    0.000000082  245.062016  97848.9484
 162.00   15.1144    3.5576   15.5274  246.7417  246.7417  0.000000       0.70565       0.70565              0.2909    0.000000    -0.00001     0.00000   -0.000065189    0.000000185    0.000000126  245.096852  97685.4068
 174.00   15.5091    3.2229   15.8404  246.9114  246.9114  0.000000       0.57759       0.57759              0.3180    0.000000    -0.00001     0.00000   -0.000069438    0.000000243    0.000000182  245.148331  97522.1672
 186.00   15.8614    2.8352   16.1128  247.1020  247.1020  0.000000       0.46026       0.46026              0.3496    0.000000    -0.00001     0.00000   -0.000075007    0.000000318    0.000000253  245.220441  97359.2415
 198.00   16.1592    2.3928   16.3354  247.3195  247.3195  0.000000       0.35008       0.35008              0.3885    0.000000    -0.00002     0.00000   -0.000082569    0.000000414    0.000000344  245.319107  97196.6445
 210.00   16.3834    1.9002   16.4933  247.5701  247.5701  0.000000       0.25811       0.25811              0.4352    0.000000    -0.00002     0.00000   -0.000093249    0.000000549    0.000000474  245.450579  97034.3951
 222.00   16.5127    1.3539   16.5681  247.8708  247.8708  0.000000       0.15962       0.15962              0.5078    0.000000    -0.00002     0.00000   -0.000109667    0.000000705    0.000000624  245.631488  96872.5194
 234.00   16.5067    0.8095   16.5265  248.2145  248.2145  0.000000       0.11390       0.11390              0.5727    0.000000    -0.00002     0.00000   -0.000145064    0.000000966    0.000000871  245.854921  96711.0466
 246.00   16.2705    0.2324   16.2722  248.6659  248.6659  0.000000       0.00177       0.00177              1.9649    0.000000     0.00000     0.00000   -0.000144828    0.000011854    0.000009184  246.184833  96550.0241
 258.00   15.0277   -0.0164   15.0277  254.1713  254.1713  0.000000       0.00014       0.00014              3.5676    0.000000    -0.00007     0.00000   -0.000036036    0.000013455    0.000015435  251.516901  96391.0774
 270.00   15.0000   -0.0000   15.0000  255.0927  255.0927  0.000000       0.00000       0.00000           1736.5955    0.000000    -0.00009     0.00000   -0.000000432    0.000004796    0.000004544  252.311390  96234.3393
 282.00   15.0000   -0.0000   15.0000  256.1162  256.1162  0.000000       0.00000       0.00000        2687911.1665    0.000000    -0.00006     0.00000    0.000000000    0.000004314    0.000004150  253.206380  96078.3784
 294.00   15.0000   -0.0000   15.0000  256.7811  256.7811  0.000000       0.00000       0.00000        1963033.9999    0.000000    -0.00005     0.00000    0.000000000    0.000003159    0.000002976  253.746459  95923.1111
 306.00   15.0000   -0.0000   15.0000  257.3498  257.3498  0.000000       0.00000       0.00000        1677741.5036    0.000000    -0.00005     0.00000    0.000000000    0.000002715    0.000002537  254.191261  95768.3951
 318.00   15.0000   -0.0000   15.0000  257.8378  257.8378  0.000000       0.00000       0.00000        1466046.7116    0.000000    -0.00004     0.00000    0.000000000    0.000002369    0.000002194  254.555997  95614.1743
 330.00   15.0000   -0.0000   15.0000  258.2749  258.2749  0.000000       0.00000       0.00000        1320119.3554    0.000000    -0.00004     0.00000    0.000000000    0.000002127    0.000001953  254.870407  95460.4071
 342.00   15.0000    0.0000   15.0000  258.6722  258.6722  0.000000       0.00000       0.00000        1211871.3316    0.000000    -0.00004     0.00000    0.000000000    0.000001945    0.000001772  255.145246  95307.0643
 354.00   15.0000    0.0000   15.0000  259.0421  259.0421  0.000000       0.00000       0.00000        1126029.5004    0.000000    -0.00004     0.00000    0.000000000    0.000001798    0.000001626  255.392949  95154.1245
 366.00   15.0000    0.0000   15.0000  259.3861  259.3861  0.000000       0.00000       0.00000        1060213.8110    0.000000    -0.00004     0.00000    0.000000000    0.000001686    0.000001514  255.614868  95001.5703
 378.00   15.0000    0.0000   15.0000  259.7152  259.7152  0.000000       0.00000       0.00000         994718.8489    0.000000    -0.00004     0.00000    0.000000000    0.000001566    0.000001396  255.822007  94849.3884
 390.00   15.0000    0.0000   15.0000  260.0183  260.0183  0.000000       0.00000       0.00000         944748.0764    0.000000    -0.00004     0.00000    0.000000000    0.000001476    0.000001305  256.003461  94697.5655
 402.00   15.0000    0.0000   15.0000  260.3163  260.3163  0.000000       0.00000       0.00000         892653.1213    0.000000    -0.00003     0.00000    0.000000000    0.000001375    0.000001205  256.179729  94546.0914
 414.00   15.0000    0.0000   15.0000  260.5870  260.5870  0.000000       0.00000       0.00000         848169.8080    0.000000    -0.00003     0.00000    0.000000000    0.000001289    0.000001118  256.328934  94394.9556
 426.00   15.0000    0.0000   15.0000  260.8573  260.8573  0.000000       0.00000       0.00000         814909.9365    0.000000    -0.00003     0.00000    0.000000000    0.000001225    0.000001054  256.477617  94244.1490
 438.00   15.0000    0.0000   15.0000  261.1073  261.1073  0.000000       0.00000       0.00000         777199.9544    0.000000    -0.00003     0.00000    0.000000000    0.000001147    0.000000976  256.606259  94093.6647
 450.00   15.0000    0.0000   15.0000  261.3539  261.3539  0.000000       0.00000       0.00000         752691.4255    0.000000    -0.00003     0.00000    0.000000000    0.000001099    0.000000928  256.731512  93943.4948
 462.00   15.0000    0.0000   15.0000  261.5887  261.5887  0.000000       0.00000       0.00000         725084.8172    0.000000    -0.00003     0.00000    0.000000000    0.000001042    0.000000870  256.844995  93793.6343
 474.00   15.0000    0.0000   15.0000  261.8181  261.8181  0.000000       0.00000       0.00000         703758.3489    0.000000    -0.00003     0.00000    0.000000000    0.000000999    0.000000826  256.953103  93644.0773
 486.00   15.0000    0.0000   15.0000  262.0396  262.0396  0.000000       0.00000       0.00000         680835.5005    0.000000    -0.00003     0.00000    0.000000000    0.000000950    0.000000777  257.053368  93494.8193
 498.00   15.0000    0.0000   15.0000  262.2547  262.2547  0.000000       0.00000       0.00000         660026.0896    0.000000    -0.00003     0.00000    0.000000000    0.000000905    0.000000732  257.147227  93345.8554
 510.00   15.0000    0.0000   15.0000  262.4633  262.4633  0.000000       0.00000       0.00000         641045.0189    0.000000    -0.00003     0.00000    0.000000000    0.000000863    0.000000690  257.234552  93197.1812
 522.00   15.0000    0.0000   15.0000  262.6665  262.6665  0.000000       0.00000       0.00000         623621.3738    0.000000    -0.00003     0.00000    0.000000000    0.000000824    0.000000651  257.316603  93048.7926
 534.00   15.0000    0.0000   15.0000  262.8641  262.8641  0.000000       0.00000       0.00000         607735.4212    0.000000    -0.00003     0.00000    0.000000000    0.000000789    0.000000614  257.393085  92900.6859
 546.00   15.0000    0.0000   15.0000  263.0575  263.0575  0.000000       0.00000       0.00000         591125.5452    0.000000    -0.00003     0.00000    0.000000000    0.000000750    0.000000576  257.465245  92752.8576
 558.00   15.0000    0.0000   15.0000  263.2447  263.2447  0.000000       0.00000       0.00000         576302.4394    0.000000    -0.00003     0.00000    0.000000000    0.000000716    0.000000541  257.531368  92605.3041
 570.00   15.0000    0.0000   15.0000  263.4287  263.4287  0.000000       0.00000       0.00000         559539.7687    0.000000    -0.00003     0.00000    0.000000000    0.000000675    0.000000500  257.594282  92458.0222
 582.00   15.0000    0.0000   15.0000  263.6054  263.6054  0.000000       0.00000       0.00000         544113.6760    0.000000    -0.00003     0.00000    0.000000000    0.000000637    0.000000462  257.649927  92311.0084
 594.00   15.0000    0.0000   15.0000  263.7798  263.7798  0.000000       0.00000       0.00000         528556.6051    0.000000    -0.00003     0.00000    0.000000000    0.000000598    0.000000423  257.703188  92164.2593
 606.00   15.0000    0.0000   15.0000  263.9466  263.9466  0.000000       0.00000       0.00000         511486.3921    0.000000    -0.00003     0.00000    0.000000000    0.000000555    0.000000379  257.749094  92017.7717
 618.00   15.0000    0.0000   15.0000  264.1102  264.1102  0.000000       0.00000       0.00000         498273.5390    0.000000    -0.00003     0.00000    0.000000000    0.000000521    0.000000345  257.791646  91871.5420
 630.00   15.0000    0.0000   15.0000  264.2687  264.2687  0.000000       0.00000       0.00000         484301.4361    0.000000    -0.00003     0.00000    0.000000000    0.000000484    0.000000309  257.829269  91725.5673
 642.00   15.0000    0.0000   15.0000  264.4234  264.4234  0.000000       0.00000       0.00000         472798.6221    0.000000    -0.00003     0.00000    0.000000000    0.000000454    0.000000279  257.863050  91579.8448
 654.00   15.0000    0.0000   15.0000  264.5747  264.5747  0.000000       0.00000       0.00000         462100.8415    0.000000    -0.00003     0.00000    0.000000000    0.000000426    0.000000251  257.893454  91434.3718
 666.00   15.0000    0.0000   15.0000  264.7226  264.7226  0.000000       0.00000       0.00000         451799.3911    0.000000    -0.00003     0.00000    0.000000000    0.000000399    0.000000223  257.920519  91289.1461
 678.00   15.0000    0.0000   15.0000  264.8674  264.8674  0.000000       0.00000       0.00000         442321.1607    0.000000    -0.00003     0.00000    0.000000000    0.000000374    0.000000198  257.944451  91144.1654
 690.00   15.0000    0.0000   15.0000  265.0093  265.0093  0.000000       0.00000       0.00000         434084.9228    0.000000    -0.00003     0.00000    0.000000000    0.000000351    0.000000176  257.965558  90999.4276
 702.00   15.0000    0.0000   15.0000  265.1489  265.1489  0.000000       0.00000       0.00000         426899.2148    0.000000    -0.00003     0.00000    0.000000000    0.000000332    0.000000156  257.984313  90854.9307
 714.00   15.0000    0.0000   15.0000  265.2863  265.2863  0.000000       0.00000       0.00000         420635.4552    0.000000    -0.00003     0.00000    0.000000000    0.000000315    0.000000139  258.000904  90710.6732
 726.00   15.0000    0.0000   15.0000  265.4220  265.4220  0.000000       0.00000       0.00000         415256.3477    0.000000    -0.00003     0.00000    0.000000000    0.000000301    0.000000125  258.015721  90566.6535
 738.00   15.0000    0.0000   15.0000  265.5561  265.5561  0.000000       0.00000       0.00000         410531.8960    0.000000    -0.00003     0.00000    0.000000000    0.000000288    0.000000112  258.028931  90422.8703
 750.00   15.0000    0.0000   15.0000  265.6888  265.6888  0.000000       0.00000       0.00000         406259.9435    0.000000    -0.00003     0.00000    0.000000000    0.000000277    0.000000100  258.040778  90279.3223
 762.00   15.0000    0.0000   15.0000  265.8202  265.8202  0.000000       0.00000       0.00000         402723.4318    0.000000    -0.00003     0.00000    0.000000000    0.000000267    0.000000090  258.051301  90136.0084
 774.00   15.0000    0.0000   15.0000  265.9508  265.9508  0.000000       0.00000       0.00000         399436.1132    0.000000    -0.00003     0.00000    0.000000000    0.000000258    0.000000081  258.060925  89992.9276
 786.00   15.0000    0.0000   15.0000  266.0802  266.0802  0.000000       0.00000       0.00000         397072.0177    0.000000    -0.00003     0.00000    0.000000000    0.000000252    0.000000075  258.069382  89850.0788
 798.00   15.0000    0.0000   15.0000  266.2094  266.2094  0.000000       0.00000       0.00000         395387.5969    0.000000    -0.00003     0.00000    0.000000000    0.000000248    0.000000070  258.077521  89707.4615
 810.00   15.0000    0.0000   15.0000  266.3378  266.3378  0.000000       0.00000       0.00000         394637.2522    0.000000    -0.00003     0.00000    0.000000000    0.000000246    0.000000068  258.084922  89565.0748
 822.00   15.0000    0.0000   15.0000  266.4666  266.4666  0.000000       0.00000       0.00000         394912.2820    0.000000    -0.00003     0.00000    0.000000000    0.000000247    0.000000069  258.092594  89422.9182
 834.00   15.0000    0.0000   15.0000  266.5954  266.5954  0.000000       0.00000       0.00000         395353.2330    0.000000    -0.00003     0.00000    0.000000000    0.000000249    0.000000071  258.100176  89280.9915
 846.00   15.0000    0.0000   15.0000  266.7246  266.7246  0.000000       0.00000       0.00000         396917.9488    0.000000    -0.00003     0.00000    0.000000000    0.000000255    0.000000075  258.108134  89139.2942
 858.00   15.0000    0.0000   15.0000  266.8545  266.8545  0.000000       0.00000       0.00000         400349.8259    0.000000    -0.00004     0.00000    0.000000000    0.000000265    0.000000085  258.116712  88997.8264
 870.00   15.0000    0.0000   15.0000  266.9860  266.9860  0.000000       0.00000       0.00000         406143.2943    0.000000    -0.00004     0.00000    0.000000000    0.000000283    0.000000102  258.126846  88856.5882
 882.00   15.0000    0.0000   15.0000  267.1198  267.1198  0.000000       0.00000       0.00000         413821.9531    0.000000    -0.00004     0.00000    0.000000000    0.000000306    0.000000125  258.139094  88715.5803
 894.00   15.0000    0.0000   15.0000  267.2565  267.2565  0.000000       0.00000       0.00000         425108.8850    0.000000    -0.00004     0.00000    0.000000000    0.000000341    0.000000158  258.154091  88574.8036
 906.00   15.0000    0.0000   15.0000  267.3979  267.3979  0.000000       0.00000       0.00000         439215.9662    0.000000    -0.00004     0.00000    0.000000000    0.000000384    0.000000200  258.173484  88434.2596
 918.00   15.0000    0.0000   15.0000  267.5440  267.5440  0.000000       0.00000       0.00000         464910.2606    0.000000    -0.00005     0.00000    0.000000000    0.000000462    0.000000275  258.197415  88293.9503
 930.00   15.0000    0.0000   15.0000  267.7023  267.7023  0.000000       0.00000       0.00000         483729.5083    0.000000    -0.00005     0.00000    0.000000000    0.000000520    0.000000332  258.233068  88153.8799
 942.00   15.0000    0.0000   15.0000  267.8609  267.8609  0.000000       0.00000       0.00000         561088.1986    0.000000    -0.00006     0.00000    0.000000000    0.000000757    0.000000562  258.268935  88014.0510
 954.00   15.0000    0.0000   15.0000  268.0701  268.0701  0.000000       0.00000       0.00000         566659.3542    0.000000    -0.00005     0.00000    0.000000000    0.000000778    0.000000583  258.353517  87874.4764
 966.00   15.0000    0.0000   15.0000  268.2327  268.2327  0.000000       0.00000       0.00000         832373.6623    0.000000    -0.00012     0.00000    0.000000000    0.000001605    0.000001379  258.393043  87735.1566
 978.00   15.0000    0.0000   15.0000  268.6165  268.6165  0.000000       0.00000       0.00000         767101.1647    0.000000    -0.00004     0.00000    0.000000000    0.000001411    0.000001211  258.645652  87596.1361
 990.00   15.0000    0.0000   15.0000  268.7370  268.7370  0.000000       0.00000       0.00000        2123296.1702    0.000000    -0.00039     0.00000    0.000000000    0.000005889    0.000005356  258.644482  87457.4034
1002.00   15.0000    0.0000   15.0000  270.0130  270.0130  0.000000       0.00000       0.00000        2049067.7366    0.000000    -0.00002     0.00000    0.000000000    0.000005679    0.000005610  259.755235  87319.1858
1014.00   15.0000    0.0000   15.0000  270.0910  270.0910  0.000000       0.00000       0.00000         236005.2723    0.000000    -0.00002     0.00000    0.000000000   -0.000000243   -0.000000441  259.713161  87181.4712
1026.00   15.0000    0.0000   15.0000  270.1690  270.1690  0.000000       0.00000       0.00000         235937.1356    0.000000    -0.00002     0.00000    0.000000000   -0.000000243   -0.000000441  259.671053  87043.9515
1038.00   15.0000    0.0000   15.0000  270.2470  270.2470  0.000000       0.00000       0.00000         235869.0383    0.000000    -0.00003     0.00000    0.000000000   -0.000000244   -0.000000441  259.628912  86906.6265
1050.00   15.0000    0.0000   15.0000  270.3250  270.3250  0.000000       0.00000       0.00000         235800.9803    0.000000    -0.00003     0.00000    0.000000000   -0.000000244   -0.000000440  259.586737  86769.4959
1062.00   15.0000    0.0000   15.0000  270.4030  270.4030  0.000000       0.00000       0.00000         235732.9615    0.000000    -0.00003     0.00000    0.000000000   -0.000000244   -0.000000440  259.544528  86632.5594
1074.00   15.0000    0.0000   15.0000  270.4810  270.4810  0.000000       0.00000       0.00000         235664.9820    0.000000    -0.00003     0.00000    0.000000000   -0.000000244   -0.000000440  259.502285  86495.8168
1086.00   15.0000    0.0000   15.0000  270.5590  270.5590  0.000000       0.00000       0.00000         235597.0417    0.000000    -0.00003     0.00000    0.000000000   -0.000000244   -0.000000439  259.460008  86359.2679
1098.00   15.0000    0.0000   15.0000  270.6370  270.6370  0.000000       0.00000       0.00000         235529.1405    0.000000    -0.00003     0.00000    0.000000000   -0.000000244   -0.000000439  259.417698  86222.9122
1110.00   15.0000    0.0000   15.0000  270.7150  270.7150  0.000000       0.00000       0.00000         235461.2785    0.000000    -0.00003     0.00000    0.000000000   -0.000000244   -0.000000439  259.375354  86086.7497
1122.00   15.0000    0.0000   15.0000  270.7930  270.7930  0.000000       0.00000       0.00000         235393.4555    0.000000    -0.00003     0.00000    0.000000000   -0.000000244   -0.000000438  259.332976  85950.7801
1134.00   15.0000    0.0000   15.0000  270.8710  270.8710  0.000000       0.00000       0.00000         235325.6716    0.000000    -0.00003     0.00000    0.000000000   -0.000000244   -0.000000438  259.290564  85815.0030
1146.00   15.0000    0.0000   15.0000  270.9490  270.9490  0.000000       0.00000       0.00000         235257.9268    0.000000    -0.00003     0.00000    0.000000000   -0.000000244   -0.000000438  259.248119  85679.4182
1158.00   15.0000    0.0000   15.0000  271.0270  271.0270  0.000000       0.00000       0.00000         235190.2209    0.000000    -0.00003     0.00000    0.000000000   -0.000000244   -0.000000437  259.205640  85544.0255
1170.00   15.0000    0.0000   15.0000  271.1050  271.1050  0.000000       0.00000       0.00000         235122.5540    0.000000    -0.00003     0.00000    0.000000000   -0.000000244   -0.000000437  259.163127  85408.8246
1182.00   15.0000    0.0000   15.0000  271.1830  271.1830  0.000000       0.00000       0.00000         235054.9260    0.000000    -0.00003     0.00000    0.000000000   -0.000000244   -0.000000437  259.120581  85273.8152
1194.00   15.0000    0.0000   15.0000  271.2610  271.2610  0.000000       0.00000       0.00000         234987.3369    0.000000    -0.00003     0.00000    0.000000000   -0.000000244   -0.000000436  259.078001  85138.9972
1206.00   15.0000    0.0000   15.0000  271.3390  271.3390  0.000000       0.00000       0.00000         234919.7867    0.000000    -0.00003     0.00000    0.000000000   -0.000000244   -0.000000436  259.035387  85004.3701
1218.00   15.0000    0.0000   15.0000  271.4170  271.4170  0.000000       0.00000       0.00000         234852.2753    0.000000    -0.00003     0.00000    0.000000000   -0.000000244   -0.000000436  258.992740  84869.9339
1230.00   15.0000    0.0000   15.0000  271.4950  271.4950  0.000000       0.00000       0.00000         234784.8027    0.000000    -0.00003     0.00000    0.000000000   -0.000000244   -0.000000435  258.950059  84735.6881
1242.00   15.0000    0.0000   15.0000  271.5730  271.5730  0.000000       0.00000       0.00000         234717.3688    0.000000    -0.00003     0.00000    0.000000000   -0.000000244   -0.000000435  258.907344  84601.6326
1254.00   15.0000    0.0000   15.0000  271.6510  271.6510  0.000000       0.00000       0.00000         234649.9737    0.000000    -0.00003     0.00000    0.000000000   -0.000000244   -0.000000434  258.864596  84467.7672
1266.00   15.0000    0.0000   15.0000  271.7290  271.7290  0.000000       0.00000       0.00000         234582.6172    0.000000    -0.00003     0.00000    0.000000000   -0.000000244   -0.000000434  258.821814  84334.0914
1278.00   15.0000    0.0000   15.0000  271.8070  271.8070  0.000000       0.00000       0.00000         234515.2995    0.000000    -0.00003     0.00000    0.000000000   -0.000000244   -0.000000434  258.778998  84200.6052
1290.00   15.0000    0.0000   15.0000  271.8850  271.8850  0.000000       0.00000       0.00000         234448.0203    0.000000    -0.00003     0.00000    0.000000000   -0.000000244   -0.000000433  258.736149  84067.3082
1302.00   15.0000    0.0000   15.0000  271.9630  271.9630  0.000000       0.00000       0.00000         234380.7797    0.000000    -0.00003     0.00000    0.000000000   -0.000000244   -0.000000433  258.693266  83934.2002
1314.00   15.0000    0.0000   15.0000  272.0410  272.0410  0.000000       0.00000       0.00000         234313.5777    0.000000    -0.00003     0.00000    0.000000000   -0.000000244   -0.000000433  258.650350  83801.2810
1326.00   15.0000    0.0000   15.0000  272.1190  272.1190  0.000000       0.00000       0.00000         234246.4143    0.000000    -0.00003     0.00000    0.000000000   -0.000000244   -0.000000432  258.607400  83668.5502
1338.00   15.0000    0.0000   15.0000  272.1970  272.1970  0.000000       0.00000       0.00000         234179.2893    0.000000    -0.00003     0.00000    0.000000000   -0.000000244   -0.000000432  258.564417  83536.0076
1350.00   15.0000    0.0000   15.0000  272.2750  272.2750  0.000000       0.00000       0.00000         234112.2027    0.000000    -0.00003     0.00000    0.000000000   -0.000000244   -0.000000432  258.521399  83403.6531
1362.00   15.0000    0.0000   15.0000  272.3530  272.3530  0.000000       0.00000       0.00000         234045.1546    0.000000    -0.00003     0.00000    0.000000000   -0.000000244   -0.000000431  258.478349  83271.4862
1374.00   15.0000    0.0000   15.0000  272.4310  272.4310  0.000000       0.00000       0.00000         233978.1449    0.000000    -0.00003     0.00000    0.000000000   -0.000000244   -0.000000431  258.435265  83139.5068
1386.00   15.0000    0.0000   15.0000  272.5090  272.5090  0.000000       0.00000       0.00000         233911.1736    0.000000    -0.00003     0.00000    0.000000000   -0.000000244   -0.000000430  258.392147  83007.7146
1398.00   15.0000    0.0000   15.0000  272.5870  272.5870  0.000000       0.00000       0.00000         233844.2406    0.000000    -0.00003     0.00000    0.000000000   -0.000000244   -0.000000430  258.348996  82876.1094
1410.00   15.0000    0.0000   15.0000  272.6650  272.6650  0.000000       0.00000       0.00000         233777.3458    0.000000    -0.00003     0.00000    0.000000000   -0.000000244   -0.000000430  258.305811  82744.6909
1422.00   15.0000    0.0000   15.0000  272.7430  272.7430  0.000000       0.00000       0.00000         233710.4894    0.000000    -0.00003     0.00000    0.000000000   -0.000000244   -0.000000429  258.262593  82613.4589
1434.00   15.0000    0.0000   15.0000  272.8210  272.8210  0.000000       0.00000       0.00000         233643.6711    0.000000    -0.00003     0.00000    0.000000000   -0.000000244   -0.000000429  258.219342  82482.4131
1446.00   15.0000    0.0000   15.0000  272.8990  272.8990  0.000000       0.00000       0.00000         233576.8911    0.000000    -0.00004     0.00000    0.000000000   -0.000000244   -0.000000429  258.176056  82351.5532
1458.00   15.0000    0.0000   15.0000  272.9770  272.9770  0.000000       0.00000       0.00000         233510.1492    0.000000    -0.00004     0.00000    0.000000000   -0.000000244   -0.000000428  258.132738  82220.8791
1470.00   15.0000    0.0000   15.0000  273.0550  273.0550  0.000000       0.00000       0.00000         233443.4455    0.000000    -0.00004     0.00000    0.000000000   -0.000000244   -0.000000428  258.089386  82090.3904
1482.00   15.0000    0.0000   15.0000  273.1330  273.1330  0.000000       0.00000       0.00000         233376.7798    0.000000    -0.00004     0.00000    0.000000000   -0.000000244   -0.000000427  258.046000  81960.0870
1494.00   15.0000    0.0000   15.0000  273.2110  273.2110  0.000000       0.00000       0.00000         233310.1522    0.000000    -0.00004     0.00000    0.000000000   -0.000000244   -0.000000427  258.002581  81829.9685
1506.00   15.0000    0.0000   15.0000  273.2890  273.2890  0.000000       0.00000       0.00000         233243.5627    0.000000    -0.00004     0.00000    0.000000000   -0.000000244   -0.000000427  257.959129  81700.0347
1518.00   15.0000    0.0000   15.0000  273.3670  273.3670  0.000000       0.00000       0.00000         233177.0111    0.000000    -0.00004     0.00000    0.000000000   -0.000000244   -0.000000426  257.915643  81570.2854
1530.00   15.0000    0.0000   15.0000  273.4450  273.4450  0.000000       0.00000       0.00000         233110.4975    0.000000    -0.00004     0.00000    0.000000000   -0.000000244   -0.000000426  257.872124  81440.7203
1542.00   15.0000    0.0000   15.0000  273.5230  273.5230  0.000000       0.00000       0.00000         233044.0219    0.000000    -0.00004     0.00000    0.000000000   -0.000000244   -0.000000425  257.828572  81311.3392
1554.00   15.0000    0.0000   15.0000  273.6010  273.6010  0.000000       0.00000       0.00000         232977.5841    0.000000    -0.00004     0.00000    0.000000000   -0.000000244   -0.000000425  257.784986  81182.1419
1566.00   15.0000    0.0000   15.0000  273.6790  273.6790  0.000000       0.00000       0.00000         232911.1843    0.000000    -0.00004     0.00000    0.000000000   -0.000000244   -0.000000425  257.741366  81053.1280
1578.00   15.0000    0.0000   15.0000  273.7570  273.7570  0.000000       0.00000       0.00000         232844.8222    0.000000    -0.00004     0.00000    0.000000000   -0.000000244   -0.000000424  257.697713  80924.2973
1590.00   15.0000    0.0000   15.0000  273.8350  273.8350  0.000000       0.00000       0.00000         232778.4980    0.000000    -0.00004     0.00000    0.000000000   -0.000000244   -0.000000424  257.654027  80795.6496
1602.00   15.0000    0.0000   15.0000  273.9130  273.9130  0.000000       0.00000       0.00000         232712.2115    0.000000    -0.00004     0.00000    0.000000000   -0.000000244   -0.000000423  257.610308  80667.1847
1614.00   15.0000    0.0000   15.0000  273.9910  273.9910  0.000000       0.00000       0.00000         232645.9628    0.000000    -0.00004     0.00000    0.000000000   -0.000000244   -0.000000423  257.566555  80538.9023
1626.00   15.0000    0.0000   15.0000  274.0690  274.0690  0.000000       0.00000       0.00000         232579.7518    0.000000    -0.00004     0.00000    0.000000000   -0.000000244   -0.000000423  257.522769  80410.8021
1638.00   15.0000    0.0000   15.0000  274.1470  274.1470  0.000000       0.00000       0.00000         232513.5785    0.000000    -0.00004     0.00000    0.000000000   -0.000000244   -0.000000422  257.478950  80282.8840
1650.00   15.0000    0.0000   15.0000  274.2250  274.2250  0.000000       0.00000       0.00000         232447.4428    0.000000    -0.00004     0.00000    0.000000000   -0.000000244   -0.000000422  257.435097  80155.1476
1662.00   15.0000    0.0000   15.0000  274.3030  274.3030  0.000000       0.00000       0.00000         232381.3447    0.000000    -0.00004     0.00000    0.000000000   -0.000000243   -0.000000421  257.391211  80027.5927
1674.00   15.0000    0.0000   15.0000  274.3810  274.3810  0.000000       0.00000       0.00000         232315.2842    0.000000    -0.00004     0.00000    0.000000000   -0.000000243   -0.000000421  257.347291  79900.2191
1686.00   15.0000    0.0000   15.0000  274.4590  274.4590  0.000000       0.00000       0.00000         232249.2613    0.000000    -0.00004     0.00000    0.000000000   -0.000000243   -0.000000421  257.303339  79773.0265
1698.00   15.0000    0.0000   15.0000  274.5370  274.5370  0.000000       0.00000       0.00000         232183.2758    0.000000    -0.00004     0.00000    0.000000000   -0.000000243   -0.000000420  257.259353  79646.0148
1710.00   15.0000    0.0000   15.0000  274.6150  274.6150  0.000000       0.00000       0.00000         232117.3279    0.000000    -0.00004     0.00000    0.000000000   -0.000000243   -0.000000420  257.215334  79519.1835
1722.00   15.0000    0.0000   15.0000  274.6930  274.6930  0.000000       0.00000       0.00000         232051.4174    0.000000    -0.00004     0.00000    0.000000000   -0.000000243   -0.000000419  257.171281  79392.5326
1734.00   15.0000    0.0000   15.0000  274.7710  274.7710  0.000000       0.00000       0.00000         231985.5443    0.000000    -0.00004     0.00000    0.000000000   -0.000000243   -0.000000419  257.127195  79266.0618
1746.00   15.0000    0.0000   15.0000  274.8490  274.8490  0.000000       0.00000       0.00000         231919.7086    0.000000    -0.00004     0.00000    0.000000000   -0.000000243   -0.000000418  257.083076  79139.7707
1758.00   15.0000    0.0000   15.0000  274.9270  274.9270  0.000000       0.00000       0.00000         231853.9103    0.000000    -0.00004     0.00000    0.000000000   -0.000000243   -0.000000418  257.038924  79013.6593
1770.00   15.0000    0.0000   15.0000  275.0050  275.0050  0.000000       0.00000       0.00000         231788.1493    0.000000    -0.00004     0.00000    0.000000000   -0.000000243   -0.000000418  256.994739  78887.7272
1782.00   15.0000    0.0000   15.0000  275.0830  275.0830  0.000000       0.00000       0.00000         231722.4256    0.000000    -0.00004     0.00000    0.000000000   -0.000000243   -0.000000417  256.950520  78761.9742
1794.00   15.0000    0.0000   15.0000  275.1610  275.1610  0.000000       0.00000       0.00000         231656.7391    0.000000    -0.00004     0.00000    0.000000000   -0.000000243   -0.000000417  256.906268  78636.4001
1806.00   15.0000    0.0000   15.0000  275.2390  275.2390  0.000000       0.00000       0.00000         231591.0899    0.000000    -0.00004     0.00000    0.000000000   -0.000000243   -0.000000416  256.861983  78511.0045
1818.00   15.0000    0.0000   15.0000  275.3170  275.3170  0.000000       0.00000       0.00000         231525.4779    0.000000    -0.00004     0.00000    0.000000000   -0.000000243   -0.000000416  256.817665  78385.7874
1830.00   15.0000    0.0000   15.0000  275.3950  275.3950  0.000000       0.00000       0.00000         231459.9030    0.000000    -0.00004     0.00000    0.000000000   -0.000000243   -0.000000415  256.773314  78260.7484
1842.00   15.0000    0.0000   15.0000  275.4730  275.4730  0.000000       0.00000       0.00000         231394.3653    0.000000    -0.00004     0.00000    0.000000000   -0.000000243   -0.000000415  256.728929  78135.8873
1854.00   15.0000    0.0000   15.0000  275.5510  275.5510  0.000000       0.00000       0.00000         231328.8647    0.000000    -0.00005     0.00000    0.000000000   -0.000000243   -0.000000415  256.684512  78011.2039
1866.00   15.0000    0.0000   15.0000  275.6290  275.6290  0.000000       0.00000       0.00000         231263.4012    0.000000    -0.00005     0.00000    0.000000000   -0.000000243   -0.000000414  256.640061  77886.6979
1878.00   15.0000    0.0000   15.0000  275.7070  275.7070  0.000000       0.00000       0.00000         231197.9747    0.000000    -0.00005     0.00000    0.000000000   -0.000000242   -0.000000414  256.595577  77762.3691
1890.00   15.0000    0.0000   15.0000  275.7850  275.7850  0.000000       0.00000       0.00000         231132.5852    0.000000    -0.00005     0.00000    0.000000000   -0.000000242   -0.000000413  256.551060  77638.2172
1902.00   15.0000    0.0000   15.0000  275.8630  275.8630  0.000000       0.00000       0.00000         231067.2326    0.000000    -0.00005     0.00000    0.000000000   -0.000000242   -0.000000413  256.506510  77514.2421
1914.00   15.0000    0.0000   15.0000  275.9410  275.9410  0.000000       0.00000       0.00000         231001.9171    0.000000    -0.00005     0.00000    0.000000000   -0.000000242   -0.000000412  256.461926  77390.4434
1926.00   15.0000    0.0000   15.0000  276.0190  276.0190  0.000000       0.00000       0.00000         230936.6384    0.000000    -0.00005     0.00000    0.000000000   -0.000000242   -0.000000412  256.417310  77266.8210
1938.00   15.0000    0.0000   15.0000  276.0970  276.0970  0.000000       0.00000       0.00000         230871.3966    0.000000    -0.00005     0.00000    0.000000000   -0.000000242   -0.000000412  256.372660  77143.3745
1950.00   15.0000    0.0000   15.0000  276.1750  276.1750  0.000000       0.00000       0.00000         230806.1917    0.000000    -0.00005     0.00000    0.000000000   -0.000000242   -0.000000411  256.327978  77020.1039
1962.00   15.0000    0.0000   15.0000  276.2530  276.2530  0.000000       0.00000       0.00000         230741.0236    0.000000    -0.00005     0.00000    0.000000000   -0.000000242   -0.000000411  256.283262  76897.0087
1974.00   15.0000    0.0000   15.0000  276.3310  276.3310  0.000000       0.00000       0.00000         230675.8923    0.000000    -0.00005     0.00000    0.000000000   -0.000000242   -0.000000410  256.238513  76774.0889
1986.00   15.0000    0.0000   15.0000  276.4090  276.4090  0.000000       0.00000       0.00000         230610.7978    0.000000    -0.00005     0.00000    0.000000000   -0.000000242   -0.000000410  256.193732  76651.3441
1998.00   15.0000    0.0000   15.0000  276.4870  276.4870  0.000000       0.00000       0.00000         230545.7399    0.000000    -0.00005     0.00000    0.000000000   -0.000000242   -0.000000409  256.148917  76528.7742
2010.00   15.0000    0.0000   15.0000  276.5650  276.5650  0.000000       0.00000       0.00000         230480.7188    0.000000    -0.00005     0.00000    0.000000000   -0.000000242   -0.000000409  256.104069  76406.3789
2022.00   15.0000    0.0000   15.0000  276.6430  276.6430  0.000000       0.00000       0.00000         230415.7344    0.000000    -0.00005     0.00000    0.000000000   -0.000000242   -0.000000408  256.059188  76284.1579
2034.00   15.0000    0.0000   15.0000  276.7210  276.7210  0.000000       0.00000       0.00000         230350.7865    0.000000    -0.00005     0.00000    0.000000000   -0.000000242   -0.000000408  256.014274  76162.1110
2046.00   15.0000    0.0000   15.0000  276.7990  276.7990  0.000000       0.00000       0.00000         230285.8753    0.000000    -0.00005     0.00000    0.000000000   -0.000000241   -0.000000407  255.969327  76040.2381
2058.00   15.0000    0.0000   15.0000  276.8770  276.8770  0.000000       0.00000       0.00000         230221.0007    0.000000    -0.00005     0.00000    0.000000000   -0.000000241   -0.000000407  255.924347  75918.5388
2070.00   15.0000    0.0000   15.0000  276.9550  276.9550  0.000000       0.00000       0.00000         230156.1626    0.000000    -0.00005     0.00000    0.000000000   -0.000000241   -0.000000407  255.879335  75797.0129
2082.00   15.0000    0.0000   15.0000  277.0330  277.0330  0.000000       0.00000       0.00000         230091.3610    0.000000    -0.00005     0.00000    0.000000000   -0.000000241   -0.000000406  255.834289  75675.6602
2094.00   15.0000    0.0000   15.0000  277.1110  277.1110  0.000000       0.00000       0.00000         230026.5958    0.000000    -0.00005     0.00000    0.000000000   -0.000000241   -0.000000406  255.789210  75554.4805
2106.00   15.0000    0.0000   15.0000  277.1890  277.1890  0.000000       0.00000       0.00000         229961.8672    0.000000    -0.00005     0.00000    0.000000000   -0.000000241   -0.000000405  255.744098  75433.4735
2118.00   15.0000    0.0000   15.0000  277.2670  277.2670  0.000000       0.00000       0.00000         229897.1749    0.000000    -0.00005     0.00000    0.000000000   -0.000000241   -0.000000405  255.698953  75312.6390
2130.00   15.0000    0.0000   15.0000  277.3450  277.3450  0.000000       0.00000       0.00000         229832.5191    0.000000    -0.00005     0.00000    0.000000000   -0.000000241   -0.000000404  255.653776  75191.9768
2142.00   15.0000    0.0000   15.0000  277.4230  277.4230  0.000000       0.00000       0.00000         229767.8996    0.000000    -0.00005     0.00000    0.000000000   -0.000000241   -0.000000404  255.608565  75071.4866
2154.00   15.0000    0.0000   15.0000  277.5010  277.5010  0.000000       0.00000       0.00000         229703.3164    0.000000    -0.00005     0.00000    0.000000000   -0.000000241   -0.000000403  255.563322  74951.1682
2166.00   15.0000    0.0000   15.0000  277.5790  277.5790  0.000000       0.00000       0.00000         229638.7695    0.000000    -0.00005     0.00000    0.000000000   -0.000000240   -0.000000403  255.518045  74831.0214
2178.00   15.0000    0.0000   15.0000  277.6570  277.6570  0.000000       0.00000       0.00000         229574.2589    0.000000    -0.00005     0.00000    0.000000000   -0.000000240   -0.000000402  255.472736  74711.0460
2190.00   15.0000    0.0000   15.0000  277.7350  277.7350  0.000000       0.00000       0.00000         229509.7845    0.000000    -0.00005     0.00000    0.000000000   -0.000000240   -0.000000402  255.427394  74591.2416
2202.00   15.0000    0.0000   15.0000  277.8130  277.8130  0.000000       0.00000       0.00000         229445.3463    0.000000    -0.00005     0.00000    0.000000000   -0.000000240   -0.000000401  255.382019  74471.6082
2214.00   15.0000    0.0000   15.0000  277.8910  277.8910  0.000000       0.00000       0.00000         229380.9443    0.000000    -0.00005     0.00000    0.000000000   -0.000000240   -0.000000401  255.336611  74352.1454
2226.00   15.0000    0.0000   15.0000  277.9690  277.9690  0.000000       0.00000       0.00000         229316.5785    0.000000    -0.00005     0.00000    0.000000000   -0.000000240   -0.000000401  255.291170  74232.8531
2238.00   15.0000    0.0000   15.0000  278.0470  278.0470  0.000000       0.00000       0.00000         229252.2487    0.000000    -0.00005     0.00000    0.000000000   -0.000000240   -0.000000400  255.245696  74113.7309
2250.00   15.0000    0.0000   15.0000  278.1250  278.1250  0.000000       0.00000       0.00000         229187.9551    0.000000    -0.00005     0.00000    0.000000000   -0.000000240   -0.000000400  255.200189  73994.7787
2262.00   15.0000    0.0000   15.0000  278.2030  278.2030  0.000000       0.00000       0.00000         229123.6974    0.000000    -0.00006     0.00000    0.000000000   -0.000000240   -0.000000399  255.154650  73875.9963
2274.00   15.0000    0.0000   15.0000  278.2810  278.2810  0.000000       0.00000       0.00000         229059.4759    0.000000    -0.00006     0.00000    0.000000000   -0.000000240   -0.000000399  255.109078  73757.3834
2286.00   15.0000    0.0000   15.0000  278.3590  278.3590  0.000000       0.00000       0.00000         228995.2903    0.000000    -0.00006     0.00000    0.000000000   -0.000000239   -0.000000398  255.063473  73638.9398
2298.00   15.0000    0.0000   15.0000  278.4370  278.4370  0.000000       0.00000       0.00000         228931.1406    0.000000    -0.00006     0.00000    0.000000000   -0.000000239   -0.000000398  255.017835  73520.6653
2310.00   15.0000    0.0000   15.0000  278.5150  278.5150  0.000000       0.00000       0.00000         228867.0269    0.000000    -0.00006     0.00000    0.000000000   -0.000000239   -0.000000397  254.972164  73402.5596
2322.00   15.0000    0.0000   15.0000  278.5930  278.5930  0.000000       0.00000       0.00000         228802.9491    0.000000    -0.00006     0.00000    0.000000000   -0.000000239   -0.000000397  254.926461  73284.6225
2334.00   15.0000    0.0000   15.0000  278.6710  278.6710  0.000000       0.00000       0.00000         228738.9072    0.000000    -0.00006     0.00000    0.000000000   -0.000000239   -0.000000396  254.880724  73166.8538
2346.00   15.0000    0.0000   15.0000  278.7490  278.7490  0.000000       0.00000       0.00000         228674.9011    0.000000    -0.00006     0.00000    0.000000000   -0.000000239   -0.000000396  254.834955  73049.2532
2358.00   15.0000    0.0000   15.0000  278.8270  278.8270  0.000000       0.00000       0.00000         228610.9308    0.000000    -0.00006     0.00000    0.000000000   -0.000000239   -0.000000395  254.789154  72931.8207
2370.00   15.0000    0.0000   15.0000  278.9050  278.9050  0.000000       0.00000       0.00000         228546.9963    0.000000    -0.00006     0.00000    0.000000000   -0.000000239   -0.000000395  254.743319  72814.5558
2382.00   15.0000    0.0000   15.0000  278.9830  278.9830  0.000000       0.00000       0.00000              0.0000    0.000000    -0.00006     0.00000    0.000000000    0.000000000    0.000000000  254.697452  72697.4584
2394.00   15.0000    0.0000   15.0000  279.0610  279.0610  0.000000       0.00000       0.00000              0.0000    0.000000     0.00000     0.00000    0.000000000    0.000000000    0.000000000  254.651552  72580.5282
