   0.00    0.0000    0.0000    0.0000  241.4233  241.4233  0.000000       0.00000       0.00000              0.0000    0.000000     0.00000     0.00000    0.000000000    0.000000000    0.000000000    0.000000      0.0000
   6.00    7.7410    3.5244    8.5055  243.0024  243.0024  0.000000       0.71704       0.71704              0.0000    0.000000     0.00000     0.00000   -0.000011600    0.000000000    0.000000000  242.914696  99873.5846
  18.00    8.7833    3.9176    9.6174  243.1211  243.1211  0.000000       2.18811       2.18811              0.0581    0.000000    -0.00000     0.00000   -0.000024301    0.000000000    0.000000000  242.886907  99663.0602
  30.00    9.4535    4.1243   10.3140  243.2001  243.2001  0.000000       2.08874       2.08874              0.0838    0.000000    -0.00000     0.00000   -0.000029154   -0.000000055   -0.000000095  242.848694  99494.9709
  42.00   10.0699    4.2737   10.9392  243.2754  243.2754  0.000000       2.28430       2.28430              0.0984    0.000000    -0.00000     0.00000   -0.000031660   -0.000000065   -0.000000104  242.806788  99327.1375
  54.00   10.6258    4.3726   11.4903  243.3461  243.3461  0.000000       2.24413       2.24413              0.1137    0.000000    -0.00000     0.00000   -0.000033630   -0.000000072   -0.000000110  242.760257  99159.5567
  66.00   11.1523    4.4325   12.0009  243.4162  243.4162  0.000000       2.19007       2.19007              0.1272    0.000000    -0.00000     0.00000   -0.000035366   -0.000000072   -0.000000111  242.713011  98992.2263
  78.00   11.6553    4.4570   12.4784  243.4865  243.4865  0.000000       2.08211       2.08211              0.1404    0.000000    -0.00000     0.00000   -0.000037013   -0.000000070   -0.000000108  242.666003  98825.1459
  90.00   12.1413    4.4485   12.9306  243.5583  243.5583  0.000000       1.95385       1.95385              0.1533    0.000000    -0.00000     0.00000   -0.000038666   -0.000000065   -0.000000104  242.620428  98658.3158
 102.00   12.6127    4.4078   13.3607  243.6323  243.6323  0.000000       1.80807       1.80807              0.1665    0.000000    -0.00000     0.00000   -0.000040377   -0.000000059   -0.000000098  242.577079  98491.7367
 114.00   13.0710    4.3349   13.7711  243.7094  243.7094  0.000000       1.65351       1.65351              0.1799    0.000000    -0.00000     0.00000   -0.000042162   -0.000000050   -0.000000089  242.536745  98325.4102
 126.00   13.5164    4.2296   14.1627  243.7904  243.7904  0.000000       1.49417       1.49417              0.1940    0.000000    -0.00000     0.00000   -0.000044093   -0.000000040   -0.000000080  242.500187  98159.3384
 138.00   13.9481    4.0910   14.5357  243.8760  243.8760  0.000000       1.33379       1.33379              0.2090    0.000000    -0.00000     0.00000   -0.000046201   -0.000000028   -0.000000068  242.468225  97993.5236
 150.00   14.3647    3.9184   14.8896  243.9672  243.9672  0.000000       1.17490       1.17490              0.2251    0.000000    -0.00000     0.00000   -0.000048557   -0.000000013   -0.000000054  242.441779  97827.9689
 162.00   14.7639    3.7106   15.2231  244.0650  244.0650  0.000000       1.01939       1.01939              0.2428    0.000000    -0.00001     0.00000   -0.000051251    0.000000004   -0.000000037  242.421939  97662.6783
 174.00   15.1427    3.4665   15.5344  244.1710  244.1710  0.000000       0.86896       0.86896              0.2626    0.000000    -0.00001     0.00000   -0.000054350    0.000000026   -0.000000016  242.410039  97497.6561
 186.00   15.4969    3.1848   15.8207  244.2867  244.2867  0.000000       0.72407       0.72407              0.2853    0.000000    -0.00001     0.00000   -0.000057991    0.000000052    0.000000009  242.407828  97332.9079
 198.00   15.8210    2.8644   16.0782  244.4146  244.4146  0.000000       0.58715       0.58715              0.3120    0.000000    -0.00001     0.00000   -0.000062149    0.000000086    0.000000041  242.417603  97168.4407
 210.00   16.1086    2.5034   16.3019  244.5584  244.5584  0.000000       0.45452       0.45452              0.3453    0.000000    -0.00001     0.00000   -0.000067365    0.000000130    0.000000084  242.443093  97004.2633
 222.00   16.3484    2.1019   16.4829  244.7230  244.7230  0.000000       0.33768       0.33768              0.3869    0.000000    -0.00001     0.00000   -0.000073982    0.000000197    0.000000148  242.489119  96840.3875
 234.00   16.5277    1.6509   16.6099  244.9214  244.9214  0.000000       0.21195       0.21195              0.4533    0.000000    -0.00002     0.00000   -0.000083376    0.000000294    0.000000239  242.568619  96676.8308
 246.00   16.6090    1.1715   16.6503  245.1633  245.1633  0.000000       0.13980       0.13980              0.5314    0.000000    -0.00002     0.00000   -0.000105714    0.000000521    0.000000455  242.690992  96513.6182
 258.00   16.4963    0.5933   16.5070  245.5410  245.5410  0.000000       0.00475       0.00475              1.5815    0.000000     0.00000     0.00000   -0.000084029    0.000009374    0.000007101  242.947730  96350.8081
 270.00   15.1154   -0.0316   15.1154  251.2326  251.2326  0.000000       0.00059       0.00059              2.6071    0.000000    -0.00013     0.00000   -0.000102475    0.000012042    0.000013573  248.460815  96190.1579
 282.00   15.0006   -0.0005   15.0006  252.7482  252.7482  0.000000       0.00000       0.00000            181.9485    0.000000    -0.00011     0.00000   -0.000003104    0.000005797    0.000005585  249.842249  96032.0126
 294.00   15.0000   -0.0000   15.0000  254.0272  254.0272  0.000000       0.00000       0.00000        1652830.4625    0.000000    -0.00007     0.00000   -0.000000000    0.000004606    0.000004461  250.989140  95874.9241
 306.00   15.0000   -0.0000   15.0000  254.8447  254.8447  0.000000       0.00000       0.00000        2410431.3663    0.000000    -0.00006     0.00000    0.000000000    0.000003389    0.000003215  251.679566  95718.6660
 318.00   15.0000   -0.0000   15.0000  255.5306  255.5306  0.000000       0.00000       0.00000        2034013.4400    0.000000    -0.00006     0.00000    0.000000000    0.000002920    0.000002751  252.239671  95563.0496
 330.00   15.0000   -0.0000   15.0000  256.1167  256.1167  0.000000       0.00000       0.00000        1751988.6909    0.000000    -0.00005     0.00000    0.000000000    0.000002542    0.000002376  252.701026  95408.0002
 342.00   15.0000   -0.0000   15.0000  256.6288  256.6288  0.000000       0.00000       0.00000        1553485.8919    0.000000    -0.00005     0.00000    0.000000000    0.000002267    0.000002104  253.089006  95253.4622
 354.00   15.0000    0.0000   15.0000  257.0924  257.0924  0.000000       0.00000       0.00000        1403110.2751    0.000000    -0.00005     0.00000    0.000000000    0.000002052    0.000001891  253.429068  95099.3962
 366.00   15.0000    0.0000   15.0000  257.5116  257.5116  0.000000       0.00000       0.00000        1286714.8760    0.000000    -0.00004     0.00000    0.000000000    0.000001882    0.000001722  253.725073  94945.7721
 378.00   15.0000    0.0000   15.0000  257.9033  257.9033  0.000000       0.00000       0.00000        1188320.6384    0.000000    -0.00004     0.00000    0.000000000    0.000001731    0.000001573  253.993871  94792.5666
 390.00   15.0000    0.0000   15.0000  258.2616  258.2616  0.000000       0.00000       0.00000        1111986.1850    0.000000    -0.00004     0.00000    0.000000000    0.000001615    0.000001456  254.229561  94639.7602
 402.00   15.0000    0.0000   15.0000  258.6062  258.6062  0.000000       0.00000       0.00000        1045241.3708    0.000000    -0.00004     0.00000    0.000000000    0.000001508    0.000001351  254.451547  94487.3372
 414.00   15.0000    0.0000   15.0000  258.9232  258.9232  0.000000       0.00000       0.00000         986985.7874    0.000000    -0.00004     0.00000    0.000000000    0.000001414    0.000001256  254.646280  94335.2841
 426.00   15.0000    0.0000   15.0000  259.2316  259.2316  0.000000       0.00000       0.00000         937306.0138    0.000000    -0.00004     0.00000    0.000000000    0.000001331    0.000001174  254.832454  94183.5892
 438.00   15.0000    0.0000   15.0000  259.5178  259.5178  0.000000       0.00000       0.00000         889580.7729    0.000000    -0.00004     0.00000    0.000000000    0.000001249    0.000001091  254.996658  94032.2422
 450.00   15.0000    0.0000   15.0000  259.7966  259.7966  0.000000       0.00000       0.00000         852844.1786    0.000000    -0.00004     0.00000    0.000000000    0.000001186    0.000001028  255.153422  93881.2335
 462.00   15.0000    0.0000   15.0000  260.0601  260.0601  0.000000       0.00000       0.00000         815641.1586    0.000000    -0.00004     0.00000    0.000000000    0.000001119    0.000000961  255.295028  93730.5552
 474.00   15.0000    0.0000   15.0000  260.3157  260.3157  0.000000       0.00000       0.00000         786116.3065    0.000000    -0.00004     0.00000    0.000000000    0.000001066    0.000000908  255.428841  93580.1999
 486.00   15.0000    0.0000   15.0000  260.5609  260.5609  0.000000       0.00000       0.00000         757271.8319    0.000000    -0.00004     0.00000    0.000000000    0.000001013    0.000000855  255.552259  93430.1613
 498.00   15.0000    0.0000   15.0000  260.7986  260.7986  0.000000       0.00000       0.00000         732436.3508    0.000000    -0.00004     0.00000    0.000000000    0.000000967    0.000000809  255.668269  93280.4334
 510.00   15.0000    0.0000   15.0000  261.0284  261.0284  0.000000       0.00000       0.00000         709706.2720    0.000000    -0.00004     0.00000    0.000000000    0.000000925    0.000000766  255.776362  93131.0108
 522.00   15.0000    0.0000   15.0000  261.2520  261.2520  0.000000       0.00000       0.00000         687763.3819    0.000000    -0.00004     0.00000    0.000000000    0.000000882    0.000000723  255.878338  92981.8888
 534.00   15.0000    0.0000   15.0000  261.4681  261.4681  0.000000       0.00000       0.00000         666752.6004    0.000000    -0.00003     0.00000    0.000000000    0.000000841    0.000000681  255.972867  92833.0627
 546.00   15.0000    0.0000   15.0000  261.6786  261.6786  0.000000       0.00000       0.00000         646635.4860    0.000000    -0.00003     0.00000    0.000000000    0.000000800    0.000000640  256.061839  92684.5280
 558.00   15.0000    0.0000   15.0000  261.8822  261.8822  0.000000       0.00000       0.00000         628937.7694    0.000000    -0.00003     0.00000    0.000000000    0.000000764    0.000000604  256.143907  92536.2805
 570.00   15.0000    0.0000   15.0000  262.0817  262.0817  0.000000       0.00000       0.00000         611250.5240    0.000000    -0.00003     0.00000    0.000000000    0.000000727    0.000000567  256.221914  92388.3163
 582.00   15.0000    0.0000   15.0000  262.2743  262.2743  0.000000       0.00000       0.00000         595094.2122    0.000000    -0.00003     0.00000    0.000000000    0.000000693    0.000000532  256.293012  92240.6316
 594.00   15.0000    0.0000   15.0000  262.4637  262.4637  0.000000       0.00000       0.00000         579996.8759    0.000000    -0.00003     0.00000    0.000000000    0.000000661    0.000000500  256.360990  92093.2230
 606.00   15.0000    0.0000   15.0000  262.6468  262.6468  0.000000       0.00000       0.00000         564928.2887    0.000000    -0.00003     0.00000    0.000000000    0.000000628    0.000000467  256.422716  91946.0871
 618.00   15.0000    0.0000   15.0000  262.8268  262.8268  0.000000       0.00000       0.00000         552083.1515    0.000000    -0.00003     0.00000    0.000000000    0.000000600    0.000000439  256.481325  91799.2208
 630.00   15.0000    0.0000   15.0000  263.0019  263.0019  0.000000       0.00000       0.00000         538716.4771    0.000000    -0.00003     0.00000    0.000000000    0.000000570    0.000000408  256.535069  91652.6211
 642.00   15.0000    0.0000   15.0000  263.1736  263.1736  0.000000       0.00000       0.00000         527304.6806    0.000000    -0.00003     0.00000    0.000000000    0.000000544    0.000000383  256.585359  91506.2852
 654.00   15.0000    0.0000   15.0000  263.3416  263.3416  0.000000       0.00000       0.00000         516240.6477    0.000000    -0.00003     0.00000    0.000000000    0.000000519    0.000000357  256.632003  91360.2105
 666.00   15.0000    0.0000   15.0000  263.5063  263.5063  0.000000       0.00000       0.00000         506444.3611    0.000000    -0.00003     0.00000    0.000000000    0.000000497    0.000000335  256.675404  91214.3946
 678.00   15.0000    0.0000   15.0000  263.6682  263.6682  0.000000       0.00000       0.00000         497613.3728    0.000000    -0.00003     0.00000    0.000000000    0.000000477    0.000000314  256.715949  91068.8352
 690.00   15.0000    0.0000   15.0000  263.8274  263.8274  0.000000       0.00000       0.00000         489736.3897    0.000000    -0.00003     0.00000    0.000000000    0.000000459    0.000000296  256.753852  90923.5303
 702.00   15.0000    0.0000   15.0000  263.9844  263.9844  0.000000       0.00000       0.00000         482666.9438    0.000000    -0.00003     0.00000    0.000000000    0.000000443    0.000000279  256.789494  90778.4779
 714.00   15.0000    0.0000   15.0000  264.1392  264.1392  0.000000       0.00000       0.00000         476288.1630    0.000000    -0.00003     0.00000    0.000000000    0.000000428    0.000000264  256.822997  90633.6765
 726.00   15.0000    0.0000   15.0000  264.2923  264.2923  0.000000       0.00000       0.00000         470361.1301    0.000000    -0.00003     0.00000    0.000000000    0.000000414    0.000000250  256.854669  90489.1243
 738.00   15.0000    0.0000   15.0000  264.4435  264.4435  0.000000       0.00000       0.00000         465110.0674    0.000000    -0.00003     0.00000    0.000000000    0.000000402    0.000000238  256.884483  90344.8200
 750.00   15.0000    0.0000   15.0000  264.5933  264.5933  0.000000       0.00000       0.00000         460845.9851    0.000000    -0.00003     0.00000    0.000000000    0.000000393    0.000000228  256.912888  90200.7620
 762.00   15.0000    0.0000   15.0000  264.7419  264.7419  0.000000       0.00000       0.00000         457787.2062    0.000000    -0.00004     0.00000    0.000000000    0.000000386    0.000000221  256.940053  90056.9494
 774.00   15.0000    0.0000   15.0000  264.8899  264.8899  0.000000       0.00000       0.00000         455450.0878    0.000000    -0.00004     0.00000    0.000000000    0.000000382    0.000000216  256.966565  89913.3810
 786.00   15.0000    0.0000   15.0000  265.0371  265.0371  0.000000       0.00000       0.00000         454211.2515    0.000000    -0.00004     0.00000    0.000000000    0.000000380    0.000000214  256.992290  89770.0560
 798.00   15.0000    0.0000   15.0000  265.1845  265.1845  0.000000       0.00000       0.00000         454075.3628    0.000000    -0.00004     0.00000    0.000000000    0.000000381    0.000000214  257.018051  89626.9739
 810.00   15.0000    0.0000   15.0000  265.3318  265.3318  0.000000       0.00000       0.00000         455381.1598    0.000000    -0.00004     0.00000    0.000000000    0.000000386    0.000000219  257.043720  89484.1340
 822.00   15.0000    0.0000   15.0000  265.4802  265.4802  0.000000       0.00000       0.00000         457641.8611    0.000000    -0.00004     0.00000    0.000000000    0.000000394    0.000000225  257.070331  89341.5363
 834.00   15.0000    0.0000   15.0000  265.6292  265.6292  0.000000       0.00000       0.00000         461103.7535    0.000000    -0.00004     0.00000    0.000000000    0.000000405    0.000000236  257.097451  89199.1808
 846.00   15.0000    0.0000   15.0000  265.7800  265.7800  0.000000       0.00000       0.00000         466993.1549    0.000000    -0.00004     0.00000    0.000000000    0.000000422    0.000000252  257.126271  89057.0674
 858.00   15.0000    0.0000   15.0000  265.9329  265.9329  0.000000       0.00000       0.00000         475278.0627    0.000000    -0.00004     0.00000    0.000000000    0.000000447    0.000000275  257.157129  88915.1970
 870.00   15.0000    0.0000   15.0000  266.0893  266.0893  0.000000       0.00000       0.00000         487726.5864    0.000000    -0.00004     0.00000    0.000000000    0.000000483    0.000000310  257.191198  88773.5704
 882.00   15.0000    0.0000   15.0000  266.2505  266.2505  0.000000       0.00000       0.00000         501784.6768    0.000000    -0.00005     0.00000    0.000000000    0.000000524    0.000000350  257.229932  88632.1894
 894.00   15.0000    0.0000   15.0000  266.4163  266.4163  0.000000       0.00000       0.00000         524815.6958    0.000000    -0.00005     0.00000    0.000000000    0.000000591    0.000000414  257.272897  88491.0560
 906.00   15.0000    0.0000   15.0000  266.5927  266.5927  0.000000       0.00000       0.00000         544357.4347    0.000000    -0.00005     0.00000    0.000000000    0.000000649    0.000000470  257.326183  88350.1736
 918.00   15.0000    0.0000   15.0000  266.7714  266.7714  0.000000       0.00000       0.00000         595266.6535    0.000000    -0.00006     0.00000    0.000000000    0.000000796    0.000000612  257.381524  88209.5452
 930.00   15.0000    0.0000   15.0000  266.9814  266.9814  0.000000       0.00000       0.00000         612062.6723    0.000000    -0.00006     0.00000    0.000000000    0.000000849    0.000000664  257.466945  88069.1789
 942.00   15.0000    0.0000   15.0000  267.1713  267.1713  0.000000       0.00000       0.00000         749197.7940    0.000000    -0.00009     0.00000    0.000000000    0.000001250    0.000001051  257.533006  87929.0773
 954.00   15.0000    0.0000   15.0000  267.4712  267.4712  0.000000       0.00000       0.00000         733471.0486    0.000000    -0.00005     0.00000    0.000000000    0.000001214    0.000001023  257.704930  87789.2630
 966.00   15.0000    0.0000   15.0000  267.6515  267.6515  0.000000       0.00000       0.00000        1115841.8196    0.000000    -0.00017     0.00000    0.000000000    0.000002368    0.000002116  257.761437  87649.7329
 978.00   15.0000    0.0000   15.0000  268.2022  268.2022  0.000000       0.00000       0.00000        1031185.0149    0.000000    -0.00004     0.00000    0.000000000    0.000002133    0.000001943  258.174565  87510.5511
 990.00   15.0000    0.0000   15.0000  268.3283  268.3283  0.000000       0.00000       0.00000        2757537.7008    0.000000    -0.00052     0.00000    0.000000000    0.000007784    0.000007035  258.178885  87371.7027
1002.00   15.0000    0.0000   15.0000  270.0130  270.0130  0.000000       0.00000       0.00000        2667455.3095    0.000000    -0.00002     0.00000    0.000000000    0.000007551    0.000007637  259.682386  87233.4765
1014.00   15.0000    0.0000   15.0000  270.0910  270.0910  0.000000       0.00000       0.00000         236005.2723    0.000000    -0.00002     0.00000    0.000000000   -0.000000243   -0.000000440  259.640291  87095.8585
1026.00   15.0000    0.0000   15.0000  270.1690  270.1690  0.000000       0.00000       0.00000         235937.1356    0.000000    -0.00002     0.00000    0.000000000   -0.000000243   -0.000000439  259.598162  86958.4353
1038.00   15.0000    0.0000   15.0000  270.2470  270.2470  0.000000       0.00000       0.00000         235869.0383    0.000000    -0.00003     0.00000    0.000000000   -0.000000243   -0.000000439  259.555999  86821.2067
1050.00   15.0000    0.0000   15.0000  270.3250  270.3250  0.000000       0.00000       0.00000         235800.9803    0.000000    -0.00003     0.00000    0.000000000   -0.000000243   -0.000000439  259.513803  86684.1724
1062.00   15.0000    0.0000   15.0000  270.4030  270.4030  0.000000       0.00000       0.00000         235732.9615    0.000000    -0.00003     0.00000    0.000000000   -0.000000243   -0.000000438  259.471573  86547.3322
1074.00   15.0000    0.0000   15.0000  270.4810  270.4810  0.000000       0.00000       0.00000         235664.9820    0.000000    -0.00003     0.00000    0.000000000   -0.000000243   -0.000000438  259.429309  86410.6857
1086.00   15.0000    0.0000   15.0000  270.5590  270.5590  0.000000       0.00000       0.00000         235597.0417    0.000000    -0.00003     0.00000    0.000000000   -0.000000243   -0.000000438  259.387011  86274.2328
1098.00   15.0000    0.0000   15.0000  270.6370  270.6370  0.000000       0.00000       0.00000         235529.1405    0.000000    -0.00003     0.00000    0.000000000   -0.000000243   -0.000000437  259.344680  86137.9731
1110.00   15.0000    0.0000   15.0000  270.7150  270.7150  0.000000       0.00000       0.00000         235461.2785    0.000000    -0.00003     0.00000    0.000000000   -0.000000243   -0.000000437  259.302315  86001.9065
1122.00   15.0000    0.0000   15.0000  270.7930  270.7930  0.000000       0.00000       0.00000         235393.4555    0.000000    -0.00003     0.00000    0.000000000   -0.000000243   -0.000000437  259.259916  85866.0326
1134.00   15.0000    0.0000   15.0000  270.8710  270.8710  0.000000       0.00000       0.00000         235325.6716    0.000000    -0.00003     0.00000    0.000000000   -0.000000243   -0.000000436  259.217483  85730.3512
1146.00   15.0000    0.0000   15.0000  270.9490  270.9490  0.000000       0.00000       0.00000         235257.9268    0.000000    -0.00003     0.00000    0.000000000   -0.000000243   -0.000000436  259.175017  85594.8620
1158.00   15.0000    0.0000   15.0000  271.0270  271.0270  0.000000       0.00000       0.00000         235190.2209    0.000000    -0.00003     0.00000    0.000000000   -0.000000243   -0.000000436  259.132517  85459.5647
1170.00   15.0000    0.0000   15.0000  271.1050  271.1050  0.000000       0.00000       0.00000         235122.5540    0.000000    -0.00003     0.00000    0.000000000   -0.000000243   -0.000000435  259.089983  85324.4592
1182.00   15.0000    0.0000   15.0000  271.1830  271.1830  0.000000       0.00000       0.00000         235054.9260    0.000000    -0.00003     0.00000    0.000000000   -0.000000243   -0.000000435  259.047416  85189.5452
1194.00   15.0000    0.0000   15.0000  271.2610  271.2610  0.000000       0.00000       0.00000         234987.3369    0.000000    -0.00003     0.00000    0.000000000   -0.000000243   -0.000000435  259.004815  85054.8223
1206.00   15.0000    0.0000   15.0000  271.3390  271.3390  0.000000       0.00000       0.00000         234919.7867    0.000000    -0.00003     0.00000    0.000000000   -0.000000243   -0.000000434  258.962180  84920.2904
1218.00   15.0000    0.0000   15.0000  271.4170  271.4170  0.000000       0.00000       0.00000         234852.2753    0.000000    -0.00003     0.00000    0.000000000   -0.000000243   -0.000000434  258.919511  84785.9492
1230.00   15.0000    0.0000   15.0000  271.4950  271.4950  0.000000       0.00000       0.00000         234784.8027    0.000000    -0.00003     0.00000    0.000000000   -0.000000243   -0.000000433  258.876809  84651.7984
1242.00   15.0000    0.0000   15.0000  271.5730  271.5730  0.000000       0.00000       0.00000         234717.3688    0.000000    -0.00003     0.00000    0.000000000   -0.000000243   -0.000000433  258.834074  84517.8377
1254.00   15.0000    0.0000   15.0000  271.6510  271.6510  0.000000       0.00000       0.00000         234649.9737    0.000000    -0.00003     0.00000    0.000000000   -0.000000243   -0.000000433  258.791304  84384.0670
1266.00   15.0000    0.0000   15.0000  271.7290  271.7290  0.000000       0.00000       0.00000         234582.6172    0.000000    -0.00003     0.00000    0.000000000   -0.000000243   -0.000000432  258.748501  84250.4860
1278.00   15.0000    0.0000   15.0000  271.8070  271.8070  0.000000       0.00000       0.00000         234515.2995    0.000000    -0.00003     0.00000    0.000000000   -0.000000243   -0.000000432  258.705665  84117.0943
1290.00   15.0000    0.0000   15.0000  271.8850  271.8850  0.000000       0.00000       0.00000         234448.0203    0.000000    -0.00003     0.00000    0.000000000   -0.000000243   -0.000000432  258.662794  83983.8918
1302.00   15.0000    0.0000   15.0000  271.9630  271.9630  0.000000       0.00000       0.00000         234380.7797    0.000000    -0.00003     0.00000    0.000000000   -0.000000243   -0.000000431  258.619891  83850.8782
1314.00   15.0000    0.0000   15.0000  272.0410  272.0410  0.000000       0.00000       0.00000         234313.5777    0.000000    -0.00003     0.00000    0.000000000   -0.000000243   -0.000000431  258.576953  83718.0532
1326.00   15.0000    0.0000   15.0000  272.1190  272.1190  0.000000       0.00000       0.00000         234246.4143    0.000000    -0.00003     0.00000    0.000000000   -0.000000243   -0.000000431  258.533982  83585.4167
1338.00   15.0000    0.0000   15.0000  272.1970  272.1970  0.000000       0.00000       0.00000         234179.2893    0.000000    -0.00003     0.00000    0.000000000   -0.000000243   -0.000000430  258.490978  83452.9682
1350.00   15.0000    0.0000   15.0000  272.2750  272.2750  0.000000       0.00000       0.00000         234112.2027    0.000000    -0.00003     0.00000    0.000000000   -0.000000243   -0.000000430  258.447940  83320.7077
1362.00   15.0000    0.0000   15.0000  272.3530  272.3530  0.000000       0.00000       0.00000         234045.1546    0.000000    -0.00003     0.00000    0.000000000   -0.000000243   -0.000000429  258.404868  83188.6347
1374.00   15.0000    0.0000   15.0000  272.4310  272.4310  0.000000       0.00000       0.00000         233978.1449    0.000000    -0.00003     0.00000    0.000000000   -0.000000243   -0.000000429  258.361763  83056.7492
1386.00   15.0000    0.0000   15.0000  272.5090  272.5090  0.000000       0.00000       0.00000         233911.1736    0.000000    -0.00003     0.00000    0.000000000   -0.000000243   -0.000000429  258.318624  82925.0508
1398.00   15.0000    0.0000   15.0000  272.5870  272.5870  0.000000       0.00000       0.00000         233844.2406    0.000000    -0.00003     0.00000    0.000000000   -0.000000243   -0.000000428  258.275452  82793.5392
1410.00   15.0000    0.0000   15.0000  272.6650  272.6650  0.000000       0.00000       0.00000         233777.3458    0.000000    -0.00003     0.00000    0.000000000   -0.000000243   -0.000000428  258.232246  82662.2143
1422.00   15.0000    0.0000   15.0000  272.7430  272.7430  0.000000       0.00000       0.00000         233710.4894    0.000000    -0.00003     0.00000    0.000000000   -0.000000243   -0.000000428  258.189007  82531.0758
1434.00   15.0000    0.0000   15.0000  272.8210  272.8210  0.000000       0.00000       0.00000         233643.6711    0.000000    -0.00003     0.00000    0.000000000   -0.000000243   -0.000000427  258.145735  82400.1233
1446.00   15.0000    0.0000   15.0000  272.8990  272.8990  0.000000       0.00000       0.00000         233576.8911    0.000000    -0.00004     0.00000    0.000000000   -0.000000243   -0.000000427  258.102428  82269.3568
1458.00   15.0000    0.0000   15.0000  272.9770  272.9770  0.000000       0.00000       0.00000         233510.1492    0.000000    -0.00004     0.00000    0.000000000   -0.000000243   -0.000000426  258.059089  82138.7759
1470.00   15.0000    0.0000   15.0000  273.0550  273.0550  0.000000       0.00000       0.00000         233443.4455    0.000000    -0.00004     0.00000    0.000000000   -0.000000243   -0.000000426  258.015716  82008.3803
1482.00   15.0000    0.0000   15.0000  273.1330  273.1330  0.000000       0.00000       0.00000         233376.7798    0.000000    -0.00004     0.00000    0.000000000   -0.000000243   -0.000000426  257.972309  81878.1699
1494.00   15.0000    0.0000   15.0000  273.2110  273.2110  0.000000       0.00000       0.00000         233310.1522    0.000000    -0.00004     0.00000    0.000000000   -0.000000243   -0.000000425  257.928869  81748.1443
1506.00   15.0000    0.0000   15.0000  273.2890  273.2890  0.000000       0.00000       0.00000         233243.5627    0.000000    -0.00004     0.00000    0.000000000   -0.000000243   -0.000000425  257.885396  81618.3034
1518.00   15.0000    0.0000   15.0000  273.3670  273.3670  0.000000       0.00000       0.00000         233177.0111    0.000000    -0.00004     0.00000    0.000000000   -0.000000243   -0.000000424  257.841889  81488.6469
1530.00   15.0000    0.0000   15.0000  273.4450  273.4450  0.000000       0.00000       0.00000         233110.4975    0.000000    -0.00004     0.00000    0.000000000   -0.000000243   -0.000000424  257.798349  81359.1744
1542.00   15.0000    0.0000   15.0000  273.5230  273.5230  0.000000       0.00000       0.00000         233044.0219    0.000000    -0.00004     0.00000    0.000000000   -0.000000243   -0.000000424  257.754775  81229.8859
1554.00   15.0000    0.0000   15.0000  273.6010  273.6010  0.000000       0.00000       0.00000         232977.5841    0.000000    -0.00004     0.00000    0.000000000   -0.000000243   -0.000000423  257.711168  81100.7810
1566.00   15.0000    0.0000   15.0000  273.6790  273.6790  0.000000       0.00000       0.00000         232911.1843    0.000000    -0.00004     0.00000    0.000000000   -0.000000243   -0.000000423  257.667528  80971.8595
1578.00   15.0000    0.0000   15.0000  273.7570  273.7570  0.000000       0.00000       0.00000         232844.8222    0.000000    -0.00004     0.00000    0.000000000   -0.000000243   -0.000000422  257.623854  80843.1212
1590.00   15.0000    0.0000   15.0000  273.8350  273.8350  0.000000       0.00000       0.00000         232778.4980    0.000000    -0.00004     0.00000    0.000000000   -0.000000243   -0.000000422  257.580147  80714.5658
1602.00   15.0000    0.0000   15.0000  273.9130  273.9130  0.000000       0.00000       0.00000         232712.2115    0.000000    -0.00004     0.00000    0.000000000   -0.000000243   -0.000000422  257.536406  80586.1930
1614.00   15.0000    0.0000   15.0000  273.9910  273.9910  0.000000       0.00000       0.00000         232645.9628    0.000000    -0.00004     0.00000    0.000000000   -0.000000243   -0.000000421  257.492632  80458.0026
1626.00   15.0000    0.0000   15.0000  274.0690  274.0690  0.000000       0.00000       0.00000         232579.7518    0.000000    -0.00004     0.00000    0.000000000   -0.000000243   -0.000000421  257.448825  80329.9944
1638.00   15.0000    0.0000   15.0000  274.1470  274.1470  0.000000       0.00000       0.00000         232513.5785    0.000000    -0.00004     0.00000    0.000000000   -0.000000243   -0.000000420  257.404985  80202.1681
1650.00   15.0000    0.0000   15.0000  274.2250  274.2250  0.000000       0.00000       0.00000         232447.4428    0.000000    -0.00004     0.00000    0.000000000   -0.000000243   -0.000000420  257.361111  80074.5235
1662.00   15.0000    0.0000   15.0000  274.3030  274.3030  0.000000       0.00000       0.00000         232381.3447    0.000000    -0.00004     0.00000    0.000000000   -0.000000243   -0.000000420  257.317204  79947.0603
1674.00   15.0000    0.0000   15.0000  274.3810  274.3810  0.000000       0.00000       0.00000         232315.2842    0.000000    -0.00004     0.00000    0.000000000   -0.000000243   -0.000000419  257.273263  79819.7783
1686.00   15.0000    0.0000   15.0000  274.4590  274.4590  0.000000       0.00000       0.00000         232249.2613    0.000000    -0.00004     0.00000    0.000000000   -0.000000243   -0.000000419  257.229290  79692.6772
1698.00   15.0000    0.0000   15.0000  274.5370  274.5370  0.000000       0.00000       0.00000         232183.2758    0.000000    -0.00004     0.00000    0.000000000   -0.000000243   -0.000000418  257.185283  79565.7569
1710.00   15.0000    0.0000   15.0000  274.6150  274.6150  0.000000       0.00000       0.00000         232117.3279    0.000000    -0.00004     0.00000    0.000000000   -0.000000242   -0.000000418  257.141242  79439.0170
1722.00   15.0000    0.0000   15.0000  274.6930  274.6930  0.000000       0.00000       0.00000         232051.4174    0.000000    -0.00004     0.00000    0.000000000   -0.000000242   -0.000000418  257.097169  79312.4573
1734.00   15.0000    0.0000   15.0000  274.7710  274.7710  0.000000       0.00000       0.00000         231985.5443    0.000000    -0.00004     0.00000    0.000000000   -0.000000242   -0.000000417  257.053062  79186.0776
1746.00   15.0000    0.0000   15.0000  274.8490  274.8490  0.000000       0.00000       0.00000         231919.7086    0.000000    -0.00004     0.00000    0.000000000   -0.000000242   -0.000000417  257.008922  79059.8777
1758.00   15.0000    0.0000   15.0000  274.9270  274.9270  0.000000       0.00000       0.00000         231853.9103    0.000000    -0.00004     0.00000    0.000000000   -0.000000242   -0.000000416  256.964749  78933.8572
1770.00   15.0000    0.0000   15.0000  275.0050  275.0050  0.000000       0.00000       0.00000         231788.1493    0.000000    -0.00004     0.00000    0.000000000   -0.000000242   -0.000000416  256.920543  78808.0160
1782.00   15.0000    0.0000   15.0000  275.0830  275.0830  0.000000       0.00000       0.00000         231722.4256    0.000000    -0.00004     0.00000    0.000000000   -0.000000242   -0.000000415  256.876303  78682.3538
1794.00   15.0000    0.0000   15.0000  275.1610  275.1610  0.000000       0.00000       0.00000         231656.7391    0.000000    -0.00004     0.00000    0.000000000   -0.000000242   -0.000000415  256.832030  78556.8704
1806.00   15.0000    0.0000   15.0000  275.2390  275.2390  0.000000       0.00000       0.00000         231591.0899    0.000000    -0.00004     0.00000    0.000000000   -0.000000242   -0.000000415  256.787724  78431.5655
1818.00   15.0000    0.0000   15.0000  275.3170  275.3170  0.000000       0.00000       0.00000         231525.4779    0.000000    -0.00004     0.00000    0.000000000   -0.000000242   -0.000000414  256.743385  78306.4389
1830.00   15.0000    0.0000   15.0000  275.3950  275.3950  0.000000       0.00000       0.00000         231459.9030    0.000000    -0.00004     0.00000    0.000000000   -0.000000242   -0.000000414  256.699012  78181.4904
1842.00   15.0000    0.0000   15.0000  275.4730  275.4730  0.000000       0.00000       0.00000         231394.3653    0.000000    -0.00004     0.00000    0.000000000   -0.000000242   -0.000000413  256.654607  78056.7196
1854.00   15.0000    0.0000   15.0000  275.5510  275.5510  0.000000       0.00000       0.00000         231328.8647    0.000000    -0.00005     0.00000    0.000000000   -0.000000242   -0.000000413  256.610168  77932.1265
1866.00   15.0000    0.0000   15.0000  275.6290  275.6290  0.000000       0.00000       0.00000         231263.4012    0.000000    -0.00005     0.00000    0.000000000   -0.000000242   -0.000000412  256.565696  77807.7107
1878.00   15.0000    0.0000   15.0000  275.7070  275.7070  0.000000       0.00000       0.00000         231197.9747    0.000000    -0.00005     0.00000    0.000000000   -0.000000242   -0.000000412  256.521191  77683.4720
1890.00   15.0000    0.0000   15.0000  275.7850  275.7850  0.000000       0.00000       0.00000         231132.5852    0.000000    -0.00005     0.00000    0.000000000   -0.000000242   -0.000000412  256.476653  77559.4101
1902.00   15.0000    0.0000   15.0000  275.8630  275.8630  0.000000       0.00000       0.00000         231067.2326    0.000000    -0.00005     0.00000    0.000000000   -0.000000242   -0.000000411  256.432082  77435.5249
1914.00   15.0000    0.0000   15.0000  275.9410  275.9410  0.000000       0.00000       0.00000         231001.9171    0.000000    -0.00005     0.00000    0.000000000   -0.000000241   -0.000000411  256.387477  77311.8161
1926.00   15.0000    0.0000   15.0000  276.0190  276.0190  0.000000       0.00000       0.00000         230936.6384    0.000000    -0.00005     0.00000    0.000000000   -0.000000241   -0.000000410  256.342840  77188.2834
1938.00   15.0000    0.0000   15.0000  276.0970  276.0970  0.000000       0.00000       0.00000         230871.3966    0.000000    -0.00005     0.00000    0.000000000   -0.000000241   -0.000000410  256.298169  77064.9267
1950.00   15.0000    0.0000   15.0000  276.1750  276.1750  0.000000       0.00000       0.00000         230806.1917    0.000000    -0.00005     0.00000    0.000000000   -0.000000241   -0.000000409  256.253466  76941.7456
1962.00   15.0000    0.0000   15.0000  276.2530  276.2530  0.000000       0.00000       0.00000         230741.0236    0.000000    -0.00005     0.00000    0.000000000   -0.000000241   -0.000000409  256.208729  76818.7400
1974.00   15.0000    0.0000   15.0000  276.3310  276.3310  0.000000       0.00000       0.00000         230675.8923    0.000000    -0.00005     0.00000    0.000000000   -0.000000241   -0.000000408  256.163959  76695.9095
1986.00   15.0000    0.0000   15.0000  276.4090  276.4090  0.000000       0.00000       0.00000         230610.7978    0.000000    -0.00005     0.00000    0.000000000   -0.000000241   -0.000000408  256.119157  76573.2541
1998.00   15.0000    0.0000   15.0000  276.4870  276.4870  0.000000       0.00000       0.00000         230545.7399    0.000000    -0.00005     0.00000    0.000000000   -0.000000241   -0.000000408  256.074321  76450.7734
2010.00   15.0000    0.0000   15.0000  276.5650  276.5650  0.000000       0.00000       0.00000         230480.7188    0.000000    -0.00005     0.00000    0.000000000   -0.000000241   -0.000000407  256.029452  76328.4672
2022.00   15.0000    0.0000   15.0000  276.6430  276.6430  0.000000       0.00000       0.00000         230415.7344    0.000000    -0.00005     0.00000    0.000000000   -0.000000241   -0.000000407  255.984550  76206.3353
2034.00   15.0000    0.0000   15.0000  276.7210  276.7210  0.000000       0.00000       0.00000         230350.7865    0.000000    -0.00005     0.00000    0.000000000   -0.000000241   -0.000000406  255.939615  76084.3774
2046.00   15.0000    0.0000   15.0000  276.7990  276.7990  0.000000       0.00000       0.00000         230285.8753    0.000000    -0.00005     0.00000    0.000000000   -0.000000241   -0.000000406  255.894647  75962.5933
2058.00   15.0000    0.0000   15.0000  276.8770  276.8770  0.000000       0.00000       0.00000         230221.0007    0.000000    -0.00005     0.00000    0.000000000   -0.000000240   -0.000000405  255.849646  75840.9828
2070.00   15.0000    0.0000   15.0000  276.9550  276.9550  0.000000       0.00000       0.00000         230156.1626    0.000000    -0.00005     0.00000    0.000000000   -0.000000240   -0.000000405  255.804612  75719.5457
2082.00   15.0000    0.0000   15.0000  277.0330  277.0330  0.000000       0.00000       0.00000         230091.3610    0.000000    -0.00005     0.00000    0.000000000   -0.000000240   -0.000000404  255.759545  75598.2816
2094.00   15.0000    0.0000   15.0000  277.1110  277.1110  0.000000       0.00000       0.00000         230026.5958    0.000000    -0.00005     0.00000    0.000000000   -0.000000240   -0.000000404  255.714445  75477.1905
2106.00   15.0000    0.0000   15.0000  277.1890  277.1890  0.000000       0.00000       0.00000         229961.8672    0.000000    -0.00005     0.00000    0.000000000   -0.000000240   -0.000000403  255.669313  75356.2719
2118.00   15.0000    0.0000   15.0000  277.2670  277.2670  0.000000       0.00000       0.00000         229897.1749    0.000000    -0.00005     0.00000    0.000000000   -0.000000240   -0.000000403  255.624147  75235.5258
2130.00   15.0000    0.0000   15.0000  277.3450  277.3450  0.000000       0.00000       0.00000         229832.5191    0.000000    -0.00005     0.00000    0.000000000   -0.000000240   -0.000000403  255.578948  75114.9519
2142.00   15.0000    0.0000   15.0000  277.4230  277.4230  0.000000       0.00000       0.00000         229767.8996    0.000000    -0.00005     0.00000    0.000000000   -0.000000240   -0.000000402  255.533716  74994.5499
2154.00   15.0000    0.0000   15.0000  277.5010  277.5010  0.000000       0.00000       0.00000         229703.3164    0.000000    -0.00005     0.00000    0.000000000   -0.000000240   -0.000000402  255.488452  74874.3197
2166.00   15.0000    0.0000   15.0000  277.5790  277.5790  0.000000       0.00000       0.00000         229638.7695    0.000000    -0.00005     0.00000    0.000000000   -0.000000240   -0.000000401  255.443154  74754.2609
2178.00   15.0000    0.0000   15.0000  277.6570  277.6570  0.000000       0.00000       0.00000         229574.2589    0.000000    -0.00005     0.00000    0.000000000   -0.000000240   -0.000000401  255.397824  74634.3734
2190.00   15.0000    0.0000   15.0000  277.7350  277.7350  0.000000       0.00000       0.00000         229509.7845    0.000000    -0.00005     0.00000    0.000000000   -0.000000239   -0.000000400  255.352461  74514.6570
2202.00   15.0000    0.0000   15.0000  277.8130  277.8130  0.000000       0.00000       0.00000         229445.3463    0.000000    -0.00005     0.00000    0.000000000   -0.000000239   -0.000000400  255.307065  74395.1113
2214.00   15.0000    0.0000   15.0000  277.8910  277.8910  0.000000       0.00000       0.00000         229380.9443    0.000000    -0.00005     0.00000    0.000000000   -0.000000239   -0.000000399  255.261636  74275.7362
2226.00   15.0000    0.0000   15.0000  277.9690  277.9690  0.000000       0.00000       0.00000         229316.5785    0.000000    -0.00005     0.00000    0.000000000   -0.000000239   -0.000000399  255.216174  74156.5315
2238.00   15.0000    0.0000   15.0000  278.0470  278.0470  0.000000       0.00000       0.00000         229252.2487    0.000000    -0.00005     0.00000    0.000000000   -0.000000239   -0.000000398  255.170679  74037.4968
2250.00   15.0000    0.0000   15.0000  278.1250  278.1250  0.000000       0.00000       0.00000         229187.9551    0.000000    -0.00005     0.00000    0.000000000   -0.000000239   -0.000000398  255.125151  73918.6321
2262.00   15.0000    0.0000   15.0000  278.2030  278.2030  0.000000       0.00000       0.00000         229123.6974    0.000000    -0.00006     0.00000    0.000000000   -0.000000239   -0.000000397  255.079591  73799.9370
2274.00   15.0000    0.0000   15.0000  278.2810  278.2810  0.000000       0.00000       0.00000         229059.4759    0.000000    -0.00006     0.00000    0.000000000   -0.000000239   -0.000000397  255.033998  73681.4114
2286.00   15.0000    0.0000   15.0000  278.3590  278.3590  0.000000       0.00000       0.00000         228995.2903    0.000000    -0.00006     0.00000    0.000000000   -0.000000239   -0.000000396  254.988371  73563.0550
2298.00   15.0000    0.0000   15.0000  278.4370  278.4370  0.000000       0.00000       0.00000         228931.1406    0.000000    -0.00006     0.00000    0.000000000   -0.000000238   -0.000000396  254.942713  73444.8676
2310.00   15.0000    0.0000   15.0000  278.5150  278.5150  0.000000       0.00000       0.00000         228867.0269    0.000000    -0.00006     0.00000    0.000000000   -0.000000238   -0.000000395  254.897021  73326.8489
2322.00   15.0000    0.0000   15.0000  278.5930  278.5930  0.000000       0.00000       0.00000         228802.9491    0.000000    -0.00006     0.00000    0.000000000   -0.000000238   -0.000000395  254.851296  73208.9987
2334.00   15.0000    0.0000   15.0000  278.6710  278.6710  0.000000       0.00000       0.00000         228738.9072    0.000000    -0.00006     0.00000    0.000000000   -0.000000238   -0.000000394  254.805539  73091.3169
2346.00   15.0000    0.0000   15.0000  278.7490  278.7490  0.000000       0.00000       0.00000         228674.9011    0.000000    -0.00006     0.00000    0.000000000   -0.000000238   -0.000000394  254.759749  72973.8031
2358.00   15.0000    0.0000   15.0000  278.8270  278.8270  0.000000       0.00000       0.00000         228610.9308    0.000000    -0.00006     0.00000    0.000000000   -0.000000238   -0.000000393  254.713926  72856.4572
2370.00   15.0000    0.0000   15.0000  278.9050  278.9050  0.000000       0.00000       0.00000         228546.9963    0.000000    -0.00006     0.00000    0.000000000   -0.000000238   -0.000000393  254.668071  72739.2789
2382.00   15.0000    0.0000   15.0000  278.9830  278.9830  0.000000       0.00000       0.00000              0.0000    0.000000    -0.00006     0.00000    0.000000000    0.000000000    0.000000000  254.622182  72622.2680
2394.00   15.0000    0.0000   15.0000  279.0610  279.0610  0.000000       0.00000       0.00000              0.0000    0.000000     0.00000     0.00000    0.000000000    0.000000000    0.000000000  254.576261  72505.4243
