   0.00    0.0000    0.0000    0.0000  241.2408  241.2408  0.000000       0.00000       0.00000              0.0000    0.000000     0.00000     0.00000    0.000000000    0.000000000    0.000000000    0.000000      0.0000
   6.00    7.7730    3.5132    8.5301  242.7998  242.7998  0.000000       0.72163       0.72163              0.0000    0.000000     0.00000     0.00000   -0.000012153    0.000000000    0.000000000  242.712041  99873.4791
  18.00    8.8123    3.9030    9.6380  242.9150  242.9150  0.000000       2.21638       2.21638              0.0569    0.000000    -0.00000     0.00000   -0.000024649    0.000000000    0.000000000  242.680727  99662.7781
  30.00    9.4785    4.1077   10.3303  242.9912  242.9912  0.000000       2.12520       2.12520              0.0821    0.000000    -0.00000     0.00000   -0.000029425   -0.000000061   -0.000000099  242.639829  99494.5457
  42.00   10.0895    4.2558   10.9503  243.0637  243.0637  0.000000       2.32923       2.32923              0.0964    0.000000    -0.00000     0.00000   -0.000031886   -0.000000071   -0.000000109  242.595060  99326.5676
  54.00   10.6396    4.3545   11.4962  243.1315  243.1315  0.000000       2.29538       2.29538              0.1113    0.000000    -0.00000     0.00000   -0.000033809   -0.000000078   -0.000000115  242.545615  99158.8407
  66.00   11.1598    4.4151   12.0014  243.1984  243.1984  0.000000       2.24578       2.24578              0.1244    0.000000    -0.00000     0.00000   -0.000035486   -0.000000079   -0.000000116  242.495240  98991.3625
  78.00   11.6560    4.4415   12.4736  243.2653  243.2653  0.000000       2.14090       2.14090              0.1373    0.000000    -0.00000     0.00000   -0.000037047   -0.000000077   -0.000000114  242.444859  98824.1324
  90.00   12.1349    4.4362   12.9204  243.3334  243.3334  0.000000       2.01424       2.01424              0.1499    0.000000    -0.00000     0.00000   -0.000038588   -0.000000073   -0.000000111  242.395602  98657.1506
 102.00   12.5991    4.4000   13.3453  243.4034  243.4034  0.000000       1.86875       1.86875              0.1626    0.000000    -0.00000     0.00000   -0.000040147   -0.000000068   -0.000000105  242.348214  98490.4178
 114.00   13.0502    4.3334   13.7508  243.4760  243.4760  0.000000       1.71319       1.71319              0.1757    0.000000    -0.00000     0.00000   -0.000041747   -0.000000061   -0.000000098  242.303435  98323.9351
 126.00   13.4886    4.2359   14.1381  243.5520  243.5520  0.000000       1.55160       1.55160              0.1893    0.000000    -0.00000     0.00000   -0.000043426   -0.000000052   -0.000000090  242.261979  98157.7042
 138.00   13.9139    4.1072   14.5075  243.6322  243.6322  0.000000       1.38775       1.38775              0.2039    0.000000    -0.00000     0.00000   -0.000045219   -0.000000041   -0.000000079  242.224624  97991.7274
 150.00   14.3252    3.9464   14.8589  243.7175  243.7175  0.000000       1.22422       1.22422              0.2197    0.000000    -0.00000     0.00000   -0.000047171   -0.000000028   -0.000000067  242.192265  97826.0075
 162.00   14.7206    3.7523   15.1913  243.8089  243.8089  0.000000       1.06303       1.06303              0.2371    0.000000    -0.00000     0.00000   -0.000049337   -0.000000012   -0.000000051  242.165988  97660.5478
 174.00   15.0976    3.5237   15.5033  243.9079  243.9079  0.000000       0.90587       0.90587              0.2567    0.000000    -0.00001     0.00000   -0.000051764    0.000000008   -0.000000032  242.147177  97495.3525
 186.00   15.4529    3.2588   15.7927  244.0163  244.0163  0.000000       0.75362       0.75362              0.2794    0.000000    -0.00001     0.00000   -0.000054557    0.000000033   -0.000000008  242.137718  97330.4271
 198.00   15.7818    2.9558   16.0562  244.1369  244.1369  0.000000       0.60841       0.60841              0.3065    0.000000    -0.00001     0.00000   -0.000057624    0.000000067    0.000000024  242.140257  97165.7783
 210.00   16.0784    2.6112   16.2890  244.2740  244.2740  0.000000       0.46826       0.46826              0.3407    0.000000    -0.00001     0.00000   -0.000061410    0.000000114    0.000000069  242.159146  97001.4154
 222.00   16.3324    2.2221   16.4829  244.4344  244.4344  0.000000       0.34187       0.34187              0.3852    0.000000    -0.00001     0.00000   -0.000066118    0.000000189    0.000000141  242.201049  96837.3510
 234.00   16.5299    1.7767   16.6251  244.6342  244.6342  0.000000       0.21343       0.21343              0.4556    0.000000    -0.00002     0.00000   -0.000072714    0.000000315    0.000000260  242.281832  96673.6055
 246.00   16.6305    1.2785   16.6796  244.8982  244.8982  0.000000       0.12745       0.12745              0.5563    0.000000    -0.00002     0.00000   -0.000088246    0.000000656    0.000000583  242.426114  96510.2127
 258.00   16.5169    0.6475   16.5296  245.3725  245.3725  0.000000       0.00866       0.00866              1.3562    0.000000     0.00000     0.00000   -0.000064389    0.000007768    0.000006118  242.778404  96347.2628
 270.00   15.2156   -0.0527   15.2157  250.2344  250.2344  0.000000       0.00081       0.00081              2.4198    0.000000    -0.00018     0.00000   -0.000153800    0.000011397    0.000012114  247.470840  96186.2447
 282.00   15.0017   -0.0017   15.0017  252.3634  252.3634  0.000000       0.00000       0.00000             65.7571    0.000000    -0.00012     0.00000   -0.000005972    0.000006944    0.000006849  249.458638  96027.6675
 294.00   15.0000   -0.0000   15.0000  253.7077  253.7077  0.000000       0.00000       0.00000         309915.4950    0.000000    -0.00008     0.00000   -0.000000000    0.000004703    0.000004565  250.669999  95870.3655
 306.00   15.0000   -0.0000   15.0000  254.5527  254.5527  0.000000       0.00000       0.00000        2502695.5498    0.000000    -0.00007     0.00000    0.000000000    0.000003454    0.000003279  251.387593  95713.9248
 318.00   15.0000   -0.0000   15.0000  255.2668  255.2668  0.000000       0.00000       0.00000        2108385.6796    0.000000    -0.00006     0.00000    0.000000000    0.000002979    0.000002811  251.975571  95558.1442
 330.00   15.0000   -0.0000   15.0000  255.8699  255.8699  0.000000       0.00000       0.00000        1802570.1013    0.000000    -0.00005     0.00000    0.000000000    0.000002578    0.000002413  252.453604  95402.9457
 342.00   15.0000   -0.0000   15.0000  256.3956  256.3956  0.000000       0.00000       0.00000        1594950.0087    0.000000    -0.00005     0.00000    0.000000000    0.000002298    0.000002136  252.855097  95248.2688
 354.00   15.0000    0.0000   15.0000  256.8707  256.8707  0.000000       0.00000       0.00000        1437332.2546    0.000000    -0.00005     0.00000    0.000000000    0.000002078    0.000001918  253.206415  95094.0723
 366.00   15.0000    0.0000   15.0000  257.2992  257.2992  0.000000       0.00000       0.00000        1315071.3187    0.000000    -0.00005     0.00000    0.000000000    0.000001903    0.000001744  253.511606  94940.3247
 378.00   15.0000    0.0000   15.0000  257.6988  257.6988  0.000000       0.00000       0.00000        1212444.4504    0.000000    -0.00004     0.00000    0.000000000    0.000001749    0.000001592  253.788140  94787.0016
 390.00   15.0000    0.0000   15.0000  258.0638  258.0638  0.000000       0.00000       0.00000        1132225.0355    0.000000    -0.00004     0.00000    0.000000000    0.000001629    0.000001471  254.030480  94634.0823
 402.00   15.0000    0.0000   15.0000  258.4138  258.4138  0.000000       0.00000       0.00000        1063302.3783    0.000000    -0.00004     0.00000    0.000000000    0.000001521    0.000001365  254.257856  94481.5508
 414.00   15.0000    0.0000   15.0000  258.7363  258.7363  0.000000       0.00000       0.00000        1003839.8133    0.000000    -0.00004     0.00000    0.000000000    0.000001427    0.000001270  254.457942  94329.3930
 426.00   15.0000    0.0000   15.0000  259.0495  259.0495  0.000000       0.00000       0.00000         952419.5911    0.000000    -0.00004     0.00000    0.000000000    0.000001343    0.000001187  254.648805  94177.5968
 438.00   15.0000    0.0000   15.0000  259.3401  259.3401  0.000000       0.00000       0.00000         903355.5914    0.000000    -0.00004     0.00000    0.000000000    0.000001260    0.000001103  254.817317  94026.1517
 450.00   15.0000    0.0000   15.0000  259.6228  259.6228  0.000000       0.00000       0.00000         865298.0137    0.000000    -0.00004     0.00000    0.000000000    0.000001196    0.000001039  254.977972  93875.0477
 462.00   15.0000    0.0000   15.0000  259.8899  259.8899  0.000000       0.00000       0.00000         826969.7116    0.000000    -0.00004     0.00000    0.000000000    0.000001128    0.000000972  255.123093  93724.2769
 474.00   15.0000    0.0000   15.0000  260.1488  260.1488  0.000000       0.00000       0.00000         796423.5416    0.000000    -0.00004     0.00000    0.000000000    0.000001074    0.000000918  255.260122  93573.8314
 486.00   15.0000    0.0000   15.0000  260.3970  260.3970  0.000000       0.00000       0.00000         766698.4362    0.000000    -0.00004     0.00000    0.000000000    0.000001021    0.000000864  255.386438  93423.7048
 498.00   15.0000    0.0000   15.0000  260.6374  260.6374  0.000000       0.00000       0.00000         741066.1775    0.000000    -0.00004     0.00000    0.000000000    0.000000974    0.000000817  255.505134  93273.8908
 510.00   15.0000    0.0000   15.0000  260.8697  260.8697  0.000000       0.00000       0.00000         717678.5753    0.000000    -0.00004     0.00000    0.000000000    0.000000931    0.000000773  255.615646  93124.3842
 522.00   15.0000    0.0000   15.0000  261.0956  261.0956  0.000000       0.00000       0.00000         695524.7758    0.000000    -0.00004     0.00000    0.000000000    0.000000889    0.000000731  255.719911  92975.1798
 534.00   15.0000    0.0000   15.0000  261.3141  261.3141  0.000000       0.00000       0.00000         674081.1937    0.000000    -0.00004     0.00000    0.000000000    0.000000847    0.000000689  255.816741  92826.2730
 546.00   15.0000    0.0000   15.0000  261.5267  261.5267  0.000000       0.00000       0.00000         653587.3187    0.000000    -0.00003     0.00000    0.000000000    0.000000806    0.000000648  255.907746  92677.6592
 558.00   15.0000    0.0000   15.0000  261.7324  261.7324  0.000000       0.00000       0.00000         635803.8339    0.000000    -0.00003     0.00000    0.000000000    0.000000771    0.000000612  255.991891  92529.3341
 570.00   15.0000    0.0000   15.0000  261.9340  261.9340  0.000000       0.00000       0.00000         617955.8193    0.000000    -0.00003     0.00000    0.000000000    0.000000734    0.000000575  256.071888  92381.2938
 582.00   15.0000    0.0000   15.0000  262.1285  262.1285  0.000000       0.00000       0.00000         601637.8597    0.000000    -0.00003     0.00000    0.000000000    0.000000700    0.000000541  256.144973  92233.5345
 594.00   15.0000    0.0000   15.0000  262.3199  262.3199  0.000000       0.00000       0.00000         586446.1069    0.000000    -0.00003     0.00000    0.000000000    0.000000669    0.000000509  256.214851  92086.0526
 606.00   15.0000    0.0000   15.0000  262.5050  262.5050  0.000000       0.00000       0.00000         571354.0901    0.000000    -0.00003     0.00000    0.000000000    0.000000636    0.000000476  256.278514  91938.8449
 618.00   15.0000    0.0000   15.0000  262.6870  262.6870  0.000000       0.00000       0.00000         558375.1061    0.000000    -0.00003     0.00000    0.000000000    0.000000608    0.000000448  256.339017  91791.9081
 630.00   15.0000    0.0000   15.0000  262.8640  262.8640  0.000000       0.00000       0.00000         544962.1679    0.000000    -0.00003     0.00000    0.000000000    0.000000579    0.000000419  256.394622  91645.2394
 642.00   15.0000    0.0000   15.0000  263.0376  263.0376  0.000000       0.00000       0.00000         533538.1639    0.000000    -0.00003     0.00000    0.000000000    0.000000554    0.000000393  256.446784  91498.8357
 654.00   15.0000    0.0000   15.0000  263.2075  263.2075  0.000000       0.00000       0.00000         522530.5010    0.000000    -0.00003     0.00000    0.000000000    0.000000529    0.000000368  256.495290  91352.6946
 666.00   15.0000    0.0000   15.0000  263.3742  263.3742  0.000000       0.00000       0.00000         512709.0020    0.000000    -0.00003     0.00000    0.000000000    0.000000507    0.000000346  256.540605  91206.8136
 678.00   15.0000    0.0000   15.0000  263.5379  263.5379  0.000000       0.00000       0.00000         503478.9602    0.000000    -0.00003     0.00000    0.000000000    0.000000486    0.000000325  256.583002  91061.1904
 690.00   15.0000    0.0000   15.0000  263.6989  263.6989  0.000000       0.00000       0.00000         495125.8014    0.000000    -0.00003     0.00000    0.000000000    0.000000467    0.000000306  256.622575  90915.8229
 702.00   15.0000    0.0000   15.0000  263.8575  263.8575  0.000000       0.00000       0.00000         487876.0319    0.000000    -0.00003     0.00000    0.000000000    0.000000451    0.000000289  256.659774  90770.7091
 714.00   15.0000    0.0000   15.0000  264.0139  264.0139  0.000000       0.00000       0.00000         481913.0644    0.000000    -0.00003     0.00000    0.000000000    0.000000438    0.000000276  256.694838  90625.8474
 726.00   15.0000    0.0000   15.0000  264.1689  264.1689  0.000000       0.00000       0.00000         476899.7533    0.000000    -0.00003     0.00000    0.000000000    0.000000427    0.000000264  256.728333  90481.2362
 738.00   15.0000    0.0000   15.0000  264.3223  264.3223  0.000000       0.00000       0.00000         472028.5445    0.000000    -0.00003     0.00000    0.000000000    0.000000416    0.000000253  256.760287  90336.8740
 750.00   15.0000    0.0000   15.0000  264.4742  264.4742  0.000000       0.00000       0.00000         467613.3878    0.000000    -0.00004     0.00000    0.000000000    0.000000406    0.000000243  256.790758  90192.7598
 762.00   15.0000    0.0000   15.0000  264.6249  264.6249  0.000000       0.00000       0.00000         464552.3799    0.000000    -0.00004     0.00000    0.000000000    0.000000400    0.000000236  256.819972  90048.8921
 774.00   15.0000    0.0000   15.0000  264.7751  264.7751  0.000000       0.00000       0.00000         462312.2035    0.000000    -0.00004     0.00000    0.000000000    0.000000396    0.000000231  256.848553  89905.2701
 786.00   15.0000    0.0000   15.0000  264.9245  264.9245  0.000000       0.00000       0.00000         461211.3304    0.000000    -0.00004     0.00000    0.000000000    0.000000394    0.000000229  256.876391  89761.8928
 798.00   15.0000    0.0000   15.0000  265.0741  265.0741  0.000000       0.00000       0.00000         461285.2854    0.000000    -0.00004     0.00000    0.000000000    0.000000396    0.000000231  256.904311  89618.7598
 810.00   15.0000    0.0000   15.0000  265.2237  265.2237  0.000000       0.00000       0.00000         462743.8781    0.000000    -0.00004     0.00000    0.000000000    0.000000402    0.000000235  256.932227  89475.8705
 822.00   15.0000    0.0000   15.0000  265.3745  265.3745  0.000000       0.00000       0.00000         465215.3075    0.000000    -0.00004     0.00000    0.000000000    0.000000410    0.000000243  256.961096  89333.2248
 834.00   15.0000    0.0000   15.0000  265.5259  265.5259  0.000000       0.00000       0.00000         469096.8803    0.000000    -0.00004     0.00000    0.000000000    0.000000422    0.000000254  256.990599  89190.8226
 846.00   15.0000    0.0000   15.0000  265.6793  265.6793  0.000000       0.00000       0.00000         475462.9619    0.000000    -0.00004     0.00000    0.000000000    0.000000441    0.000000272  257.021942  89048.6643
 858.00   15.0000    0.0000   15.0000  265.8350  265.8350  0.000000       0.00000       0.00000         484259.5506    0.000000    -0.00004     0.00000    0.000000000    0.000000467    0.000000297  257.055486  88906.7504
 870.00   15.0000    0.0000   15.0000  265.9943  265.9943  0.000000       0.00000       0.00000         497485.3569    0.000000    -0.00004     0.00000    0.000000000    0.000000505    0.000000333  257.092402  88765.0821
 882.00   15.0000    0.0000   15.0000  266.1589  266.1589  0.000000       0.00000       0.00000         512124.5237    0.000000    -0.00005     0.00000    0.000000000    0.000000548    0.000000374  257.134310  88623.6613
 894.00   15.0000    0.0000   15.0000  266.3279  266.3279  0.000000       0.00000       0.00000         536574.6944    0.000000    -0.00005     0.00000    0.000000000    0.000000618    0.000000442  257.180490  88482.4898
 906.00   15.0000    0.0000   15.0000  266.5086  266.5086  0.000000       0.00000       0.00000         556354.9439    0.000000    -0.00005     0.00000    0.000000000    0.000000677    0.000000499  257.237844  88341.5717
 918.00   15.0000    0.0000   15.0000  266.6908  266.6908  0.000000       0.00000       0.00000         610208.3192    0.000000    -0.00006     0.00000    0.000000000    0.000000832    0.000000649  257.296553  88200.9096
 930.00   15.0000    0.0000   15.0000  266.9069  266.9069  0.000000       0.00000       0.00000         626270.2483    0.000000    -0.00006     0.00000    0.000000000    0.000000883    0.000000699  257.387891  88060.5124
 942.00   15.0000    0.0000   15.0000  267.0999  267.0999  0.000000       0.00000       0.00000         769808.9049    0.000000    -0.00009     0.00000    0.000000000    0.000001301    0.000001101  257.456867  87920.3823
 954.00   15.0000    0.0000   15.0000  267.4101  267.4101  0.000000       0.00000       0.00000         751313.5062    0.000000    -0.00005     0.00000    0.000000000    0.000001259    0.000001068  257.638720  87780.5433
 966.00   15.0000    0.0000   15.0000  267.5916  267.5916  0.000000       0.00000       0.00000        1147988.4304    0.000000    -0.00017     0.00000    0.000000000    0.000002452    0.000002196  257.696431  87640.9915
 978.00   15.0000    0.0000   15.0000  268.1619  268.1619  0.000000       0.00000       0.00000        1054088.1169    0.000000    -0.00004     0.00000    0.000000000    0.000002191    0.000002003  258.128448  87501.7936
 990.00   15.0000    0.0000   15.0000  268.2834  268.2834  0.000000       0.00000       0.00000        2819291.7875    0.000000    -0.00053     0.00000    0.000000000    0.000007964    0.000007189  258.128236  87362.9332
1002.00   15.0000    0.0000   15.0000  270.0130  270.0130  0.000000       0.00000       0.00000        2735475.4516    0.000000    -0.00002     0.00000    0.000000000    0.000007753    0.000007859  259.674927  87224.7052
1014.00   15.0000    0.0000   15.0000  270.0910  270.0910  0.000000       0.00000       0.00000         236005.2723    0.000000    -0.00002     0.00000    0.000000000   -0.000000243   -0.000000439  259.632830  87087.0971
1026.00   15.0000    0.0000   15.0000  270.1690  270.1690  0.000000       0.00000       0.00000         235937.1356    0.000000    -0.00002     0.00000    0.000000000   -0.000000243   -0.000000439  259.590699  86949.6838
1038.00   15.0000    0.0000   15.0000  270.2470  270.2470  0.000000       0.00000       0.00000         235869.0383    0.000000    -0.00003     0.00000    0.000000000   -0.000000243   -0.000000439  259.548535  86812.4651
1050.00   15.0000    0.0000   15.0000  270.3250  270.3250  0.000000       0.00000       0.00000         235800.9803    0.000000    -0.00003     0.00000    0.000000000   -0.000000243   -0.000000438  259.506336  86675.4407
1062.00   15.0000    0.0000   15.0000  270.4030  270.4030  0.000000       0.00000       0.00000         235732.9615    0.000000    -0.00003     0.00000    0.000000000   -0.000000243   -0.000000438  259.464104  86538.6103
1074.00   15.0000    0.0000   15.0000  270.4810  270.4810  0.000000       0.00000       0.00000         235664.9820    0.000000    -0.00003     0.00000    0.000000000   -0.000000243   -0.000000438  259.421838  86401.9736
1086.00   15.0000    0.0000   15.0000  270.5590  270.5590  0.000000       0.00000       0.00000         235597.0417    0.000000    -0.00003     0.00000    0.000000000   -0.000000243   -0.000000437  259.379538  86265.5305
1098.00   15.0000    0.0000   15.0000  270.6370  270.6370  0.000000       0.00000       0.00000         235529.1405    0.000000    -0.00003     0.00000    0.000000000   -0.000000243   -0.000000437  259.337205  86129.2807
1110.00   15.0000    0.0000   15.0000  270.7150  270.7150  0.000000       0.00000       0.00000         235461.2785    0.000000    -0.00003     0.00000    0.000000000   -0.000000243   -0.000000437  259.294837  85993.2239
1122.00   15.0000    0.0000   15.0000  270.7930  270.7930  0.000000       0.00000       0.00000         235393.4555    0.000000    -0.00003     0.00000    0.000000000   -0.000000243   -0.000000436  259.252436  85857.3598
1134.00   15.0000    0.0000   15.0000  270.8710  270.8710  0.000000       0.00000       0.00000         235325.6716    0.000000    -0.00003     0.00000    0.000000000   -0.000000243   -0.000000436  259.210002  85721.6881
1146.00   15.0000    0.0000   15.0000  270.9490  270.9490  0.000000       0.00000       0.00000         235257.9268    0.000000    -0.00003     0.00000    0.000000000   -0.000000243   -0.000000436  259.167533  85586.2087
1158.00   15.0000    0.0000   15.0000  271.0270  271.0270  0.000000       0.00000       0.00000         235190.2209    0.000000    -0.00003     0.00000    0.000000000   -0.000000243   -0.000000435  259.125031  85450.9213
1170.00   15.0000    0.0000   15.0000  271.1050  271.1050  0.000000       0.00000       0.00000         235122.5540    0.000000    -0.00003     0.00000    0.000000000   -0.000000243   -0.000000435  259.082495  85315.8255
1182.00   15.0000    0.0000   15.0000  271.1830  271.1830  0.000000       0.00000       0.00000         235054.9260    0.000000    -0.00003     0.00000    0.000000000   -0.000000243   -0.000000435  259.039925  85180.9212
1194.00   15.0000    0.0000   15.0000  271.2610  271.2610  0.000000       0.00000       0.00000         234987.3369    0.000000    -0.00003     0.00000    0.000000000   -0.000000243   -0.000000434  258.997322  85046.2081
1206.00   15.0000    0.0000   15.0000  271.3390  271.3390  0.000000       0.00000       0.00000         234919.7867    0.000000    -0.00003     0.00000    0.000000000   -0.000000243   -0.000000434  258.954685  84911.6860
1218.00   15.0000    0.0000   15.0000  271.4170  271.4170  0.000000       0.00000       0.00000         234852.2753    0.000000    -0.00003     0.00000    0.000000000   -0.000000243   -0.000000434  258.912015  84777.3544
1230.00   15.0000    0.0000   15.0000  271.4950  271.4950  0.000000       0.00000       0.00000         234784.8027    0.000000    -0.00003     0.00000    0.000000000   -0.000000243   -0.000000433  258.869310  84643.2134
1242.00   15.0000    0.0000   15.0000  271.5730  271.5730  0.000000       0.00000       0.00000         234717.3688    0.000000    -0.00003     0.00000    0.000000000   -0.000000243   -0.000000433  258.826572  84509.2624
1254.00   15.0000    0.0000   15.0000  271.6510  271.6510  0.000000       0.00000       0.00000         234649.9737    0.000000    -0.00003     0.00000    0.000000000   -0.000000243   -0.000000433  258.783801  84375.5014
1266.00   15.0000    0.0000   15.0000  271.7290  271.7290  0.000000       0.00000       0.00000         234582.6172    0.000000    -0.00003     0.00000    0.000000000   -0.000000243   -0.000000432  258.740996  84241.9300
1278.00   15.0000    0.0000   15.0000  271.8070  271.8070  0.000000       0.00000       0.00000         234515.2995    0.000000    -0.00003     0.00000    0.000000000   -0.000000243   -0.000000432  258.698157  84108.5481
1290.00   15.0000    0.0000   15.0000  271.8850  271.8850  0.000000       0.00000       0.00000         234448.0203    0.000000    -0.00003     0.00000    0.000000000   -0.000000243   -0.000000431  258.655285  83975.3552
1302.00   15.0000    0.0000   15.0000  271.9630  271.9630  0.000000       0.00000       0.00000         234380.7797    0.000000    -0.00003     0.00000    0.000000000   -0.000000243   -0.000000431  258.612379  83842.3513
1314.00   15.0000    0.0000   15.0000  272.0410  272.0410  0.000000       0.00000       0.00000         234313.5777    0.000000    -0.00003     0.00000    0.000000000   -0.000000243   -0.000000431  258.569439  83709.5360
1326.00   15.0000    0.0000   15.0000  272.1190  272.1190  0.000000       0.00000       0.00000         234246.4143    0.000000    -0.00003     0.00000    0.000000000   -0.000000243   -0.000000430  258.526466  83576.9090
1338.00   15.0000    0.0000   15.0000  272.1970  272.1970  0.000000       0.00000       0.00000         234179.2893    0.000000    -0.00003     0.00000    0.000000000   -0.000000243   -0.000000430  258.483459  83444.4702
1350.00   15.0000    0.0000   15.0000  272.2750  272.2750  0.000000       0.00000       0.00000         234112.2027    0.000000    -0.00003     0.00000    0.000000000   -0.000000243   -0.000000430  258.440419  83312.2193
1362.00   15.0000    0.0000   15.0000  272.3530  272.3530  0.000000       0.00000       0.00000         234045.1546    0.000000    -0.00003     0.00000    0.000000000   -0.000000243   -0.000000429  258.397345  83180.1560
1374.00   15.0000    0.0000   15.0000  272.4310  272.4310  0.000000       0.00000       0.00000         233978.1449    0.000000    -0.00003     0.00000    0.000000000   -0.000000243   -0.000000429  258.354238  83048.2800
1386.00   15.0000    0.0000   15.0000  272.5090  272.5090  0.000000       0.00000       0.00000         233911.1736    0.000000    -0.00003     0.00000    0.000000000   -0.000000243   -0.000000429  258.311097  82916.5912
1398.00   15.0000    0.0000   15.0000  272.5870  272.5870  0.000000       0.00000       0.00000         233844.2406    0.000000    -0.00003     0.00000    0.000000000   -0.000000243   -0.000000428  258.267923  82785.0893
1410.00   15.0000    0.0000   15.0000  272.6650  272.6650  0.000000       0.00000       0.00000         233777.3458    0.000000    -0.00003     0.00000    0.000000000   -0.000000243   -0.000000428  258.224715  82653.7739
1422.00   15.0000    0.0000   15.0000  272.7430  272.7430  0.000000       0.00000       0.00000         233710.4894    0.000000    -0.00003     0.00000    0.000000000   -0.000000243   -0.000000427  258.181474  82522.6449
1434.00   15.0000    0.0000   15.0000  272.8210  272.8210  0.000000       0.00000       0.00000         233643.6711    0.000000    -0.00003     0.00000    0.000000000   -0.000000243   -0.000000427  258.138199  82391.7021
1446.00   15.0000    0.0000   15.0000  272.8990  272.8990  0.000000       0.00000       0.00000         233576.8911    0.000000    -0.00004     0.00000    0.000000000   -0.000000243   -0.000000427  258.094891  82260.9451
1458.00   15.0000    0.0000   15.0000  272.9770  272.9770  0.000000       0.00000       0.00000         233510.1492    0.000000    -0.00004     0.00000    0.000000000   -0.000000243   -0.000000426  258.051549  82130.3737
1470.00   15.0000    0.0000   15.0000  273.0550  273.0550  0.000000       0.00000       0.00000         233443.4455    0.000000    -0.00004     0.00000    0.000000000   -0.000000243   -0.000000426  258.008174  81999.9877
1482.00   15.0000    0.0000   15.0000  273.1330  273.1330  0.000000       0.00000       0.00000         233376.7798    0.000000    -0.00004     0.00000    0.000000000   -0.000000243   -0.000000425  257.964765  81869.7868
1494.00   15.0000    0.0000   15.0000  273.2110  273.2110  0.000000       0.00000       0.00000         233310.1522    0.000000    -0.00004     0.00000    0.000000000   -0.000000243   -0.000000425  257.921323  81739.7707
1506.00   15.0000    0.0000   15.0000  273.2890  273.2890  0.000000       0.00000       0.00000         233243.5627    0.000000    -0.00004     0.00000    0.000000000   -0.000000243   -0.000000425  257.877847  81609.9393
1518.00   15.0000    0.0000   15.0000  273.3670  273.3670  0.000000       0.00000       0.00000         233177.0111    0.000000    -0.00004     0.00000    0.000000000   -0.000000243   -0.000000424  257.834338  81480.2922
1530.00   15.0000    0.0000   15.0000  273.4450  273.4450  0.000000       0.00000       0.00000         233110.4975    0.000000    -0.00004     0.00000    0.000000000   -0.000000243   -0.000000424  257.790796  81350.8293
1542.00   15.0000    0.0000   15.0000  273.5230  273.5230  0.000000       0.00000       0.00000         233044.0219    0.000000    -0.00004     0.00000    0.000000000   -0.000000243   -0.000000423  257.747220  81221.5503
1554.00   15.0000    0.0000   15.0000  273.6010  273.6010  0.000000       0.00000       0.00000         232977.5841    0.000000    -0.00004     0.00000    0.000000000   -0.000000243   -0.000000423  257.703611  81092.4549
1566.00   15.0000    0.0000   15.0000  273.6790  273.6790  0.000000       0.00000       0.00000         232911.1843    0.000000    -0.00004     0.00000    0.000000000   -0.000000243   -0.000000423  257.659968  80963.5428
1578.00   15.0000    0.0000   15.0000  273.7570  273.7570  0.000000       0.00000       0.00000         232844.8222    0.000000    -0.00004     0.00000    0.000000000   -0.000000243   -0.000000422  257.616292  80834.8139
1590.00   15.0000    0.0000   15.0000  273.8350  273.8350  0.000000       0.00000       0.00000         232778.4980    0.000000    -0.00004     0.00000    0.000000000   -0.000000243   -0.000000422  257.572583  80706.2679
1602.00   15.0000    0.0000   15.0000  273.9130  273.9130  0.000000       0.00000       0.00000         232712.2115    0.000000    -0.00004     0.00000    0.000000000   -0.000000243   -0.000000421  257.528840  80577.9046
1614.00   15.0000    0.0000   15.0000  273.9910  273.9910  0.000000       0.00000       0.00000         232645.9628    0.000000    -0.00004     0.00000    0.000000000   -0.000000243   -0.000000421  257.485064  80449.7236
1626.00   15.0000    0.0000   15.0000  274.0690  274.0690  0.000000       0.00000       0.00000         232579.7518    0.000000    -0.00004     0.00000    0.000000000   -0.000000243   -0.000000421  257.441255  80321.7248
1638.00   15.0000    0.0000   15.0000  274.1470  274.1470  0.000000       0.00000       0.00000         232513.5785    0.000000    -0.00004     0.00000    0.000000000   -0.000000243   -0.000000420  257.397412  80193.9079
1650.00   15.0000    0.0000   15.0000  274.2250  274.2250  0.000000       0.00000       0.00000         232447.4428    0.000000    -0.00004     0.00000    0.000000000   -0.000000243   -0.000000420  257.353537  80066.2727
1662.00   15.0000    0.0000   15.0000  274.3030  274.3030  0.000000       0.00000       0.00000         232381.3447    0.000000    -0.00004     0.00000    0.000000000   -0.000000243   -0.000000419  257.309627  79938.8189
1674.00   15.0000    0.0000   15.0000  274.3810  274.3810  0.000000       0.00000       0.00000         232315.2842    0.000000    -0.00004     0.00000    0.000000000   -0.000000243   -0.000000419  257.265685  79811.5463
1686.00   15.0000    0.0000   15.0000  274.4590  274.4590  0.000000       0.00000       0.00000         232249.2613    0.000000    -0.00004     0.00000    0.000000000   -0.000000242   -0.000000419  257.221709  79684.4546
1698.00   15.0000    0.0000   15.0000  274.5370  274.5370  0.000000       0.00000       0.00000         232183.2758    0.000000    -0.00004     0.00000    0.000000000   -0.000000242   -0.000000418  257.177700  79557.5436
1710.00   15.0000    0.0000   15.0000  274.6150  274.6150  0.000000       0.00000       0.00000         232117.3279    0.000000    -0.00004     0.00000    0.000000000   -0.000000242   -0.000000418  257.133657  79430.8131
1722.00   15.0000    0.0000   15.0000  274.6930  274.6930  0.000000       0.00000       0.00000         232051.4174    0.000000    -0.00004     0.00000    0.000000000   -0.000000242   -0.000000417  257.089582  79304.2627
1734.00   15.0000    0.0000   15.0000  274.7710  274.7710  0.000000       0.00000       0.00000         231985.5443    0.000000    -0.00004     0.00000    0.000000000   -0.000000242   -0.000000417  257.045473  79177.8924
1746.00   15.0000    0.0000   15.0000  274.8490  274.8490  0.000000       0.00000       0.00000         231919.7086    0.000000    -0.00004     0.00000    0.000000000   -0.000000242   -0.000000417  257.001331  79051.7017
1758.00   15.0000    0.0000   15.0000  274.9270  274.9270  0.000000       0.00000       0.00000         231853.9103    0.000000    -0.00004     0.00000    0.000000000   -0.000000242   -0.000000416  256.957155  78925.6906
1770.00   15.0000    0.0000   15.0000  275.0050  275.0050  0.000000       0.00000       0.00000         231788.1493    0.000000    -0.00004     0.00000    0.000000000   -0.000000242   -0.000000416  256.912947  78799.8587
1782.00   15.0000    0.0000   15.0000  275.0830  275.0830  0.000000       0.00000       0.00000         231722.4256    0.000000    -0.00004     0.00000    0.000000000   -0.000000242   -0.000000415  256.868705  78674.2058
1794.00   15.0000    0.0000   15.0000  275.1610  275.1610  0.000000       0.00000       0.00000         231656.7391    0.000000    -0.00004     0.00000    0.000000000   -0.000000242   -0.000000415  256.824430  78548.7316
1806.00   15.0000    0.0000   15.0000  275.2390  275.2390  0.000000       0.00000       0.00000         231591.0899    0.000000    -0.00004     0.00000    0.000000000   -0.000000242   -0.000000414  256.780122  78423.4360
1818.00   15.0000    0.0000   15.0000  275.3170  275.3170  0.000000       0.00000       0.00000         231525.4779    0.000000    -0.00004     0.00000    0.000000000   -0.000000242   -0.000000414  256.735780  78298.3187
1830.00   15.0000    0.0000   15.0000  275.3950  275.3950  0.000000       0.00000       0.00000         231459.9030    0.000000    -0.00004     0.00000    0.000000000   -0.000000242   -0.000000414  256.691406  78173.3794
1842.00   15.0000    0.0000   15.0000  275.4730  275.4730  0.000000       0.00000       0.00000         231394.3653    0.000000    -0.00004     0.00000    0.000000000   -0.000000242   -0.000000413  256.646998  78048.6179
1854.00   15.0000    0.0000   15.0000  275.5510  275.5510  0.000000       0.00000       0.00000         231328.8647    0.000000    -0.00005     0.00000    0.000000000   -0.000000242   -0.000000413  256.602557  77924.0340
1866.00   15.0000    0.0000   15.0000  275.6290  275.6290  0.000000       0.00000       0.00000         231263.4012    0.000000    -0.00005     0.00000    0.000000000   -0.000000242   -0.000000412  256.558083  77799.6275
1878.00   15.0000    0.0000   15.0000  275.7070  275.7070  0.000000       0.00000       0.00000         231197.9747    0.000000    -0.00005     0.00000    0.000000000   -0.000000242   -0.000000412  256.513576  77675.3980
1890.00   15.0000    0.0000   15.0000  275.7850  275.7850  0.000000       0.00000       0.00000         231132.5852    0.000000    -0.00005     0.00000    0.000000000   -0.000000242   -0.000000411  256.469036  77551.3453
1902.00   15.0000    0.0000   15.0000  275.8630  275.8630  0.000000       0.00000       0.00000         231067.2326    0.000000    -0.00005     0.00000    0.000000000   -0.000000241   -0.000000411  256.424462  77427.4693
1914.00   15.0000    0.0000   15.0000  275.9410  275.9410  0.000000       0.00000       0.00000         231001.9171    0.000000    -0.00005     0.00000    0.000000000   -0.000000241   -0.000000411  256.379856  77303.7697
1926.00   15.0000    0.0000   15.0000  276.0190  276.0190  0.000000       0.00000       0.00000         230936.6384    0.000000    -0.00005     0.00000    0.000000000   -0.000000241   -0.000000410  256.335216  77180.2462
1938.00   15.0000    0.0000   15.0000  276.0970  276.0970  0.000000       0.00000       0.00000         230871.3966    0.000000    -0.00005     0.00000    0.000000000   -0.000000241   -0.000000410  256.290543  77056.8986
1950.00   15.0000    0.0000   15.0000  276.1750  276.1750  0.000000       0.00000       0.00000         230806.1917    0.000000    -0.00005     0.00000    0.000000000   -0.000000241   -0.000000409  256.245838  76933.7267
1962.00   15.0000    0.0000   15.0000  276.2530  276.2530  0.000000       0.00000       0.00000         230741.0236    0.000000    -0.00005     0.00000    0.000000000   -0.000000241   -0.000000409  256.201099  76810.7303
1974.00   15.0000    0.0000   15.0000  276.3310  276.3310  0.000000       0.00000       0.00000         230675.8923    0.000000    -0.00005     0.00000    0.000000000   -0.000000241   -0.000000408  256.156327  76687.9090
1986.00   15.0000    0.0000   15.0000  276.4090  276.4090  0.000000       0.00000       0.00000         230610.7978    0.000000    -0.00005     0.00000    0.000000000   -0.000000241   -0.000000408  256.111522  76565.2627
1998.00   15.0000    0.0000   15.0000  276.4870  276.4870  0.000000       0.00000       0.00000         230545.7399    0.000000    -0.00005     0.00000    0.000000000   -0.000000241   -0.000000407  256.066684  76442.7911
2010.00   15.0000    0.0000   15.0000  276.5650  276.5650  0.000000       0.00000       0.00000         230480.7188    0.000000    -0.00005     0.00000    0.000000000   -0.000000241   -0.000000407  256.021813  76320.4941
2022.00   15.0000    0.0000   15.0000  276.6430  276.6430  0.000000       0.00000       0.00000         230415.7344    0.000000    -0.00005     0.00000    0.000000000   -0.000000241   -0.000000406  255.976909  76198.3713
2034.00   15.0000    0.0000   15.0000  276.7210  276.7210  0.000000       0.00000       0.00000         230350.7865    0.000000    -0.00005     0.00000    0.000000000   -0.000000241   -0.000000406  255.931972  76076.4225
2046.00   15.0000    0.0000   15.0000  276.7990  276.7990  0.000000       0.00000       0.00000         230285.8753    0.000000    -0.00005     0.00000    0.000000000   -0.000000240   -0.000000406  255.887001  75954.6475
2058.00   15.0000    0.0000   15.0000  276.8770  276.8770  0.000000       0.00000       0.00000         230221.0007    0.000000    -0.00005     0.00000    0.000000000   -0.000000240   -0.000000405  255.841998  75833.0461
2070.00   15.0000    0.0000   15.0000  276.9550  276.9550  0.000000       0.00000       0.00000         230156.1626    0.000000    -0.00005     0.00000    0.000000000   -0.000000240   -0.000000405  255.796962  75711.6180
2082.00   15.0000    0.0000   15.0000  277.0330  277.0330  0.000000       0.00000       0.00000         230091.3610    0.000000    -0.00005     0.00000    0.000000000   -0.000000240   -0.000000404  255.751893  75590.3631
2094.00   15.0000    0.0000   15.0000  277.1110  277.1110  0.000000       0.00000       0.00000         230026.5958    0.000000    -0.00005     0.00000    0.000000000   -0.000000240   -0.000000404  255.706791  75469.2810
2106.00   15.0000    0.0000   15.0000  277.1890  277.1890  0.000000       0.00000       0.00000         229961.8672    0.000000    -0.00005     0.00000    0.000000000   -0.000000240   -0.000000403  255.661656  75348.3715
2118.00   15.0000    0.0000   15.0000  277.2670  277.2670  0.000000       0.00000       0.00000         229897.1749    0.000000    -0.00005     0.00000    0.000000000   -0.000000240   -0.000000403  255.616488  75227.6344
2130.00   15.0000    0.0000   15.0000  277.3450  277.3450  0.000000       0.00000       0.00000         229832.5191    0.000000    -0.00005     0.00000    0.000000000   -0.000000240   -0.000000402  255.571287  75107.0695
2142.00   15.0000    0.0000   15.0000  277.4230  277.4230  0.000000       0.00000       0.00000         229767.8996    0.000000    -0.00005     0.00000    0.000000000   -0.000000240   -0.000000402  255.526054  74986.6766
2154.00   15.0000    0.0000   15.0000  277.5010  277.5010  0.000000       0.00000       0.00000         229703.3164    0.000000    -0.00005     0.00000    0.000000000   -0.000000240   -0.000000401  255.480787  74866.4553
2166.00   15.0000    0.0000   15.0000  277.5790  277.5790  0.000000       0.00000       0.00000         229638.7695    0.000000    -0.00005     0.00000    0.000000000   -0.000000240   -0.000000401  255.435487  74746.4056
2178.00   15.0000    0.0000   15.0000  277.6570  277.6570  0.000000       0.00000       0.00000         229574.2589    0.000000    -0.00005     0.00000    0.000000000   -0.000000239   -0.000000400  255.390155  74626.5271
2190.00   15.0000    0.0000   15.0000  277.7350  277.7350  0.000000       0.00000       0.00000         229509.7845    0.000000    -0.00005     0.00000    0.000000000   -0.000000239   -0.000000400  255.344789  74506.8196
2202.00   15.0000    0.0000   15.0000  277.8130  277.8130  0.000000       0.00000       0.00000         229445.3463    0.000000    -0.00005     0.00000    0.000000000   -0.000000239   -0.000000400  255.299391  74387.2829
2214.00   15.0000    0.0000   15.0000  277.8910  277.8910  0.000000       0.00000       0.00000         229380.9443    0.000000    -0.00005     0.00000    0.000000000   -0.000000239   -0.000000399  255.253960  74267.9168
2226.00   15.0000    0.0000   15.0000  277.9690  277.9690  0.000000       0.00000       0.00000         229316.5785    0.000000    -0.00005     0.00000    0.000000000   -0.000000239   -0.000000399  255.208496  74148.7211
2238.00   15.0000    0.0000   15.0000  278.0470  278.0470  0.000000       0.00000       0.00000         229252.2487    0.000000    -0.00005     0.00000    0.000000000   -0.000000239   -0.000000398  255.162999  74029.6954
2250.00   15.0000    0.0000   15.0000  278.1250  278.1250  0.000000       0.00000       0.00000         229187.9551    0.000000    -0.00005     0.00000    0.000000000   -0.000000239   -0.000000398  255.117469  73910.8396
2262.00   15.0000    0.0000   15.0000  278.2030  278.2030  0.000000       0.00000       0.00000         229123.6974    0.000000    -0.00006     0.00000    0.000000000   -0.000000239   -0.000000397  255.071907  73792.1535
2274.00   15.0000    0.0000   15.0000  278.2810  278.2810  0.000000       0.00000       0.00000         229059.4759    0.000000    -0.00006     0.00000    0.000000000   -0.000000239   -0.000000397  255.026311  73673.6368
2286.00   15.0000    0.0000   15.0000  278.3590  278.3590  0.000000       0.00000       0.00000         228995.2903    0.000000    -0.00006     0.00000    0.000000000   -0.000000238   -0.000000396  254.980683  73555.2893
2298.00   15.0000    0.0000   15.0000  278.4370  278.4370  0.000000       0.00000       0.00000         228931.1406    0.000000    -0.00006     0.00000    0.000000000   -0.000000238   -0.000000396  254.935022  73437.1108
2310.00   15.0000    0.0000   15.0000  278.5150  278.5150  0.000000       0.00000       0.00000         228867.0269    0.000000    -0.00006     0.00000    0.000000000   -0.000000238   -0.000000395  254.889328  73319.1010
2322.00   15.0000    0.0000   15.0000  278.5930  278.5930  0.000000       0.00000       0.00000         228802.9491    0.000000    -0.00006     0.00000    0.000000000   -0.000000238   -0.000000395  254.843601  73201.2597
2334.00   15.0000    0.0000   15.0000  278.6710  278.6710  0.000000       0.00000       0.00000         228738.9072    0.000000    -0.00006     0.00000    0.000000000   -0.000000238   -0.000000394  254.797842  73083.5868
2346.00   15.0000    0.0000   15.0000  278.7490  278.7490  0.000000       0.00000       0.00000         228674.9011    0.000000    -0.00006     0.00000    0.000000000   -0.000000238   -0.000000394  254.752050  72966.0819
2358.00   15.0000    0.0000   15.0000  278.8270  278.8270  0.000000       0.00000       0.00000         228610.9308    0.000000    -0.00006     0.00000    0.000000000   -0.000000238   -0.000000393  254.706225  72848.7448
2370.00   15.0000    0.0000   15.0000  278.9050  278.9050  0.000000       0.00000       0.00000         228546.9963    0.000000    -0.00006     0.00000    0.000000000   -0.000000238   -0.000000393  254.660367  72731.5754
2382.00   15.0000    0.0000   15.0000  278.9830  278.9830  0.000000       0.00000       0.00000              0.0000    0.000000    -0.00006     0.00000    0.000000000    0.000000000    0.000000000  254.614476  72614.5734
2394.00   15.0000    0.0000   15.0000  279.0610  279.0610  0.000000       0.00000       0.00000              0.0000    0.000000     0.00000     0.00000    0.000000000    0.000000000    0.000000000  254.568553  72497.7385
