   0.00    0.0000    0.0000    0.0000  245.1789  245.1789  0.000000       0.00000       0.00000              0.0000    0.000000     0.00000     0.00000    0.000000000    0.000000000    0.000000000    0.000000      0.0000
   6.00    7.3914    3.5802    8.2128  247.1643  247.1643  0.000000       0.64775       0.64775              0.0000    0.000000     0.00000     0.00000   -0.000040276    0.000000000    0.000000000  247.076550  99875.7113
  18.00    8.5081    4.0210    9.4104  247.3548  247.3548  0.000000       1.79987       1.79987              0.0781    0.000000    -0.00000     0.00000   -0.000044937    0.000000000    0.000000000  247.120591  99668.7499
  30.00    9.2551    4.2566   10.1870  247.4868  247.4868  0.000000       1.63648       1.63648              0.1094    0.000000    -0.00000     0.00000   -0.000054348    0.000000110    0.000000045  247.135320  99503.5464
  42.00    9.9592    4.4247   10.8979  247.6158  247.6158  0.000000       1.75765       1.75765              0.1268    0.000000    -0.00000     0.00000   -0.000058165    0.000000094    0.000000029  247.147012  99338.6256
  54.00   10.6011    4.5297   11.5283  247.7384  247.7384  0.000000       1.67784       1.67784              0.1455    0.000000    -0.00000     0.00000   -0.000061061    0.000000083    0.000000018  247.152224  99173.9837
  66.00   11.2152    4.5839   12.1158  247.8614  247.8614  0.000000       1.60313       1.60313              0.1619    0.000000    -0.00000     0.00000   -0.000063606    0.000000087    0.000000022  247.157790  99009.6183
  78.00   11.8045    4.5906   12.6657  247.9860  247.9860  0.000000       1.48807       1.48807              0.1784    0.000000    -0.00000     0.00000   -0.000065984    0.000000096    0.000000031  247.164916  98845.5295
  90.00   12.3750    4.5512   13.1854  248.1144  248.1144  0.000000       1.36396       1.36396              0.1946    0.000000    -0.00000     0.00000   -0.000068333    0.000000112    0.000000046  247.175755  98681.7187
 102.00   12.9275    4.4662   13.6772  248.2479  248.2479  0.000000       1.23047       1.23047              0.2114    0.000000    -0.00000     0.00000   -0.000070743    0.000000134    0.000000066  247.191674  98518.1881
 114.00   13.4618    4.3348   14.1425  248.3881  248.3881  0.000000       1.09491       1.09491              0.2289    0.000000    -0.00001     0.00000   -0.000073279    0.000000160    0.000000092  247.214191  98354.9412
 126.00   13.9757    4.1561   14.5806  248.5366  248.5366  0.000000       0.95985       0.95985              0.2476    0.000000    -0.00001     0.00000   -0.000076016    0.000000193    0.000000124  247.244800  98191.9823
 138.00   14.4660    3.9288   14.9901  248.6949  248.6949  0.000000       0.82798       0.82798              0.2679    0.000000    -0.00001     0.00000   -0.000079021    0.000000234    0.000000162  247.285202  98029.3167
 150.00   14.9277    3.6515   15.3678  248.8652  248.8652  0.000000       0.70117       0.70117              0.2904    0.000000    -0.00001     0.00000   -0.000082388    0.000000282    0.000000209  247.337363  97866.9510
 162.00   15.3544    3.3231   15.7099  249.0499  249.0499  0.000000       0.58021       0.58021              0.3159    0.000000    -0.00001     0.00000   -0.000086184    0.000000343    0.000000267  247.403757  97704.8930
 174.00   15.7375    2.9431   16.0103  249.2521  249.2521  0.000000       0.46717       0.46717              0.3455    0.000000    -0.00001     0.00000   -0.000090590    0.000000419    0.000000340  247.487503  97543.1524
 186.00   16.0665    2.5111   16.2615  249.4767  249.4767  0.000000       0.35961       0.35961              0.3820    0.000000    -0.00001     0.00000   -0.000095872    0.000000517    0.000000434  247.593390  97381.7413
 198.00   16.3256    2.0301   16.4513  249.7297  249.7297  0.000000       0.26537       0.26537              0.4272    0.000000    -0.00002     0.00000   -0.000102305    0.000000661    0.000000571  247.727299  97220.6753
 210.00   16.4962    1.4965   16.5640  250.0269  250.0269  0.000000       0.16738       0.16738              0.4971    0.000000    -0.00002     0.00000   -0.000111228    0.000000859    0.000000761  247.905007  97059.9766
 222.00   16.5368    0.9424   16.5636  250.3780  250.3780  0.000000       0.10780       0.10780              0.5821    0.000000    -0.00002     0.00000   -0.000130538    0.000001315    0.000001194  248.135926  96899.6756
 234.00   16.3385    0.3219   16.3417  250.8966  250.8966  0.000000       0.00596       0.00596              1.4332    0.000000     0.00000     0.00000   -0.000112886    0.000010364    0.000008581  248.532711  96739.8413
 246.00   15.1151   -0.0639   15.1152  255.0130  255.0130  0.000000       0.00048       0.00048              2.6103    0.000000    -0.00009     0.00000   -0.000089921    0.000012839    0.000013788  252.492257  96581.6463
 258.00   15.0004   -0.0008   15.0004  256.2557  256.2557  0.000000       0.00000       0.00000            114.2412    0.000000    -0.00007     0.00000   -0.000002060    0.000005839    0.000005646  253.605216  96425.3014
 270.00   15.0000   -0.0000   15.0000  257.1684  257.1684  0.000000       0.00000       0.00000        1059241.9708    0.000000    -0.00005     0.00000   -0.000000000    0.000004156    0.000003982  254.391164  96269.7931
 282.00   15.0000   -0.0000   15.0000  257.7635  257.7635  0.000000       0.00000       0.00000        1732902.0563    0.000000    -0.00004     0.00000    0.000000000    0.000002971    0.000002786  254.862584  96114.9188
 294.00   15.0000   -0.0000   15.0000  258.2616  258.2616  0.000000       0.00000       0.00000        1483360.9819    0.000000    -0.00004     0.00000    0.000000000    0.000002532    0.000002349  255.237867  95960.5503
 306.00   15.0000   -0.0000   15.0000  258.7010  258.7010  0.000000       0.00000       0.00000        1316640.1034    0.000000    -0.00004     0.00000    0.000000000    0.000002232    0.000002052  255.554993  95806.6385
 318.00   15.0000   -0.0000   15.0000  259.0952  259.0952  0.000000       0.00000       0.00000        1199598.4153    0.000000    -0.00004     0.00000    0.000000000    0.000002021    0.000001841  255.827153  95653.1505
 330.00   15.0000    0.0000   15.0000  259.4617  259.4617  0.000000       0.00000       0.00000        1119982.2024    0.000000    -0.00004     0.00000    0.000000000    0.000001879    0.000001700  256.071873  95500.0630
 342.00   15.0000    0.0000   15.0000  259.8063  259.8063  0.000000       0.00000       0.00000        1059939.6613    0.000000    -0.00003     0.00000    0.000000000    0.000001775    0.000001595  256.294855  95347.3600
 354.00   15.0000    0.0000   15.0000  260.1356  260.1356  0.000000       0.00000       0.00000        1007205.4645    0.000000    -0.00003     0.00000    0.000000000    0.000001680    0.000001501  256.502524  95195.0290
 366.00   15.0000    0.0000   15.0000  260.4476  260.4476  0.000000       0.00000       0.00000         962296.7504    0.000000    -0.00003     0.00000    0.000000000    0.000001599    0.000001419  256.692941  95043.0593
 378.00   15.0000    0.0000   15.0000  260.7490  260.7490  0.000000       0.00000       0.00000         910891.8218    0.000000    -0.00003     0.00000    0.000000000    0.000001496    0.000001317  256.872866  94891.4416
 390.00   15.0000    0.0000   15.0000  261.0288  261.0288  0.000000       0.00000       0.00000         875797.3854    0.000000    -0.00003     0.00000    0.000000000    0.000001430    0.000001249  257.031394  94740.1653
 402.00   15.0000    0.0000   15.0000  261.3085  261.3085  0.000000       0.00000       0.00000         825893.0458    0.000000    -0.00003     0.00000    0.000000000    0.000001321    0.000001142  257.189591  94589.2232
 414.00   15.0000    0.0000   15.0000  261.5570  261.5570  0.000000       0.00000       0.00000         782402.2112    0.000000    -0.00003     0.00000    0.000000000    0.000001226    0.000001045  257.317053  94438.6052
 426.00   15.0000    0.0000   15.0000  261.8093  261.8093  0.000000       0.00000       0.00000         756679.7905    0.000000    -0.00003     0.00000    0.000000000    0.000001172    0.000000992  257.448112  94288.3024
 438.00   15.0000    0.0000   15.0000  262.0418  262.0418  0.000000       0.00000       0.00000         722147.5783    0.000000    -0.00003     0.00000    0.000000000    0.000001094    0.000000913  257.559625  94138.3095
 450.00   15.0000    0.0000   15.0000  262.2724  262.2724  0.000000       0.00000       0.00000         702638.5425    0.000000    -0.00003     0.00000    0.000000000    0.000001052    0.000000872  257.669119  93988.6194
 462.00   15.0000    0.0000   15.0000  262.4928  262.4928  0.000000       0.00000       0.00000         678080.7800    0.000000    -0.00003     0.00000    0.000000000    0.000000996    0.000000815  257.768525  93839.2279
 474.00   15.0000    0.0000   15.0000  262.7080  262.7080  0.000000       0.00000       0.00000         659910.7703    0.000000    -0.00003     0.00000    0.000000000    0.000000956    0.000000774  257.862697  93690.1298
 486.00   15.0000    0.0000   15.0000  262.9171  262.9171  0.000000       0.00000       0.00000         642410.3639    0.000000    -0.00003     0.00000    0.000000000    0.000000916    0.000000734  257.950792  93541.3211
 498.00   15.0000    0.0000   15.0000  263.1214  263.1214  0.000000       0.00000       0.00000         626712.7994    0.000000    -0.00003     0.00000    0.000000000    0.000000880    0.000000697  258.034058  93392.7980
 510.00   15.0000    0.0000   15.0000  263.3207  263.3207  0.000000       0.00000       0.00000         612303.0753    0.000000    -0.00003     0.00000    0.000000000    0.000000847    0.000000664  258.112371  93244.5572
 522.00   15.0000    0.0000   15.0000  263.5160  263.5160  0.000000       0.00000       0.00000         598819.7035    0.000000    -0.00003     0.00000    0.000000000    0.000000816    0.000000632  258.186655  93096.5954
 534.00   15.0000    0.0000   15.0000  263.7069  263.7069  0.000000       0.00000       0.00000         585687.7538    0.000000    -0.00003     0.00000    0.000000000    0.000000784    0.000000600  258.256560  92948.9096
 546.00   15.0000    0.0000   15.0000  263.8940  263.8940  0.000000       0.00000       0.00000         570978.8693    0.000000    -0.00003     0.00000    0.000000000    0.000000748    0.000000563  258.322647  92801.4969
 558.00   15.0000    0.0000   15.0000  264.0756  264.0756  0.000000       0.00000       0.00000         557639.3649    0.000000    -0.00003     0.00000    0.000000000    0.000000714    0.000000529  258.383347  92654.3540
 570.00   15.0000    0.0000   15.0000  264.2544  264.2544  0.000000       0.00000       0.00000         540246.0210    0.000000    -0.00003     0.00000    0.000000000    0.000000668    0.000000483  258.441083  92507.4781
 582.00   15.0000    0.0000   15.0000  264.4250  264.4250  0.000000       0.00000       0.00000         524472.1273    0.000000    -0.00003     0.00000    0.000000000    0.000000627    0.000000441  258.490862  92360.8655
 594.00   15.0000    0.0000   15.0000  264.5938  264.5938  0.000000       0.00000       0.00000         506291.9111    0.000000    -0.00003     0.00000    0.000000000    0.000000577    0.000000391  258.538683  92214.5129
 606.00   15.0000    0.0000   15.0000  264.7529  264.7529  0.000000       0.00000       0.00000         484026.7627    0.000000    -0.00003     0.00000    0.000000000    0.000000514    0.000000329  258.577023  92068.4165
 618.00   15.0000    0.0000   15.0000  264.9074  264.9074  0.000000       0.00000       0.00000         468263.4663    0.000000    -0.00003     0.00000    0.000000000    0.000000470    0.000000285  258.610801  91922.5719
 630.00   15.0000    0.0000   15.0000  265.0565  265.0565  0.000000       0.00000       0.00000         451774.7760    0.000000    -0.00003     0.00000    0.000000000    0.000000423    0.000000238  258.639204  91776.9758
 642.00   15.0000    0.0000   15.0000  265.2004  265.2004  0.000000       0.00000       0.00000         438008.7933    0.000000    -0.00003     0.00000    0.000000000    0.000000383    0.000000199  258.662577  91631.6248
 654.00   15.0000    0.0000   15.0000  265.3407  265.3407  0.000000       0.00000       0.00000         426765.0717    0.000000    -0.00003     0.00000    0.000000000    0.000000351    0.000000166  258.682291  91486.5162
 666.00   15.0000    0.0000   15.0000  265.4776  265.4776  0.000000       0.00000       0.00000         417015.2589    0.000000    -0.00003     0.00000    0.000000000    0.000000323    0.000000138  258.698567  91341.6474
 678.00   15.0000    0.0000   15.0000  265.6117  265.6117  0.000000       0.00000       0.00000         408713.2492    0.000000    -0.00003     0.00000    0.000000000    0.000000299    0.000000114  258.712125  91197.0163
 690.00   15.0000    0.0000   15.0000  265.7432  265.7432  0.000000       0.00000       0.00000         401378.8614    0.000000    -0.00003     0.00000    0.000000000    0.000000278    0.000000093  258.723159  91052.6211
 702.00   15.0000    0.0000   15.0000  265.8727  265.8727  0.000000       0.00000       0.00000         395065.9610    0.000000    -0.00003     0.00000    0.000000000    0.000000259    0.000000075  258.732084  90908.4601
 714.00   15.0000    0.0000   15.0000  266.0003  266.0003  0.000000       0.00000       0.00000         389595.8599    0.000000    -0.00003     0.00000    0.000000000    0.000000243    0.000000059  258.739129  90764.5318
 726.00   15.0000    0.0000   15.0000  266.1263  266.1263  0.000000       0.00000       0.00000         384850.7168    0.000000    -0.00003     0.00000    0.000000000    0.000000229    0.000000045  258.744597  90620.8348
 738.00   15.0000    0.0000   15.0000  266.2510  266.2510  0.000000       0.00000       0.00000         380620.4478    0.000000    -0.00003     0.00000    0.000000000    0.000000217    0.000000032  258.748642  90477.3679
 750.00   15.0000    0.0000   15.0000  266.3744  266.3744  0.000000       0.00000       0.00000         376687.3451    0.000000    -0.00003     0.00000    0.000000000    0.000000205    0.000000020  258.751435  90334.1301
 762.00   15.0000    0.0000   15.0000  266.4965  266.4965  0.000000       0.00000       0.00000         373343.3481    0.000000    -0.00003     0.00000    0.000000000    0.000000196    0.000000011  258.752992  90191.1202
 774.00   15.0000    0.0000   15.0000  266.6179  266.6179  0.000000       0.00000       0.00000         369829.3933    0.000000    -0.00003     0.00000    0.000000000    0.000000185    0.000000000  258.753669  90048.3374
 786.00   15.0000    0.0000   15.0000  266.7378  266.7378  0.000000       0.00000       0.00000         367338.2956    0.000000    -0.00003     0.00000    0.000000000    0.000000178   -0.000000007  258.753002  89905.7806
 798.00   15.0000    0.0000   15.0000  266.8576  266.8576  0.000000       0.00000       0.00000         364815.2482    0.000000    -0.00003     0.00000    0.000000000    0.000000170   -0.000000015  258.752100  89763.4491
 810.00   15.0000    0.0000   15.0000  266.9761  266.9761  0.000000       0.00000       0.00000         362716.3951    0.000000    -0.00003     0.00000    0.000000000    0.000000164   -0.000000021  258.749834  89621.3420
 822.00   15.0000    0.0000   15.0000  267.0946  267.0946  0.000000       0.00000       0.00000         361843.9053    0.000000    -0.00003     0.00000    0.000000000    0.000000162   -0.000000024  258.747602  89479.4586
 834.00   15.0000    0.0000   15.0000  267.2126  267.2126  0.000000       0.00000       0.00000         360905.7901    0.000000    -0.00003     0.00000    0.000000000    0.000000159   -0.000000027  258.744782  89337.7985
 846.00   15.0000    0.0000   15.0000  267.3307  267.3307  0.000000       0.00000       0.00000         360628.1120    0.000000    -0.00003     0.00000    0.000000000    0.000000158   -0.000000028  258.741952  89196.3611
 858.00   15.0000    0.0000   15.0000  267.4486  267.4486  0.000000       0.00000       0.00000         361319.9967    0.000000    -0.00003     0.00000    0.000000000    0.000000161   -0.000000026  258.738954  89055.1461
 870.00   15.0000    0.0000   15.0000  267.5672  267.5672  0.000000       0.00000       0.00000         363594.4830    0.000000    -0.00003     0.00000    0.000000000    0.000000168   -0.000000019  258.736559  88914.1531
 882.00   15.0000    0.0000   15.0000  267.6867  267.6867  0.000000       0.00000       0.00000         367150.4783    0.000000    -0.00003     0.00000    0.000000000    0.000000179   -0.000000008  258.734999  88773.3823
 894.00   15.0000    0.0000   15.0000  267.8077  267.8077  0.000000       0.00000       0.00000         372591.4497    0.000000    -0.00003     0.00000    0.000000000    0.000000196    0.000000008  258.734855  88632.8339
 906.00   15.0000    0.0000   15.0000  267.9309  267.9309  0.000000       0.00000       0.00000         380731.3351    0.000000    -0.00004     0.00000    0.000000000    0.000000222    0.000000033  258.736740  88492.5085
 918.00   15.0000    0.0000   15.0000  268.0573  268.0573  0.000000       0.00000       0.00000         393805.1503    0.000000    -0.00004     0.00000    0.000000000    0.000000263    0.000000073  258.741751  88352.4072
 930.00   15.0000    0.0000   15.0000  268.1892  268.1892  0.000000       0.00000       0.00000         408966.4516    0.000000    -0.00004     0.00000    0.000000000    0.000000311    0.000000120  258.751919  88212.5317
 942.00   15.0000    0.0000   15.0000  268.3258  268.3258  0.000000       0.00000       0.00000         450566.9060    0.000000    -0.00005     0.00000    0.000000000    0.000000442    0.000000247  258.766542  88072.8844
 954.00   15.0000    0.0000   15.0000  268.4851  268.4851  0.000000       0.00000       0.00000         465632.7385    0.000000    -0.00004     0.00000    0.000000000    0.000000491    0.000000295  258.803065  87933.4719
 966.00   15.0000    0.0000   15.0000  268.6317  268.6317  0.000000       0.00000       0.00000         639489.3085    0.000000    -0.00008     0.00000    0.000000000    0.000001045    0.000000833  258.827278  87794.2964
 978.00   15.0000    0.0000   15.0000  268.9055  268.9055  0.000000       0.00000       0.00000         606166.6977    0.000000    -0.00004     0.00000    0.000000000    0.000000943    0.000000740  258.973925  87655.3869
 990.00   15.0000    0.0000   15.0000  269.0306  269.0306  0.000000       0.00000       0.00000        1682056.0866    0.000000    -0.00030     0.00000    0.000000000    0.000004523    0.000004113  258.977308  87516.7375
1002.00   15.0000    0.0000   15.0000  270.0130  270.0130  0.000000       0.00000       0.00000        1604622.5534    0.000000    -0.00002     0.00000    0.000000000    0.000004287    0.000004140  259.805644  87378.5285
1014.00   15.0000    0.0000   15.0000  270.0910  270.0910  0.000000       0.00000       0.00000         236005.2723    0.000000    -0.00002     0.00000    0.000000000   -0.000000244   -0.000000443  259.763585  87240.7471
1026.00   15.0000    0.0000   15.0000  270.1690  270.1690  0.000000       0.00000       0.00000         235937.1356    0.000000    -0.00002     0.00000    0.000000000   -0.000000244   -0.000000442  259.721492  87103.1606
1038.00   15.0000    0.0000   15.0000  270.2470  270.2470  0.000000       0.00000       0.00000         235869.0383    0.000000    -0.00003     0.00000    0.000000000   -0.000000244   -0.000000442  259.679365  86965.7688
1050.00   15.0000    0.0000   15.0000  270.3250  270.3250  0.000000       0.00000       0.00000         235800.9803    0.000000    -0.00003     0.00000    0.000000000   -0.000000244   -0.000000442  259.637204  86828.5715
1062.00   15.0000    0.0000   15.0000  270.4030  270.4030  0.000000       0.00000       0.00000         235732.9615    0.000000    -0.00003     0.00000    0.000000000   -0.000000244   -0.000000441  259.595009  86691.5684
1074.00   15.0000    0.0000   15.0000  270.4810  270.4810  0.000000       0.00000       0.00000         235664.9820    0.000000    -0.00003     0.00000    0.000000000   -0.000000244   -0.000000441  259.552781  86554.7593
1086.00   15.0000    0.0000   15.0000  270.5590  270.5590  0.000000       0.00000       0.00000         235597.0417    0.000000    -0.00003     0.00000    0.000000000   -0.000000244   -0.000000441  259.510519  86418.1439
1098.00   15.0000    0.0000   15.0000  270.6370  270.6370  0.000000       0.00000       0.00000         235529.1405    0.000000    -0.00003     0.00000    0.000000000   -0.000000244   -0.000000440  259.468223  86281.7218
1110.00   15.0000    0.0000   15.0000  270.7150  270.7150  0.000000       0.00000       0.00000         235461.2785    0.000000    -0.00003     0.00000    0.000000000   -0.000000244   -0.000000440  259.425894  86145.4930
1122.00   15.0000    0.0000   15.0000  270.7930  270.7930  0.000000       0.00000       0.00000         235393.4555    0.000000    -0.00003     0.00000    0.000000000   -0.000000244   -0.000000440  259.383531  86009.4570
1134.00   15.0000    0.0000   15.0000  270.8710  270.8710  0.000000       0.00000       0.00000         235325.6716    0.000000    -0.00003     0.00000    0.000000000   -0.000000244   -0.000000439  259.341134  85873.6137
1146.00   15.0000    0.0000   15.0000  270.9490  270.9490  0.000000       0.00000       0.00000         235257.9268    0.000000    -0.00003     0.00000    0.000000000   -0.000000244   -0.000000439  259.298703  85737.9627
1158.00   15.0000    0.0000   15.0000  271.0270  271.0270  0.000000       0.00000       0.00000         235190.2209    0.000000    -0.00003     0.00000    0.000000000   -0.000000244   -0.000000438  259.256238  85602.5039
1170.00   15.0000    0.0000   15.0000  271.1050  271.1050  0.000000       0.00000       0.00000         235122.5540    0.000000    -0.00003     0.00000    0.000000000   -0.000000244   -0.000000438  259.213740  85467.2370
1182.00   15.0000    0.0000   15.0000  271.1830  271.1830  0.000000       0.00000       0.00000         235054.9260    0.000000    -0.00003     0.00000    0.000000000   -0.000000244   -0.000000438  259.171208  85332.1617
1194.00   15.0000    0.0000   15.0000  271.2610  271.2610  0.000000       0.00000       0.00000         234987.3369    0.000000    -0.00003     0.00000    0.000000000   -0.000000244   -0.000000437  259.128643  85197.2777
1206.00   15.0000    0.0000   15.0000  271.3390  271.3390  0.000000       0.00000       0.00000         234919.7867    0.000000    -0.00003     0.00000    0.000000000   -0.000000244   -0.000000437  259.086044  85062.5848
1218.00   15.0000    0.0000   15.0000  271.4170  271.4170  0.000000       0.00000       0.00000         234852.2753    0.000000    -0.00003     0.00000    0.000000000   -0.000000244   -0.000000437  259.043411  84928.0828
1230.00   15.0000    0.0000   15.0000  271.4950  271.4950  0.000000       0.00000       0.00000         234784.8027    0.000000    -0.00003     0.00000    0.000000000   -0.000000244   -0.000000436  259.000744  84793.7713
1242.00   15.0000    0.0000   15.0000  271.5730  271.5730  0.000000       0.00000       0.00000         234717.3688    0.000000    -0.00003     0.00000    0.000000000   -0.000000244   -0.000000436  258.958044  84659.6502
1254.00   15.0000    0.0000   15.0000  271.6510  271.6510  0.000000       0.00000       0.00000         234649.9737    0.000000    -0.00003     0.00000    0.000000000   -0.000000245   -0.000000436  258.915310  84525.7191
1266.00   15.0000    0.0000   15.0000  271.7290  271.7290  0.000000       0.00000       0.00000         234582.6172    0.000000    -0.00003     0.00000    0.000000000   -0.000000245   -0.000000435  258.872543  84391.9779
1278.00   15.0000    0.0000   15.0000  271.8070  271.8070  0.000000       0.00000       0.00000         234515.2995    0.000000    -0.00003     0.00000    0.000000000   -0.000000245   -0.000000435  258.829742  84258.4262
1290.00   15.0000    0.0000   15.0000  271.8850  271.8850  0.000000       0.00000       0.00000         234448.0203    0.000000    -0.00003     0.00000    0.000000000   -0.000000245   -0.000000435  258.786907  84125.0638
1302.00   15.0000    0.0000   15.0000  271.9630  271.9630  0.000000       0.00000       0.00000         234380.7797    0.000000    -0.00003     0.00000    0.000000000   -0.000000245   -0.000000434  258.744039  83991.8905
1314.00   15.0000    0.0000   15.0000  272.0410  272.0410  0.000000       0.00000       0.00000         234313.5777    0.000000    -0.00003     0.00000    0.000000000   -0.000000245   -0.000000434  258.701138  83858.9059
1326.00   15.0000    0.0000   15.0000  272.1190  272.1190  0.000000       0.00000       0.00000         234246.4143    0.000000    -0.00003     0.00000    0.000000000   -0.000000245   -0.000000433  258.658202  83726.1100
1338.00   15.0000    0.0000   15.0000  272.1970  272.1970  0.000000       0.00000       0.00000         234179.2893    0.000000    -0.00003     0.00000    0.000000000   -0.000000245   -0.000000433  258.615233  83593.5023
1350.00   15.0000    0.0000   15.0000  272.2750  272.2750  0.000000       0.00000       0.00000         234112.2027    0.000000    -0.00003     0.00000    0.000000000   -0.000000245   -0.000000433  258.572231  83461.0826
1362.00   15.0000    0.0000   15.0000  272.3530  272.3530  0.000000       0.00000       0.00000         234045.1546    0.000000    -0.00003     0.00000    0.000000000   -0.000000245   -0.000000432  258.529195  83328.8507
1374.00   15.0000    0.0000   15.0000  272.4310  272.4310  0.000000       0.00000       0.00000         233978.1449    0.000000    -0.00003     0.00000    0.000000000   -0.000000245   -0.000000432  258.486125  83196.8064
1386.00   15.0000    0.0000   15.0000  272.5090  272.5090  0.000000       0.00000       0.00000         233911.1736    0.000000    -0.00003     0.00000    0.000000000   -0.000000245   -0.000000432  258.443022  83064.9493
1398.00   15.0000    0.0000   15.0000  272.5870  272.5870  0.000000       0.00000       0.00000         233844.2406    0.000000    -0.00003     0.00000    0.000000000   -0.000000245   -0.000000431  258.399886  82933.2792
1410.00   15.0000    0.0000   15.0000  272.6650  272.6650  0.000000       0.00000       0.00000         233777.3458    0.000000    -0.00003     0.00000    0.000000000   -0.000000245   -0.000000431  258.356716  82801.7960
1422.00   15.0000    0.0000   15.0000  272.7430  272.7430  0.000000       0.00000       0.00000         233710.4894    0.000000    -0.00003     0.00000    0.000000000   -0.000000245   -0.000000430  258.313512  82670.4993
1434.00   15.0000    0.0000   15.0000  272.8210  272.8210  0.000000       0.00000       0.00000         233643.6711    0.000000    -0.00003     0.00000    0.000000000   -0.000000245   -0.000000430  258.270275  82539.3888
1446.00   15.0000    0.0000   15.0000  272.8990  272.8990  0.000000       0.00000       0.00000         233576.8911    0.000000    -0.00004     0.00000    0.000000000   -0.000000245   -0.000000430  258.227004  82408.4644
1458.00   15.0000    0.0000   15.0000  272.9770  272.9770  0.000000       0.00000       0.00000         233510.1492    0.000000    -0.00004     0.00000    0.000000000   -0.000000244   -0.000000429  258.183700  82277.7257
1470.00   15.0000    0.0000   15.0000  273.0550  273.0550  0.000000       0.00000       0.00000         233443.4455    0.000000    -0.00004     0.00000    0.000000000   -0.000000244   -0.000000429  258.140363  82147.1726
1482.00   15.0000    0.0000   15.0000  273.1330  273.1330  0.000000       0.00000       0.00000         233376.7798    0.000000    -0.00004     0.00000    0.000000000   -0.000000244   -0.000000429  258.096992  82016.8047
1494.00   15.0000    0.0000   15.0000  273.2110  273.2110  0.000000       0.00000       0.00000         233310.1522    0.000000    -0.00004     0.00000    0.000000000   -0.000000244   -0.000000428  258.053588  81886.6219
1506.00   15.0000    0.0000   15.0000  273.2890  273.2890  0.000000       0.00000       0.00000         233243.5627    0.000000    -0.00004     0.00000    0.000000000   -0.000000244   -0.000000428  258.010150  81756.6238
1518.00   15.0000    0.0000   15.0000  273.3670  273.3670  0.000000       0.00000       0.00000         233177.0111    0.000000    -0.00004     0.00000    0.000000000   -0.000000244   -0.000000427  257.966679  81626.8103
1530.00   15.0000    0.0000   15.0000  273.4450  273.4450  0.000000       0.00000       0.00000         233110.4975    0.000000    -0.00004     0.00000    0.000000000   -0.000000244   -0.000000427  257.923174  81497.1811
1542.00   15.0000    0.0000   15.0000  273.5230  273.5230  0.000000       0.00000       0.00000         233044.0219    0.000000    -0.00004     0.00000    0.000000000   -0.000000244   -0.000000427  257.879636  81367.7359
1554.00   15.0000    0.0000   15.0000  273.6010  273.6010  0.000000       0.00000       0.00000         232977.5841    0.000000    -0.00004     0.00000    0.000000000   -0.000000244   -0.000000426  257.836064  81238.4745
1566.00   15.0000    0.0000   15.0000  273.6790  273.6790  0.000000       0.00000       0.00000         232911.1843    0.000000    -0.00004     0.00000    0.000000000   -0.000000244   -0.000000426  257.792460  81109.3967
1578.00   15.0000    0.0000   15.0000  273.7570  273.7570  0.000000       0.00000       0.00000         232844.8222    0.000000    -0.00004     0.00000    0.000000000   -0.000000244   -0.000000425  257.748821  80980.5021
1590.00   15.0000    0.0000   15.0000  273.8350  273.8350  0.000000       0.00000       0.00000         232778.4980    0.000000    -0.00004     0.00000    0.000000000   -0.000000244   -0.000000425  257.705150  80851.7906
1602.00   15.0000    0.0000   15.0000  273.9130  273.9130  0.000000       0.00000       0.00000         232712.2115    0.000000    -0.00004     0.00000    0.000000000   -0.000000244   -0.000000425  257.661445  80723.2619
1614.00   15.0000    0.0000   15.0000  273.9910  273.9910  0.000000       0.00000       0.00000         232645.9628    0.000000    -0.00004     0.00000    0.000000000   -0.000000244   -0.000000424  257.617707  80594.9158
1626.00   15.0000    0.0000   15.0000  274.0690  274.0690  0.000000       0.00000       0.00000         232579.7518    0.000000    -0.00004     0.00000    0.000000000   -0.000000244   -0.000000424  257.573935  80466.7519
1638.00   15.0000    0.0000   15.0000  274.1470  274.1470  0.000000       0.00000       0.00000         232513.5785    0.000000    -0.00004     0.00000    0.000000000   -0.000000244   -0.000000423  257.530130  80338.7702
1650.00   15.0000    0.0000   15.0000  274.2250  274.2250  0.000000       0.00000       0.00000         232447.4428    0.000000    -0.00004     0.00000    0.000000000   -0.000000244   -0.000000423  257.486292  80210.9703
1662.00   15.0000    0.0000   15.0000  274.3030  274.3030  0.000000       0.00000       0.00000         232381.3447    0.000000    -0.00004     0.00000    0.000000000   -0.000000244   -0.000000423  257.442421  80083.3519
1674.00   15.0000    0.0000   15.0000  274.3810  274.3810  0.000000       0.00000       0.00000         232315.2842    0.000000    -0.00004     0.00000    0.000000000   -0.000000244   -0.000000422  257.398516  79955.9149
1686.00   15.0000    0.0000   15.0000  274.4590  274.4590  0.000000       0.00000       0.00000         232249.2613    0.000000    -0.00004     0.00000    0.000000000   -0.000000244   -0.000000422  257.354578  79828.6590
1698.00   15.0000    0.0000   15.0000  274.5370  274.5370  0.000000       0.00000       0.00000         232183.2758    0.000000    -0.00004     0.00000    0.000000000   -0.000000244   -0.000000421  257.310606  79701.5840
1710.00   15.0000    0.0000   15.0000  274.6150  274.6150  0.000000       0.00000       0.00000         232117.3279    0.000000    -0.00004     0.00000    0.000000000   -0.000000244   -0.000000421  257.266602  79574.6895
1722.00   15.0000    0.0000   15.0000  274.6930  274.6930  0.000000       0.00000       0.00000         232051.4174    0.000000    -0.00004     0.00000    0.000000000   -0.000000244   -0.000000420  257.222564  79447.9754
1734.00   15.0000    0.0000   15.0000  274.7710  274.7710  0.000000       0.00000       0.00000         231985.5443    0.000000    -0.00004     0.00000    0.000000000   -0.000000244   -0.000000420  257.178493  79321.4415
1746.00   15.0000    0.0000   15.0000  274.8490  274.8490  0.000000       0.00000       0.00000         231919.7086    0.000000    -0.00004     0.00000    0.000000000   -0.000000244   -0.000000420  257.134388  79195.0874
1758.00   15.0000    0.0000   15.0000  274.9270  274.9270  0.000000       0.00000       0.00000         231853.9103    0.000000    -0.00004     0.00000    0.000000000   -0.000000244   -0.000000419  257.090251  79068.9130
1770.00   15.0000    0.0000   15.0000  275.0050  275.0050  0.000000       0.00000       0.00000         231788.1493    0.000000    -0.00004     0.00000    0.000000000   -0.000000244   -0.000000419  257.046080  78942.9180
1782.00   15.0000    0.0000   15.0000  275.0830  275.0830  0.000000       0.00000       0.00000         231722.4256    0.000000    -0.00004     0.00000    0.000000000   -0.000000244   -0.000000418  257.001876  78817.1021
1794.00   15.0000    0.0000   15.0000  275.1610  275.1610  0.000000       0.00000       0.00000         231656.7391    0.000000    -0.00004     0.00000    0.000000000   -0.000000244   -0.000000418  256.957639  78691.4652
1806.00   15.0000    0.0000   15.0000  275.2390  275.2390  0.000000       0.00000       0.00000         231591.0899    0.000000    -0.00004     0.00000    0.000000000   -0.000000243   -0.000000418  256.913368  78566.0069
1818.00   15.0000    0.0000   15.0000  275.3170  275.3170  0.000000       0.00000       0.00000         231525.4779    0.000000    -0.00004     0.00000    0.000000000   -0.000000243   -0.000000417  256.869065  78440.7271
1830.00   15.0000    0.0000   15.0000  275.3950  275.3950  0.000000       0.00000       0.00000         231459.9030    0.000000    -0.00004     0.00000    0.000000000   -0.000000243   -0.000000417  256.824728  78315.6255
1842.00   15.0000    0.0000   15.0000  275.4730  275.4730  0.000000       0.00000       0.00000         231394.3653    0.000000    -0.00004     0.00000    0.000000000   -0.000000243   -0.000000416  256.780358  78190.7018
1854.00   15.0000    0.0000   15.0000  275.5510  275.5510  0.000000       0.00000       0.00000         231328.8647    0.000000    -0.00005     0.00000    0.000000000   -0.000000243   -0.000000416  256.735955  78065.9559
1866.00   15.0000    0.0000   15.0000  275.6290  275.6290  0.000000       0.00000       0.00000         231263.4012    0.000000    -0.00005     0.00000    0.000000000   -0.000000243   -0.000000415  256.691518  77941.3875
1878.00   15.0000    0.0000   15.0000  275.7070  275.7070  0.000000       0.00000       0.00000         231197.9747    0.000000    -0.00005     0.00000    0.000000000   -0.000000243   -0.000000415  256.647049  77816.9963
1890.00   15.0000    0.0000   15.0000  275.7850  275.7850  0.000000       0.00000       0.00000         231132.5852    0.000000    -0.00005     0.00000    0.000000000   -0.000000243   -0.000000414  256.602546  77692.7821
1902.00   15.0000    0.0000   15.0000  275.8630  275.8630  0.000000       0.00000       0.00000         231067.2326    0.000000    -0.00005     0.00000    0.000000000   -0.000000243   -0.000000414  256.558011  77568.7447
1914.00   15.0000    0.0000   15.0000  275.9410  275.9410  0.000000       0.00000       0.00000         231001.9171    0.000000    -0.00005     0.00000    0.000000000   -0.000000243   -0.000000414  256.513442  77444.8839
1926.00   15.0000    0.0000   15.0000  276.0190  276.0190  0.000000       0.00000       0.00000         230936.6384    0.000000    -0.00005     0.00000    0.000000000   -0.000000243   -0.000000413  256.468840  77321.1993
1938.00   15.0000    0.0000   15.0000  276.0970  276.0970  0.000000       0.00000       0.00000         230871.3966    0.000000    -0.00005     0.00000    0.000000000   -0.000000243   -0.000000413  256.424205  77197.6908
1950.00   15.0000    0.0000   15.0000  276.1750  276.1750  0.000000       0.00000       0.00000         230806.1917    0.000000    -0.00005     0.00000    0.000000000   -0.000000243   -0.000000412  256.379537  77074.3581
1962.00   15.0000    0.0000   15.0000  276.2530  276.2530  0.000000       0.00000       0.00000         230741.0236    0.000000    -0.00005     0.00000    0.000000000   -0.000000243   -0.000000412  256.334836  76951.2010
1974.00   15.0000    0.0000   15.0000  276.3310  276.3310  0.000000       0.00000       0.00000         230675.8923    0.000000    -0.00005     0.00000    0.000000000   -0.000000243   -0.000000411  256.290102  76828.2193
1986.00   15.0000    0.0000   15.0000  276.4090  276.4090  0.000000       0.00000       0.00000         230610.7978    0.000000    -0.00005     0.00000    0.000000000   -0.000000242   -0.000000411  256.245335  76705.4127
1998.00   15.0000    0.0000   15.0000  276.4870  276.4870  0.000000       0.00000       0.00000         230545.7399    0.000000    -0.00005     0.00000    0.000000000   -0.000000242   -0.000000410  256.200535  76582.7810
2010.00   15.0000    0.0000   15.0000  276.5650  276.5650  0.000000       0.00000       0.00000         230480.7188    0.000000    -0.00005     0.00000    0.000000000   -0.000000242   -0.000000410  256.155701  76460.3240
2022.00   15.0000    0.0000   15.0000  276.6430  276.6430  0.000000       0.00000       0.00000         230415.7344    0.000000    -0.00005     0.00000    0.000000000   -0.000000242   -0.000000410  256.110835  76338.0413
2034.00   15.0000    0.0000   15.0000  276.7210  276.7210  0.000000       0.00000       0.00000         230350.7865    0.000000    -0.00005     0.00000    0.000000000   -0.000000242   -0.000000409  256.065936  76215.9329
2046.00   15.0000    0.0000   15.0000  276.7990  276.7990  0.000000       0.00000       0.00000         230285.8753    0.000000    -0.00005     0.00000    0.000000000   -0.000000242   -0.000000409  256.021003  76093.9984
2058.00   15.0000    0.0000   15.0000  276.8770  276.8770  0.000000       0.00000       0.00000         230221.0007    0.000000    -0.00005     0.00000    0.000000000   -0.000000242   -0.000000408  255.976038  75972.2376
2070.00   15.0000    0.0000   15.0000  276.9550  276.9550  0.000000       0.00000       0.00000         230156.1626    0.000000    -0.00005     0.00000    0.000000000   -0.000000242   -0.000000408  255.931040  75850.6503
2082.00   15.0000    0.0000   15.0000  277.0330  277.0330  0.000000       0.00000       0.00000         230091.3610    0.000000    -0.00005     0.00000    0.000000000   -0.000000242   -0.000000407  255.886008  75729.2363
2094.00   15.0000    0.0000   15.0000  277.1110  277.1110  0.000000       0.00000       0.00000         230026.5958    0.000000    -0.00005     0.00000    0.000000000   -0.000000242   -0.000000407  255.840944  75607.9953
2106.00   15.0000    0.0000   15.0000  277.1890  277.1890  0.000000       0.00000       0.00000         229961.8672    0.000000    -0.00005     0.00000    0.000000000   -0.000000242   -0.000000406  255.795847  75486.9270
2118.00   15.0000    0.0000   15.0000  277.2670  277.2670  0.000000       0.00000       0.00000         229897.1749    0.000000    -0.00005     0.00000    0.000000000   -0.000000241   -0.000000406  255.750717  75366.0314
2130.00   15.0000    0.0000   15.0000  277.3450  277.3450  0.000000       0.00000       0.00000         229832.5191    0.000000    -0.00005     0.00000    0.000000000   -0.000000241   -0.000000405  255.705554  75245.3080
2142.00   15.0000    0.0000   15.0000  277.4230  277.4230  0.000000       0.00000       0.00000         229767.8996    0.000000    -0.00005     0.00000    0.000000000   -0.000000241   -0.000000405  255.660358  75124.7568
2154.00   15.0000    0.0000   15.0000  277.5010  277.5010  0.000000       0.00000       0.00000         229703.3164    0.000000    -0.00005     0.00000    0.000000000   -0.000000241   -0.000000405  255.615129  75004.3774
2166.00   15.0000    0.0000   15.0000  277.5790  277.5790  0.000000       0.00000       0.00000         229638.7695    0.000000    -0.00005     0.00000    0.000000000   -0.000000241   -0.000000404  255.569867  74884.1697
2178.00   15.0000    0.0000   15.0000  277.6570  277.6570  0.000000       0.00000       0.00000         229574.2589    0.000000    -0.00005     0.00000    0.000000000   -0.000000241   -0.000000404  255.524572  74764.1333
2190.00   15.0000    0.0000   15.0000  277.7350  277.7350  0.000000       0.00000       0.00000         229509.7845    0.000000    -0.00005     0.00000    0.000000000   -0.000000241   -0.000000403  255.479244  74644.2682
2202.00   15.0000    0.0000   15.0000  277.8130  277.8130  0.000000       0.00000       0.00000         229445.3463    0.000000    -0.00005     0.00000    0.000000000   -0.000000241   -0.000000403  255.433884  74524.5740
2214.00   15.0000    0.0000   15.0000  277.8910  277.8910  0.000000       0.00000       0.00000         229380.9443    0.000000    -0.00005     0.00000    0.000000000   -0.000000241   -0.000000402  255.388490  74405.0505
2226.00   15.0000    0.0000   15.0000  277.9690  277.9690  0.000000       0.00000       0.00000         229316.5785    0.000000    -0.00005     0.00000    0.000000000   -0.000000241   -0.000000402  255.343064  74285.6975
2238.00   15.0000    0.0000   15.0000  278.0470  278.0470  0.000000       0.00000       0.00000         229252.2487    0.000000    -0.00005     0.00000    0.000000000   -0.000000240   -0.000000401  255.297605  74166.5148
2250.00   15.0000    0.0000   15.0000  278.1250  278.1250  0.000000       0.00000       0.00000         229187.9551    0.000000    -0.00005     0.00000    0.000000000   -0.000000240   -0.000000401  255.252113  74047.5021
2262.00   15.0000    0.0000   15.0000  278.2030  278.2030  0.000000       0.00000       0.00000         229123.6974    0.000000    -0.00006     0.00000    0.000000000   -0.000000240   -0.000000400  255.206588  73928.6592
2274.00   15.0000    0.0000   15.0000  278.2810  278.2810  0.000000       0.00000       0.00000         229059.4759    0.000000    -0.00006     0.00000    0.000000000   -0.000000240   -0.000000400  255.161030  73809.9859
2286.00   15.0000    0.0000   15.0000  278.3590  278.3590  0.000000       0.00000       0.00000         228995.2903    0.000000    -0.00006     0.00000    0.000000000   -0.000000240   -0.000000399  255.115440  73691.4819
2298.00   15.0000    0.0000   15.0000  278.4370  278.4370  0.000000       0.00000       0.00000         228931.1406    0.000000    -0.00006     0.00000    0.000000000   -0.000000240   -0.000000399  255.069817  73573.1471
2310.00   15.0000    0.0000   15.0000  278.5150  278.5150  0.000000       0.00000       0.00000         228867.0269    0.000000    -0.00006     0.00000    0.000000000   -0.000000240   -0.000000398  255.024160  73454.9811
2322.00   15.0000    0.0000   15.0000  278.5930  278.5930  0.000000       0.00000       0.00000         228802.9491    0.000000    -0.00006     0.00000    0.000000000   -0.000000240   -0.000000398  254.978472  73336.9839
2334.00   15.0000    0.0000   15.0000  278.6710  278.6710  0.000000       0.00000       0.00000         228738.9072    0.000000    -0.00006     0.00000    0.000000000   -0.000000240   -0.000000397  254.932750  73219.1550
2346.00   15.0000    0.0000   15.0000  278.7490  278.7490  0.000000       0.00000       0.00000         228674.9011    0.000000    -0.00006     0.00000    0.000000000   -0.000000239   -0.000000397  254.886995  73101.4944
2358.00   15.0000    0.0000   15.0000  278.8270  278.8270  0.000000       0.00000       0.00000         228610.9308    0.000000    -0.00006     0.00000    0.000000000   -0.000000239   -0.000000396  254.841208  72984.0018
2370.00   15.0000    0.0000   15.0000  278.9050  278.9050  0.000000       0.00000       0.00000         228546.9963    0.000000    -0.00006     0.00000    0.000000000   -0.000000239   -0.000000396  254.795388  72866.6770
2382.00   15.0000    0.0000   15.0000  278.9830  278.9830  0.000000       0.00000       0.00000              0.0000    0.000000    -0.00006     0.00000    0.000000000    0.000000000    0.000000000  254.749535  72749.5197
2394.00   15.0000    0.0000   15.0000  279.0610  279.0610  0.000000       0.00000       0.00000              0.0000    0.000000     0.00000     0.00000    0.000000000    0.000000000    0.000000000  254.703650  72632.5298
