   0.00    0.0000    0.0000    0.0000  239.6939  239.6939  0.000000       0.00000       0.00000              0.0000    0.000000     0.00000     0.00000    0.000000000    0.000000000    0.000000000    0.000000      0.0000
   6.00    7.9370    3.4983    8.6738  241.1056  241.1056  0.000000       0.75176       0.75176              0.0000    0.000000     0.00000     0.00000   -0.000007290    0.000000000    0.000000000  241.017852  99872.5909
  18.00    8.9492    3.8719    9.7509  241.1973  241.1973  0.000000       2.40362       2.40362              0.0485    0.000000    -0.00000     0.00000   -0.000017943    0.000000000    0.000000000  240.963036  99660.4036
  30.00    9.5858    4.0668   10.4128  241.2568  241.2568  0.000000       2.36103       2.36103              0.0711    0.000000    -0.00000     0.00000   -0.000021980   -0.000000087   -0.000000118  240.905468  99490.9711
  42.00   10.1619    4.2087   10.9990  241.3127  241.3127  0.000000       2.60927       2.60927              0.0842    0.000000    -0.00000     0.00000   -0.000024000   -0.000000095   -0.000000126  240.844135  99321.7849
  54.00   10.6774    4.3057   11.5128  241.3646  241.3646  0.000000       2.60399       2.60399              0.0978    0.000000    -0.00000     0.00000   -0.000025533   -0.000000100   -0.000000130  240.778853  99152.8420
  66.00   11.1618    4.3689   11.9864  241.4155  241.4155  0.000000       2.56981       2.56981              0.1097    0.000000    -0.00000     0.00000   -0.000026811   -0.000000101   -0.000000131  240.712522  98984.1405
  78.00   11.6226    4.4024   12.4284  241.4662  241.4662  0.000000       2.47201       2.47201              0.1214    0.000000    -0.00000     0.00000   -0.000027947   -0.000000100   -0.000000130  240.645969  98815.6795
  90.00   12.0663    4.4086   12.8464  241.5176  241.5176  0.000000       2.34471       2.34471              0.1329    0.000000    -0.00000     0.00000   -0.000029012   -0.000000097   -0.000000127  240.580086  98647.4590
 102.00   12.4963    4.3886   13.2445  241.5703  241.5703  0.000000       2.19283       2.19283              0.1445    0.000000    -0.00000     0.00000   -0.000030035   -0.000000094   -0.000000124  240.515494  98479.4793
 114.00   12.9147    4.3430   13.6253  241.6250  241.6250  0.000000       2.02600       2.02600              0.1564    0.000000    -0.00000     0.00000   -0.000031054   -0.000000089   -0.000000119  240.452799  98311.7414
 126.00   13.3226    4.2715   13.9906  241.6822  241.6822  0.000000       1.84929       1.84929              0.1689    0.000000    -0.00000     0.00000   -0.000032069   -0.000000083   -0.000000113  240.392602  98144.2464
 138.00   13.7204    4.1736   14.3412  241.7426  241.7426  0.000000       1.66720       1.66720              0.1822    0.000000    -0.00000     0.00000   -0.000033112   -0.000000076   -0.000000106  240.335568  97976.9960
 150.00   14.1080    4.0484   14.6774  241.8070  241.8070  0.000000       1.48304       1.48304              0.1967    0.000000    -0.00000     0.00000   -0.000034188   -0.000000067   -0.000000097  240.282474  97809.9924
 162.00   14.4846    3.8945   14.9991  241.8763  241.8763  0.000000       1.29951       1.29951              0.2126    0.000000    -0.00000     0.00000   -0.000035317   -0.000000055   -0.000000086  240.234287  97643.2384
 174.00   14.8490    3.7102   15.3055  241.9519  241.9519  0.000000       1.11883       1.11883              0.2306    0.000000    -0.00000     0.00000   -0.000036511   -0.000000041   -0.000000073  240.192262  97476.7374
 186.00   15.1991    3.4932   15.5954  242.0355  242.0355  0.000000       0.94300       0.94300              0.2513    0.000000    -0.00001     0.00000   -0.000037787   -0.000000023   -0.000000055  240.158113  97310.4940
 198.00   15.5321    3.2404   15.8665  242.1295  242.1295  0.000000       0.77366       0.77366              0.2758    0.000000    -0.00001     0.00000   -0.000039160    0.000000001   -0.000000032  240.134304  97144.5141
 210.00   15.8436    2.9475   16.1155  242.2378  242.2378  0.000000       0.61301       0.61301              0.3057    0.000000    -0.00001     0.00000   -0.000040790    0.000000035    0.000000001  240.124573  96978.8057
 222.00   16.1270    2.6085   16.3366  242.3665  242.3665  0.000000       0.46233       0.46233              0.3441    0.000000    -0.00001     0.00000   -0.000042445    0.000000087    0.000000050  240.135031  96813.3803
 234.00   16.3708    2.2146   16.5199  242.5267  242.5267  0.000000       0.32557       0.32557              0.3962    0.000000    -0.00002     0.00000   -0.000044581    0.000000173    0.000000131  240.176569  96648.2549
 246.00   16.5536    1.7507   16.6459  242.7412  242.7412  0.000000       0.20281       0.20281              0.4745    0.000000    -0.00002     0.00000   -0.000047518    0.000000337    0.000000288  240.271845  96483.4580
 258.00   16.6250    1.1991   16.6681  243.0630  243.0630  0.000000       0.10687       0.10687              0.6040    0.000000    -0.00003     0.00000   -0.000052818    0.000000765    0.000000688  240.473187  96319.0435
 270.00   16.4429    0.5279   16.4514  243.6816  243.6816  0.000000       0.02963       0.02963              0.9493    0.000000     0.00000     0.00000   -0.000060380    0.000003028    0.000002666  240.967969  96155.1460
 282.00   15.5398   -0.1095   15.5402  245.9034  245.9034  0.000000       0.00055       0.00055              2.6339    0.000000    -0.00037     0.00000   -0.000224618    0.000008873    0.000007698  243.047638  95992.3937
 294.00   15.0030   -0.0054   15.0030  250.1695  250.1695  0.000000       0.00000       0.00000             17.6351    0.000000    -0.00013     0.00000   -0.000008190    0.000008908    0.000009535  247.145857  95831.9541
 306.00   15.0000   -0.0000   15.0000  251.5889  251.5889  0.000000       0.00000       0.00000          57703.4409    0.000000    -0.00009     0.00000   -0.000000001    0.000004347    0.000004207  248.430726  95673.5317
 318.00   15.0000   -0.0000   15.0000  252.5640  252.5640  0.000000       0.00000       0.00000        2907010.5765    0.000000    -0.00008     0.00000    0.000000000    0.000003430    0.000003264  249.276276  95516.0485
 330.00   15.0000   -0.0000   15.0000  253.3858  253.3858  0.000000       0.00000       0.00000        2410876.5957    0.000000    -0.00007     0.00000    0.000000000    0.000002944    0.000002789  249.970030  95359.3090
 342.00   15.0000   -0.0000   15.0000  254.0591  254.0591  0.000000       0.00000       0.00000        2037551.0197    0.000000    -0.00006     0.00000    0.000000000    0.000002544    0.000002389  250.517000  95203.2145
 354.00   15.0000   -0.0000   15.0000  254.6527  254.6527  0.000000       0.00000       0.00000        1795288.1194    0.000000    -0.00006     0.00000    0.000000000    0.000002277    0.000002127  250.985079  95047.6907
 366.00   15.0000    0.0000   15.0000  255.1779  255.1779  0.000000       0.00000       0.00000        1612812.8701    0.000000    -0.00005     0.00000    0.000000000    0.000002069    0.000001920  251.385572  94892.6893
 378.00   15.0000    0.0000   15.0000  255.6599  255.6599  0.000000       0.00000       0.00000        1468229.6061    0.000000    -0.00005     0.00000    0.000000000    0.000001897    0.000001750  251.743142  94738.1736
 390.00   15.0000    0.0000   15.0000  256.0966  256.0966  0.000000       0.00000       0.00000        1350883.9332    0.000000    -0.00005     0.00000    0.000000000    0.000001752    0.000001606  252.055970  94584.1147
 402.00   15.0000    0.0000   15.0000  256.5065  256.5065  0.000000       0.00000       0.00000        1252270.7794    0.000000    -0.00005     0.00000    0.000000000    0.000001626    0.000001481  252.342273  94430.4889
 414.00   15.0000    0.0000   15.0000  256.8827  256.8827  0.000000       0.00000       0.00000        1170415.1059    0.000000    -0.00005     0.00000    0.000000000    0.000001518    0.000001374  252.595149  94277.2762
 426.00   15.0000    0.0000   15.0000  257.2424  257.2424  0.000000       0.00000       0.00000        1103771.9408    0.000000    -0.00004     0.00000    0.000000000    0.000001430    0.000001286  252.831621  94124.4602
 438.00   15.0000    0.0000   15.0000  257.5776  257.5776  0.000000       0.00000       0.00000        1044758.7124    0.000000    -0.00004     0.00000    0.000000000    0.000001349    0.000001205  253.043940  93972.0270
 450.00   15.0000    0.0000   15.0000  257.9010  257.9010  0.000000       0.00000       0.00000         994819.4321    0.000000    -0.00004     0.00000    0.000000000    0.000001279    0.000001136  253.244437  93819.9648
 462.00   15.0000    0.0000   15.0000  258.2055  258.2055  0.000000       0.00000       0.00000         945928.7597    0.000000    -0.00004     0.00000    0.000000000    0.000001207    0.000001064  253.426319  93668.2631
 474.00   15.0000    0.0000   15.0000  258.4987  258.4987  0.000000       0.00000       0.00000         905133.6781    0.000000    -0.00004     0.00000    0.000000000    0.000001147    0.000001004  253.596934  93516.9119
 486.00   15.0000    0.0000   15.0000  258.7781  258.7781  0.000000       0.00000       0.00000         866990.2114    0.000000    -0.00004     0.00000    0.000000000    0.000001089    0.000000945  253.753893  93365.9028
 498.00   15.0000    0.0000   15.0000  259.0478  259.0478  0.000000       0.00000       0.00000         834135.9963    0.000000    -0.00004     0.00000    0.000000000    0.000001038    0.000000894  253.901167  93215.2277
 510.00   15.0000    0.0000   15.0000  259.3069  259.3069  0.000000       0.00000       0.00000         803833.4906    0.000000    -0.00004     0.00000    0.000000000    0.000000990    0.000000846  254.038023  93064.8800
 522.00   15.0000    0.0000   15.0000  259.5579  259.5579  0.000000       0.00000       0.00000         776368.6274    0.000000    -0.00004     0.00000    0.000000000    0.000000946    0.000000802  254.166737  92914.8531
 534.00   15.0000    0.0000   15.0000  259.8001  259.8001  0.000000       0.00000       0.00000         751523.6253    0.000000    -0.00004     0.00000    0.000000000    0.000000906    0.000000761  254.286762  92765.1413
 546.00   15.0000    0.0000   15.0000  260.0357  260.0357  0.000000       0.00000       0.00000         728914.4130    0.000000    -0.00004     0.00000    0.000000000    0.000000869    0.000000724  254.400242  92615.7392
 558.00   15.0000    0.0000   15.0000  260.2640  260.2640  0.000000       0.00000       0.00000         709586.1738    0.000000    -0.00004     0.00000    0.000000000    0.000000837    0.000000691  254.506400  92466.6422
 570.00   15.0000    0.0000   15.0000  260.4877  260.4877  0.000000       0.00000       0.00000         690915.9708    0.000000    -0.00004     0.00000    0.000000000    0.000000805    0.000000659  254.608030  92317.8458
 582.00   15.0000    0.0000   15.0000  260.7044  260.7044  0.000000       0.00000       0.00000         672188.4917    0.000000    -0.00004     0.00000    0.000000000    0.000000773    0.000000626  254.702731  92169.3461
 594.00   15.0000    0.0000   15.0000  260.9166  260.9166  0.000000       0.00000       0.00000         654325.8950    0.000000    -0.00004     0.00000    0.000000000    0.000000741    0.000000594  254.792846  92021.1390
 606.00   15.0000    0.0000   15.0000  261.1223  261.1223  0.000000       0.00000       0.00000         637764.0157    0.000000    -0.00004     0.00000    0.000000000    0.000000711    0.000000564  254.876558  91873.2207
 618.00   15.0000    0.0000   15.0000  261.3242  261.3242  0.000000       0.00000       0.00000         623362.8398    0.000000    -0.00004     0.00000    0.000000000    0.000000685    0.000000538  254.956476  91725.5875
 630.00   15.0000    0.0000   15.0000  261.5209  261.5209  0.000000       0.00000       0.00000         609399.3732    0.000000    -0.00004     0.00000    0.000000000    0.000000659    0.000000511  255.031327  91578.2362
 642.00   15.0000    0.0000   15.0000  261.7142  261.7142  0.000000       0.00000       0.00000         597317.3470    0.000000    -0.00004     0.00000    0.000000000    0.000000637    0.000000489  255.102644  91431.1638
 654.00   15.0000    0.0000   15.0000  261.9035  261.9035  0.000000       0.00000       0.00000         585803.2779    0.000000    -0.00004     0.00000    0.000000000    0.000000615    0.000000467  255.170058  91284.3674
 666.00   15.0000    0.0000   15.0000  262.0897  262.0897  0.000000       0.00000       0.00000         575746.7609    0.000000    -0.00004     0.00000    0.000000000    0.000000597    0.000000448  255.234283  91137.8445
 678.00   15.0000    0.0000   15.0000  262.2728  262.2728  0.000000       0.00000       0.00000         566523.2967    0.000000    -0.00004     0.00000    0.000000000    0.000000580    0.000000431  255.295507  90991.5927
 690.00   15.0000    0.0000   15.0000  262.4533  262.4533  0.000000       0.00000       0.00000         558479.3635    0.000000    -0.00004     0.00000    0.000000000    0.000000565    0.000000415  255.354056  90845.6098
 702.00   15.0000    0.0000   15.0000  262.6315  262.6315  0.000000       0.00000       0.00000         551307.6141    0.000000    -0.00004     0.00000    0.000000000    0.000000552    0.000000402  255.410334  90699.8939
 714.00   15.0000    0.0000   15.0000  262.8077  262.8077  0.000000       0.00000       0.00000         545264.7719    0.000000    -0.00004     0.00000    0.000000000    0.000000541    0.000000391  255.464476  90554.4431
 726.00   15.0000    0.0000   15.0000  262.9822  262.9822  0.000000       0.00000       0.00000         540603.2081    0.000000    -0.00004     0.00000    0.000000000    0.000000534    0.000000382  255.517050  90409.2559
 738.00   15.0000    0.0000   15.0000  263.1556  263.1556  0.000000       0.00000       0.00000         537291.0291    0.000000    -0.00004     0.00000    0.000000000    0.000000529    0.000000377  255.568347  90264.3309
 750.00   15.0000    0.0000   15.0000  263.3283  263.3283  0.000000       0.00000       0.00000         534910.0531    0.000000    -0.00004     0.00000    0.000000000    0.000000527    0.000000374  255.618917  90119.6670
 762.00   15.0000    0.0000   15.0000  263.5003  263.5003  0.000000       0.00000       0.00000         533604.7649    0.000000    -0.00004     0.00000    0.000000000    0.000000527    0.000000373  255.668791  89975.2633
 774.00   15.0000    0.0000   15.0000  263.6724  263.6724  0.000000       0.00000       0.00000         533479.2869    0.000000    -0.00004     0.00000    0.000000000    0.000000530    0.000000375  255.718609  89831.1191
 786.00   15.0000    0.0000   15.0000  263.8446  263.8446  0.000000       0.00000       0.00000         534983.9248    0.000000    -0.00004     0.00000    0.000000000    0.000000536    0.000000381  255.768470  89687.2339
 798.00   15.0000    0.0000   15.0000  264.0178  264.0178  0.000000       0.00000       0.00000         537036.8985    0.000000    -0.00004     0.00000    0.000000000    0.000000545    0.000000388  255.819294  89543.6073
 810.00   15.0000    0.0000   15.0000  264.1916  264.1916  0.000000       0.00000       0.00000         539544.3020    0.000000    -0.00004     0.00000    0.000000000    0.000000554    0.000000397  255.870508  89400.2393
 822.00   15.0000    0.0000   15.0000  264.3667  264.3667  0.000000       0.00000       0.00000         544381.6352    0.000000    -0.00005     0.00000    0.000000000    0.000000569    0.000000411  255.922969  89257.1299
 834.00   15.0000    0.0000   15.0000  264.5438  264.5438  0.000000       0.00000       0.00000         551995.8921    0.000000    -0.00005     0.00000    0.000000000    0.000000592    0.000000432  255.977281  89114.2793
 846.00   15.0000    0.0000   15.0000  264.7241  264.7241  0.000000       0.00000       0.00000         563014.1276    0.000000    -0.00005     0.00000    0.000000000    0.000000623    0.000000462  256.034585  88971.6884
 858.00   15.0000    0.0000   15.0000  264.9085  264.9085  0.000000       0.00000       0.00000         576248.0940    0.000000    -0.00005     0.00000    0.000000000    0.000000661    0.000000497  256.095878  88829.3586
 870.00   15.0000    0.0000   15.0000  265.0976  265.0976  0.000000       0.00000       0.00000         597427.3339    0.000000    -0.00005     0.00000    0.000000000    0.000000719    0.000000553  256.161561  88687.2917
 882.00   15.0000    0.0000   15.0000  265.2961  265.2961  0.000000       0.00000       0.00000         616068.3467    0.000000    -0.00006     0.00000    0.000000000    0.000000772    0.000000604  256.236223  88545.4908
 894.00   15.0000    0.0000   15.0000  265.4976  265.4976  0.000000       0.00000       0.00000         655441.4589    0.000000    -0.00006     0.00000    0.000000000    0.000000880    0.000000708  256.313706  88403.9586
 906.00   15.0000    0.0000   15.0000  265.7220  265.7220  0.000000       0.00000       0.00000         674347.2429    0.000000    -0.00006     0.00000    0.000000000    0.000000937    0.000000763  256.413179  88262.7013
 918.00   15.0000    0.0000   15.0000  265.9362  265.9362  0.000000       0.00000       0.00000         758198.6908    0.000000    -0.00008     0.00000    0.000000000    0.000001168    0.000000985  256.502693  88121.7217
 930.00   15.0000    0.0000   15.0000  266.2155  266.2155  0.000000       0.00000       0.00000         763573.8650    0.000000    -0.00006     0.00000    0.000000000    0.000001193    0.000001013  256.654934  87981.0336
 942.00   15.0000    0.0000   15.0000  266.4337  266.4337  0.000000       0.00000       0.00000         967366.3154    0.000000    -0.00012     0.00000    0.000000000    0.000001765    0.000001556  256.748134  87840.6371
 954.00   15.0000    0.0000   15.0000  266.8463  266.8463  0.000000       0.00000       0.00000         925050.9545    0.000000    -0.00006     0.00000    0.000000000    0.000001666    0.000001481  257.028546  87700.5665
 966.00   15.0000    0.0000   15.0000  267.0378  267.0378  0.000000       0.00000       0.00000        1421596.3146    0.000000    -0.00022     0.00000    0.000000000    0.000003122    0.000002832  257.095884  87560.8138
 978.00   15.0000    0.0000   15.0000  267.7753  267.7753  0.000000       0.00000       0.00000        1314945.2702    0.000000    -0.00004     0.00000    0.000000000    0.000002843    0.000002673  257.688706  87421.4623
 990.00   15.0000    0.0000   15.0000  267.8995  267.8995  0.000000       0.00000       0.00000        3412980.4249    0.000000    -0.00065     0.00000    0.000000000    0.000009659    0.000008633  257.691100  87282.4935
1002.00   15.0000    0.0000   15.0000  270.0130  270.0130  0.000000       0.00000       0.00000        3316361.8022    0.000000    -0.00002     0.00000    0.000000000    0.000009439    0.000009745  259.606498  87144.2572
1014.00   15.0000    0.0000   15.0000  270.0910  270.0910  0.000000       0.00000       0.00000         236005.2723    0.000000    -0.00002     0.00000    0.000000000   -0.000000242   -0.000000438  259.564382  87006.7398
1026.00   15.0000    0.0000   15.0000  270.1690  270.1690  0.000000       0.00000       0.00000         235937.1356    0.000000    -0.00002     0.00000    0.000000000   -0.000000242   -0.000000437  259.522231  86869.4171
1038.00   15.0000    0.0000   15.0000  270.2470  270.2470  0.000000       0.00000       0.00000         235869.0383    0.000000    -0.00003     0.00000    0.000000000   -0.000000242   -0.000000437  259.480046  86732.2889
1050.00   15.0000    0.0000   15.0000  270.3250  270.3250  0.000000       0.00000       0.00000         235800.9803    0.000000    -0.00003     0.00000    0.000000000   -0.000000242   -0.000000437  259.437828  86595.3549
1062.00   15.0000    0.0000   15.0000  270.4030  270.4030  0.000000       0.00000       0.00000         235732.9615    0.000000    -0.00003     0.00000    0.000000000   -0.000000242   -0.000000436  259.395576  86458.6149
1074.00   15.0000    0.0000   15.0000  270.4810  270.4810  0.000000       0.00000       0.00000         235664.9820    0.000000    -0.00003     0.00000    0.000000000   -0.000000242   -0.000000436  259.353290  86322.0685
1086.00   15.0000    0.0000   15.0000  270.5590  270.5590  0.000000       0.00000       0.00000         235597.0417    0.000000    -0.00003     0.00000    0.000000000   -0.000000242   -0.000000436  259.310971  86185.7156
1098.00   15.0000    0.0000   15.0000  270.6370  270.6370  0.000000       0.00000       0.00000         235529.1405    0.000000    -0.00003     0.00000    0.000000000   -0.000000242   -0.000000435  259.268617  86049.5559
1110.00   15.0000    0.0000   15.0000  270.7150  270.7150  0.000000       0.00000       0.00000         235461.2785    0.000000    -0.00003     0.00000    0.000000000   -0.000000242   -0.000000435  259.226230  85913.5890
1122.00   15.0000    0.0000   15.0000  270.7930  270.7930  0.000000       0.00000       0.00000         235393.4555    0.000000    -0.00003     0.00000    0.000000000   -0.000000242   -0.000000435  259.183810  85777.8148
1134.00   15.0000    0.0000   15.0000  270.8710  270.8710  0.000000       0.00000       0.00000         235325.6716    0.000000    -0.00003     0.00000    0.000000000   -0.000000242   -0.000000434  259.141355  85642.2330
1146.00   15.0000    0.0000   15.0000  270.9490  270.9490  0.000000       0.00000       0.00000         235257.9268    0.000000    -0.00003     0.00000    0.000000000   -0.000000242   -0.000000434  259.098867  85506.8434
1158.00   15.0000    0.0000   15.0000  271.0270  271.0270  0.000000       0.00000       0.00000         235190.2209    0.000000    -0.00003     0.00000    0.000000000   -0.000000242   -0.000000434  259.056345  85371.6456
1170.00   15.0000    0.0000   15.0000  271.1050  271.1050  0.000000       0.00000       0.00000         235122.5540    0.000000    -0.00003     0.00000    0.000000000   -0.000000242   -0.000000433  259.013789  85236.6394
1182.00   15.0000    0.0000   15.0000  271.1830  271.1830  0.000000       0.00000       0.00000         235054.9260    0.000000    -0.00003     0.00000    0.000000000   -0.000000242   -0.000000433  258.971200  85101.8246
1194.00   15.0000    0.0000   15.0000  271.2610  271.2610  0.000000       0.00000       0.00000         234987.3369    0.000000    -0.00003     0.00000    0.000000000   -0.000000242   -0.000000433  258.928577  84967.2009
1206.00   15.0000    0.0000   15.0000  271.3390  271.3390  0.000000       0.00000       0.00000         234919.7867    0.000000    -0.00003     0.00000    0.000000000   -0.000000242   -0.000000432  258.885920  84832.7680
1218.00   15.0000    0.0000   15.0000  271.4170  271.4170  0.000000       0.00000       0.00000         234852.2753    0.000000    -0.00003     0.00000    0.000000000   -0.000000242   -0.000000432  258.843230  84698.5257
1230.00   15.0000    0.0000   15.0000  271.4950  271.4950  0.000000       0.00000       0.00000         234784.8027    0.000000    -0.00003     0.00000    0.000000000   -0.000000242   -0.000000432  258.800506  84564.4737
1242.00   15.0000    0.0000   15.0000  271.5730  271.5730  0.000000       0.00000       0.00000         234717.3688    0.000000    -0.00003     0.00000    0.000000000   -0.000000242   -0.000000431  258.757748  84430.6119
1254.00   15.0000    0.0000   15.0000  271.6510  271.6510  0.000000       0.00000       0.00000         234649.9737    0.000000    -0.00003     0.00000    0.000000000   -0.000000242   -0.000000431  258.714957  84296.9398
1266.00   15.0000    0.0000   15.0000  271.7290  271.7290  0.000000       0.00000       0.00000         234582.6172    0.000000    -0.00003     0.00000    0.000000000   -0.000000242   -0.000000431  258.672132  84163.4573
1278.00   15.0000    0.0000   15.0000  271.8070  271.8070  0.000000       0.00000       0.00000         234515.2995    0.000000    -0.00003     0.00000    0.000000000   -0.000000242   -0.000000430  258.629273  84030.1641
1290.00   15.0000    0.0000   15.0000  271.8850  271.8850  0.000000       0.00000       0.00000         234448.0203    0.000000    -0.00003     0.00000    0.000000000   -0.000000242   -0.000000430  258.586381  83897.0600
1302.00   15.0000    0.0000   15.0000  271.9630  271.9630  0.000000       0.00000       0.00000         234380.7797    0.000000    -0.00003     0.00000    0.000000000   -0.000000242   -0.000000429  258.543455  83764.1447
1314.00   15.0000    0.0000   15.0000  272.0410  272.0410  0.000000       0.00000       0.00000         234313.5777    0.000000    -0.00003     0.00000    0.000000000   -0.000000242   -0.000000429  258.500496  83631.4179
1326.00   15.0000    0.0000   15.0000  272.1190  272.1190  0.000000       0.00000       0.00000         234246.4143    0.000000    -0.00003     0.00000    0.000000000   -0.000000242   -0.000000429  258.457503  83498.8794
1338.00   15.0000    0.0000   15.0000  272.1970  272.1970  0.000000       0.00000       0.00000         234179.2893    0.000000    -0.00003     0.00000    0.000000000   -0.000000242   -0.000000428  258.414477  83366.5290
1350.00   15.0000    0.0000   15.0000  272.2750  272.2750  0.000000       0.00000       0.00000         234112.2027    0.000000    -0.00003     0.00000    0.000000000   -0.000000242   -0.000000428  258.371417  83234.3663
1362.00   15.0000    0.0000   15.0000  272.3530  272.3530  0.000000       0.00000       0.00000         234045.1546    0.000000    -0.00003     0.00000    0.000000000   -0.000000242   -0.000000428  258.328323  83102.3912
1374.00   15.0000    0.0000   15.0000  272.4310  272.4310  0.000000       0.00000       0.00000         233978.1449    0.000000    -0.00003     0.00000    0.000000000   -0.000000242   -0.000000427  258.285196  82970.6034
1386.00   15.0000    0.0000   15.0000  272.5090  272.5090  0.000000       0.00000       0.00000         233911.1736    0.000000    -0.00003     0.00000    0.000000000   -0.000000242   -0.000000427  258.242036  82839.0026
1398.00   15.0000    0.0000   15.0000  272.5870  272.5870  0.000000       0.00000       0.00000         233844.2406    0.000000    -0.00003     0.00000    0.000000000   -0.000000242   -0.000000427  258.198842  82707.5885
1410.00   15.0000    0.0000   15.0000  272.6650  272.6650  0.000000       0.00000       0.00000         233777.3458    0.000000    -0.00003     0.00000    0.000000000   -0.000000242   -0.000000426  258.155614  82576.3610
1422.00   15.0000    0.0000   15.0000  272.7430  272.7430  0.000000       0.00000       0.00000         233710.4894    0.000000    -0.00003     0.00000    0.000000000   -0.000000242   -0.000000426  258.112353  82445.3198
1434.00   15.0000    0.0000   15.0000  272.8210  272.8210  0.000000       0.00000       0.00000         233643.6711    0.000000    -0.00003     0.00000    0.000000000   -0.000000242   -0.000000425  258.069058  82314.4647
1446.00   15.0000    0.0000   15.0000  272.8990  272.8990  0.000000       0.00000       0.00000         233576.8911    0.000000    -0.00004     0.00000    0.000000000   -0.000000242   -0.000000425  258.025730  82183.7952
1458.00   15.0000    0.0000   15.0000  272.9770  272.9770  0.000000       0.00000       0.00000         233510.1492    0.000000    -0.00004     0.00000    0.000000000   -0.000000242   -0.000000425  257.982369  82053.3114
1470.00   15.0000    0.0000   15.0000  273.0550  273.0550  0.000000       0.00000       0.00000         233443.4455    0.000000    -0.00004     0.00000    0.000000000   -0.000000242   -0.000000424  257.938974  81923.0128
1482.00   15.0000    0.0000   15.0000  273.1330  273.1330  0.000000       0.00000       0.00000         233376.7798    0.000000    -0.00004     0.00000    0.000000000   -0.000000242   -0.000000424  257.895545  81792.8992
1494.00   15.0000    0.0000   15.0000  273.2110  273.2110  0.000000       0.00000       0.00000         233310.1522    0.000000    -0.00004     0.00000    0.000000000   -0.000000242   -0.000000423  257.852083  81662.9704
1506.00   15.0000    0.0000   15.0000  273.2890  273.2890  0.000000       0.00000       0.00000         233243.5627    0.000000    -0.00004     0.00000    0.000000000   -0.000000242   -0.000000423  257.808588  81533.2262
1518.00   15.0000    0.0000   15.0000  273.3670  273.3670  0.000000       0.00000       0.00000         233177.0111    0.000000    -0.00004     0.00000    0.000000000   -0.000000242   -0.000000423  257.765059  81403.6662
1530.00   15.0000    0.0000   15.0000  273.4450  273.4450  0.000000       0.00000       0.00000         233110.4975    0.000000    -0.00004     0.00000    0.000000000   -0.000000242   -0.000000422  257.721497  81274.2903
1542.00   15.0000    0.0000   15.0000  273.5230  273.5230  0.000000       0.00000       0.00000         233044.0219    0.000000    -0.00004     0.00000    0.000000000   -0.000000242   -0.000000422  257.677901  81145.0982
1554.00   15.0000    0.0000   15.0000  273.6010  273.6010  0.000000       0.00000       0.00000         232977.5841    0.000000    -0.00004     0.00000    0.000000000   -0.000000242   -0.000000421  257.634273  81016.0896
1566.00   15.0000    0.0000   15.0000  273.6790  273.6790  0.000000       0.00000       0.00000         232911.1843    0.000000    -0.00004     0.00000    0.000000000   -0.000000242   -0.000000421  257.590610  80887.2643
1578.00   15.0000    0.0000   15.0000  273.7570  273.7570  0.000000       0.00000       0.00000         232844.8222    0.000000    -0.00004     0.00000    0.000000000   -0.000000242   -0.000000421  257.546915  80758.6221
1590.00   15.0000    0.0000   15.0000  273.8350  273.8350  0.000000       0.00000       0.00000         232778.4980    0.000000    -0.00004     0.00000    0.000000000   -0.000000242   -0.000000420  257.503185  80630.1627
1602.00   15.0000    0.0000   15.0000  273.9130  273.9130  0.000000       0.00000       0.00000         232712.2115    0.000000    -0.00004     0.00000    0.000000000   -0.000000242   -0.000000420  257.459423  80501.8858
1614.00   15.0000    0.0000   15.0000  273.9910  273.9910  0.000000       0.00000       0.00000         232645.9628    0.000000    -0.00004     0.00000    0.000000000   -0.000000242   -0.000000419  257.415627  80373.7913
1626.00   15.0000    0.0000   15.0000  274.0690  274.0690  0.000000       0.00000       0.00000         232579.7518    0.000000    -0.00004     0.00000    0.000000000   -0.000000242   -0.000000419  257.371798  80245.8788
1638.00   15.0000    0.0000   15.0000  274.1470  274.1470  0.000000       0.00000       0.00000         232513.5785    0.000000    -0.00004     0.00000    0.000000000   -0.000000242   -0.000000419  257.327936  80118.1482
1650.00   15.0000    0.0000   15.0000  274.2250  274.2250  0.000000       0.00000       0.00000         232447.4428    0.000000    -0.00004     0.00000    0.000000000   -0.000000242   -0.000000418  257.284040  79990.5991
1662.00   15.0000    0.0000   15.0000  274.3030  274.3030  0.000000       0.00000       0.00000         232381.3447    0.000000    -0.00004     0.00000    0.000000000   -0.000000242   -0.000000418  257.240111  79863.2314
1674.00   15.0000    0.0000   15.0000  274.3810  274.3810  0.000000       0.00000       0.00000         232315.2842    0.000000    -0.00004     0.00000    0.000000000   -0.000000242   -0.000000417  257.196149  79736.0448
1686.00   15.0000    0.0000   15.0000  274.4590  274.4590  0.000000       0.00000       0.00000         232249.2613    0.000000    -0.00004     0.00000    0.000000000   -0.000000242   -0.000000417  257.152153  79609.0391
1698.00   15.0000    0.0000   15.0000  274.5370  274.5370  0.000000       0.00000       0.00000         232183.2758    0.000000    -0.00004     0.00000    0.000000000   -0.000000242   -0.000000417  257.108124  79482.2139
1710.00   15.0000    0.0000   15.0000  274.6150  274.6150  0.000000       0.00000       0.00000         232117.3279    0.000000    -0.00004     0.00000    0.000000000   -0.000000242   -0.000000416  257.064062  79355.5691
1722.00   15.0000    0.0000   15.0000  274.6930  274.6930  0.000000       0.00000       0.00000         232051.4174    0.000000    -0.00004     0.00000    0.000000000   -0.000000242   -0.000000416  257.019967  79229.1045
1734.00   15.0000    0.0000   15.0000  274.7710  274.7710  0.000000       0.00000       0.00000         231985.5443    0.000000    -0.00004     0.00000    0.000000000   -0.000000242   -0.000000415  256.975838  79102.8197
1746.00   15.0000    0.0000   15.0000  274.8490  274.8490  0.000000       0.00000       0.00000         231919.7086    0.000000    -0.00004     0.00000    0.000000000   -0.000000241   -0.000000415  256.931676  78976.7146
1758.00   15.0000    0.0000   15.0000  274.9270  274.9270  0.000000       0.00000       0.00000         231853.9103    0.000000    -0.00004     0.00000    0.000000000   -0.000000241   -0.000000414  256.887481  78850.7888
1770.00   15.0000    0.0000   15.0000  275.0050  275.0050  0.000000       0.00000       0.00000         231788.1493    0.000000    -0.00004     0.00000    0.000000000   -0.000000241   -0.000000414  256.843252  78725.0423
1782.00   15.0000    0.0000   15.0000  275.0830  275.0830  0.000000       0.00000       0.00000         231722.4256    0.000000    -0.00004     0.00000    0.000000000   -0.000000241   -0.000000414  256.798991  78599.4746
1794.00   15.0000    0.0000   15.0000  275.1610  275.1610  0.000000       0.00000       0.00000         231656.7391    0.000000    -0.00004     0.00000    0.000000000   -0.000000241   -0.000000413  256.754696  78474.0857
1806.00   15.0000    0.0000   15.0000  275.2390  275.2390  0.000000       0.00000       0.00000         231591.0899    0.000000    -0.00004     0.00000    0.000000000   -0.000000241   -0.000000413  256.710368  78348.8751
1818.00   15.0000    0.0000   15.0000  275.3170  275.3170  0.000000       0.00000       0.00000         231525.4779    0.000000    -0.00004     0.00000    0.000000000   -0.000000241   -0.000000412  256.666007  78223.8428
1830.00   15.0000    0.0000   15.0000  275.3950  275.3950  0.000000       0.00000       0.00000         231459.9030    0.000000    -0.00004     0.00000    0.000000000   -0.000000241   -0.000000412  256.621613  78098.9885
1842.00   15.0000    0.0000   15.0000  275.4730  275.4730  0.000000       0.00000       0.00000         231394.3653    0.000000    -0.00004     0.00000    0.000000000   -0.000000241   -0.000000412  256.577185  77974.3118
1854.00   15.0000    0.0000   15.0000  275.5510  275.5510  0.000000       0.00000       0.00000         231328.8647    0.000000    -0.00005     0.00000    0.000000000   -0.000000241   -0.000000411  256.532724  77849.8127
1866.00   15.0000    0.0000   15.0000  275.6290  275.6290  0.000000       0.00000       0.00000         231263.4012    0.000000    -0.00005     0.00000    0.000000000   -0.000000241   -0.000000411  256.488231  77725.4908
1878.00   15.0000    0.0000   15.0000  275.7070  275.7070  0.000000       0.00000       0.00000         231197.9747    0.000000    -0.00005     0.00000    0.000000000   -0.000000241   -0.000000410  256.443704  77601.3459
1890.00   15.0000    0.0000   15.0000  275.7850  275.7850  0.000000       0.00000       0.00000         231132.5852    0.000000    -0.00005     0.00000    0.000000000   -0.000000241   -0.000000410  256.399144  77477.3778
1902.00   15.0000    0.0000   15.0000  275.8630  275.8630  0.000000       0.00000       0.00000         231067.2326    0.000000    -0.00005     0.00000    0.000000000   -0.000000241   -0.000000409  256.354551  77353.5862
1914.00   15.0000    0.0000   15.0000  275.9410  275.9410  0.000000       0.00000       0.00000         231001.9171    0.000000    -0.00005     0.00000    0.000000000   -0.000000241   -0.000000409  256.309924  77229.9709
1926.00   15.0000    0.0000   15.0000  276.0190  276.0190  0.000000       0.00000       0.00000         230936.6384    0.000000    -0.00005     0.00000    0.000000000   -0.000000240   -0.000000408  256.265265  77106.5317
1938.00   15.0000    0.0000   15.0000  276.0970  276.0970  0.000000       0.00000       0.00000         230871.3966    0.000000    -0.00005     0.00000    0.000000000   -0.000000240   -0.000000408  256.220572  76983.2683
1950.00   15.0000    0.0000   15.0000  276.1750  276.1750  0.000000       0.00000       0.00000         230806.1917    0.000000    -0.00005     0.00000    0.000000000   -0.000000240   -0.000000408  256.175847  76860.1805
1962.00   15.0000    0.0000   15.0000  276.2530  276.2530  0.000000       0.00000       0.00000         230741.0236    0.000000    -0.00005     0.00000    0.000000000   -0.000000240   -0.000000407  256.131088  76737.2681
1974.00   15.0000    0.0000   15.0000  276.3310  276.3310  0.000000       0.00000       0.00000         230675.8923    0.000000    -0.00005     0.00000    0.000000000   -0.000000240   -0.000000407  256.086297  76614.5308
1986.00   15.0000    0.0000   15.0000  276.4090  276.4090  0.000000       0.00000       0.00000         230610.7978    0.000000    -0.00005     0.00000    0.000000000   -0.000000240   -0.000000406  256.041472  76491.9683
1998.00   15.0000    0.0000   15.0000  276.4870  276.4870  0.000000       0.00000       0.00000         230545.7399    0.000000    -0.00005     0.00000    0.000000000   -0.000000240   -0.000000406  255.996614  76369.5806
2010.00   15.0000    0.0000   15.0000  276.5650  276.5650  0.000000       0.00000       0.00000         230480.7188    0.000000    -0.00005     0.00000    0.000000000   -0.000000240   -0.000000405  255.951723  76247.3672
2022.00   15.0000    0.0000   15.0000  276.6430  276.6430  0.000000       0.00000       0.00000         230415.7344    0.000000    -0.00005     0.00000    0.000000000   -0.000000240   -0.000000405  255.906799  76125.3280
2034.00   15.0000    0.0000   15.0000  276.7210  276.7210  0.000000       0.00000       0.00000         230350.7865    0.000000    -0.00005     0.00000    0.000000000   -0.000000240   -0.000000404  255.861843  76003.4628
2046.00   15.0000    0.0000   15.0000  276.7990  276.7990  0.000000       0.00000       0.00000         230285.8753    0.000000    -0.00005     0.00000    0.000000000   -0.000000240   -0.000000404  255.816853  75881.7713
2058.00   15.0000    0.0000   15.0000  276.8770  276.8770  0.000000       0.00000       0.00000         230221.0007    0.000000    -0.00005     0.00000    0.000000000   -0.000000240   -0.000000404  255.771830  75760.2533
2070.00   15.0000    0.0000   15.0000  276.9550  276.9550  0.000000       0.00000       0.00000         230156.1626    0.000000    -0.00005     0.00000    0.000000000   -0.000000240   -0.000000403  255.726774  75638.9085
2082.00   15.0000    0.0000   15.0000  277.0330  277.0330  0.000000       0.00000       0.00000         230091.3610    0.000000    -0.00005     0.00000    0.000000000   -0.000000239   -0.000000403  255.681685  75517.7367
2094.00   15.0000    0.0000   15.0000  277.1110  277.1110  0.000000       0.00000       0.00000         230026.5958    0.000000    -0.00005     0.00000    0.000000000   -0.000000239   -0.000000402  255.636563  75396.7377
2106.00   15.0000    0.0000   15.0000  277.1890  277.1890  0.000000       0.00000       0.00000         229961.8672    0.000000    -0.00005     0.00000    0.000000000   -0.000000239   -0.000000402  255.591409  75275.9113
2118.00   15.0000    0.0000   15.0000  277.2670  277.2670  0.000000       0.00000       0.00000         229897.1749    0.000000    -0.00005     0.00000    0.000000000   -0.000000239   -0.000000401  255.546221  75155.2572
2130.00   15.0000    0.0000   15.0000  277.3450  277.3450  0.000000       0.00000       0.00000         229832.5191    0.000000    -0.00005     0.00000    0.000000000   -0.000000239   -0.000000401  255.501000  75034.7752
2142.00   15.0000    0.0000   15.0000  277.4230  277.4230  0.000000       0.00000       0.00000         229767.8996    0.000000    -0.00005     0.00000    0.000000000   -0.000000239   -0.000000400  255.455747  74914.4651
2154.00   15.0000    0.0000   15.0000  277.5010  277.5010  0.000000       0.00000       0.00000         229703.3164    0.000000    -0.00005     0.00000    0.000000000   -0.000000239   -0.000000400  255.410460  74794.3266
2166.00   15.0000    0.0000   15.0000  277.5790  277.5790  0.000000       0.00000       0.00000         229638.7695    0.000000    -0.00005     0.00000    0.000000000   -0.000000239   -0.000000399  255.365141  74674.3595
2178.00   15.0000    0.0000   15.0000  277.6570  277.6570  0.000000       0.00000       0.00000         229574.2589    0.000000    -0.00005     0.00000    0.000000000   -0.000000239   -0.000000399  255.319789  74554.5636
2190.00   15.0000    0.0000   15.0000  277.7350  277.7350  0.000000       0.00000       0.00000         229509.7845    0.000000    -0.00005     0.00000    0.000000000   -0.000000239   -0.000000398  255.274403  74434.9386
2202.00   15.0000    0.0000   15.0000  277.8130  277.8130  0.000000       0.00000       0.00000         229445.3463    0.000000    -0.00005     0.00000    0.000000000   -0.000000238   -0.000000398  255.228985  74315.4844
2214.00   15.0000    0.0000   15.0000  277.8910  277.8910  0.000000       0.00000       0.00000         229380.9443    0.000000    -0.00005     0.00000    0.000000000   -0.000000238   -0.000000397  255.183534  74196.2006
2226.00   15.0000    0.0000   15.0000  277.9690  277.9690  0.000000       0.00000       0.00000         229316.5785    0.000000    -0.00005     0.00000    0.000000000   -0.000000238   -0.000000397  255.138050  74077.0871
2238.00   15.0000    0.0000   15.0000  278.0470  278.0470  0.000000       0.00000       0.00000         229252.2487    0.000000    -0.00005     0.00000    0.000000000   -0.000000238   -0.000000397  255.092534  73958.1436
2250.00   15.0000    0.0000   15.0000  278.1250  278.1250  0.000000       0.00000       0.00000         229187.9551    0.000000    -0.00005     0.00000    0.000000000   -0.000000238   -0.000000396  255.046984  73839.3699
2262.00   15.0000    0.0000   15.0000  278.2030  278.2030  0.000000       0.00000       0.00000         229123.6974    0.000000    -0.00006     0.00000    0.000000000   -0.000000238   -0.000000396  255.001402  73720.7658
2274.00   15.0000    0.0000   15.0000  278.2810  278.2810  0.000000       0.00000       0.00000         229059.4759    0.000000    -0.00006     0.00000    0.000000000   -0.000000238   -0.000000395  254.955787  73602.3310
2286.00   15.0000    0.0000   15.0000  278.3590  278.3590  0.000000       0.00000       0.00000         228995.2903    0.000000    -0.00006     0.00000    0.000000000   -0.000000238   -0.000000395  254.910139  73484.0654
2298.00   15.0000    0.0000   15.0000  278.4370  278.4370  0.000000       0.00000       0.00000         228931.1406    0.000000    -0.00006     0.00000    0.000000000   -0.000000238   -0.000000394  254.864458  73365.9686
2310.00   15.0000    0.0000   15.0000  278.5150  278.5150  0.000000       0.00000       0.00000         228867.0269    0.000000    -0.00006     0.00000    0.000000000   -0.000000237   -0.000000394  254.818744  73248.0406
2322.00   15.0000    0.0000   15.0000  278.5930  278.5930  0.000000       0.00000       0.00000         228802.9491    0.000000    -0.00006     0.00000    0.000000000   -0.000000237   -0.000000393  254.772998  73130.2809
2334.00   15.0000    0.0000   15.0000  278.6710  278.6710  0.000000       0.00000       0.00000         228738.9072    0.000000    -0.00006     0.00000    0.000000000   -0.000000237   -0.000000393  254.727219  73012.6895
2346.00   15.0000    0.0000   15.0000  278.7490  278.7490  0.000000       0.00000       0.00000         228674.9011    0.000000    -0.00006     0.00000    0.000000000   -0.000000237   -0.000000392  254.681407  72895.2661
2358.00   15.0000    0.0000   15.0000  278.8270  278.8270  0.000000       0.00000       0.00000         228610.9308    0.000000    -0.00006     0.00000    0.000000000   -0.000000237   -0.000000392  254.635562  72778.0104
2370.00   15.0000    0.0000   15.0000  278.9050  278.9050  0.000000       0.00000       0.00000         228546.9963    0.000000    -0.00006     0.00000    0.000000000   -0.000000237   -0.000000391  254.589684  72660.9223
2382.00   15.0000    0.0000   15.0000  278.9830  278.9830  0.000000       0.00000       0.00000              0.0000    0.000000    -0.00006     0.00000    0.000000000    0.000000000    0.000000000  254.543774  72544.0015
2394.00   15.0000    0.0000   15.0000  279.0610  279.0610  0.000000       0.00000       0.00000              0.0000    0.000000     0.00000     0.00000    0.000000000    0.000000000    0.000000000  254.497831  72427.2478
