   0.00    0.0000    0.0000    0.0000  240.4693  240.4693  0.000000       0.00000       0.00000              0.0000    0.000000     0.00000     0.00000    0.000000000    0.000000000    0.000000000    0.000000      0.0000
   6.00    7.8171    3.5482    8.5846  241.9553  241.9553  0.000000       0.73476       0.73476              0.0000    0.000000     0.00000     0.00000   -0.000007471    0.000000000    0.000000000  241.867542  99873.0379
  18.00    8.8399    3.9357    9.6765  242.0590  242.0590  0.000000       2.29438       2.29438              0.0531    0.000000    -0.00000     0.00000   -0.000018825    0.000000000    0.000000000  241.824784  99661.5988
  30.00    9.4905    4.1393   10.3539  242.1274  242.1274  0.000000       2.21614       2.21614              0.0775    0.000000    -0.00000     0.00000   -0.000023089   -0.000000074   -0.000000109  241.776046  99492.7706
  42.00   10.0850    4.2877   10.9587  242.1924  242.1924  0.000000       2.42998       2.42998              0.0916    0.000000    -0.00000     0.00000   -0.000025162   -0.000000082   -0.000000116  241.723847  99324.1933
  54.00   10.6200    4.3881   11.4909  242.2535  242.2535  0.000000       2.39782       2.39782              0.1064    0.000000    -0.00000     0.00000   -0.000026733   -0.000000087   -0.000000121  241.667677  99155.8639
  66.00   11.1260    4.4519   11.9836  242.3140  242.3140  0.000000       2.34415       2.34415              0.1195    0.000000    -0.00000     0.00000   -0.000028045   -0.000000087   -0.000000120  241.610961  98987.7806
  78.00   11.6094    4.4827   12.4448  242.3750  242.3750  0.000000       2.23180       2.23180              0.1324    0.000000    -0.00000     0.00000   -0.000029207   -0.000000084   -0.000000118  241.554644  98819.9430
  90.00   12.0771    4.4825   12.8821  242.4375  242.4375  0.000000       2.09513       2.09513              0.1452    0.000000    -0.00000     0.00000   -0.000030321   -0.000000080   -0.000000113  241.499857  98652.3515
 102.00   12.5319    4.4521   13.2992  242.5025  242.5025  0.000000       1.93833       1.93833              0.1583    0.000000    -0.00000     0.00000   -0.000031436   -0.000000073   -0.000000107  241.447414  98485.0070
 114.00   12.9757    4.3913   13.6986  242.5706  242.5706  0.000000       1.77098       1.77098              0.1718    0.000000    -0.00000     0.00000   -0.000032579   -0.000000065   -0.000000099  241.398158  98317.9113
 126.00   13.4091    4.2993   14.0815  242.6429  242.6429  0.000000       1.59795       1.59795              0.1861    0.000000    -0.00000     0.00000   -0.000033800   -0.000000055   -0.000000090  241.352948  98151.0665
 138.00   13.8318    4.1748   14.4481  242.7202  242.7202  0.000000       1.42376       1.42376              0.2013    0.000000    -0.00000     0.00000   -0.000035159   -0.000000043   -0.000000078  241.312756  97984.4753
 150.00   14.2427    4.0161   14.7980  242.8038  242.8038  0.000000       1.25165       1.25165              0.2178    0.000000    -0.00000     0.00000   -0.000036719   -0.000000028   -0.000000063  241.278714  97818.1414
 162.00   14.6396    3.8211   15.1301  242.8949  242.8949  0.000000       1.08436       1.08436              0.2360    0.000000    -0.00000     0.00000   -0.000038592   -0.000000010   -0.000000046  241.252195  97652.0689
 174.00   15.0195    3.5876   15.4420  242.9954  242.9954  0.000000       0.92390       0.92390              0.2562    0.000000    -0.00001     0.00000   -0.000040935    0.000000013   -0.000000024  241.234911  97486.2634
 186.00   15.3779    3.3128   15.7307  243.1075  243.1075  0.000000       0.77243       0.77243              0.2792    0.000000    -0.00001     0.00000   -0.000044004    0.000000041    0.000000003  241.229027  97320.7315
 198.00   15.7087    2.9942   15.9915  243.2339  243.2339  0.000000       0.63042       0.63042              0.3057    0.000000    -0.00001     0.00000   -0.000047897    0.000000076    0.000000036  241.237381  97155.4815
 210.00   16.0032    2.6295   16.2178  243.3785  243.3785  0.000000       0.50107       0.50107              0.3368    0.000000    -0.00001     0.00000   -0.000053342    0.000000122    0.000000080  241.263658  96990.5239
 222.00   16.2504    2.2165   16.4009  243.5468  243.5468  0.000000       0.37994       0.37994              0.3753    0.000000    -0.00001     0.00000   -0.000061140    0.000000181    0.000000136  241.313328  96825.8723
 234.00   16.4327    1.7588   16.5265  243.7446  243.7446  0.000000       0.28047       0.28047              0.4211    0.000000    -0.00002     0.00000   -0.000072588    0.000000265    0.000000216  241.392184  96661.5439
 246.00   16.5298    1.2515   16.5771  243.9870  243.9870  0.000000       0.17228       0.17228              0.4928    0.000000    -0.00002     0.00000   -0.000090731    0.000000358    0.000000304  241.515066  96497.5628
 258.00   16.5053    0.7521   16.5224  244.2650  244.2650  0.000000       0.12839       0.12839              0.5486    0.000000    -0.00002     0.00000   -0.000129567    0.000000495    0.000000434  241.673169  96333.9550
 270.00   16.2709    0.2272   16.2725  244.6226  244.6226  0.000000       0.00101       0.00101              2.2910    0.000000     0.00000     0.00000   -0.000136753    0.000009761    0.000007162  241.909775  96170.7578
 282.00   15.0147   -0.0095   15.0147  250.9368  250.9368  0.000000       0.00008       0.00008              4.1844    0.000000    -0.00010     0.00000   -0.000023615    0.000011537    0.000013551  248.035334  96009.9242
 294.00   15.0000   -0.0000   15.0000  252.0585  252.0585  0.000000       0.00000       0.00000           6983.6220    0.000000    -0.00011     0.00000   -0.000000294    0.000004435    0.000004208  249.026737  95851.6821
 306.00   15.0000   -0.0000   15.0000  253.2310  253.2310  0.000000       0.00000       0.00000        3222897.7613    0.000000    -0.00008     0.00000    0.000000000    0.000004079    0.000003925  250.067738  95694.3436
 318.00   15.0000   -0.0000   15.0000  254.0562  254.0562  0.000000       0.00000       0.00000        2438324.7720    0.000000    -0.00007     0.00000    0.000000000    0.000003187    0.000003021  250.765374  95537.8086
 330.00   15.0000   -0.0000   15.0000  254.7471  254.7471  0.000000       0.00000       0.00000        2059083.0808    0.000000    -0.00006     0.00000    0.000000000    0.000002751    0.000002590  251.329996  95381.9224
 342.00   15.0000   -0.0000   15.0000  255.3400  255.3400  0.000000       0.00000       0.00000        1792252.4209    0.000000    -0.00006     0.00000    0.000000000    0.000002429    0.000002270  251.797726  95226.6098
 354.00   15.0000    0.0000   15.0000  255.8671  255.8671  0.000000       0.00000       0.00000        1596421.1432    0.000000    -0.00005     0.00000    0.000000000    0.000002183    0.000002027  252.200268  95071.8176
 366.00   15.0000    0.0000   15.0000  256.3397  256.3397  0.000000       0.00000       0.00000        1448935.2104    0.000000    -0.00005     0.00000    0.000000000    0.000001992    0.000001838  252.548890  94917.5068
 378.00   15.0000    0.0000   15.0000  256.7760  256.7760  0.000000       0.00000       0.00000        1326203.3457    0.000000    -0.00005     0.00000    0.000000000    0.000001826    0.000001673  252.861633  94763.6480
 390.00   15.0000    0.0000   15.0000  257.1731  257.1731  0.000000       0.00000       0.00000        1228959.5967    0.000000    -0.00005     0.00000    0.000000000    0.000001692    0.000001539  253.135414  94610.2165
 402.00   15.0000    0.0000   15.0000  257.5495  257.5495  0.000000       0.00000       0.00000        1146594.7588    0.000000    -0.00004     0.00000    0.000000000    0.000001573    0.000001423  253.388798  94457.1928
 414.00   15.0000    0.0000   15.0000  257.8958  257.8958  0.000000       0.00000       0.00000        1078782.0633    0.000000    -0.00004     0.00000    0.000000000    0.000001475    0.000001324  253.612267  94304.5601
 426.00   15.0000    0.0000   15.0000  258.2304  258.2304  0.000000       0.00000       0.00000        1022242.2624    0.000000    -0.00004     0.00000    0.000000000    0.000001392    0.000001242  253.824184  94152.3048
 438.00   15.0000    0.0000   15.0000  258.5418  258.5418  0.000000       0.00000       0.00000         967550.2136    0.000000    -0.00004     0.00000    0.000000000    0.000001307    0.000001157  254.013093  94000.4151
 450.00   15.0000    0.0000   15.0000  258.8426  258.8426  0.000000       0.00000       0.00000         922820.5909    0.000000    -0.00004     0.00000    0.000000000    0.000001237    0.000001087  254.191481  93848.8800
 462.00   15.0000    0.0000   15.0000  259.1264  259.1264  0.000000       0.00000       0.00000         880030.7299    0.000000    -0.00004     0.00000    0.000000000    0.000001168    0.000001017  254.352988  93697.6902
 474.00   15.0000    0.0000   15.0000  259.4007  259.4007  0.000000       0.00000       0.00000         844833.0954    0.000000    -0.00004     0.00000    0.000000000    0.000001111    0.000000960  254.505102  93546.8369
 486.00   15.0000    0.0000   15.0000  259.6627  259.6627  0.000000       0.00000       0.00000         810963.1636    0.000000    -0.00004     0.00000    0.000000000    0.000001054    0.000000903  254.645015  93396.3129
 498.00   15.0000    0.0000   15.0000  259.9161  259.9161  0.000000       0.00000       0.00000         781993.6259    0.000000    -0.00004     0.00000    0.000000000    0.000001005    0.000000854  254.776310  93246.1110
 510.00   15.0000    0.0000   15.0000  260.1602  260.1602  0.000000       0.00000       0.00000         755371.4464    0.000000    -0.00004     0.00000    0.000000000    0.000000959    0.000000808  254.898419  93096.2251
 522.00   15.0000    0.0000   15.0000  260.3970  260.3970  0.000000       0.00000       0.00000         730984.9310    0.000000    -0.00004     0.00000    0.000000000    0.000000916    0.000000764  255.013340  92946.6497
 534.00   15.0000    0.0000   15.0000  260.6260  260.6260  0.000000       0.00000       0.00000         708946.4247    0.000000    -0.00004     0.00000    0.000000000    0.000000877    0.000000725  255.120443  92797.3795
 546.00   15.0000    0.0000   15.0000  260.8492  260.8492  0.000000       0.00000       0.00000         687850.4062    0.000000    -0.00004     0.00000    0.000000000    0.000000838    0.000000686  255.221795  92648.4099
 558.00   15.0000    0.0000   15.0000  261.0651  261.0651  0.000000       0.00000       0.00000         668035.2992    0.000000    -0.00004     0.00000    0.000000000    0.000000801    0.000000649  255.315897  92499.7364
 570.00   15.0000    0.0000   15.0000  261.2760  261.2760  0.000000       0.00000       0.00000         648561.9962    0.000000    -0.00004     0.00000    0.000000000    0.000000764    0.000000611  255.405025  92351.3546
 582.00   15.0000    0.0000   15.0000  261.4798  261.4798  0.000000       0.00000       0.00000         631230.4123    0.000000    -0.00004     0.00000    0.000000000    0.000000731    0.000000578  255.487102  92203.2605
 594.00   15.0000    0.0000   15.0000  261.6800  261.6800  0.000000       0.00000       0.00000         615262.2883    0.000000    -0.00004     0.00000    0.000000000    0.000000700    0.000000546  255.565523  92055.4502
 606.00   15.0000    0.0000   15.0000  261.8738  261.8738  0.000000       0.00000       0.00000         599583.7872    0.000000    -0.00004     0.00000    0.000000000    0.000000669    0.000000515  255.637734  91907.9204
 618.00   15.0000    0.0000   15.0000  262.0642  262.0642  0.000000       0.00000       0.00000         585881.1070    0.000000    -0.00004     0.00000    0.000000000    0.000000641    0.000000487  255.706454  91760.6675
 630.00   15.0000    0.0000   15.0000  262.2496  262.2496  0.000000       0.00000       0.00000         572301.8842    0.000000    -0.00004     0.00000    0.000000000    0.000000614    0.000000459  255.770191  91613.6886
 642.00   15.0000    0.0000   15.0000  262.4315  262.4315  0.000000       0.00000       0.00000         561047.4311    0.000000    -0.00004     0.00000    0.000000000    0.000000591    0.000000436  255.830502  91466.9807
 654.00   15.0000    0.0000   15.0000  262.6099  262.6099  0.000000       0.00000       0.00000         550301.5640    0.000000    -0.00004     0.00000    0.000000000    0.000000569    0.000000414  255.887277  91320.5413
 666.00   15.0000    0.0000   15.0000  262.7852  262.7852  0.000000       0.00000       0.00000         540578.8719    0.000000    -0.00004     0.00000    0.000000000    0.000000549    0.000000394  255.940937  91174.3677
 678.00   15.0000    0.0000   15.0000  262.9576  262.9576  0.000000       0.00000       0.00000         531612.9540    0.000000    -0.00004     0.00000    0.000000000    0.000000530    0.000000375  255.991694  91028.4580
 690.00   15.0000    0.0000   15.0000  263.1273  263.1273  0.000000       0.00000       0.00000         523626.6155    0.000000    -0.00004     0.00000    0.000000000    0.000000514    0.000000358  256.039803  90882.8098
 702.00   15.0000    0.0000   15.0000  263.2948  263.2948  0.000000       0.00000       0.00000         516363.0307    0.000000    -0.00004     0.00000    0.000000000    0.000000499    0.000000343  256.085619  90737.4213
 714.00   15.0000    0.0000   15.0000  263.4601  263.4601  0.000000       0.00000       0.00000         510202.7656    0.000000    -0.00004     0.00000    0.000000000    0.000000487    0.000000330  256.129235  90592.2907
 726.00   15.0000    0.0000   15.0000  263.6238  263.6238  0.000000       0.00000       0.00000         505373.0581    0.000000    -0.00004     0.00000    0.000000000    0.000000477    0.000000320  256.171243  90447.4165
 738.00   15.0000    0.0000   15.0000  263.7861  263.7861  0.000000       0.00000       0.00000         501537.7921    0.000000    -0.00004     0.00000    0.000000000    0.000000470    0.000000312  256.211884  90302.7972
 750.00   15.0000    0.0000   15.0000  263.9475  263.9475  0.000000       0.00000       0.00000         498547.8498    0.000000    -0.00004     0.00000    0.000000000    0.000000465    0.000000306  256.251538  90158.4318
 762.00   15.0000    0.0000   15.0000  264.1082  264.1082  0.000000       0.00000       0.00000         496323.3779    0.000000    -0.00004     0.00000    0.000000000    0.000000462    0.000000303  256.290352  90014.3192
 774.00   15.0000    0.0000   15.0000  264.2683  264.2683  0.000000       0.00000       0.00000         494379.6348    0.000000    -0.00004     0.00000    0.000000000    0.000000459    0.000000299  256.328658  89870.4586
 786.00   15.0000    0.0000   15.0000  264.4279  264.4279  0.000000       0.00000       0.00000         493674.5639    0.000000    -0.00004     0.00000    0.000000000    0.000000460    0.000000299  256.366300  89726.8492
 798.00   15.0000    0.0000   15.0000  264.5878  264.5878  0.000000       0.00000       0.00000         494626.3663    0.000000    -0.00004     0.00000    0.000000000    0.000000464    0.000000303  256.404209  89583.4904
 810.00   15.0000    0.0000   15.0000  264.7482  264.7482  0.000000       0.00000       0.00000         496662.0887    0.000000    -0.00004     0.00000    0.000000000    0.000000472    0.000000310  256.442493  89440.3819
 822.00   15.0000    0.0000   15.0000  264.9096  264.9096  0.000000       0.00000       0.00000         500081.7445    0.000000    -0.00004     0.00000    0.000000000    0.000000483    0.000000320  256.481726  89297.5235
 834.00   15.0000    0.0000   15.0000  265.0724  265.0724  0.000000       0.00000       0.00000         505868.3890    0.000000    -0.00004     0.00000    0.000000000    0.000000500    0.000000336  256.522205  89154.9155
 846.00   15.0000    0.0000   15.0000  265.2378  265.2378  0.000000       0.00000       0.00000         514373.1795    0.000000    -0.00004     0.00000    0.000000000    0.000000525    0.000000360  256.565120  89012.5584
 858.00   15.0000    0.0000   15.0000  265.4063  265.4063  0.000000       0.00000       0.00000         525323.3691    0.000000    -0.00005     0.00000    0.000000000    0.000000557    0.000000390  256.610991  88870.4531
 870.00   15.0000    0.0000   15.0000  265.5790  265.5790  0.000000       0.00000       0.00000         542088.5566    0.000000    -0.00005     0.00000    0.000000000    0.000000604    0.000000435  256.660841  88728.6011
 882.00   15.0000    0.0000   15.0000  265.7586  265.7586  0.000000       0.00000       0.00000         558951.7359    0.000000    -0.00005     0.00000    0.000000000    0.000000653    0.000000482  256.717307  88587.0049
 894.00   15.0000    0.0000   15.0000  265.9426  265.9426  0.000000       0.00000       0.00000         590002.7257    0.000000    -0.00006     0.00000    0.000000000    0.000000740    0.000000566  256.777826  88445.6668
 906.00   15.0000    0.0000   15.0000  266.1427  266.1427  0.000000       0.00000       0.00000         610047.1274    0.000000    -0.00006     0.00000    0.000000000    0.000000799    0.000000623  256.853885  88304.5917
 918.00   15.0000    0.0000   15.0000  266.3399  266.3399  0.000000       0.00000       0.00000         677296.9404    0.000000    -0.00007     0.00000    0.000000000    0.000000989    0.000000806  256.927119  88163.7825
 930.00   15.0000    0.0000   15.0000  266.5841  266.5841  0.000000       0.00000       0.00000         689198.6558    0.000000    -0.00006     0.00000    0.000000000    0.000001030    0.000000847  257.045562  88023.2502
 942.00   15.0000    0.0000   15.0000  266.7896  266.7896  0.000000       0.00000       0.00000         860747.2094    0.000000    -0.00010     0.00000    0.000000000    0.000001521    0.000001317  257.126498  87882.9963
 954.00   15.0000    0.0000   15.0000  267.1461  267.1461  0.000000       0.00000       0.00000         831313.9076    0.000000    -0.00006     0.00000    0.000000000    0.000001452    0.000001263  257.352987  87743.0494
 966.00   15.0000    0.0000   15.0000  267.3331  267.3331  0.000000       0.00000       0.00000        1275015.3337    0.000000    -0.00019     0.00000    0.000000000    0.000002770    0.000002499  257.415932  87603.4040
 978.00   15.0000    0.0000   15.0000  267.9803  267.9803  0.000000       0.00000       0.00000        1176473.5871    0.000000    -0.00004     0.00000    0.000000000    0.000002504    0.000002324  257.921936  87464.1344
 990.00   15.0000    0.0000   15.0000  268.1046  268.1046  0.000000       0.00000       0.00000        3097929.5582    0.000000    -0.00059     0.00000    0.000000000    0.000008768    0.000007881  257.924473  87325.2233
1002.00   15.0000    0.0000   15.0000  270.0130  270.0130  0.000000       0.00000       0.00000        3005931.3094    0.000000    -0.00002     0.00000    0.000000000    0.000008546    0.000008739  259.642854  87186.9918
1014.00   15.0000    0.0000   15.0000  270.0910  270.0910  0.000000       0.00000       0.00000         236005.2723    0.000000    -0.00002     0.00000    0.000000000   -0.000000242   -0.000000439  259.600748  87049.4262
1026.00   15.0000    0.0000   15.0000  270.1690  270.1690  0.000000       0.00000       0.00000         235937.1356    0.000000    -0.00002     0.00000    0.000000000   -0.000000242   -0.000000438  259.558608  86912.0554
1038.00   15.0000    0.0000   15.0000  270.2470  270.2470  0.000000       0.00000       0.00000         235869.0383    0.000000    -0.00003     0.00000    0.000000000   -0.000000242   -0.000000438  259.516434  86774.8791
1050.00   15.0000    0.0000   15.0000  270.3250  270.3250  0.000000       0.00000       0.00000         235800.9803    0.000000    -0.00003     0.00000    0.000000000   -0.000000242   -0.000000438  259.474226  86637.8971
1062.00   15.0000    0.0000   15.0000  270.4030  270.4030  0.000000       0.00000       0.00000         235732.9615    0.000000    -0.00003     0.00000    0.000000000   -0.000000242   -0.000000437  259.431984  86501.1090
1074.00   15.0000    0.0000   15.0000  270.4810  270.4810  0.000000       0.00000       0.00000         235664.9820    0.000000    -0.00003     0.00000    0.000000000   -0.000000242   -0.000000437  259.389709  86364.5147
1086.00   15.0000    0.0000   15.0000  270.5590  270.5590  0.000000       0.00000       0.00000         235597.0417    0.000000    -0.00003     0.00000    0.000000000   -0.000000242   -0.000000437  259.347400  86228.1139
1098.00   15.0000    0.0000   15.0000  270.6370  270.6370  0.000000       0.00000       0.00000         235529.1405    0.000000    -0.00003     0.00000    0.000000000   -0.000000243   -0.000000436  259.305057  86091.9063
1110.00   15.0000    0.0000   15.0000  270.7150  270.7150  0.000000       0.00000       0.00000         235461.2785    0.000000    -0.00003     0.00000    0.000000000   -0.000000243   -0.000000436  259.262681  85955.8916
1122.00   15.0000    0.0000   15.0000  270.7930  270.7930  0.000000       0.00000       0.00000         235393.4555    0.000000    -0.00003     0.00000    0.000000000   -0.000000243   -0.000000436  259.220270  85820.0697
1134.00   15.0000    0.0000   15.0000  270.8710  270.8710  0.000000       0.00000       0.00000         235325.6716    0.000000    -0.00003     0.00000    0.000000000   -0.000000243   -0.000000435  259.177826  85684.4402
1146.00   15.0000    0.0000   15.0000  270.9490  270.9490  0.000000       0.00000       0.00000         235257.9268    0.000000    -0.00003     0.00000    0.000000000   -0.000000243   -0.000000435  259.135348  85549.0028
1158.00   15.0000    0.0000   15.0000  271.0270  271.0270  0.000000       0.00000       0.00000         235190.2209    0.000000    -0.00003     0.00000    0.000000000   -0.000000243   -0.000000435  259.092837  85413.7574
1170.00   15.0000    0.0000   15.0000  271.1050  271.1050  0.000000       0.00000       0.00000         235122.5540    0.000000    -0.00003     0.00000    0.000000000   -0.000000243   -0.000000434  259.050292  85278.7037
1182.00   15.0000    0.0000   15.0000  271.1830  271.1830  0.000000       0.00000       0.00000         235054.9260    0.000000    -0.00003     0.00000    0.000000000   -0.000000243   -0.000000434  259.007713  85143.8413
1194.00   15.0000    0.0000   15.0000  271.2610  271.2610  0.000000       0.00000       0.00000         234987.3369    0.000000    -0.00003     0.00000    0.000000000   -0.000000243   -0.000000434  258.965100  85009.1701
1206.00   15.0000    0.0000   15.0000  271.3390  271.3390  0.000000       0.00000       0.00000         234919.7867    0.000000    -0.00003     0.00000    0.000000000   -0.000000243   -0.000000433  258.922454  84874.6898
1218.00   15.0000    0.0000   15.0000  271.4170  271.4170  0.000000       0.00000       0.00000         234852.2753    0.000000    -0.00003     0.00000    0.000000000   -0.000000243   -0.000000433  258.879774  84740.4001
1230.00   15.0000    0.0000   15.0000  271.4950  271.4950  0.000000       0.00000       0.00000         234784.8027    0.000000    -0.00003     0.00000    0.000000000   -0.000000243   -0.000000433  258.837061  84606.3008
1242.00   15.0000    0.0000   15.0000  271.5730  271.5730  0.000000       0.00000       0.00000         234717.3688    0.000000    -0.00003     0.00000    0.000000000   -0.000000243   -0.000000432  258.794314  84472.3916
1254.00   15.0000    0.0000   15.0000  271.6510  271.6510  0.000000       0.00000       0.00000         234649.9737    0.000000    -0.00003     0.00000    0.000000000   -0.000000243   -0.000000432  258.751533  84338.6723
1266.00   15.0000    0.0000   15.0000  271.7290  271.7290  0.000000       0.00000       0.00000         234582.6172    0.000000    -0.00003     0.00000    0.000000000   -0.000000243   -0.000000431  258.708719  84205.1426
1278.00   15.0000    0.0000   15.0000  271.8070  271.8070  0.000000       0.00000       0.00000         234515.2995    0.000000    -0.00003     0.00000    0.000000000   -0.000000243   -0.000000431  258.665871  84071.8022
1290.00   15.0000    0.0000   15.0000  271.8850  271.8850  0.000000       0.00000       0.00000         234448.0203    0.000000    -0.00003     0.00000    0.000000000   -0.000000243   -0.000000431  258.622989  83938.6510
1302.00   15.0000    0.0000   15.0000  271.9630  271.9630  0.000000       0.00000       0.00000         234380.7797    0.000000    -0.00003     0.00000    0.000000000   -0.000000243   -0.000000430  258.580074  83805.6886
1314.00   15.0000    0.0000   15.0000  272.0410  272.0410  0.000000       0.00000       0.00000         234313.5777    0.000000    -0.00003     0.00000    0.000000000   -0.000000243   -0.000000430  258.537125  83672.9148
1326.00   15.0000    0.0000   15.0000  272.1190  272.1190  0.000000       0.00000       0.00000         234246.4143    0.000000    -0.00003     0.00000    0.000000000   -0.000000243   -0.000000430  258.494142  83540.3293
1338.00   15.0000    0.0000   15.0000  272.1970  272.1970  0.000000       0.00000       0.00000         234179.2893    0.000000    -0.00003     0.00000    0.000000000   -0.000000243   -0.000000429  258.451127  83407.9319
1350.00   15.0000    0.0000   15.0000  272.2750  272.2750  0.000000       0.00000       0.00000         234112.2027    0.000000    -0.00003     0.00000    0.000000000   -0.000000243   -0.000000429  258.408077  83275.7224
1362.00   15.0000    0.0000   15.0000  272.3530  272.3530  0.000000       0.00000       0.00000         234045.1546    0.000000    -0.00003     0.00000    0.000000000   -0.000000243   -0.000000428  258.364994  83143.7004
1374.00   15.0000    0.0000   15.0000  272.4310  272.4310  0.000000       0.00000       0.00000         233978.1449    0.000000    -0.00003     0.00000    0.000000000   -0.000000243   -0.000000428  258.321877  83011.8657
1386.00   15.0000    0.0000   15.0000  272.5090  272.5090  0.000000       0.00000       0.00000         233911.1736    0.000000    -0.00003     0.00000    0.000000000   -0.000000243   -0.000000428  258.278727  82880.2182
1398.00   15.0000    0.0000   15.0000  272.5870  272.5870  0.000000       0.00000       0.00000         233844.2406    0.000000    -0.00003     0.00000    0.000000000   -0.000000243   -0.000000427  258.235544  82748.7574
1410.00   15.0000    0.0000   15.0000  272.6650  272.6650  0.000000       0.00000       0.00000         233777.3458    0.000000    -0.00003     0.00000    0.000000000   -0.000000243   -0.000000427  258.192327  82617.4833
1422.00   15.0000    0.0000   15.0000  272.7430  272.7430  0.000000       0.00000       0.00000         233710.4894    0.000000    -0.00003     0.00000    0.000000000   -0.000000243   -0.000000427  258.149076  82486.3954
1434.00   15.0000    0.0000   15.0000  272.8210  272.8210  0.000000       0.00000       0.00000         233643.6711    0.000000    -0.00003     0.00000    0.000000000   -0.000000243   -0.000000426  258.105792  82355.4937
1446.00   15.0000    0.0000   15.0000  272.8990  272.8990  0.000000       0.00000       0.00000         233576.8911    0.000000    -0.00004     0.00000    0.000000000   -0.000000243   -0.000000426  258.062474  82224.7777
1458.00   15.0000    0.0000   15.0000  272.9770  272.9770  0.000000       0.00000       0.00000         233510.1492    0.000000    -0.00004     0.00000    0.000000000   -0.000000243   -0.000000425  258.019123  82094.2474
1470.00   15.0000    0.0000   15.0000  273.0550  273.0550  0.000000       0.00000       0.00000         233443.4455    0.000000    -0.00004     0.00000    0.000000000   -0.000000243   -0.000000425  257.975739  81963.9023
1482.00   15.0000    0.0000   15.0000  273.1330  273.1330  0.000000       0.00000       0.00000         233376.7798    0.000000    -0.00004     0.00000    0.000000000   -0.000000243   -0.000000425  257.932321  81833.7424
1494.00   15.0000    0.0000   15.0000  273.2110  273.2110  0.000000       0.00000       0.00000         233310.1522    0.000000    -0.00004     0.00000    0.000000000   -0.000000243   -0.000000424  257.888869  81703.7672
1506.00   15.0000    0.0000   15.0000  273.2890  273.2890  0.000000       0.00000       0.00000         233243.5627    0.000000    -0.00004     0.00000    0.000000000   -0.000000243   -0.000000424  257.845385  81573.9767
1518.00   15.0000    0.0000   15.0000  273.3670  273.3670  0.000000       0.00000       0.00000         233177.0111    0.000000    -0.00004     0.00000    0.000000000   -0.000000243   -0.000000424  257.801866  81444.3705
1530.00   15.0000    0.0000   15.0000  273.4450  273.4450  0.000000       0.00000       0.00000         233110.4975    0.000000    -0.00004     0.00000    0.000000000   -0.000000243   -0.000000423  257.758315  81314.9483
1542.00   15.0000    0.0000   15.0000  273.5230  273.5230  0.000000       0.00000       0.00000         233044.0219    0.000000    -0.00004     0.00000    0.000000000   -0.000000243   -0.000000423  257.714730  81185.7100
1554.00   15.0000    0.0000   15.0000  273.6010  273.6010  0.000000       0.00000       0.00000         232977.5841    0.000000    -0.00004     0.00000    0.000000000   -0.000000243   -0.000000422  257.671111  81056.6553
1566.00   15.0000    0.0000   15.0000  273.6790  273.6790  0.000000       0.00000       0.00000         232911.1843    0.000000    -0.00004     0.00000    0.000000000   -0.000000242   -0.000000422  257.627459  80927.7839
1578.00   15.0000    0.0000   15.0000  273.7570  273.7570  0.000000       0.00000       0.00000         232844.8222    0.000000    -0.00004     0.00000    0.000000000   -0.000000242   -0.000000422  257.583774  80799.0957
1590.00   15.0000    0.0000   15.0000  273.8350  273.8350  0.000000       0.00000       0.00000         232778.4980    0.000000    -0.00004     0.00000    0.000000000   -0.000000242   -0.000000421  257.540056  80670.5903
1602.00   15.0000    0.0000   15.0000  273.9130  273.9130  0.000000       0.00000       0.00000         232712.2115    0.000000    -0.00004     0.00000    0.000000000   -0.000000242   -0.000000421  257.496304  80542.2674
1614.00   15.0000    0.0000   15.0000  273.9910  273.9910  0.000000       0.00000       0.00000         232645.9628    0.000000    -0.00004     0.00000    0.000000000   -0.000000242   -0.000000420  257.452519  80414.1270
1626.00   15.0000    0.0000   15.0000  274.0690  274.0690  0.000000       0.00000       0.00000         232579.7518    0.000000    -0.00004     0.00000    0.000000000   -0.000000242   -0.000000420  257.408700  80286.1687
1638.00   15.0000    0.0000   15.0000  274.1470  274.1470  0.000000       0.00000       0.00000         232513.5785    0.000000    -0.00004     0.00000    0.000000000   -0.000000242   -0.000000420  257.364848  80158.3922
1650.00   15.0000    0.0000   15.0000  274.2250  274.2250  0.000000       0.00000       0.00000         232447.4428    0.000000    -0.00004     0.00000    0.000000000   -0.000000242   -0.000000419  257.320963  80030.7974
1662.00   15.0000    0.0000   15.0000  274.3030  274.3030  0.000000       0.00000       0.00000         232381.3447    0.000000    -0.00004     0.00000    0.000000000   -0.000000242   -0.000000419  257.277044  79903.3839
1674.00   15.0000    0.0000   15.0000  274.3810  274.3810  0.000000       0.00000       0.00000         232315.2842    0.000000    -0.00004     0.00000    0.000000000   -0.000000242   -0.000000418  257.233092  79776.1516
1686.00   15.0000    0.0000   15.0000  274.4590  274.4590  0.000000       0.00000       0.00000         232249.2613    0.000000    -0.00004     0.00000    0.000000000   -0.000000242   -0.000000418  257.189107  79649.1002
1698.00   15.0000    0.0000   15.0000  274.5370  274.5370  0.000000       0.00000       0.00000         232183.2758    0.000000    -0.00004     0.00000    0.000000000   -0.000000242   -0.000000417  257.145089  79522.2295
1710.00   15.0000    0.0000   15.0000  274.6150  274.6150  0.000000       0.00000       0.00000         232117.3279    0.000000    -0.00004     0.00000    0.000000000   -0.000000242   -0.000000417  257.101037  79395.5391
1722.00   15.0000    0.0000   15.0000  274.6930  274.6930  0.000000       0.00000       0.00000         232051.4174    0.000000    -0.00004     0.00000    0.000000000   -0.000000242   -0.000000417  257.056952  79269.0290
1734.00   15.0000    0.0000   15.0000  274.7710  274.7710  0.000000       0.00000       0.00000         231985.5443    0.000000    -0.00004     0.00000    0.000000000   -0.000000242   -0.000000416  257.012834  79142.6987
1746.00   15.0000    0.0000   15.0000  274.8490  274.8490  0.000000       0.00000       0.00000         231919.7086    0.000000    -0.00004     0.00000    0.000000000   -0.000000242   -0.000000416  256.968683  79016.5482
1758.00   15.0000    0.0000   15.0000  274.9270  274.9270  0.000000       0.00000       0.00000         231853.9103    0.000000    -0.00004     0.00000    0.000000000   -0.000000242   -0.000000415  256.924498  78890.5771
1770.00   15.0000    0.0000   15.0000  275.0050  275.0050  0.000000       0.00000       0.00000         231788.1493    0.000000    -0.00004     0.00000    0.000000000   -0.000000242   -0.000000415  256.880280  78764.7852
1782.00   15.0000    0.0000   15.0000  275.0830  275.0830  0.000000       0.00000       0.00000         231722.4256    0.000000    -0.00004     0.00000    0.000000000   -0.000000242   -0.000000415  256.836029  78639.1722
1794.00   15.0000    0.0000   15.0000  275.1610  275.1610  0.000000       0.00000       0.00000         231656.7391    0.000000    -0.00004     0.00000    0.000000000   -0.000000242   -0.000000414  256.791745  78513.7380
1806.00   15.0000    0.0000   15.0000  275.2390  275.2390  0.000000       0.00000       0.00000         231591.0899    0.000000    -0.00004     0.00000    0.000000000   -0.000000242   -0.000000414  256.747427  78388.4823
1818.00   15.0000    0.0000   15.0000  275.3170  275.3170  0.000000       0.00000       0.00000         231525.4779    0.000000    -0.00004     0.00000    0.000000000   -0.000000242   -0.000000413  256.703077  78263.4048
1830.00   15.0000    0.0000   15.0000  275.3950  275.3950  0.000000       0.00000       0.00000         231459.9030    0.000000    -0.00004     0.00000    0.000000000   -0.000000241   -0.000000413  256.658693  78138.5053
1842.00   15.0000    0.0000   15.0000  275.4730  275.4730  0.000000       0.00000       0.00000         231394.3653    0.000000    -0.00004     0.00000    0.000000000   -0.000000241   -0.000000412  256.614276  78013.7836
1854.00   15.0000    0.0000   15.0000  275.5510  275.5510  0.000000       0.00000       0.00000         231328.8647    0.000000    -0.00005     0.00000    0.000000000   -0.000000241   -0.000000412  256.569826  77889.2395
1866.00   15.0000    0.0000   15.0000  275.6290  275.6290  0.000000       0.00000       0.00000         231263.4012    0.000000    -0.00005     0.00000    0.000000000   -0.000000241   -0.000000411  256.525343  77764.8726
1878.00   15.0000    0.0000   15.0000  275.7070  275.7070  0.000000       0.00000       0.00000         231197.9747    0.000000    -0.00005     0.00000    0.000000000   -0.000000241   -0.000000411  256.480826  77640.6827
1890.00   15.0000    0.0000   15.0000  275.7850  275.7850  0.000000       0.00000       0.00000         231132.5852    0.000000    -0.00005     0.00000    0.000000000   -0.000000241   -0.000000411  256.436277  77516.6697
1902.00   15.0000    0.0000   15.0000  275.8630  275.8630  0.000000       0.00000       0.00000         231067.2326    0.000000    -0.00005     0.00000    0.000000000   -0.000000241   -0.000000410  256.391694  77392.8333
1914.00   15.0000    0.0000   15.0000  275.9410  275.9410  0.000000       0.00000       0.00000         231001.9171    0.000000    -0.00005     0.00000    0.000000000   -0.000000241   -0.000000410  256.347078  77269.1732
1926.00   15.0000    0.0000   15.0000  276.0190  276.0190  0.000000       0.00000       0.00000         230936.6384    0.000000    -0.00005     0.00000    0.000000000   -0.000000241   -0.000000409  256.302429  77145.6892
1938.00   15.0000    0.0000   15.0000  276.0970  276.0970  0.000000       0.00000       0.00000         230871.3966    0.000000    -0.00005     0.00000    0.000000000   -0.000000241   -0.000000409  256.257747  77022.3811
1950.00   15.0000    0.0000   15.0000  276.1750  276.1750  0.000000       0.00000       0.00000         230806.1917    0.000000    -0.00005     0.00000    0.000000000   -0.000000241   -0.000000408  256.213032  76899.2486
1962.00   15.0000    0.0000   15.0000  276.2530  276.2530  0.000000       0.00000       0.00000         230741.0236    0.000000    -0.00005     0.00000    0.000000000   -0.000000241   -0.000000408  256.168284  76776.2916
1974.00   15.0000    0.0000   15.0000  276.3310  276.3310  0.000000       0.00000       0.00000         230675.8923    0.000000    -0.00005     0.00000    0.000000000   -0.000000241   -0.000000408  256.123503  76653.5096
1986.00   15.0000    0.0000   15.0000  276.4090  276.4090  0.000000       0.00000       0.00000         230610.7978    0.000000    -0.00005     0.00000    0.000000000   -0.000000241   -0.000000407  256.078689  76530.9027
1998.00   15.0000    0.0000   15.0000  276.4870  276.4870  0.000000       0.00000       0.00000         230545.7399    0.000000    -0.00005     0.00000    0.000000000   -0.000000240   -0.000000407  256.033841  76408.4704
2010.00   15.0000    0.0000   15.0000  276.5650  276.5650  0.000000       0.00000       0.00000         230480.7188    0.000000    -0.00005     0.00000    0.000000000   -0.000000240   -0.000000406  255.988961  76286.2125
2022.00   15.0000    0.0000   15.0000  276.6430  276.6430  0.000000       0.00000       0.00000         230415.7344    0.000000    -0.00005     0.00000    0.000000000   -0.000000240   -0.000000406  255.944048  76164.1289
2034.00   15.0000    0.0000   15.0000  276.7210  276.7210  0.000000       0.00000       0.00000         230350.7865    0.000000    -0.00005     0.00000    0.000000000   -0.000000240   -0.000000405  255.899101  76042.2193
2046.00   15.0000    0.0000   15.0000  276.7990  276.7990  0.000000       0.00000       0.00000         230285.8753    0.000000    -0.00005     0.00000    0.000000000   -0.000000240   -0.000000405  255.854122  75920.4835
2058.00   15.0000    0.0000   15.0000  276.8770  276.8770  0.000000       0.00000       0.00000         230221.0007    0.000000    -0.00005     0.00000    0.000000000   -0.000000240   -0.000000404  255.809110  75798.9212
2070.00   15.0000    0.0000   15.0000  276.9550  276.9550  0.000000       0.00000       0.00000         230156.1626    0.000000    -0.00005     0.00000    0.000000000   -0.000000240   -0.000000404  255.764064  75677.5321
2082.00   15.0000    0.0000   15.0000  277.0330  277.0330  0.000000       0.00000       0.00000         230091.3610    0.000000    -0.00005     0.00000    0.000000000   -0.000000240   -0.000000403  255.718986  75556.3162
2094.00   15.0000    0.0000   15.0000  277.1110  277.1110  0.000000       0.00000       0.00000         230026.5958    0.000000    -0.00005     0.00000    0.000000000   -0.000000240   -0.000000403  255.673875  75435.2730
2106.00   15.0000    0.0000   15.0000  277.1890  277.1890  0.000000       0.00000       0.00000         229961.8672    0.000000    -0.00005     0.00000    0.000000000   -0.000000240   -0.000000403  255.628731  75314.4025
2118.00   15.0000    0.0000   15.0000  277.2670  277.2670  0.000000       0.00000       0.00000         229897.1749    0.000000    -0.00005     0.00000    0.000000000   -0.000000240   -0.000000402  255.583553  75193.7043
2130.00   15.0000    0.0000   15.0000  277.3450  277.3450  0.000000       0.00000       0.00000         229832.5191    0.000000    -0.00005     0.00000    0.000000000   -0.000000239   -0.000000402  255.538343  75073.1783
2142.00   15.0000    0.0000   15.0000  277.4230  277.4230  0.000000       0.00000       0.00000         229767.8996    0.000000    -0.00005     0.00000    0.000000000   -0.000000239   -0.000000401  255.493100  74952.8242
2154.00   15.0000    0.0000   15.0000  277.5010  277.5010  0.000000       0.00000       0.00000         229703.3164    0.000000    -0.00005     0.00000    0.000000000   -0.000000239   -0.000000401  255.447824  74832.6417
2166.00   15.0000    0.0000   15.0000  277.5790  277.5790  0.000000       0.00000       0.00000         229638.7695    0.000000    -0.00005     0.00000    0.000000000   -0.000000239   -0.000000400  255.402515  74712.6307
2178.00   15.0000    0.0000   15.0000  277.6570  277.6570  0.000000       0.00000       0.00000         229574.2589    0.000000    -0.00005     0.00000    0.000000000   -0.000000239   -0.000000400  255.357173  74592.7909
2190.00   15.0000    0.0000   15.0000  277.7350  277.7350  0.000000       0.00000       0.00000         229509.7845    0.000000    -0.00005     0.00000    0.000000000   -0.000000239   -0.000000399  255.311799  74473.1221
2202.00   15.0000    0.0000   15.0000  277.8130  277.8130  0.000000       0.00000       0.00000         229445.3463    0.000000    -0.00005     0.00000    0.000000000   -0.000000239   -0.000000399  255.266391  74353.6241
2214.00   15.0000    0.0000   15.0000  277.8910  277.8910  0.000000       0.00000       0.00000         229380.9443    0.000000    -0.00005     0.00000    0.000000000   -0.000000239   -0.000000398  255.220951  74234.2965
2226.00   15.0000    0.0000   15.0000  277.9690  277.9690  0.000000       0.00000       0.00000         229316.5785    0.000000    -0.00005     0.00000    0.000000000   -0.000000239   -0.000000398  255.175477  74115.1393
2238.00   15.0000    0.0000   15.0000  278.0470  278.0470  0.000000       0.00000       0.00000         229252.2487    0.000000    -0.00005     0.00000    0.000000000   -0.000000239   -0.000000397  255.129971  73996.1522
2250.00   15.0000    0.0000   15.0000  278.1250  278.1250  0.000000       0.00000       0.00000         229187.9551    0.000000    -0.00005     0.00000    0.000000000   -0.000000238   -0.000000397  255.084432  73877.3349
2262.00   15.0000    0.0000   15.0000  278.2030  278.2030  0.000000       0.00000       0.00000         229123.6974    0.000000    -0.00006     0.00000    0.000000000   -0.000000238   -0.000000396  255.038860  73758.6872
2274.00   15.0000    0.0000   15.0000  278.2810  278.2810  0.000000       0.00000       0.00000         229059.4759    0.000000    -0.00006     0.00000    0.000000000   -0.000000238   -0.000000396  254.993256  73640.2089
2286.00   15.0000    0.0000   15.0000  278.3590  278.3590  0.000000       0.00000       0.00000         228995.2903    0.000000    -0.00006     0.00000    0.000000000   -0.000000238   -0.000000395  254.947618  73521.8998
2298.00   15.0000    0.0000   15.0000  278.4370  278.4370  0.000000       0.00000       0.00000         228931.1406    0.000000    -0.00006     0.00000    0.000000000   -0.000000238   -0.000000395  254.901948  73403.7596
2310.00   15.0000    0.0000   15.0000  278.5150  278.5150  0.000000       0.00000       0.00000         228867.0269    0.000000    -0.00006     0.00000    0.000000000   -0.000000238   -0.000000394  254.856245  73285.7881
2322.00   15.0000    0.0000   15.0000  278.5930  278.5930  0.000000       0.00000       0.00000         228802.9491    0.000000    -0.00006     0.00000    0.000000000   -0.000000238   -0.000000394  254.810509  73167.9851
2334.00   15.0000    0.0000   15.0000  278.6710  278.6710  0.000000       0.00000       0.00000         228738.9072    0.000000    -0.00006     0.00000    0.000000000   -0.000000238   -0.000000394  254.764740  73050.3504
2346.00   15.0000    0.0000   15.0000  278.7490  278.7490  0.000000       0.00000       0.00000         228674.9011    0.000000    -0.00006     0.00000    0.000000000   -0.000000237   -0.000000393  254.718939  72932.8837
2358.00   15.0000    0.0000   15.0000  278.8270  278.8270  0.000000       0.00000       0.00000         228610.9308    0.000000    -0.00006     0.00000    0.000000000   -0.000000237   -0.000000393  254.673104  72815.5848
2370.00   15.0000    0.0000   15.0000  278.9050  278.9050  0.000000       0.00000       0.00000         228546.9963    0.000000    -0.00006     0.00000    0.000000000   -0.000000237   -0.000000392  254.627237  72698.4535
2382.00   15.0000    0.0000   15.0000  278.9830  278.9830  0.000000       0.00000       0.00000              0.0000    0.000000    -0.00006     0.00000    0.000000000    0.000000000    0.000000000  254.581338  72581.4895
2394.00   15.0000    0.0000   15.0000  279.0610  279.0610  0.000000       0.00000       0.00000              0.0000    0.000000     0.00000     0.00000    0.000000000    0.000000000    0.000000000  254.535405  72464.6927
