   0.00    0.0000    0.0000    0.0000  245.0025  245.0025  0.000000       0.00000       0.00000              0.0000    0.000000     0.00000     0.00000    0.000000000    0.000000000    0.000000000    0.000000      0.0000
   6.00    7.4098    3.5758    8.2274  246.9669  246.9669  0.000000       0.65117       0.65117              0.0000    0.000000     0.00000     0.00000   -0.000039461    0.000000000    0.000000000  246.879146  99875.6120
  18.00    8.5227    4.0138    9.4205  247.1533  247.1533  0.000000       1.81821       1.81821              0.0771    0.000000    -0.00000     0.00000   -0.000044034    0.000000000    0.000000000  246.919060  99668.4841
  30.00    9.2657    4.2478   10.1930  247.2821  247.2821  0.000000       1.65725       1.65725              0.1081    0.000000    -0.00000     0.00000   -0.000053300    0.000000097    0.000000033  246.930643  99503.1453
  42.00    9.9652    4.4149   10.8993  247.4078  247.4078  0.000000       1.78208       1.78208              0.1253    0.000000    -0.00000     0.00000   -0.000057088    0.000000081    0.000000017  246.939050  99338.0875
  54.00   10.6023    4.5198   11.5255  247.5271  247.5271  0.000000       1.70418       1.70418              0.1438    0.000000    -0.00000     0.00000   -0.000059954    0.000000070    0.000000007  246.941000  99173.3069
  66.00   11.2116    4.5746   12.1089  247.6467  247.6467  0.000000       1.63065       1.63065              0.1600    0.000000    -0.00000     0.00000   -0.000062483    0.000000073    0.000000009  246.943132  99008.8010
  78.00   11.7959    4.5827   12.6548  247.7676  247.7676  0.000000       1.51610       1.51610              0.1762    0.000000    -0.00000     0.00000   -0.000064834    0.000000081    0.000000018  246.946629  98844.5698
  90.00   12.3615    4.5458   13.1709  247.8921  247.8921  0.000000       1.39192       1.39192              0.1922    0.000000    -0.00000     0.00000   -0.000067159    0.000000096    0.000000032  246.953565  98680.6146
 102.00   12.9092    4.4643   13.6594  248.0214  248.0214  0.000000       1.25785       1.25785              0.2087    0.000000    -0.00000     0.00000   -0.000069533    0.000000115    0.000000050  246.965253  98516.9374
 114.00   13.4391    4.3377   14.1218  248.1570  248.1570  0.000000       1.12124       1.12124              0.2259    0.000000    -0.00000     0.00000   -0.000072017    0.000000140    0.000000074  246.983147  98353.5415
 126.00   13.9492    4.1651   14.5577  248.3003  248.3003  0.000000       0.98468       0.98468              0.2443    0.000000    -0.00001     0.00000   -0.000074684    0.000000171    0.000000103  247.008677  98190.4310
 138.00   14.4364    3.9452   14.9658  248.4531  248.4531  0.000000       0.85089       0.85089              0.2642    0.000000    -0.00001     0.00000   -0.000077579    0.000000208    0.000000139  247.043482  98027.6108
 150.00   14.8964    3.6767   15.3434  248.6171  248.6171  0.000000       0.72172       0.72172              0.2863    0.000000    -0.00001     0.00000   -0.000080792    0.000000253    0.000000182  247.089478  97865.0871
 162.00   15.3231    3.3585   15.6869  248.7950  248.7950  0.000000       0.59804       0.59804              0.3115    0.000000    -0.00001     0.00000   -0.000084375    0.000000310    0.000000237  247.149110  97702.8676
 174.00   15.7087    2.9896   15.9906  248.9899  248.9899  0.000000       0.48183       0.48183              0.3409    0.000000    -0.00001     0.00000   -0.000088473    0.000000383    0.000000306  247.225550  97540.9615
 186.00   16.0432    2.5690   16.2476  249.2067  249.2067  0.000000       0.37106       0.37106              0.3771    0.000000    -0.00001     0.00000   -0.000093313    0.000000478    0.000000398  247.323723  97379.3807
 198.00   16.3118    2.0984   16.4462  249.4522  249.4522  0.000000       0.27285       0.27285              0.4226    0.000000    -0.00002     0.00000   -0.000099101    0.000000620    0.000000534  247.450210  97218.1407
 210.00   16.4956    1.5726   16.5704  249.7431  249.7431  0.000000       0.17238       0.17238              0.4930    0.000000    -0.00002     0.00000   -0.000107003    0.000000831    0.000000736  247.621648  97057.2645
 222.00   16.5518    1.0153   16.5829  250.0960  250.0960  0.000000       0.10735       0.10735              0.5854    0.000000    -0.00002     0.00000   -0.000123662    0.000001346    0.000001224  247.854386  96896.7853
 234.00   16.3649    0.3764   16.3692  250.6438  250.6438  0.000000       0.00783       0.00783              1.3401    0.000000     0.00000     0.00000   -0.000104143    0.000009725    0.000008114  248.280038  96736.7839
 246.00   15.1543   -0.0750   15.1544  254.5795  254.5795  0.000000       0.00058       0.00058              2.5006    0.000000    -0.00011     0.00000   -0.000111950    0.000012764    0.000013480  252.060604  96578.3785
 258.00   15.0006   -0.0012   15.0006  256.0635  256.0635  0.000000       0.00000       0.00000             75.9692    0.000000    -0.00008     0.00000   -0.000002992    0.000006514    0.000006361  253.412406  96421.8455
 270.00   15.0000   -0.0000   15.0000  257.0111  257.0111  0.000000       0.00000       0.00000         602016.4614    0.000000    -0.00005     0.00000   -0.000000000    0.000004271    0.000004098  254.232881  96266.2352
 282.00   15.0000   -0.0000   15.0000  257.6247  257.6247  0.000000       0.00000       0.00000        1787896.9678    0.000000    -0.00004     0.00000    0.000000000    0.000003052    0.000002866  254.722638  96111.2761
 294.00   15.0000   -0.0000   15.0000  258.1383  258.1383  0.000000       0.00000       0.00000        1523979.9195    0.000000    -0.00004     0.00000    0.000000000    0.000002593    0.000002411  255.113274  95956.8333
 306.00   15.0000   -0.0000   15.0000  258.5875  258.5875  0.000000       0.00000       0.00000        1344014.4356    0.000000    -0.00004     0.00000    0.000000000    0.000002272    0.000002092  255.439957  95802.8553
 318.00   15.0000   -0.0000   15.0000  258.9889  258.9889  0.000000       0.00000       0.00000        1220011.6345    0.000000    -0.00004     0.00000    0.000000000    0.000002049    0.000001870  255.719303  95649.3065
 330.00   15.0000    0.0000   15.0000  259.3608  259.3608  0.000000       0.00000       0.00000        1134884.7418    0.000000    -0.00004     0.00000    0.000000000    0.000001898    0.000001720  255.969296  95496.1622
 342.00   15.0000    0.0000   15.0000  259.7093  259.7093  0.000000       0.00000       0.00000        1071023.0556    0.000000    -0.00004     0.00000    0.000000000    0.000001787    0.000001608  256.196060  95343.4054
 354.00   15.0000    0.0000   15.0000  260.0415  260.0415  0.000000       0.00000       0.00000        1015808.1957    0.000000    -0.00003     0.00000    0.000000000    0.000001688    0.000001509  256.406640  95191.0230
 366.00   15.0000    0.0000   15.0000  260.3557  260.3557  0.000000       0.00000       0.00000         969059.5209    0.000000    -0.00003     0.00000    0.000000000    0.000001603    0.000001424  256.599308  95039.0036
 378.00   15.0000    0.0000   15.0000  260.6590  260.6590  0.000000       0.00000       0.00000         916318.5454    0.000000    -0.00003     0.00000    0.000000000    0.000001498    0.000001320  256.781008  94887.3376
 390.00   15.0000    0.0000   15.0000  260.9403  260.9403  0.000000       0.00000       0.00000         880165.4934    0.000000    -0.00003     0.00000    0.000000000    0.000001431    0.000001251  256.940966  94736.0143
 402.00   15.0000    0.0000   15.0000  261.2211  261.2211  0.000000       0.00000       0.00000         830737.4147    0.000000    -0.00003     0.00000    0.000000000    0.000001324    0.000001146  257.100286  94585.0260
 414.00   15.0000    0.0000   15.0000  261.4714  261.4714  0.000000       0.00000       0.00000         787693.7423    0.000000    -0.00003     0.00000    0.000000000    0.000001231    0.000001051  257.229493  94434.3629
 426.00   15.0000    0.0000   15.0000  261.7251  261.7251  0.000000       0.00000       0.00000         761361.0856    0.000000    -0.00003     0.00000    0.000000000    0.000001176    0.000000997  257.361971  94284.0162
 438.00   15.0000    0.0000   15.0000  261.9590  261.9590  0.000000       0.00000       0.00000         726715.5704    0.000000    -0.00003     0.00000    0.000000000    0.000001098    0.000000918  257.474853  94133.9804
 450.00   15.0000    0.0000   15.0000  262.1910  262.1910  0.000000       0.00000       0.00000         707013.6560    0.000000    -0.00003     0.00000    0.000000000    0.000001057    0.000000877  257.585707  93984.2484
 462.00   15.0000    0.0000   15.0000  262.4127  262.4127  0.000000       0.00000       0.00000         682093.8323    0.000000    -0.00003     0.00000    0.000000000    0.000001001    0.000000820  257.686368  93834.8158
 474.00   15.0000    0.0000   15.0000  262.6291  262.6291  0.000000       0.00000       0.00000         663382.3721    0.000000    -0.00003     0.00000    0.000000000    0.000000959    0.000000778  257.781679  93685.6775
 486.00   15.0000    0.0000   15.0000  262.8391  262.8391  0.000000       0.00000       0.00000         645318.6345    0.000000    -0.00003     0.00000    0.000000000    0.000000918    0.000000737  257.870695  93536.8294
 498.00   15.0000    0.0000   15.0000  263.0442  263.0442  0.000000       0.00000       0.00000         629161.4941    0.000000    -0.00003     0.00000    0.000000000    0.000000881    0.000000699  257.954750  93388.2677
 510.00   15.0000    0.0000   15.0000  263.2441  263.2441  0.000000       0.00000       0.00000         614333.3918    0.000000    -0.00003     0.00000    0.000000000    0.000000847    0.000000665  258.033698  93239.9887
 522.00   15.0000    0.0000   15.0000  263.4399  263.4399  0.000000       0.00000       0.00000         600488.2039    0.000000    -0.00003     0.00000    0.000000000    0.000000815    0.000000632  258.108511  93091.9892
 534.00   15.0000    0.0000   15.0000  263.6313  263.6313  0.000000       0.00000       0.00000         587137.6262    0.000000    -0.00003     0.00000    0.000000000    0.000000783    0.000000600  258.178826  92944.2662
 546.00   15.0000    0.0000   15.0000  263.8188  263.8188  0.000000       0.00000       0.00000         572229.2406    0.000000    -0.00003     0.00000    0.000000000    0.000000747    0.000000563  258.245307  92796.8166
 558.00   15.0000    0.0000   15.0000  264.0007  264.0007  0.000000       0.00000       0.00000         558684.0470    0.000000    -0.00003     0.00000    0.000000000    0.000000713    0.000000528  258.306296  92649.6372
 570.00   15.0000    0.0000   15.0000  264.1797  264.1797  0.000000       0.00000       0.00000         541361.8308    0.000000    -0.00003     0.00000    0.000000000    0.000000667    0.000000483  258.364298  92502.7251
 582.00   15.0000    0.0000   15.0000  264.3507  264.3507  0.000000       0.00000       0.00000         525649.0405    0.000000    -0.00003     0.00000    0.000000000    0.000000626    0.000000441  258.414415  92356.0766
 594.00   15.0000    0.0000   15.0000  264.5198  264.5198  0.000000       0.00000       0.00000         507881.8127    0.000000    -0.00003     0.00000    0.000000000    0.000000578    0.000000393  258.462545  92209.6884
 606.00   15.0000    0.0000   15.0000  264.6795  264.6795  0.000000       0.00000       0.00000         486366.9257    0.000000    -0.00003     0.00000    0.000000000    0.000000518    0.000000333  258.501487  92063.5568
 618.00   15.0000    0.0000   15.0000  264.8348  264.8348  0.000000       0.00000       0.00000         471088.1602    0.000000    -0.00003     0.00000    0.000000000    0.000000475    0.000000291  258.536053  91917.6775
 630.00   15.0000    0.0000   15.0000  264.9849  264.9849  0.000000       0.00000       0.00000         454964.8602    0.000000    -0.00003     0.00000    0.000000000    0.000000429    0.000000246  258.565369  91772.0474
 642.00   15.0000    0.0000   15.0000  265.1299  265.1299  0.000000       0.00000       0.00000         441310.7316    0.000000    -0.00003     0.00000    0.000000000    0.000000391    0.000000207  258.589766  91626.6631
 654.00   15.0000    0.0000   15.0000  265.2712  265.2712  0.000000       0.00000       0.00000         429990.8627    0.000000    -0.00003     0.00000    0.000000000    0.000000358    0.000000175  258.610468  91481.5217
 666.00   15.0000    0.0000   15.0000  265.4090  265.4090  0.000000       0.00000       0.00000         420154.0789    0.000000    -0.00003     0.00000    0.000000000    0.000000330    0.000000147  258.627723  91336.6209
 678.00   15.0000    0.0000   15.0000  265.5441  265.5441  0.000000       0.00000       0.00000         411729.2237    0.000000    -0.00003     0.00000    0.000000000    0.000000306    0.000000122  258.642217  91191.9585
 690.00   15.0000    0.0000   15.0000  265.6766  265.6766  0.000000       0.00000       0.00000         404299.8879    0.000000    -0.00003     0.00000    0.000000000    0.000000285    0.000000101  258.654154  91047.5325
 702.00   15.0000    0.0000   15.0000  265.8070  265.8070  0.000000       0.00000       0.00000         397886.6316    0.000000    -0.00003     0.00000    0.000000000    0.000000266    0.000000082  258.663957  90903.3414
 714.00   15.0000    0.0000   15.0000  265.9354  265.9354  0.000000       0.00000       0.00000         392317.5731    0.000000    -0.00003     0.00000    0.000000000    0.000000250    0.000000066  258.671844  90759.3835
 726.00   15.0000    0.0000   15.0000  266.0623  266.0623  0.000000       0.00000       0.00000         387490.5454    0.000000    -0.00003     0.00000    0.000000000    0.000000236    0.000000052  258.678128  90615.6576
 738.00   15.0000    0.0000   15.0000  266.1878  266.1878  0.000000       0.00000       0.00000         383194.6360    0.000000    -0.00003     0.00000    0.000000000    0.000000223    0.000000039  258.682966  90472.1623
 750.00   15.0000    0.0000   15.0000  266.3120  266.3120  0.000000       0.00000       0.00000         379220.7289    0.000000    -0.00003     0.00000    0.000000000    0.000000212    0.000000028  258.686535  90328.8966
 762.00   15.0000    0.0000   15.0000  266.4349  266.4349  0.000000       0.00000       0.00000         375761.8316    0.000000    -0.00003     0.00000    0.000000000    0.000000202    0.000000017  258.688860  90185.8594
 774.00   15.0000    0.0000   15.0000  266.5570  266.5570  0.000000       0.00000       0.00000         372292.1393    0.000000    -0.00003     0.00000    0.000000000    0.000000191    0.000000007  258.690242  90043.0497
 786.00   15.0000    0.0000   15.0000  266.6778  266.6778  0.000000       0.00000       0.00000         369864.2029    0.000000    -0.00003     0.00000    0.000000000    0.000000184   -0.000000000  258.690371  89900.4666
 798.00   15.0000    0.0000   15.0000  266.7984  266.7984  0.000000       0.00000       0.00000         367350.5278    0.000000    -0.00003     0.00000    0.000000000    0.000000177   -0.000000008  258.690216  89758.1092
 810.00   15.0000    0.0000   15.0000  266.9176  266.9176  0.000000       0.00000       0.00000         365374.7541    0.000000    -0.00003     0.00000    0.000000000    0.000000171   -0.000000014  258.688754  89615.9768
 822.00   15.0000    0.0000   15.0000  267.0370  267.0370  0.000000       0.00000       0.00000         364613.7012    0.000000    -0.00003     0.00000    0.000000000    0.000000169   -0.000000016  258.687346  89474.0687
 834.00   15.0000    0.0000   15.0000  267.1559  267.1559  0.000000       0.00000       0.00000         363778.7738    0.000000    -0.00003     0.00000    0.000000000    0.000000167   -0.000000018  258.685401  89332.3844
 846.00   15.0000    0.0000   15.0000  267.2749  267.2749  0.000000       0.00000       0.00000         363619.5384    0.000000    -0.00003     0.00000    0.000000000    0.000000167   -0.000000019  258.683463  89190.9234
 858.00   15.0000    0.0000   15.0000  267.3938  267.3938  0.000000       0.00000       0.00000         364519.8456    0.000000    -0.00003     0.00000    0.000000000    0.000000170   -0.000000016  258.681415  89049.6853
 870.00   15.0000    0.0000   15.0000  267.5134  267.5134  0.000000       0.00000       0.00000         367192.6548    0.000000    -0.00003     0.00000    0.000000000    0.000000178   -0.000000008  258.680045  88908.6700
 882.00   15.0000    0.0000   15.0000  267.6342  267.6342  0.000000       0.00000       0.00000         371050.3665    0.000000    -0.00003     0.00000    0.000000000    0.000000190    0.000000003  258.679689  88767.8775
 894.00   15.0000    0.0000   15.0000  267.7565  267.7565  0.000000       0.00000       0.00000         376861.7997    0.000000    -0.00003     0.00000    0.000000000    0.000000208    0.000000021  258.680760  88627.3081
 906.00   15.0000    0.0000   15.0000  267.8811  267.8811  0.000000       0.00000       0.00000         385666.4246    0.000000    -0.00004     0.00000    0.000000000    0.000000236    0.000000048  258.684083  88486.9625
 918.00   15.0000    0.0000   15.0000  268.0093  268.0093  0.000000       0.00000       0.00000         399783.3052    0.000000    -0.00004     0.00000    0.000000000    0.000000280    0.000000091  258.690731  88346.8419
 930.00   15.0000    0.0000   15.0000  268.1434  268.1434  0.000000       0.00000       0.00000         415473.5571    0.000000    -0.00004     0.00000    0.000000000    0.000000330    0.000000139  258.702998  88206.9482
 942.00   15.0000    0.0000   15.0000  268.2820  268.2820  0.000000       0.00000       0.00000         460186.7296    0.000000    -0.00005     0.00000    0.000000000    0.000000470    0.000000276  258.719593  88067.2839
 954.00   15.0000    0.0000   15.0000  268.4455  268.4455  0.000000       0.00000       0.00000         474745.2866    0.000000    -0.00004     0.00000    0.000000000    0.000000518    0.000000322  258.760183  87927.8561
 966.00   15.0000    0.0000   15.0000  268.5938  268.5938  0.000000       0.00000       0.00000         657182.1675    0.000000    -0.00009     0.00000    0.000000000    0.000001098    0.000000884  258.786051  87788.6668
 978.00   15.0000    0.0000   15.0000  268.8775  268.8775  0.000000       0.00000       0.00000         621574.4396    0.000000    -0.00004     0.00000    0.000000000    0.000000989    0.000000786  258.942182  87649.7467
 990.00   15.0000    0.0000   15.0000  269.0029  269.0029  0.000000       0.00000       0.00000        1724789.5119    0.000000    -0.00031     0.00000    0.000000000    0.000004657    0.000004236  258.945801  87511.0893
1002.00   15.0000    0.0000   15.0000  270.0130  270.0130  0.000000       0.00000       0.00000        1646649.4439    0.000000    -0.00002     0.00000    0.000000000    0.000004420    0.000004279  259.800847  87372.8796
1014.00   15.0000    0.0000   15.0000  270.0910  270.0910  0.000000       0.00000       0.00000         236005.2723    0.000000    -0.00002     0.00000    0.000000000   -0.000000244   -0.000000442  259.758786  87235.1045
1026.00   15.0000    0.0000   15.0000  270.1690  270.1690  0.000000       0.00000       0.00000         235937.1356    0.000000    -0.00002     0.00000    0.000000000   -0.000000244   -0.000000442  259.716691  87097.5243
1038.00   15.0000    0.0000   15.0000  270.2470  270.2470  0.000000       0.00000       0.00000         235869.0383    0.000000    -0.00003     0.00000    0.000000000   -0.000000244   -0.000000442  259.674563  86960.1389
1050.00   15.0000    0.0000   15.0000  270.3250  270.3250  0.000000       0.00000       0.00000         235800.9803    0.000000    -0.00003     0.00000    0.000000000   -0.000000244   -0.000000441  259.632401  86822.9480
1062.00   15.0000    0.0000   15.0000  270.4030  270.4030  0.000000       0.00000       0.00000         235732.9615    0.000000    -0.00003     0.00000    0.000000000   -0.000000244   -0.000000441  259.590205  86685.9512
1074.00   15.0000    0.0000   15.0000  270.4810  270.4810  0.000000       0.00000       0.00000         235664.9820    0.000000    -0.00003     0.00000    0.000000000   -0.000000244   -0.000000441  259.547975  86549.1484
1086.00   15.0000    0.0000   15.0000  270.5590  270.5590  0.000000       0.00000       0.00000         235597.0417    0.000000    -0.00003     0.00000    0.000000000   -0.000000244   -0.000000440  259.505712  86412.5393
1098.00   15.0000    0.0000   15.0000  270.6370  270.6370  0.000000       0.00000       0.00000         235529.1405    0.000000    -0.00003     0.00000    0.000000000   -0.000000244   -0.000000440  259.463415  86276.1236
1110.00   15.0000    0.0000   15.0000  270.7150  270.7150  0.000000       0.00000       0.00000         235461.2785    0.000000    -0.00003     0.00000    0.000000000   -0.000000244   -0.000000440  259.421084  86139.9011
1122.00   15.0000    0.0000   15.0000  270.7930  270.7930  0.000000       0.00000       0.00000         235393.4555    0.000000    -0.00003     0.00000    0.000000000   -0.000000244   -0.000000439  259.378719  86003.8714
1134.00   15.0000    0.0000   15.0000  270.8710  270.8710  0.000000       0.00000       0.00000         235325.6716    0.000000    -0.00003     0.00000    0.000000000   -0.000000244   -0.000000439  259.336321  85868.0344
1146.00   15.0000    0.0000   15.0000  270.9490  270.9490  0.000000       0.00000       0.00000         235257.9268    0.000000    -0.00003     0.00000    0.000000000   -0.000000244   -0.000000439  259.293889  85732.3898
1158.00   15.0000    0.0000   15.0000  271.0270  271.0270  0.000000       0.00000       0.00000         235190.2209    0.000000    -0.00003     0.00000    0.000000000   -0.000000244   -0.000000438  259.251423  85596.9372
1170.00   15.0000    0.0000   15.0000  271.1050  271.1050  0.000000       0.00000       0.00000         235122.5540    0.000000    -0.00003     0.00000    0.000000000   -0.000000244   -0.000000438  259.208923  85461.6766
1182.00   15.0000    0.0000   15.0000  271.1830  271.1830  0.000000       0.00000       0.00000         235054.9260    0.000000    -0.00003     0.00000    0.000000000   -0.000000244   -0.000000438  259.166390  85326.6075
1194.00   15.0000    0.0000   15.0000  271.2610  271.2610  0.000000       0.00000       0.00000         234987.3369    0.000000    -0.00003     0.00000    0.000000000   -0.000000244   -0.000000437  259.123823  85191.7298
1206.00   15.0000    0.0000   15.0000  271.3390  271.3390  0.000000       0.00000       0.00000         234919.7867    0.000000    -0.00003     0.00000    0.000000000   -0.000000244   -0.000000437  259.081223  85057.0432
1218.00   15.0000    0.0000   15.0000  271.4170  271.4170  0.000000       0.00000       0.00000         234852.2753    0.000000    -0.00003     0.00000    0.000000000   -0.000000244   -0.000000437  259.038588  84922.5474
1230.00   15.0000    0.0000   15.0000  271.4950  271.4950  0.000000       0.00000       0.00000         234784.8027    0.000000    -0.00003     0.00000    0.000000000   -0.000000244   -0.000000436  258.995921  84788.2422
1242.00   15.0000    0.0000   15.0000  271.5730  271.5730  0.000000       0.00000       0.00000         234717.3688    0.000000    -0.00003     0.00000    0.000000000   -0.000000244   -0.000000436  258.953219  84654.1274
1254.00   15.0000    0.0000   15.0000  271.6510  271.6510  0.000000       0.00000       0.00000         234649.9737    0.000000    -0.00003     0.00000    0.000000000   -0.000000244   -0.000000436  258.910484  84520.2025
1266.00   15.0000    0.0000   15.0000  271.7290  271.7290  0.000000       0.00000       0.00000         234582.6172    0.000000    -0.00003     0.00000    0.000000000   -0.000000244   -0.000000435  258.867715  84386.4675
1278.00   15.0000    0.0000   15.0000  271.8070  271.8070  0.000000       0.00000       0.00000         234515.2995    0.000000    -0.00003     0.00000    0.000000000   -0.000000244   -0.000000435  258.824913  84252.9221
1290.00   15.0000    0.0000   15.0000  271.8850  271.8850  0.000000       0.00000       0.00000         234448.0203    0.000000    -0.00003     0.00000    0.000000000   -0.000000244   -0.000000434  258.782077  84119.5659
1302.00   15.0000    0.0000   15.0000  271.9630  271.9630  0.000000       0.00000       0.00000         234380.7797    0.000000    -0.00003     0.00000    0.000000000   -0.000000244   -0.000000434  258.739207  83986.3988
1314.00   15.0000    0.0000   15.0000  272.0410  272.0410  0.000000       0.00000       0.00000         234313.5777    0.000000    -0.00003     0.00000    0.000000000   -0.000000244   -0.000000434  258.696304  83853.4205
1326.00   15.0000    0.0000   15.0000  272.1190  272.1190  0.000000       0.00000       0.00000         234246.4143    0.000000    -0.00003     0.00000    0.000000000   -0.000000244   -0.000000433  258.653367  83720.6307
1338.00   15.0000    0.0000   15.0000  272.1970  272.1970  0.000000       0.00000       0.00000         234179.2893    0.000000    -0.00003     0.00000    0.000000000   -0.000000244   -0.000000433  258.610397  83588.0292
1350.00   15.0000    0.0000   15.0000  272.2750  272.2750  0.000000       0.00000       0.00000         234112.2027    0.000000    -0.00003     0.00000    0.000000000   -0.000000244   -0.000000433  258.567393  83455.6157
1362.00   15.0000    0.0000   15.0000  272.3530  272.3530  0.000000       0.00000       0.00000         234045.1546    0.000000    -0.00003     0.00000    0.000000000   -0.000000244   -0.000000432  258.524356  83323.3900
1374.00   15.0000    0.0000   15.0000  272.4310  272.4310  0.000000       0.00000       0.00000         233978.1449    0.000000    -0.00003     0.00000    0.000000000   -0.000000244   -0.000000432  258.481285  83191.3519
1386.00   15.0000    0.0000   15.0000  272.5090  272.5090  0.000000       0.00000       0.00000         233911.1736    0.000000    -0.00003     0.00000    0.000000000   -0.000000244   -0.000000432  258.438180  83059.5010
1398.00   15.0000    0.0000   15.0000  272.5870  272.5870  0.000000       0.00000       0.00000         233844.2406    0.000000    -0.00003     0.00000    0.000000000   -0.000000244   -0.000000431  258.395042  82927.8371
1410.00   15.0000    0.0000   15.0000  272.6650  272.6650  0.000000       0.00000       0.00000         233777.3458    0.000000    -0.00003     0.00000    0.000000000   -0.000000244   -0.000000431  258.351871  82796.3600
1422.00   15.0000    0.0000   15.0000  272.7430  272.7430  0.000000       0.00000       0.00000         233710.4894    0.000000    -0.00003     0.00000    0.000000000   -0.000000244   -0.000000430  258.308666  82665.0694
1434.00   15.0000    0.0000   15.0000  272.8210  272.8210  0.000000       0.00000       0.00000         233643.6711    0.000000    -0.00003     0.00000    0.000000000   -0.000000244   -0.000000430  258.265427  82533.9651
1446.00   15.0000    0.0000   15.0000  272.8990  272.8990  0.000000       0.00000       0.00000         233576.8911    0.000000    -0.00004     0.00000    0.000000000   -0.000000244   -0.000000430  258.222156  82403.0468
1458.00   15.0000    0.0000   15.0000  272.9770  272.9770  0.000000       0.00000       0.00000         233510.1492    0.000000    -0.00004     0.00000    0.000000000   -0.000000244   -0.000000429  258.178850  82272.3143
1470.00   15.0000    0.0000   15.0000  273.0550  273.0550  0.000000       0.00000       0.00000         233443.4455    0.000000    -0.00004     0.00000    0.000000000   -0.000000244   -0.000000429  258.135511  82141.7673
1482.00   15.0000    0.0000   15.0000  273.1330  273.1330  0.000000       0.00000       0.00000         233376.7798    0.000000    -0.00004     0.00000    0.000000000   -0.000000244   -0.000000428  258.092139  82011.4056
1494.00   15.0000    0.0000   15.0000  273.2110  273.2110  0.000000       0.00000       0.00000         233310.1522    0.000000    -0.00004     0.00000    0.000000000   -0.000000244   -0.000000428  258.048733  81881.2289
1506.00   15.0000    0.0000   15.0000  273.2890  273.2890  0.000000       0.00000       0.00000         233243.5627    0.000000    -0.00004     0.00000    0.000000000   -0.000000244   -0.000000428  258.005294  81751.2370
1518.00   15.0000    0.0000   15.0000  273.3670  273.3670  0.000000       0.00000       0.00000         233177.0111    0.000000    -0.00004     0.00000    0.000000000   -0.000000244   -0.000000427  257.961821  81621.4296
1530.00   15.0000    0.0000   15.0000  273.4450  273.4450  0.000000       0.00000       0.00000         233110.4975    0.000000    -0.00004     0.00000    0.000000000   -0.000000244   -0.000000427  257.918315  81491.8065
1542.00   15.0000    0.0000   15.0000  273.5230  273.5230  0.000000       0.00000       0.00000         233044.0219    0.000000    -0.00004     0.00000    0.000000000   -0.000000244   -0.000000426  257.874776  81362.3674
1554.00   15.0000    0.0000   15.0000  273.6010  273.6010  0.000000       0.00000       0.00000         232977.5841    0.000000    -0.00004     0.00000    0.000000000   -0.000000244   -0.000000426  257.831203  81233.1121
1566.00   15.0000    0.0000   15.0000  273.6790  273.6790  0.000000       0.00000       0.00000         232911.1843    0.000000    -0.00004     0.00000    0.000000000   -0.000000244   -0.000000426  257.787597  81104.0403
1578.00   15.0000    0.0000   15.0000  273.7570  273.7570  0.000000       0.00000       0.00000         232844.8222    0.000000    -0.00004     0.00000    0.000000000   -0.000000244   -0.000000425  257.743957  80975.1518
1590.00   15.0000    0.0000   15.0000  273.8350  273.8350  0.000000       0.00000       0.00000         232778.4980    0.000000    -0.00004     0.00000    0.000000000   -0.000000244   -0.000000425  257.700285  80846.4464
1602.00   15.0000    0.0000   15.0000  273.9130  273.9130  0.000000       0.00000       0.00000         232712.2115    0.000000    -0.00004     0.00000    0.000000000   -0.000000244   -0.000000424  257.656578  80717.9238
1614.00   15.0000    0.0000   15.0000  273.9910  273.9910  0.000000       0.00000       0.00000         232645.9628    0.000000    -0.00004     0.00000    0.000000000   -0.000000244   -0.000000424  257.612839  80589.5837
1626.00   15.0000    0.0000   15.0000  274.0690  274.0690  0.000000       0.00000       0.00000         232579.7518    0.000000    -0.00004     0.00000    0.000000000   -0.000000244   -0.000000424  257.569066  80461.4259
1638.00   15.0000    0.0000   15.0000  274.1470  274.1470  0.000000       0.00000       0.00000         232513.5785    0.000000    -0.00004     0.00000    0.000000000   -0.000000244   -0.000000423  257.525259  80333.4502
1650.00   15.0000    0.0000   15.0000  274.2250  274.2250  0.000000       0.00000       0.00000         232447.4428    0.000000    -0.00004     0.00000    0.000000000   -0.000000244   -0.000000423  257.481420  80205.6564
1662.00   15.0000    0.0000   15.0000  274.3030  274.3030  0.000000       0.00000       0.00000         232381.3447    0.000000    -0.00004     0.00000    0.000000000   -0.000000244   -0.000000422  257.437547  80078.0440
1674.00   15.0000    0.0000   15.0000  274.3810  274.3810  0.000000       0.00000       0.00000         232315.2842    0.000000    -0.00004     0.00000    0.000000000   -0.000000244   -0.000000422  257.393641  79950.6131
1686.00   15.0000    0.0000   15.0000  274.4590  274.4590  0.000000       0.00000       0.00000         232249.2613    0.000000    -0.00004     0.00000    0.000000000   -0.000000244   -0.000000422  257.349701  79823.3632
1698.00   15.0000    0.0000   15.0000  274.5370  274.5370  0.000000       0.00000       0.00000         232183.2758    0.000000    -0.00004     0.00000    0.000000000   -0.000000244   -0.000000421  257.305729  79696.2942
1710.00   15.0000    0.0000   15.0000  274.6150  274.6150  0.000000       0.00000       0.00000         232117.3279    0.000000    -0.00004     0.00000    0.000000000   -0.000000244   -0.000000421  257.261723  79569.4057
1722.00   15.0000    0.0000   15.0000  274.6930  274.6930  0.000000       0.00000       0.00000         232051.4174    0.000000    -0.00004     0.00000    0.000000000   -0.000000244   -0.000000420  257.217683  79442.6977
1734.00   15.0000    0.0000   15.0000  274.7710  274.7710  0.000000       0.00000       0.00000         231985.5443    0.000000    -0.00004     0.00000    0.000000000   -0.000000244   -0.000000420  257.173611  79316.1697
1746.00   15.0000    0.0000   15.0000  274.8490  274.8490  0.000000       0.00000       0.00000         231919.7086    0.000000    -0.00004     0.00000    0.000000000   -0.000000244   -0.000000420  257.129505  79189.8217
1758.00   15.0000    0.0000   15.0000  274.9270  274.9270  0.000000       0.00000       0.00000         231853.9103    0.000000    -0.00004     0.00000    0.000000000   -0.000000244   -0.000000419  257.085366  79063.6532
1770.00   15.0000    0.0000   15.0000  275.0050  275.0050  0.000000       0.00000       0.00000         231788.1493    0.000000    -0.00004     0.00000    0.000000000   -0.000000244   -0.000000419  257.041194  78937.6642
1782.00   15.0000    0.0000   15.0000  275.0830  275.0830  0.000000       0.00000       0.00000         231722.4256    0.000000    -0.00004     0.00000    0.000000000   -0.000000244   -0.000000418  256.996988  78811.8543
1794.00   15.0000    0.0000   15.0000  275.1610  275.1610  0.000000       0.00000       0.00000         231656.7391    0.000000    -0.00004     0.00000    0.000000000   -0.000000243   -0.000000418  256.952750  78686.2234
1806.00   15.0000    0.0000   15.0000  275.2390  275.2390  0.000000       0.00000       0.00000         231591.0899    0.000000    -0.00004     0.00000    0.000000000   -0.000000243   -0.000000417  256.908478  78560.7711
1818.00   15.0000    0.0000   15.0000  275.3170  275.3170  0.000000       0.00000       0.00000         231525.4779    0.000000    -0.00004     0.00000    0.000000000   -0.000000243   -0.000000417  256.864173  78435.4972
1830.00   15.0000    0.0000   15.0000  275.3950  275.3950  0.000000       0.00000       0.00000         231459.9030    0.000000    -0.00004     0.00000    0.000000000   -0.000000243   -0.000000417  256.819835  78310.4016
1842.00   15.0000    0.0000   15.0000  275.4730  275.4730  0.000000       0.00000       0.00000         231394.3653    0.000000    -0.00004     0.00000    0.000000000   -0.000000243   -0.000000416  256.775463  78185.4839
1854.00   15.0000    0.0000   15.0000  275.5510  275.5510  0.000000       0.00000       0.00000         231328.8647    0.000000    -0.00005     0.00000    0.000000000   -0.000000243   -0.000000416  256.731059  78060.7439
1866.00   15.0000    0.0000   15.0000  275.6290  275.6290  0.000000       0.00000       0.00000         231263.4012    0.000000    -0.00005     0.00000    0.000000000   -0.000000243   -0.000000415  256.686621  77936.1814
1878.00   15.0000    0.0000   15.0000  275.7070  275.7070  0.000000       0.00000       0.00000         231197.9747    0.000000    -0.00005     0.00000    0.000000000   -0.000000243   -0.000000415  256.642150  77811.7962
1890.00   15.0000    0.0000   15.0000  275.7850  275.7850  0.000000       0.00000       0.00000         231132.5852    0.000000    -0.00005     0.00000    0.000000000   -0.000000243   -0.000000414  256.597646  77687.5879
1902.00   15.0000    0.0000   15.0000  275.8630  275.8630  0.000000       0.00000       0.00000         231067.2326    0.000000    -0.00005     0.00000    0.000000000   -0.000000243   -0.000000414  256.553109  77563.5564
1914.00   15.0000    0.0000   15.0000  275.9410  275.9410  0.000000       0.00000       0.00000         231001.9171    0.000000    -0.00005     0.00000    0.000000000   -0.000000243   -0.000000414  256.508539  77439.7015
1926.00   15.0000    0.0000   15.0000  276.0190  276.0190  0.000000       0.00000       0.00000         230936.6384    0.000000    -0.00005     0.00000    0.000000000   -0.000000243   -0.000000413  256.463936  77316.0229
1938.00   15.0000    0.0000   15.0000  276.0970  276.0970  0.000000       0.00000       0.00000         230871.3966    0.000000    -0.00005     0.00000    0.000000000   -0.000000243   -0.000000413  256.419300  77192.5203
1950.00   15.0000    0.0000   15.0000  276.1750  276.1750  0.000000       0.00000       0.00000         230806.1917    0.000000    -0.00005     0.00000    0.000000000   -0.000000243   -0.000000412  256.374630  77069.1935
1962.00   15.0000    0.0000   15.0000  276.2530  276.2530  0.000000       0.00000       0.00000         230741.0236    0.000000    -0.00005     0.00000    0.000000000   -0.000000243   -0.000000412  256.329928  76946.0423
1974.00   15.0000    0.0000   15.0000  276.3310  276.3310  0.000000       0.00000       0.00000         230675.8923    0.000000    -0.00005     0.00000    0.000000000   -0.000000242   -0.000000411  256.285192  76823.0665
1986.00   15.0000    0.0000   15.0000  276.4090  276.4090  0.000000       0.00000       0.00000         230610.7978    0.000000    -0.00005     0.00000    0.000000000   -0.000000242   -0.000000411  256.240424  76700.2658
1998.00   15.0000    0.0000   15.0000  276.4870  276.4870  0.000000       0.00000       0.00000         230545.7399    0.000000    -0.00005     0.00000    0.000000000   -0.000000242   -0.000000410  256.195622  76577.6399
2010.00   15.0000    0.0000   15.0000  276.5650  276.5650  0.000000       0.00000       0.00000         230480.7188    0.000000    -0.00005     0.00000    0.000000000   -0.000000242   -0.000000410  256.150787  76455.1888
2022.00   15.0000    0.0000   15.0000  276.6430  276.6430  0.000000       0.00000       0.00000         230415.7344    0.000000    -0.00005     0.00000    0.000000000   -0.000000242   -0.000000409  256.105920  76332.9120
2034.00   15.0000    0.0000   15.0000  276.7210  276.7210  0.000000       0.00000       0.00000         230350.7865    0.000000    -0.00005     0.00000    0.000000000   -0.000000242   -0.000000409  256.061019  76210.8094
2046.00   15.0000    0.0000   15.0000  276.7990  276.7990  0.000000       0.00000       0.00000         230285.8753    0.000000    -0.00005     0.00000    0.000000000   -0.000000242   -0.000000409  256.016085  76088.8808
2058.00   15.0000    0.0000   15.0000  276.8770  276.8770  0.000000       0.00000       0.00000         230221.0007    0.000000    -0.00005     0.00000    0.000000000   -0.000000242   -0.000000408  255.971118  75967.1258
2070.00   15.0000    0.0000   15.0000  276.9550  276.9550  0.000000       0.00000       0.00000         230156.1626    0.000000    -0.00005     0.00000    0.000000000   -0.000000242   -0.000000408  255.926119  75845.5444
2082.00   15.0000    0.0000   15.0000  277.0330  277.0330  0.000000       0.00000       0.00000         230091.3610    0.000000    -0.00005     0.00000    0.000000000   -0.000000242   -0.000000407  255.881086  75724.1362
2094.00   15.0000    0.0000   15.0000  277.1110  277.1110  0.000000       0.00000       0.00000         230026.5958    0.000000    -0.00005     0.00000    0.000000000   -0.000000242   -0.000000407  255.836020  75602.9010
2106.00   15.0000    0.0000   15.0000  277.1890  277.1890  0.000000       0.00000       0.00000         229961.8672    0.000000    -0.00005     0.00000    0.000000000   -0.000000242   -0.000000406  255.790922  75481.8386
2118.00   15.0000    0.0000   15.0000  277.2670  277.2670  0.000000       0.00000       0.00000         229897.1749    0.000000    -0.00005     0.00000    0.000000000   -0.000000241   -0.000000406  255.745790  75360.9488
2130.00   15.0000    0.0000   15.0000  277.3450  277.3450  0.000000       0.00000       0.00000         229832.5191    0.000000    -0.00005     0.00000    0.000000000   -0.000000241   -0.000000405  255.700626  75240.2313
2142.00   15.0000    0.0000   15.0000  277.4230  277.4230  0.000000       0.00000       0.00000         229767.8996    0.000000    -0.00005     0.00000    0.000000000   -0.000000241   -0.000000405  255.655428  75119.6858
2154.00   15.0000    0.0000   15.0000  277.5010  277.5010  0.000000       0.00000       0.00000         229703.3164    0.000000    -0.00005     0.00000    0.000000000   -0.000000241   -0.000000404  255.610198  74999.3123
2166.00   15.0000    0.0000   15.0000  277.5790  277.5790  0.000000       0.00000       0.00000         229638.7695    0.000000    -0.00005     0.00000    0.000000000   -0.000000241   -0.000000404  255.564935  74879.1103
2178.00   15.0000    0.0000   15.0000  277.6570  277.6570  0.000000       0.00000       0.00000         229574.2589    0.000000    -0.00005     0.00000    0.000000000   -0.000000241   -0.000000403  255.519639  74759.0798
2190.00   15.0000    0.0000   15.0000  277.7350  277.7350  0.000000       0.00000       0.00000         229509.7845    0.000000    -0.00005     0.00000    0.000000000   -0.000000241   -0.000000403  255.474310  74639.2204
2202.00   15.0000    0.0000   15.0000  277.8130  277.8130  0.000000       0.00000       0.00000         229445.3463    0.000000    -0.00005     0.00000    0.000000000   -0.000000241   -0.000000403  255.428948  74519.5320
2214.00   15.0000    0.0000   15.0000  277.8910  277.8910  0.000000       0.00000       0.00000         229380.9443    0.000000    -0.00005     0.00000    0.000000000   -0.000000241   -0.000000402  255.383553  74400.0143
2226.00   15.0000    0.0000   15.0000  277.9690  277.9690  0.000000       0.00000       0.00000         229316.5785    0.000000    -0.00005     0.00000    0.000000000   -0.000000241   -0.000000402  255.338125  74280.6671
2238.00   15.0000    0.0000   15.0000  278.0470  278.0470  0.000000       0.00000       0.00000         229252.2487    0.000000    -0.00005     0.00000    0.000000000   -0.000000240   -0.000000401  255.292665  74161.4901
2250.00   15.0000    0.0000   15.0000  278.1250  278.1250  0.000000       0.00000       0.00000         229187.9551    0.000000    -0.00005     0.00000    0.000000000   -0.000000240   -0.000000401  255.247171  74042.4832
2262.00   15.0000    0.0000   15.0000  278.2030  278.2030  0.000000       0.00000       0.00000         229123.6974    0.000000    -0.00006     0.00000    0.000000000   -0.000000240   -0.000000400  255.201645  73923.6460
2274.00   15.0000    0.0000   15.0000  278.2810  278.2810  0.000000       0.00000       0.00000         229059.4759    0.000000    -0.00006     0.00000    0.000000000   -0.000000240   -0.000000400  255.156086  73804.9785
2286.00   15.0000    0.0000   15.0000  278.3590  278.3590  0.000000       0.00000       0.00000         228995.2903    0.000000    -0.00006     0.00000    0.000000000   -0.000000240   -0.000000399  255.110494  73686.4802
2298.00   15.0000    0.0000   15.0000  278.4370  278.4370  0.000000       0.00000       0.00000         228931.1406    0.000000    -0.00006     0.00000    0.000000000   -0.000000240   -0.000000399  255.064869  73568.1511
2310.00   15.0000    0.0000   15.0000  278.5150  278.5150  0.000000       0.00000       0.00000         228867.0269    0.000000    -0.00006     0.00000    0.000000000   -0.000000240   -0.000000398  255.019212  73449.9909
2322.00   15.0000    0.0000   15.0000  278.5930  278.5930  0.000000       0.00000       0.00000         228802.9491    0.000000    -0.00006     0.00000    0.000000000   -0.000000240   -0.000000398  254.973522  73331.9994
2334.00   15.0000    0.0000   15.0000  278.6710  278.6710  0.000000       0.00000       0.00000         228738.9072    0.000000    -0.00006     0.00000    0.000000000   -0.000000239   -0.000000397  254.927799  73214.1763
2346.00   15.0000    0.0000   15.0000  278.7490  278.7490  0.000000       0.00000       0.00000         228674.9011    0.000000    -0.00006     0.00000    0.000000000   -0.000000239   -0.000000397  254.882043  73096.5214
2358.00   15.0000    0.0000   15.0000  278.8270  278.8270  0.000000       0.00000       0.00000         228610.9308    0.000000    -0.00006     0.00000    0.000000000   -0.000000239   -0.000000396  254.836254  72979.0345
2370.00   15.0000    0.0000   15.0000  278.9050  278.9050  0.000000       0.00000       0.00000         228546.9963    0.000000    -0.00006     0.00000    0.000000000   -0.000000239   -0.000000396  254.790433  72861.7154
2382.00   15.0000    0.0000   15.0000  278.9830  278.9830  0.000000       0.00000       0.00000              0.0000    0.000000    -0.00006     0.00000    0.000000000    0.000000000    0.000000000  254.744579  72744.5638
2394.00   15.0000    0.0000   15.0000  279.0610  279.0610  0.000000       0.00000       0.00000              0.0000    0.000000     0.00000     0.00000    0.000000000    0.000000000    0.000000000  254.698692  72627.5796
