   0.00    0.0000    0.0000    0.0000  240.6260  240.6260  0.000000       0.00000       0.00000              0.0000    0.000000     0.00000     0.00000    0.000000000    0.000000000    0.000000000    0.000000      0.0000
   6.00    7.8184    3.5496    8.5865  242.1226  242.1226  0.000000       0.73383       0.73383              0.0000    0.000000     0.00000     0.00000   -0.000009578    0.000000000    0.000000000  242.034814  99873.1256
  18.00    8.8438    3.9387    9.6812  242.2278  242.2278  0.000000       2.28764       2.28764              0.0536    0.000000    -0.00000     0.00000   -0.000021118    0.000000000    0.000000000  241.993593  99661.8328
  30.00    9.4963    4.1435   10.3609  242.2972  242.2972  0.000000       2.20898       2.20898              0.0779    0.000000    -0.00000     0.00000   -0.000025450   -0.000000073   -0.000000108  241.945775  99493.1222
  42.00   10.0923    4.2932   10.9675  242.3629  242.3629  0.000000       2.42296       2.42296              0.0920    0.000000    -0.00000     0.00000   -0.000027555   -0.000000082   -0.000000117  241.894315  99324.6627
  54.00   10.6283    4.3951   11.5012  242.4245  242.4245  0.000000       2.39145       2.39145              0.1067    0.000000    -0.00000     0.00000   -0.000029129   -0.000000087   -0.000000121  241.838693  99156.4513
  66.00   11.1348    4.4606   11.9950  242.4855  242.4855  0.000000       2.33849       2.33849              0.1197    0.000000    -0.00000     0.00000   -0.000030421   -0.000000087   -0.000000122  241.782368  98988.4859
  78.00   11.6185    4.4935   12.4571  242.5467  242.5467  0.000000       2.22651       2.22651              0.1326    0.000000    -0.00000     0.00000   -0.000031548   -0.000000085   -0.000000119  241.726294  98820.7661
  90.00   12.0860    4.4960   12.8952  242.6093  242.6093  0.000000       2.08963       2.08963              0.1454    0.000000    -0.00000     0.00000   -0.000032575   -0.000000081   -0.000000115  241.671610  98653.2921
 102.00   12.5406    4.4688   13.3130  242.6742  242.6742  0.000000       1.93182       1.93182              0.1584    0.000000    -0.00000     0.00000   -0.000033569   -0.000000075   -0.000000109  241.619144  98486.0649
 114.00   12.9841    4.4119   13.7132  242.7422  242.7422  0.000000       1.76252       1.76252              0.1720    0.000000    -0.00000     0.00000   -0.000034511   -0.000000067   -0.000000101  241.569760  98319.0860
 126.00   13.4174    4.3245   14.0971  242.8143  242.8143  0.000000       1.58652       1.58652              0.1864    0.000000    -0.00000     0.00000   -0.000035449   -0.000000056   -0.000000091  241.524369  98152.3576
 138.00   13.8404    4.2053   14.4652  242.8915  242.8915  0.000000       1.40831       1.40831              0.2020    0.000000    -0.00000     0.00000   -0.000036401   -0.000000044   -0.000000079  241.484028  97985.8823
 150.00   14.2524    4.0526   14.8174  242.9751  242.9751  0.000000       1.23117       1.23117              0.2191    0.000000    -0.00000     0.00000   -0.000037396   -0.000000028   -0.000000064  241.450032  97819.6639
 162.00   14.6518    3.8638   15.1527  243.0668  243.0668  0.000000       1.05798       1.05798              0.2382    0.000000    -0.00001     0.00000   -0.000038484   -0.000000008   -0.000000044  241.424031  97653.7068
 174.00   15.0359    3.6360   15.4693  243.1688  243.1688  0.000000       0.89103       0.89103              0.2600    0.000000    -0.00001     0.00000   -0.000039745    0.000000018   -0.000000020  241.408229  97488.0169
 186.00   15.4006    3.3652   15.7640  243.2842  243.2842  0.000000       0.73282       0.73282              0.2853    0.000000    -0.00001     0.00000   -0.000041397    0.000000053    0.000000013  241.405655  97322.6019
 198.00   15.7398    3.0467   16.0320  243.4173  243.4173  0.000000       0.58475       0.58475              0.3156    0.000000    -0.00001     0.00000   -0.000043359    0.000000099    0.000000058  241.420657  97157.4718
 210.00   16.0441    2.6750   16.2656  243.5748  243.5748  0.000000       0.44999       0.44999              0.3526    0.000000    -0.00001     0.00000   -0.000046416    0.000000165    0.000000121  241.459718  96992.6403
 222.00   16.2993    2.2431   16.4529  243.7672  243.7672  0.000000       0.32755       0.32755              0.4000    0.000000    -0.00002     0.00000   -0.000051429    0.000000263    0.000000213  241.533295  96828.1267
 234.00   16.4806    1.7472   16.5729  244.0104  244.0104  0.000000       0.22658       0.22658              0.4610    0.000000    -0.00002     0.00000   -0.000060598    0.000000419    0.000000362  241.657138  96663.9593
 246.00   16.5495    1.1795   16.5915  244.3378  244.3378  0.000000       0.13181       0.13181              0.5543    0.000000    -0.00003     0.00000   -0.000079012    0.000000653    0.000000584  241.864186  96500.1822
 258.00   16.4418    0.5949   16.4525  244.7752  244.7752  0.000000       0.08438       0.08438              0.6538    0.000000    -0.00003     0.00000   -0.000128004    0.000001097    0.000001001  242.180059  96336.8590
 270.00   16.0150    0.0150   16.0150  245.4541  245.4541  0.000000       0.00062       0.00062              2.5567    0.000000     0.00000     0.00000   -0.000187735    0.000009769    0.000007453  242.734541  96174.1043
 282.00   15.0060   -0.0080   15.0061  251.2405  251.2405  0.000000       0.00001       0.00001              6.3576    0.000000    -0.00011     0.00000   -0.000012553    0.000011374    0.000013040  248.338221  96013.6385
 294.00   15.0000   -0.0000   15.0000  252.4472  252.4472  0.000000       0.00000       0.00000          21172.2647    0.000000    -0.00010     0.00000   -0.000000048    0.000004512    0.000004314  249.413604  95855.6093
 306.00   15.0000   -0.0000   15.0000  253.5209  253.5209  0.000000       0.00000       0.00000        3031358.3286    0.000000    -0.00008     0.00000    0.000000000    0.000003915    0.000003752  250.357042  95698.4771
 318.00   15.0000   -0.0000   15.0000  254.3280  254.3280  0.000000       0.00000       0.00000        2371892.6491    0.000000    -0.00007     0.00000    0.000000000    0.000003157    0.000002992  251.036814  95542.1104
 330.00   15.0000   -0.0000   15.0000  254.9972  254.9972  0.000000       0.00000       0.00000        1997900.3128    0.000000    -0.00006     0.00000    0.000000000    0.000002711    0.000002549  251.580106  95386.3788
 342.00   15.0000   -0.0000   15.0000  255.5748  255.5748  0.000000       0.00000       0.00000        1747567.5754    0.000000    -0.00005     0.00000    0.000000000    0.000002402    0.000002243  252.032754  95231.2084
 354.00   15.0000    0.0000   15.0000  256.0902  256.0902  0.000000       0.00000       0.00000        1560668.9602    0.000000    -0.00005     0.00000    0.000000000    0.000002161    0.000002005  252.423846  95076.5494
 366.00   15.0000    0.0000   15.0000  256.5529  256.5529  0.000000       0.00000       0.00000        1418612.3913    0.000000    -0.00005     0.00000    0.000000000    0.000001974    0.000001818  252.762705  94922.3645
 378.00   15.0000    0.0000   15.0000  256.9810  256.9810  0.000000       0.00000       0.00000        1300332.3342    0.000000    -0.00005     0.00000    0.000000000    0.000001809    0.000001656  253.067212  94768.6252
 390.00   15.0000    0.0000   15.0000  257.3707  257.3707  0.000000       0.00000       0.00000        1206906.9022    0.000000    -0.00004     0.00000    0.000000000    0.000001678    0.000001525  253.333873  94615.3080
 402.00   15.0000    0.0000   15.0000  257.7412  257.7412  0.000000       0.00000       0.00000        1127651.7798    0.000000    -0.00004     0.00000    0.000000000    0.000001562    0.000001411  253.581301  94462.3940
 414.00   15.0000    0.0000   15.0000  258.0820  258.0820  0.000000       0.00000       0.00000        1062288.5711    0.000000    -0.00004     0.00000    0.000000000    0.000001466    0.000001314  253.799510  94309.8671
 426.00   15.0000    0.0000   15.0000  258.4121  258.4121  0.000000       0.00000       0.00000        1006806.9808    0.000000    -0.00004     0.00000    0.000000000    0.000001382    0.000001231  254.006937  94157.7140
 438.00   15.0000    0.0000   15.0000  258.7188  258.7188  0.000000       0.00000       0.00000         952954.2570    0.000000    -0.00004     0.00000    0.000000000    0.000001297    0.000001145  254.191198  94005.9234
 450.00   15.0000    0.0000   15.0000  259.0155  259.0155  0.000000       0.00000       0.00000         909865.8209    0.000000    -0.00004     0.00000    0.000000000    0.000001228    0.000001077  254.365575  93854.4843
 462.00   15.0000    0.0000   15.0000  259.2955  259.2955  0.000000       0.00000       0.00000         868078.9696    0.000000    -0.00004     0.00000    0.000000000    0.000001159    0.000001008  254.523421  93703.3877
 474.00   15.0000    0.0000   15.0000  259.5664  259.5664  0.000000       0.00000       0.00000         833831.0301    0.000000    -0.00004     0.00000    0.000000000    0.000001103    0.000000951  254.672119  93552.6252
 486.00   15.0000    0.0000   15.0000  259.8252  259.8252  0.000000       0.00000       0.00000         800889.2167    0.000000    -0.00004     0.00000    0.000000000    0.000001046    0.000000894  254.808936  93402.1895
 498.00   15.0000    0.0000   15.0000  260.0756  260.0756  0.000000       0.00000       0.00000         772667.8112    0.000000    -0.00004     0.00000    0.000000000    0.000000998    0.000000846  254.937369  93252.0738
 510.00   15.0000    0.0000   15.0000  260.3170  260.3170  0.000000       0.00000       0.00000         746707.0709    0.000000    -0.00004     0.00000    0.000000000    0.000000952    0.000000800  255.056830  93102.2722
 522.00   15.0000    0.0000   15.0000  260.5513  260.5513  0.000000       0.00000       0.00000         723052.1751    0.000000    -0.00004     0.00000    0.000000000    0.000000910    0.000000757  255.169284  92952.7792
 534.00   15.0000    0.0000   15.0000  260.7781  260.7781  0.000000       0.00000       0.00000         701867.5089    0.000000    -0.00004     0.00000    0.000000000    0.000000872    0.000000719  255.274179  92803.5897
 546.00   15.0000    0.0000   15.0000  260.9993  260.9993  0.000000       0.00000       0.00000         680808.6245    0.000000    -0.00004     0.00000    0.000000000    0.000000833    0.000000679  255.373583  92654.6992
 558.00   15.0000    0.0000   15.0000  261.2129  261.2129  0.000000       0.00000       0.00000         660802.1194    0.000000    -0.00004     0.00000    0.000000000    0.000000795    0.000000641  255.465488  92506.1032
 570.00   15.0000    0.0000   15.0000  261.4217  261.4217  0.000000       0.00000       0.00000         641358.3709    0.000000    -0.00004     0.00000    0.000000000    0.000000757    0.000000603  255.552536  92357.7974
 582.00   15.0000    0.0000   15.0000  261.6233  261.6233  0.000000       0.00000       0.00000         624012.0097    0.000000    -0.00004     0.00000    0.000000000    0.000000723    0.000000569  255.632421  92209.7777
 594.00   15.0000    0.0000   15.0000  261.8213  261.8213  0.000000       0.00000       0.00000         608283.3172    0.000000    -0.00004     0.00000    0.000000000    0.000000692    0.000000537  255.708742  92062.0404
 606.00   15.0000    0.0000   15.0000  262.0130  262.0130  0.000000       0.00000       0.00000         592755.4204    0.000000    -0.00004     0.00000    0.000000000    0.000000660    0.000000506  255.778901  91914.5819
 618.00   15.0000    0.0000   15.0000  262.2014  262.2014  0.000000       0.00000       0.00000         579432.6019    0.000000    -0.00004     0.00000    0.000000000    0.000000633    0.000000478  255.845605  91767.3990
 630.00   15.0000    0.0000   15.0000  262.3849  262.3849  0.000000       0.00000       0.00000         566365.5467    0.000000    -0.00004     0.00000    0.000000000    0.000000607    0.000000451  255.907520  91620.4887
 642.00   15.0000    0.0000   15.0000  262.5650  262.5650  0.000000       0.00000       0.00000         555011.0963    0.000000    -0.00004     0.00000    0.000000000    0.000000583    0.000000427  255.966128  91473.8481
 654.00   15.0000    0.0000   15.0000  262.7415  262.7415  0.000000       0.00000       0.00000         543921.3295    0.000000    -0.00004     0.00000    0.000000000    0.000000560    0.000000404  256.021011  91327.4746
 666.00   15.0000    0.0000   15.0000  262.9148  262.9148  0.000000       0.00000       0.00000         534177.3507    0.000000    -0.00004     0.00000    0.000000000    0.000000540    0.000000383  256.072745  91181.3657
 678.00   15.0000    0.0000   15.0000  263.0852  263.0852  0.000000       0.00000       0.00000         525223.2738    0.000000    -0.00004     0.00000    0.000000000    0.000000521    0.000000364  256.121591  91035.5192
 690.00   15.0000    0.0000   15.0000  263.2530  263.2530  0.000000       0.00000       0.00000         517174.0664    0.000000    -0.00004     0.00000    0.000000000    0.000000504    0.000000347  256.167776  90889.9330
 702.00   15.0000    0.0000   15.0000  263.4184  263.4184  0.000000       0.00000       0.00000         509918.1826    0.000000    -0.00004     0.00000    0.000000000    0.000000489    0.000000331  256.211634  90744.6051
 714.00   15.0000    0.0000   15.0000  263.5817  263.5817  0.000000       0.00000       0.00000         503812.8041    0.000000    -0.00004     0.00000    0.000000000    0.000000476    0.000000318  256.253325  90599.5339
 726.00   15.0000    0.0000   15.0000  263.7434  263.7434  0.000000       0.00000       0.00000         498981.7010    0.000000    -0.00004     0.00000    0.000000000    0.000000466    0.000000308  256.293407  90454.7176
 738.00   15.0000    0.0000   15.0000  263.9038  263.9038  0.000000       0.00000       0.00000         495145.1936    0.000000    -0.00004     0.00000    0.000000000    0.000000459    0.000000300  256.332117  90310.1550
 750.00   15.0000    0.0000   15.0000  264.0632  264.0632  0.000000       0.00000       0.00000         491929.6234    0.000000    -0.00004     0.00000    0.000000000    0.000000453    0.000000293  256.369839  90165.8449
 762.00   15.0000    0.0000   15.0000  264.2217  264.2217  0.000000       0.00000       0.00000         489177.2244    0.000000    -0.00004     0.00000    0.000000000    0.000000448    0.000000288  256.406577  90021.7864
 774.00   15.0000    0.0000   15.0000  264.3795  264.3795  0.000000       0.00000       0.00000         486998.6698    0.000000    -0.00004     0.00000    0.000000000    0.000000445    0.000000284  256.442616  89877.9784
 786.00   15.0000    0.0000   15.0000  264.5368  264.5368  0.000000       0.00000       0.00000         486304.5093    0.000000    -0.00004     0.00000    0.000000000    0.000000445    0.000000284  256.478030  89734.4201
 798.00   15.0000    0.0000   15.0000  264.6944  264.6944  0.000000       0.00000       0.00000         487128.7190    0.000000    -0.00004     0.00000    0.000000000    0.000000449    0.000000287  256.513675  89591.1109
 810.00   15.0000    0.0000   15.0000  264.8523  264.8523  0.000000       0.00000       0.00000         489043.4194    0.000000    -0.00004     0.00000    0.000000000    0.000000456    0.000000293  256.549649  89448.0506
 822.00   15.0000    0.0000   15.0000  265.0113  265.0113  0.000000       0.00000       0.00000         492212.4457    0.000000    -0.00004     0.00000    0.000000000    0.000000467    0.000000303  256.586539  89305.2390
 834.00   15.0000    0.0000   15.0000  265.1716  265.1716  0.000000       0.00000       0.00000         497598.8225    0.000000    -0.00004     0.00000    0.000000000    0.000000483    0.000000318  256.624547  89162.6762
 846.00   15.0000    0.0000   15.0000  265.3343  265.3343  0.000000       0.00000       0.00000         505630.3034    0.000000    -0.00004     0.00000    0.000000000    0.000000507    0.000000341  256.664866  89020.3627
 858.00   15.0000    0.0000   15.0000  265.4999  265.4999  0.000000       0.00000       0.00000         516123.3692    0.000000    -0.00005     0.00000    0.000000000    0.000000537    0.000000369  256.707968  88878.2993
 870.00   15.0000    0.0000   15.0000  265.6696  265.6696  0.000000       0.00000       0.00000         532099.9984    0.000000    -0.00005     0.00000    0.000000000    0.000000583    0.000000413  256.754932  88736.4876
 882.00   15.0000    0.0000   15.0000  265.8459  265.8459  0.000000       0.00000       0.00000         548520.9144    0.000000    -0.00005     0.00000    0.000000000    0.000000630    0.000000458  256.808131  88594.9297
 894.00   15.0000    0.0000   15.0000  266.0265  266.0265  0.000000       0.00000       0.00000         578073.0639    0.000000    -0.00005     0.00000    0.000000000    0.000000714    0.000000539  256.865486  88453.6281
 906.00   15.0000    0.0000   15.0000  266.2222  266.2222  0.000000       0.00000       0.00000         598174.8312    0.000000    -0.00005     0.00000    0.000000000    0.000000773    0.000000596  256.937338  88312.5872
 918.00   15.0000    0.0000   15.0000  266.4162  266.4162  0.000000       0.00000       0.00000         662422.9072    0.000000    -0.00007     0.00000    0.000000000    0.000000955    0.000000772  257.007437  88171.8101
 930.00   15.0000    0.0000   15.0000  266.6541  266.6541  0.000000       0.00000       0.00000         675344.7478    0.000000    -0.00006     0.00000    0.000000000    0.000000998    0.000000815  257.119793  88031.3072
 942.00   15.0000    0.0000   15.0000  266.8570  266.8570  0.000000       0.00000       0.00000         840816.5859    0.000000    -0.00010     0.00000    0.000000000    0.000001473    0.000001270  257.198223  87891.0803
 954.00   15.0000    0.0000   15.0000  267.2033  267.2033  0.000000       0.00000       0.00000         814075.8819    0.000000    -0.00006     0.00000    0.000000000    0.000001411    0.000001222  257.414825  87751.1568
 966.00   15.0000    0.0000   15.0000  267.3893  267.3893  0.000000       0.00000       0.00000        1244570.6334    0.000000    -0.00019     0.00000    0.000000000    0.000002693    0.000002427  257.476922  87611.5318
 978.00   15.0000    0.0000   15.0000  268.0177  268.0177  0.000000       0.00000       0.00000        1155052.2300    0.000000    -0.00004     0.00000    0.000000000    0.000002452    0.000002269  257.964784  87472.2773
 990.00   15.0000    0.0000   15.0000  268.1469  268.1469  0.000000       0.00000       0.00000        3040461.3047    0.000000    -0.00058     0.00000    0.000000000    0.000008604    0.000007743  257.972057  87333.3776
1002.00   15.0000    0.0000   15.0000  270.0130  270.0130  0.000000       0.00000       0.00000        2941903.4280    0.000000    -0.00002     0.00000    0.000000000    0.000008359    0.000008531  259.649791  87195.1479
1014.00   15.0000    0.0000   15.0000  270.0910  270.0910  0.000000       0.00000       0.00000         236005.2723    0.000000    -0.00002     0.00000    0.000000000   -0.000000242   -0.000000439  259.607687  87057.5731
1026.00   15.0000    0.0000   15.0000  270.1690  270.1690  0.000000       0.00000       0.00000         235937.1356    0.000000    -0.00002     0.00000    0.000000000   -0.000000242   -0.000000438  259.565549  86920.1931
1038.00   15.0000    0.0000   15.0000  270.2470  270.2470  0.000000       0.00000       0.00000         235869.0383    0.000000    -0.00003     0.00000    0.000000000   -0.000000242   -0.000000438  259.523377  86783.0076
1050.00   15.0000    0.0000   15.0000  270.3250  270.3250  0.000000       0.00000       0.00000         235800.9803    0.000000    -0.00003     0.00000    0.000000000   -0.000000242   -0.000000438  259.481171  86646.0164
1062.00   15.0000    0.0000   15.0000  270.4030  270.4030  0.000000       0.00000       0.00000         235732.9615    0.000000    -0.00003     0.00000    0.000000000   -0.000000242   -0.000000437  259.438932  86509.2192
1074.00   15.0000    0.0000   15.0000  270.4810  270.4810  0.000000       0.00000       0.00000         235664.9820    0.000000    -0.00003     0.00000    0.000000000   -0.000000243   -0.000000437  259.396658  86372.6157
1086.00   15.0000    0.0000   15.0000  270.5590  270.5590  0.000000       0.00000       0.00000         235597.0417    0.000000    -0.00003     0.00000    0.000000000   -0.000000243   -0.000000437  259.354351  86236.2058
1098.00   15.0000    0.0000   15.0000  270.6370  270.6370  0.000000       0.00000       0.00000         235529.1405    0.000000    -0.00003     0.00000    0.000000000   -0.000000243   -0.000000436  259.312010  86099.9890
1110.00   15.0000    0.0000   15.0000  270.7150  270.7150  0.000000       0.00000       0.00000         235461.2785    0.000000    -0.00003     0.00000    0.000000000   -0.000000243   -0.000000436  259.269636  85963.9652
1122.00   15.0000    0.0000   15.0000  270.7930  270.7930  0.000000       0.00000       0.00000         235393.4555    0.000000    -0.00003     0.00000    0.000000000   -0.000000243   -0.000000436  259.227227  85828.1342
1134.00   15.0000    0.0000   15.0000  270.8710  270.8710  0.000000       0.00000       0.00000         235325.6716    0.000000    -0.00003     0.00000    0.000000000   -0.000000243   -0.000000435  259.184785  85692.4955
1146.00   15.0000    0.0000   15.0000  270.9490  270.9490  0.000000       0.00000       0.00000         235257.9268    0.000000    -0.00003     0.00000    0.000000000   -0.000000243   -0.000000435  259.142310  85557.0491
1158.00   15.0000    0.0000   15.0000  271.0270  271.0270  0.000000       0.00000       0.00000         235190.2209    0.000000    -0.00003     0.00000    0.000000000   -0.000000243   -0.000000435  259.099800  85421.7946
1170.00   15.0000    0.0000   15.0000  271.1050  271.1050  0.000000       0.00000       0.00000         235122.5540    0.000000    -0.00003     0.00000    0.000000000   -0.000000243   -0.000000434  259.057257  85286.7318
1182.00   15.0000    0.0000   15.0000  271.1830  271.1830  0.000000       0.00000       0.00000         235054.9260    0.000000    -0.00003     0.00000    0.000000000   -0.000000243   -0.000000434  259.014680  85151.8603
1194.00   15.0000    0.0000   15.0000  271.2610  271.2610  0.000000       0.00000       0.00000         234987.3369    0.000000    -0.00003     0.00000    0.000000000   -0.000000243   -0.000000434  258.972070  85017.1801
1206.00   15.0000    0.0000   15.0000  271.3390  271.3390  0.000000       0.00000       0.00000         234919.7867    0.000000    -0.00003     0.00000    0.000000000   -0.000000243   -0.000000433  258.929425  84882.6907
1218.00   15.0000    0.0000   15.0000  271.4170  271.4170  0.000000       0.00000       0.00000         234852.2753    0.000000    -0.00003     0.00000    0.000000000   -0.000000243   -0.000000433  258.886748  84748.3920
1230.00   15.0000    0.0000   15.0000  271.4950  271.4950  0.000000       0.00000       0.00000         234784.8027    0.000000    -0.00003     0.00000    0.000000000   -0.000000243   -0.000000433  258.844036  84614.2836
1242.00   15.0000    0.0000   15.0000  271.5730  271.5730  0.000000       0.00000       0.00000         234717.3688    0.000000    -0.00003     0.00000    0.000000000   -0.000000243   -0.000000432  258.801291  84480.3654
1254.00   15.0000    0.0000   15.0000  271.6510  271.6510  0.000000       0.00000       0.00000         234649.9737    0.000000    -0.00003     0.00000    0.000000000   -0.000000243   -0.000000432  258.758512  84346.6371
1266.00   15.0000    0.0000   15.0000  271.7290  271.7290  0.000000       0.00000       0.00000         234582.6172    0.000000    -0.00003     0.00000    0.000000000   -0.000000243   -0.000000432  258.715700  84213.0984
1278.00   15.0000    0.0000   15.0000  271.8070  271.8070  0.000000       0.00000       0.00000         234515.2995    0.000000    -0.00003     0.00000    0.000000000   -0.000000243   -0.000000431  258.672854  84079.7490
1290.00   15.0000    0.0000   15.0000  271.8850  271.8850  0.000000       0.00000       0.00000         234448.0203    0.000000    -0.00003     0.00000    0.000000000   -0.000000243   -0.000000431  258.629974  83946.5888
1302.00   15.0000    0.0000   15.0000  271.9630  271.9630  0.000000       0.00000       0.00000         234380.7797    0.000000    -0.00003     0.00000    0.000000000   -0.000000243   -0.000000431  258.587061  83813.6174
1314.00   15.0000    0.0000   15.0000  272.0410  272.0410  0.000000       0.00000       0.00000         234313.5777    0.000000    -0.00003     0.00000    0.000000000   -0.000000243   -0.000000430  258.544114  83680.8346
1326.00   15.0000    0.0000   15.0000  272.1190  272.1190  0.000000       0.00000       0.00000         234246.4143    0.000000    -0.00003     0.00000    0.000000000   -0.000000243   -0.000000430  258.501134  83548.2401
1338.00   15.0000    0.0000   15.0000  272.1970  272.1970  0.000000       0.00000       0.00000         234179.2893    0.000000    -0.00003     0.00000    0.000000000   -0.000000243   -0.000000429  258.458120  83415.8338
1350.00   15.0000    0.0000   15.0000  272.2750  272.2750  0.000000       0.00000       0.00000         234112.2027    0.000000    -0.00003     0.00000    0.000000000   -0.000000243   -0.000000429  258.415072  83283.6153
1362.00   15.0000    0.0000   15.0000  272.3530  272.3530  0.000000       0.00000       0.00000         234045.1546    0.000000    -0.00003     0.00000    0.000000000   -0.000000243   -0.000000429  258.371991  83151.5844
1374.00   15.0000    0.0000   15.0000  272.4310  272.4310  0.000000       0.00000       0.00000         233978.1449    0.000000    -0.00003     0.00000    0.000000000   -0.000000243   -0.000000428  258.328877  83019.7408
1386.00   15.0000    0.0000   15.0000  272.5090  272.5090  0.000000       0.00000       0.00000         233911.1736    0.000000    -0.00003     0.00000    0.000000000   -0.000000243   -0.000000428  258.285729  82888.0843
1398.00   15.0000    0.0000   15.0000  272.5870  272.5870  0.000000       0.00000       0.00000         233844.2406    0.000000    -0.00003     0.00000    0.000000000   -0.000000243   -0.000000428  258.242547  82756.6147
1410.00   15.0000    0.0000   15.0000  272.6650  272.6650  0.000000       0.00000       0.00000         233777.3458    0.000000    -0.00003     0.00000    0.000000000   -0.000000243   -0.000000427  258.199332  82625.3316
1422.00   15.0000    0.0000   15.0000  272.7430  272.7430  0.000000       0.00000       0.00000         233710.4894    0.000000    -0.00003     0.00000    0.000000000   -0.000000243   -0.000000427  258.156083  82494.2349
1434.00   15.0000    0.0000   15.0000  272.8210  272.8210  0.000000       0.00000       0.00000         233643.6711    0.000000    -0.00003     0.00000    0.000000000   -0.000000243   -0.000000426  258.112801  82363.3242
1446.00   15.0000    0.0000   15.0000  272.8990  272.8990  0.000000       0.00000       0.00000         233576.8911    0.000000    -0.00004     0.00000    0.000000000   -0.000000243   -0.000000426  258.069486  82232.5994
1458.00   15.0000    0.0000   15.0000  272.9770  272.9770  0.000000       0.00000       0.00000         233510.1492    0.000000    -0.00004     0.00000    0.000000000   -0.000000243   -0.000000426  258.026137  82102.0602
1470.00   15.0000    0.0000   15.0000  273.0550  273.0550  0.000000       0.00000       0.00000         233443.4455    0.000000    -0.00004     0.00000    0.000000000   -0.000000243   -0.000000425  257.982754  81971.7063
1482.00   15.0000    0.0000   15.0000  273.1330  273.1330  0.000000       0.00000       0.00000         233376.7798    0.000000    -0.00004     0.00000    0.000000000   -0.000000243   -0.000000425  257.939338  81841.5374
1494.00   15.0000    0.0000   15.0000  273.2110  273.2110  0.000000       0.00000       0.00000         233310.1522    0.000000    -0.00004     0.00000    0.000000000   -0.000000243   -0.000000424  257.895889  81711.5535
1506.00   15.0000    0.0000   15.0000  273.2890  273.2890  0.000000       0.00000       0.00000         233243.5627    0.000000    -0.00004     0.00000    0.000000000   -0.000000243   -0.000000424  257.852406  81581.7541
1518.00   15.0000    0.0000   15.0000  273.3670  273.3670  0.000000       0.00000       0.00000         233177.0111    0.000000    -0.00004     0.00000    0.000000000   -0.000000243   -0.000000424  257.808890  81452.1390
1530.00   15.0000    0.0000   15.0000  273.4450  273.4450  0.000000       0.00000       0.00000         233110.4975    0.000000    -0.00004     0.00000    0.000000000   -0.000000243   -0.000000423  257.765340  81322.7081
1542.00   15.0000    0.0000   15.0000  273.5230  273.5230  0.000000       0.00000       0.00000         233044.0219    0.000000    -0.00004     0.00000    0.000000000   -0.000000243   -0.000000423  257.721757  81193.4609
1554.00   15.0000    0.0000   15.0000  273.6010  273.6010  0.000000       0.00000       0.00000         232977.5841    0.000000    -0.00004     0.00000    0.000000000   -0.000000243   -0.000000422  257.678141  81064.3974
1566.00   15.0000    0.0000   15.0000  273.6790  273.6790  0.000000       0.00000       0.00000         232911.1843    0.000000    -0.00004     0.00000    0.000000000   -0.000000243   -0.000000422  257.634491  80935.5173
1578.00   15.0000    0.0000   15.0000  273.7570  273.7570  0.000000       0.00000       0.00000         232844.8222    0.000000    -0.00004     0.00000    0.000000000   -0.000000243   -0.000000422  257.590808  80806.8202
1590.00   15.0000    0.0000   15.0000  273.8350  273.8350  0.000000       0.00000       0.00000         232778.4980    0.000000    -0.00004     0.00000    0.000000000   -0.000000242   -0.000000421  257.547091  80678.3060
1602.00   15.0000    0.0000   15.0000  273.9130  273.9130  0.000000       0.00000       0.00000         232712.2115    0.000000    -0.00004     0.00000    0.000000000   -0.000000242   -0.000000421  257.503341  80549.9744
1614.00   15.0000    0.0000   15.0000  273.9910  273.9910  0.000000       0.00000       0.00000         232645.9628    0.000000    -0.00004     0.00000    0.000000000   -0.000000242   -0.000000420  257.459558  80421.8252
1626.00   15.0000    0.0000   15.0000  274.0690  274.0690  0.000000       0.00000       0.00000         232579.7518    0.000000    -0.00004     0.00000    0.000000000   -0.000000242   -0.000000420  257.415741  80293.8581
1638.00   15.0000    0.0000   15.0000  274.1470  274.1470  0.000000       0.00000       0.00000         232513.5785    0.000000    -0.00004     0.00000    0.000000000   -0.000000242   -0.000000420  257.371891  80166.0729
1650.00   15.0000    0.0000   15.0000  274.2250  274.2250  0.000000       0.00000       0.00000         232447.4428    0.000000    -0.00004     0.00000    0.000000000   -0.000000242   -0.000000419  257.328008  80038.4694
1662.00   15.0000    0.0000   15.0000  274.3030  274.3030  0.000000       0.00000       0.00000         232381.3447    0.000000    -0.00004     0.00000    0.000000000   -0.000000242   -0.000000419  257.284092  79911.0472
1674.00   15.0000    0.0000   15.0000  274.3810  274.3810  0.000000       0.00000       0.00000         232315.2842    0.000000    -0.00004     0.00000    0.000000000   -0.000000242   -0.000000418  257.240142  79783.8062
1686.00   15.0000    0.0000   15.0000  274.4590  274.4590  0.000000       0.00000       0.00000         232249.2613    0.000000    -0.00004     0.00000    0.000000000   -0.000000242   -0.000000418  257.196159  79656.7461
1698.00   15.0000    0.0000   15.0000  274.5370  274.5370  0.000000       0.00000       0.00000         232183.2758    0.000000    -0.00004     0.00000    0.000000000   -0.000000242   -0.000000418  257.152142  79529.8666
1710.00   15.0000    0.0000   15.0000  274.6150  274.6150  0.000000       0.00000       0.00000         232117.3279    0.000000    -0.00004     0.00000    0.000000000   -0.000000242   -0.000000417  257.108093  79403.1676
1722.00   15.0000    0.0000   15.0000  274.6930  274.6930  0.000000       0.00000       0.00000         232051.4174    0.000000    -0.00004     0.00000    0.000000000   -0.000000242   -0.000000417  257.064010  79276.6487
1734.00   15.0000    0.0000   15.0000  274.7710  274.7710  0.000000       0.00000       0.00000         231985.5443    0.000000    -0.00004     0.00000    0.000000000   -0.000000242   -0.000000416  257.019894  79150.3098
1746.00   15.0000    0.0000   15.0000  274.8490  274.8490  0.000000       0.00000       0.00000         231919.7086    0.000000    -0.00004     0.00000    0.000000000   -0.000000242   -0.000000416  256.975744  79024.1506
1758.00   15.0000    0.0000   15.0000  274.9270  274.9270  0.000000       0.00000       0.00000         231853.9103    0.000000    -0.00004     0.00000    0.000000000   -0.000000242   -0.000000416  256.931561  78898.1708
1770.00   15.0000    0.0000   15.0000  275.0050  275.0050  0.000000       0.00000       0.00000         231788.1493    0.000000    -0.00004     0.00000    0.000000000   -0.000000242   -0.000000415  256.887346  78772.3702
1782.00   15.0000    0.0000   15.0000  275.0830  275.0830  0.000000       0.00000       0.00000         231722.4256    0.000000    -0.00004     0.00000    0.000000000   -0.000000242   -0.000000415  256.843097  78646.7487
1794.00   15.0000    0.0000   15.0000  275.1610  275.1610  0.000000       0.00000       0.00000         231656.7391    0.000000    -0.00004     0.00000    0.000000000   -0.000000242   -0.000000414  256.798814  78521.3058
1806.00   15.0000    0.0000   15.0000  275.2390  275.2390  0.000000       0.00000       0.00000         231591.0899    0.000000    -0.00004     0.00000    0.000000000   -0.000000242   -0.000000414  256.754499  78396.0415
1818.00   15.0000    0.0000   15.0000  275.3170  275.3170  0.000000       0.00000       0.00000         231525.4779    0.000000    -0.00004     0.00000    0.000000000   -0.000000242   -0.000000413  256.710150  78270.9554
1830.00   15.0000    0.0000   15.0000  275.3950  275.3950  0.000000       0.00000       0.00000         231459.9030    0.000000    -0.00004     0.00000    0.000000000   -0.000000242   -0.000000413  256.665768  78146.0473
1842.00   15.0000    0.0000   15.0000  275.4730  275.4730  0.000000       0.00000       0.00000         231394.3653    0.000000    -0.00004     0.00000    0.000000000   -0.000000241   -0.000000413  256.621353  78021.3170
1854.00   15.0000    0.0000   15.0000  275.5510  275.5510  0.000000       0.00000       0.00000         231328.8647    0.000000    -0.00005     0.00000    0.000000000   -0.000000241   -0.000000412  256.576905  77896.7642
1866.00   15.0000    0.0000   15.0000  275.6290  275.6290  0.000000       0.00000       0.00000         231263.4012    0.000000    -0.00005     0.00000    0.000000000   -0.000000241   -0.000000412  256.532424  77772.3888
1878.00   15.0000    0.0000   15.0000  275.7070  275.7070  0.000000       0.00000       0.00000         231197.9747    0.000000    -0.00005     0.00000    0.000000000   -0.000000241   -0.000000411  256.487910  77648.1903
1890.00   15.0000    0.0000   15.0000  275.7850  275.7850  0.000000       0.00000       0.00000         231132.5852    0.000000    -0.00005     0.00000    0.000000000   -0.000000241   -0.000000411  256.443362  77524.1688
1902.00   15.0000    0.0000   15.0000  275.8630  275.8630  0.000000       0.00000       0.00000         231067.2326    0.000000    -0.00005     0.00000    0.000000000   -0.000000241   -0.000000410  256.398781  77400.3238
1914.00   15.0000    0.0000   15.0000  275.9410  275.9410  0.000000       0.00000       0.00000         231001.9171    0.000000    -0.00005     0.00000    0.000000000   -0.000000241   -0.000000410  256.354168  77276.6551
1926.00   15.0000    0.0000   15.0000  276.0190  276.0190  0.000000       0.00000       0.00000         230936.6384    0.000000    -0.00005     0.00000    0.000000000   -0.000000241   -0.000000409  256.309521  77153.1626
1938.00   15.0000    0.0000   15.0000  276.0970  276.0970  0.000000       0.00000       0.00000         230871.3966    0.000000    -0.00005     0.00000    0.000000000   -0.000000241   -0.000000409  256.264841  77029.8460
1950.00   15.0000    0.0000   15.0000  276.1750  276.1750  0.000000       0.00000       0.00000         230806.1917    0.000000    -0.00005     0.00000    0.000000000   -0.000000241   -0.000000409  256.220128  76906.7050
1962.00   15.0000    0.0000   15.0000  276.2530  276.2530  0.000000       0.00000       0.00000         230741.0236    0.000000    -0.00005     0.00000    0.000000000   -0.000000241   -0.000000408  256.175382  76783.7394
1974.00   15.0000    0.0000   15.0000  276.3310  276.3310  0.000000       0.00000       0.00000         230675.8923    0.000000    -0.00005     0.00000    0.000000000   -0.000000241   -0.000000408  256.130602  76660.9489
1986.00   15.0000    0.0000   15.0000  276.4090  276.4090  0.000000       0.00000       0.00000         230610.7978    0.000000    -0.00005     0.00000    0.000000000   -0.000000241   -0.000000407  256.085790  76538.3334
1998.00   15.0000    0.0000   15.0000  276.4870  276.4870  0.000000       0.00000       0.00000         230545.7399    0.000000    -0.00005     0.00000    0.000000000   -0.000000241   -0.000000407  256.040945  76415.8927
2010.00   15.0000    0.0000   15.0000  276.5650  276.5650  0.000000       0.00000       0.00000         230480.7188    0.000000    -0.00005     0.00000    0.000000000   -0.000000240   -0.000000406  255.996067  76293.6263
2022.00   15.0000    0.0000   15.0000  276.6430  276.6430  0.000000       0.00000       0.00000         230415.7344    0.000000    -0.00005     0.00000    0.000000000   -0.000000240   -0.000000406  255.951155  76171.5343
2034.00   15.0000    0.0000   15.0000  276.7210  276.7210  0.000000       0.00000       0.00000         230350.7865    0.000000    -0.00005     0.00000    0.000000000   -0.000000240   -0.000000405  255.906211  76049.6162
2046.00   15.0000    0.0000   15.0000  276.7990  276.7990  0.000000       0.00000       0.00000         230285.8753    0.000000    -0.00005     0.00000    0.000000000   -0.000000240   -0.000000405  255.861234  75927.8719
2058.00   15.0000    0.0000   15.0000  276.8770  276.8770  0.000000       0.00000       0.00000         230221.0007    0.000000    -0.00005     0.00000    0.000000000   -0.000000240   -0.000000405  255.816223  75806.3011
2070.00   15.0000    0.0000   15.0000  276.9550  276.9550  0.000000       0.00000       0.00000         230156.1626    0.000000    -0.00005     0.00000    0.000000000   -0.000000240   -0.000000404  255.771180  75684.9036
2082.00   15.0000    0.0000   15.0000  277.0330  277.0330  0.000000       0.00000       0.00000         230091.3610    0.000000    -0.00005     0.00000    0.000000000   -0.000000240   -0.000000404  255.726104  75563.6792
2094.00   15.0000    0.0000   15.0000  277.1110  277.1110  0.000000       0.00000       0.00000         230026.5958    0.000000    -0.00005     0.00000    0.000000000   -0.000000240   -0.000000403  255.680994  75442.6277
2106.00   15.0000    0.0000   15.0000  277.1890  277.1890  0.000000       0.00000       0.00000         229961.8672    0.000000    -0.00005     0.00000    0.000000000   -0.000000240   -0.000000403  255.635852  75321.7487
2118.00   15.0000    0.0000   15.0000  277.2670  277.2670  0.000000       0.00000       0.00000         229897.1749    0.000000    -0.00005     0.00000    0.000000000   -0.000000240   -0.000000402  255.590677  75201.0421
2130.00   15.0000    0.0000   15.0000  277.3450  277.3450  0.000000       0.00000       0.00000         229832.5191    0.000000    -0.00005     0.00000    0.000000000   -0.000000240   -0.000000402  255.545469  75080.5077
2142.00   15.0000    0.0000   15.0000  277.4230  277.4230  0.000000       0.00000       0.00000         229767.8996    0.000000    -0.00005     0.00000    0.000000000   -0.000000239   -0.000000401  255.500228  74960.1452
2154.00   15.0000    0.0000   15.0000  277.5010  277.5010  0.000000       0.00000       0.00000         229703.3164    0.000000    -0.00005     0.00000    0.000000000   -0.000000239   -0.000000401  255.454954  74839.9543
2166.00   15.0000    0.0000   15.0000  277.5790  277.5790  0.000000       0.00000       0.00000         229638.7695    0.000000    -0.00005     0.00000    0.000000000   -0.000000239   -0.000000400  255.409647  74719.9349
2178.00   15.0000    0.0000   15.0000  277.6570  277.6570  0.000000       0.00000       0.00000         229574.2589    0.000000    -0.00005     0.00000    0.000000000   -0.000000239   -0.000000400  255.364307  74600.0868
2190.00   15.0000    0.0000   15.0000  277.7350  277.7350  0.000000       0.00000       0.00000         229509.7845    0.000000    -0.00005     0.00000    0.000000000   -0.000000239   -0.000000399  255.318934  74480.4096
2202.00   15.0000    0.0000   15.0000  277.8130  277.8130  0.000000       0.00000       0.00000         229445.3463    0.000000    -0.00005     0.00000    0.000000000   -0.000000239   -0.000000399  255.273529  74360.9032
2214.00   15.0000    0.0000   15.0000  277.8910  277.8910  0.000000       0.00000       0.00000         229380.9443    0.000000    -0.00005     0.00000    0.000000000   -0.000000239   -0.000000398  255.228090  74241.5673
2226.00   15.0000    0.0000   15.0000  277.9690  277.9690  0.000000       0.00000       0.00000         229316.5785    0.000000    -0.00005     0.00000    0.000000000   -0.000000239   -0.000000398  255.182619  74122.4018
2238.00   15.0000    0.0000   15.0000  278.0470  278.0470  0.000000       0.00000       0.00000         229252.2487    0.000000    -0.00005     0.00000    0.000000000   -0.000000239   -0.000000398  255.137115  74003.4063
2250.00   15.0000    0.0000   15.0000  278.1250  278.1250  0.000000       0.00000       0.00000         229187.9551    0.000000    -0.00005     0.00000    0.000000000   -0.000000238   -0.000000397  255.091578  73884.5807
2262.00   15.0000    0.0000   15.0000  278.2030  278.2030  0.000000       0.00000       0.00000         229123.6974    0.000000    -0.00006     0.00000    0.000000000   -0.000000238   -0.000000397  255.046008  73765.9247
2274.00   15.0000    0.0000   15.0000  278.2810  278.2810  0.000000       0.00000       0.00000         229059.4759    0.000000    -0.00006     0.00000    0.000000000   -0.000000238   -0.000000396  255.000405  73647.4381
2286.00   15.0000    0.0000   15.0000  278.3590  278.3590  0.000000       0.00000       0.00000         228995.2903    0.000000    -0.00006     0.00000    0.000000000   -0.000000238   -0.000000396  254.954770  73529.1207
2298.00   15.0000    0.0000   15.0000  278.4370  278.4370  0.000000       0.00000       0.00000         228931.1406    0.000000    -0.00006     0.00000    0.000000000   -0.000000238   -0.000000395  254.909101  73410.9722
2310.00   15.0000    0.0000   15.0000  278.5150  278.5150  0.000000       0.00000       0.00000         228867.0269    0.000000    -0.00006     0.00000    0.000000000   -0.000000238   -0.000000395  254.863400  73292.9924
2322.00   15.0000    0.0000   15.0000  278.5930  278.5930  0.000000       0.00000       0.00000         228802.9491    0.000000    -0.00006     0.00000    0.000000000   -0.000000238   -0.000000394  254.817666  73175.1812
2334.00   15.0000    0.0000   15.0000  278.6710  278.6710  0.000000       0.00000       0.00000         228738.9072    0.000000    -0.00006     0.00000    0.000000000   -0.000000238   -0.000000394  254.771900  73057.5382
2346.00   15.0000    0.0000   15.0000  278.7490  278.7490  0.000000       0.00000       0.00000         228674.9011    0.000000    -0.00006     0.00000    0.000000000   -0.000000238   -0.000000393  254.726100  72940.0632
2358.00   15.0000    0.0000   15.0000  278.8270  278.8270  0.000000       0.00000       0.00000         228610.9308    0.000000    -0.00006     0.00000    0.000000000   -0.000000237   -0.000000393  254.680268  72822.7561
2370.00   15.0000    0.0000   15.0000  278.9050  278.9050  0.000000       0.00000       0.00000         228546.9963    0.000000    -0.00006     0.00000    0.000000000   -0.000000237   -0.000000392  254.634403  72705.6165
2382.00   15.0000    0.0000   15.0000  278.9830  278.9830  0.000000       0.00000       0.00000              0.0000    0.000000    -0.00006     0.00000    0.000000000    0.000000000    0.000000000  254.588505  72588.6443
2394.00   15.0000    0.0000   15.0000  279.0610  279.0610  0.000000       0.00000       0.00000              0.0000    0.000000     0.00000     0.00000    0.000000000    0.000000000    0.000000000  254.542575  72471.8393
