   0.00    0.0000    0.0000    0.0000  241.7977  241.7977  0.000000       0.00000       0.00000              0.0000    0.000000     0.00000     0.00000    0.000000000    0.000000000    0.000000000    0.000000      0.0000
   6.00    7.6891    3.5732    8.4787  243.4097  243.4097  0.000000       0.71091       0.71091              0.0000    0.000000     0.00000     0.00000   -0.000012571    0.000000000    0.000000000  243.321953  99873.7959
  18.00    8.7353    3.9770    9.5980  243.5342  243.5342  0.000000       2.14715       2.14715              0.0600    0.000000    -0.00000     0.00000   -0.000025537    0.000000000    0.000000000  243.299981  99663.6251
  30.00    9.4109    4.1908   10.3018  243.6175  243.6175  0.000000       2.03458       2.03458              0.0864    0.000000    -0.00000     0.00000   -0.000030388   -0.000000046   -0.000000087  243.266116  99495.8216
  42.00   10.0346    4.3464   10.9354  243.6975  243.6975  0.000000       2.21559       2.21559              0.1015    0.000000    -0.00000     0.00000   -0.000032767   -0.000000056   -0.000000097  243.228811  99328.2761
  54.00   10.5984    4.4504   11.4949  243.7729  243.7729  0.000000       2.16299       2.16299              0.1175    0.000000    -0.00000     0.00000   -0.000034550   -0.000000062   -0.000000103  243.186978  99160.9855
  66.00   11.1340    4.5142   12.0143  243.8481  243.8481  0.000000       2.09811       2.09811              0.1317    0.000000    -0.00000     0.00000   -0.000036047   -0.000000061   -0.000000102  243.144852  98993.9479
  78.00   11.6471    4.5413   12.5012  243.9240  243.9240  0.000000       1.98033       1.98033              0.1457    0.000000    -0.00000     0.00000   -0.000037411   -0.000000057   -0.000000098  243.103509  98827.1631
  90.00   12.1444    4.5336   12.9630  244.0023  244.0023  0.000000       1.84345       1.84345              0.1596    0.000000    -0.00000     0.00000   -0.000038753   -0.000000050   -0.000000091  243.064364  98660.6317
 102.00   12.6283    4.4916   13.4033  244.0838  244.0838  0.000000       1.69015       1.69015              0.1739    0.000000    -0.00000     0.00000   -0.000040077   -0.000000041   -0.000000082  243.028433  98494.3553
 114.00   13.1003    4.4148   13.8242  244.1696  244.1696  0.000000       1.52938       1.52938              0.1888    0.000000    -0.00000     0.00000   -0.000041466   -0.000000028   -0.000000070  242.996808  98328.3361
 126.00   13.5605    4.3021   14.2265  244.2610  244.2610  0.000000       1.36534       1.36534              0.2046    0.000000    -0.00000     0.00000   -0.000042951   -0.000000013   -0.000000055  242.970623  98162.5770
 138.00   14.0078    4.1518   14.6102  244.3592  244.3592  0.000000       1.20207       1.20207              0.2216    0.000000    -0.00000     0.00000   -0.000044631    0.000000006   -0.000000037  242.951186  97997.0818
 150.00   14.4404    3.9619   14.9741  244.4658  244.4658  0.000000       1.04244       1.04244              0.2403    0.000000    -0.00001     0.00000   -0.000046588    0.000000029   -0.000000015  242.940053  97831.8552
 162.00   14.8550    3.7298   15.3161  244.5827  244.5827  0.000000       0.88880       0.88880              0.2610    0.000000    -0.00001     0.00000   -0.000049097    0.000000058    0.000000013  242.939145  97666.9031
 174.00   15.2469    3.4529   15.6330  244.7125  244.7125  0.000000       0.74327       0.74327              0.2844    0.000000    -0.00001     0.00000   -0.000052135    0.000000094    0.000000048  242.950867  97502.2328
 186.00   15.6097    3.1283   15.9201  244.8582  244.8582  0.000000       0.60656       0.60656              0.3115    0.000000    -0.00001     0.00000   -0.000056210    0.000000140    0.000000092  242.978408  97337.8534
 198.00   15.9342    2.7535   16.1703  245.0240  245.0240  0.000000       0.48178       0.48178              0.3432    0.000000    -0.00001     0.00000   -0.000061719    0.000000200    0.000000149  243.025856  97173.7765
 210.00   16.2086    2.3261   16.3746  245.2162  245.2162  0.000000       0.36503       0.36503              0.3824    0.000000    -0.00001     0.00000   -0.000069595    0.000000277    0.000000222  243.099320  97010.0168
 222.00   16.4141    1.8495   16.5180  245.4414  245.4414  0.000000       0.26851       0.26851              0.4294    0.000000    -0.00002     0.00000   -0.000081169    0.000000388    0.000000328  243.205457  96846.5934
 234.00   16.5291    1.3188   16.5816  245.7166  245.7166  0.000000       0.16509       0.16509              0.5026    0.000000    -0.00002     0.00000   -0.000099490    0.000000515    0.000000449  243.360965  96683.5329
 246.00   16.5132    0.7908   16.5322  246.0347  246.0347  0.000000       0.11993       0.11993              0.5644    0.000000    -0.00002     0.00000   -0.000138760    0.000000717    0.000000641  243.558860  96520.8650
 258.00   16.2728    0.2317   16.2745  246.4526  246.4526  0.000000       0.00134       0.00134              2.1282    0.000000     0.00000     0.00000   -0.000146263    0.000010819    0.000008131  243.855440  96358.6353
 270.00   15.0198   -0.0128   15.0198  252.4437  252.4437  0.000000       0.00009       0.00009              3.9589    0.000000    -0.00009     0.00000   -0.000029368    0.000012735    0.000014768  249.664836  96198.6569
 282.00   15.0000   -0.0000   15.0000  253.5597  253.5597  0.000000       0.00000       0.00000           3675.2241    0.000000    -0.00009     0.00000   -0.000000357    0.000004809    0.000004583  250.651133  96041.1341
 294.00   15.0000   -0.0000   15.0000  254.6461  254.6461  0.000000       0.00000       0.00000        2989939.0462    0.000000    -0.00007     0.00000    0.000000000    0.000004269    0.000004103  251.607748  95884.4771
 306.00   15.0000   -0.0000   15.0000  255.4239  255.4239  0.000000       0.00000       0.00000        2256255.8733    0.000000    -0.00006     0.00000    0.000000000    0.000003293    0.000003120  252.259005  95728.5748
 318.00   15.0000   -0.0000   15.0000  256.0565  256.0565  0.000000       0.00000       0.00000        1890484.3606    0.000000    -0.00005     0.00000    0.000000000    0.000002797    0.000002626  252.766518  95573.2829
 330.00   15.0000   -0.0000   15.0000  256.6086  256.6086  0.000000       0.00000       0.00000        1651457.9537    0.000000    -0.00005     0.00000    0.000000000    0.000002463    0.000002296  253.194296  95418.5294
 342.00   15.0000    0.0000   15.0000  257.0936  257.0936  0.000000       0.00000       0.00000        1471863.5434    0.000000    -0.00005     0.00000    0.000000000    0.000002201    0.000002036  253.555673  95264.2669
 354.00   15.0000    0.0000   15.0000  257.5347  257.5347  0.000000       0.00000       0.00000        1335677.0294    0.000000    -0.00004     0.00000    0.000000000    0.000001997    0.000001834  253.873461  95110.4598
 366.00   15.0000    0.0000   15.0000  257.9355  257.9355  0.000000       0.00000       0.00000        1231073.9337    0.000000    -0.00004     0.00000    0.000000000    0.000001838    0.000001675  254.151367  94957.0809
 378.00   15.0000    0.0000   15.0000  258.3118  258.3118  0.000000       0.00000       0.00000        1141269.8307    0.000000    -0.00004     0.00000    0.000000000    0.000001695    0.000001534  254.404998  94804.1094
 390.00   15.0000    0.0000   15.0000  258.6570  258.6570  0.000000       0.00000       0.00000        1072442.6327    0.000000    -0.00004     0.00000    0.000000000    0.000001586    0.000001424  254.627756  94651.5271
 402.00   15.0000    0.0000   15.0000  258.9907  258.9907  0.000000       0.00000       0.00000        1009092.5226    0.000000    -0.00004     0.00000    0.000000000    0.000001480    0.000001320  254.839115  94499.3201
 414.00   15.0000    0.0000   15.0000  259.2966  259.2966  0.000000       0.00000       0.00000         953519.8769    0.000000    -0.00004     0.00000    0.000000000    0.000001386    0.000001225  255.022922  94347.4755
 426.00   15.0000    0.0000   15.0000  259.5958  259.5958  0.000000       0.00000       0.00000         907729.8030    0.000000    -0.00004     0.00000    0.000000000    0.000001307    0.000001147  255.200045  94195.9821
 438.00   15.0000    0.0000   15.0000  259.8733  259.8733  0.000000       0.00000       0.00000         862425.2418    0.000000    -0.00004     0.00000    0.000000000    0.000001225    0.000001065  255.355670  94044.8304
 450.00   15.0000    0.0000   15.0000  260.1443  260.1443  0.000000       0.00000       0.00000         828521.7172    0.000000    -0.00004     0.00000    0.000000000    0.000001165    0.000001005  255.504823  93894.0113
 462.00   15.0000    0.0000   15.0000  260.4007  260.4007  0.000000       0.00000       0.00000         793487.3282    0.000000    -0.00004     0.00000    0.000000000    0.000001100    0.000000940  255.639565  93743.5176
 474.00   15.0000    0.0000   15.0000  260.6500  260.6500  0.000000       0.00000       0.00000         766254.4743    0.000000    -0.00004     0.00000    0.000000000    0.000001050    0.000000890  255.767070  93593.3421
 486.00   15.0000    0.0000   15.0000  260.8895  260.8895  0.000000       0.00000       0.00000         739699.2626    0.000000    -0.00004     0.00000    0.000000000    0.000001000    0.000000839  255.885014  93443.4791
 498.00   15.0000    0.0000   15.0000  261.1222  261.1222  0.000000       0.00000       0.00000         716667.8760    0.000000    -0.00003     0.00000    0.000000000    0.000000957    0.000000795  255.996110  93293.9229
 510.00   15.0000    0.0000   15.0000  261.3475  261.3475  0.000000       0.00000       0.00000         694240.6986    0.000000    -0.00003     0.00000    0.000000000    0.000000913    0.000000751  256.099826  93144.6686
 522.00   15.0000    0.0000   15.0000  261.5663  261.5663  0.000000       0.00000       0.00000         671930.4516    0.000000    -0.00003     0.00000    0.000000000    0.000000868    0.000000705  256.197047  92995.7116
 534.00   15.0000    0.0000   15.0000  261.7777  261.7777  0.000000       0.00000       0.00000         651738.2841    0.000000    -0.00003     0.00000    0.000000000    0.000000826    0.000000664  256.286939  92847.0470
 546.00   15.0000    0.0000   15.0000  261.9838  261.9838  0.000000       0.00000       0.00000         632577.8526    0.000000    -0.00003     0.00000    0.000000000    0.000000786    0.000000624  256.371644  92698.6706
 558.00   15.0000    0.0000   15.0000  262.1832  262.1832  0.000000       0.00000       0.00000         615593.3994    0.000000    -0.00003     0.00000    0.000000000    0.000000751    0.000000588  256.449650  92550.5782
 570.00   15.0000    0.0000   15.0000  262.3788  262.3788  0.000000       0.00000       0.00000         598258.6064    0.000000    -0.00003     0.00000    0.000000000    0.000000713    0.000000550  256.523814  92402.7663
 582.00   15.0000    0.0000   15.0000  262.5674  262.5674  0.000000       0.00000       0.00000         582414.3025    0.000000    -0.00003     0.00000    0.000000000    0.000000679    0.000000515  256.591050  92255.2311
 594.00   15.0000    0.0000   15.0000  262.7531  262.7531  0.000000       0.00000       0.00000         567486.2915    0.000000    -0.00003     0.00000    0.000000000    0.000000646    0.000000482  256.655362  92107.9692
 606.00   15.0000    0.0000   15.0000  262.9323  262.9323  0.000000       0.00000       0.00000         552300.7069    0.000000    -0.00003     0.00000    0.000000000    0.000000611    0.000000447  256.713313  91960.9773
 618.00   15.0000    0.0000   15.0000  263.1085  263.1085  0.000000       0.00000       0.00000         539658.1869    0.000000    -0.00003     0.00000    0.000000000    0.000000583    0.000000419  256.768165  91814.2523
 630.00   15.0000    0.0000   15.0000  263.2798  263.2798  0.000000       0.00000       0.00000         526375.6372    0.000000    -0.00003     0.00000    0.000000000    0.000000552    0.000000388  256.818246  91667.7912
 642.00   15.0000    0.0000   15.0000  263.4476  263.4476  0.000000       0.00000       0.00000         514819.0880    0.000000    -0.00003     0.00000    0.000000000    0.000000525    0.000000361  256.864816  91521.5913
 654.00   15.0000    0.0000   15.0000  263.6117  263.6117  0.000000       0.00000       0.00000         503753.4488    0.000000    -0.00003     0.00000    0.000000000    0.000000499    0.000000334  256.907692  91375.6499
 666.00   15.0000    0.0000   15.0000  263.7726  263.7726  0.000000       0.00000       0.00000         494123.8585    0.000000    -0.00003     0.00000    0.000000000    0.000000477    0.000000311  256.947358  91229.9646
 678.00   15.0000    0.0000   15.0000  263.9307  263.9307  0.000000       0.00000       0.00000         485446.7863    0.000000    -0.00003     0.00000    0.000000000    0.000000456    0.000000291  256.984228  91084.5333
 690.00   15.0000    0.0000   15.0000  264.0862  264.0862  0.000000       0.00000       0.00000         477704.7443    0.000000    -0.00003     0.00000    0.000000000    0.000000438    0.000000272  257.018481  90939.3538
 702.00   15.0000    0.0000   15.0000  264.2395  264.2395  0.000000       0.00000       0.00000         470776.9327    0.000000    -0.00003     0.00000    0.000000000    0.000000421    0.000000255  257.050522  90794.4245
 714.00   15.0000    0.0000   15.0000  264.3906  264.3906  0.000000       0.00000       0.00000         464152.5223    0.000000    -0.00003     0.00000    0.000000000    0.000000406    0.000000239  257.080454  90649.7435
 726.00   15.0000    0.0000   15.0000  264.5398  264.5398  0.000000       0.00000       0.00000         458067.3295    0.000000    -0.00003     0.00000    0.000000000    0.000000391    0.000000224  257.108361  90505.3094
 738.00   15.0000    0.0000   15.0000  264.6872  264.6872  0.000000       0.00000       0.00000         452936.8797    0.000000    -0.00003     0.00000    0.000000000    0.000000379    0.000000212  257.134496  90361.1205
 750.00   15.0000    0.0000   15.0000  264.8332  264.8332  0.000000       0.00000       0.00000         448395.0841    0.000000    -0.00003     0.00000    0.000000000    0.000000368    0.000000201  257.159204  90217.1755
 762.00   15.0000    0.0000   15.0000  264.9778  264.9778  0.000000       0.00000       0.00000         444976.8691    0.000000    -0.00003     0.00000    0.000000000    0.000000360    0.000000193  257.182508  90073.4733
 774.00   15.0000    0.0000   15.0000  265.1218  265.1218  0.000000       0.00000       0.00000         442373.3467    0.000000    -0.00003     0.00000    0.000000000    0.000000354    0.000000186  257.205090  89930.0127
 786.00   15.0000    0.0000   15.0000  265.2648  265.2648  0.000000       0.00000       0.00000         440749.8339    0.000000    -0.00004     0.00000    0.000000000    0.000000351    0.000000183  257.226780  89786.7929
 798.00   15.0000    0.0000   15.0000  265.4079  265.4079  0.000000       0.00000       0.00000         440133.8790    0.000000    -0.00004     0.00000    0.000000000    0.000000351    0.000000182  257.248363  89643.8133
 810.00   15.0000    0.0000   15.0000  265.5507  265.5507  0.000000       0.00000       0.00000         441076.9752    0.000000    -0.00004     0.00000    0.000000000    0.000000355    0.000000185  257.269688  89501.0732
 822.00   15.0000    0.0000   15.0000  265.6945  265.6945  0.000000       0.00000       0.00000         442823.5805    0.000000    -0.00004     0.00000    0.000000000    0.000000361    0.000000190  257.291888  89358.5725
 834.00   15.0000    0.0000   15.0000  265.8387  265.8387  0.000000       0.00000       0.00000         445393.4053    0.000000    -0.00004     0.00000    0.000000000    0.000000369    0.000000198  257.314337  89216.3109
 846.00   15.0000    0.0000   15.0000  265.9843  265.9843  0.000000       0.00000       0.00000         450297.5810    0.000000    -0.00004     0.00000    0.000000000    0.000000384    0.000000212  257.338180  89074.2887
 858.00   15.0000    0.0000   15.0000  266.1318  266.1318  0.000000       0.00000       0.00000         457540.5844    0.000000    -0.00004     0.00000    0.000000000    0.000000406    0.000000233  257.363743  88932.5061
 870.00   15.0000    0.0000   15.0000  266.2823  266.2823  0.000000       0.00000       0.00000         468456.8962    0.000000    -0.00004     0.00000    0.000000000    0.000000438    0.000000263  257.392175  88790.9640
 882.00   15.0000    0.0000   15.0000  266.4371  266.4371  0.000000       0.00000       0.00000         481264.9188    0.000000    -0.00004     0.00000    0.000000000    0.000000476    0.000000300  257.424647  88649.6639
 894.00   15.0000    0.0000   15.0000  266.5961  266.5961  0.000000       0.00000       0.00000         501518.7229    0.000000    -0.00005     0.00000    0.000000000    0.000000535    0.000000357  257.461186  88508.6076
 906.00   15.0000    0.0000   15.0000  266.7643  266.7643  0.000000       0.00000       0.00000         520373.5165    0.000000    -0.00005     0.00000    0.000000000    0.000000591    0.000000411  257.506461  88367.7980
 918.00   15.0000    0.0000   15.0000  266.9359  266.9359  0.000000       0.00000       0.00000         565473.3604    0.000000    -0.00006     0.00000    0.000000000    0.000000723    0.000000539  257.554939  88227.2381
 930.00   15.0000    0.0000   15.0000  267.1337  267.1337  0.000000       0.00000       0.00000         583496.2834    0.000000    -0.00005     0.00000    0.000000000    0.000000779    0.000000593  257.628698  88086.9349
 942.00   15.0000    0.0000   15.0000  267.3173  267.3173  0.000000       0.00000       0.00000         707628.6376    0.000000    -0.00008     0.00000    0.000000000    0.000001145    0.000000947  257.688650  87946.8913
 954.00   15.0000    0.0000   15.0000  267.5967  267.5967  0.000000       0.00000       0.00000         696939.5564    0.000000    -0.00005     0.00000    0.000000000    0.000001122    0.000000930  257.840755  87807.1277
 966.00   15.0000    0.0000   15.0000  267.7738  267.7738  0.000000       0.00000       0.00000        1054990.3441    0.000000    -0.00015     0.00000    0.000000000    0.000002210    0.000001964  257.894269  87667.6418
 978.00   15.0000    0.0000   15.0000  268.2880  268.2880  0.000000       0.00000       0.00000         975798.9305    0.000000    -0.00004     0.00000    0.000000000    0.000001987    0.000001794  258.272354  87528.4937
 990.00   15.0000    0.0000   15.0000  268.4145  268.4145  0.000000       0.00000       0.00000        2625921.9780    0.000000    -0.00049     0.00000    0.000000000    0.000007398    0.000006698  258.276947  87389.6695
1002.00   15.0000    0.0000   15.0000  270.0130  270.0130  0.000000       0.00000       0.00000        2537080.3502    0.000000    -0.00002     0.00000    0.000000000    0.000007163    0.000007211  259.697662  87251.4452
1014.00   15.0000    0.0000   15.0000  270.0910  270.0910  0.000000       0.00000       0.00000         236005.2723    0.000000    -0.00002     0.00000    0.000000000   -0.000000243   -0.000000440  259.655572  87113.8070
1026.00   15.0000    0.0000   15.0000  270.1690  270.1690  0.000000       0.00000       0.00000         235937.1356    0.000000    -0.00002     0.00000    0.000000000   -0.000000243   -0.000000440  259.613448  86976.3636
1038.00   15.0000    0.0000   15.0000  270.2470  270.2470  0.000000       0.00000       0.00000         235869.0383    0.000000    -0.00003     0.00000    0.000000000   -0.000000243   -0.000000439  259.571290  86839.1147
1050.00   15.0000    0.0000   15.0000  270.3250  270.3250  0.000000       0.00000       0.00000         235800.9803    0.000000    -0.00003     0.00000    0.000000000   -0.000000243   -0.000000439  259.529098  86702.0603
1062.00   15.0000    0.0000   15.0000  270.4030  270.4030  0.000000       0.00000       0.00000         235732.9615    0.000000    -0.00003     0.00000    0.000000000   -0.000000243   -0.000000439  259.486872  86565.1998
1074.00   15.0000    0.0000   15.0000  270.4810  270.4810  0.000000       0.00000       0.00000         235664.9820    0.000000    -0.00003     0.00000    0.000000000   -0.000000243   -0.000000438  259.444612  86428.5332
1086.00   15.0000    0.0000   15.0000  270.5590  270.5590  0.000000       0.00000       0.00000         235597.0417    0.000000    -0.00003     0.00000    0.000000000   -0.000000243   -0.000000438  259.402319  86292.0602
1098.00   15.0000    0.0000   15.0000  270.6370  270.6370  0.000000       0.00000       0.00000         235529.1405    0.000000    -0.00003     0.00000    0.000000000   -0.000000243   -0.000000438  259.359992  86155.7804
1110.00   15.0000    0.0000   15.0000  270.7150  270.7150  0.000000       0.00000       0.00000         235461.2785    0.000000    -0.00003     0.00000    0.000000000   -0.000000243   -0.000000437  259.317632  86019.6936
1122.00   15.0000    0.0000   15.0000  270.7930  270.7930  0.000000       0.00000       0.00000         235393.4555    0.000000    -0.00003     0.00000    0.000000000   -0.000000243   -0.000000437  259.275237  85883.7996
1134.00   15.0000    0.0000   15.0000  270.8710  270.8710  0.000000       0.00000       0.00000         235325.6716    0.000000    -0.00003     0.00000    0.000000000   -0.000000243   -0.000000437  259.232809  85748.0982
1146.00   15.0000    0.0000   15.0000  270.9490  270.9490  0.000000       0.00000       0.00000         235257.9268    0.000000    -0.00003     0.00000    0.000000000   -0.000000243   -0.000000436  259.190347  85612.5889
1158.00   15.0000    0.0000   15.0000  271.0270  271.0270  0.000000       0.00000       0.00000         235190.2209    0.000000    -0.00003     0.00000    0.000000000   -0.000000243   -0.000000436  259.147851  85477.2717
1170.00   15.0000    0.0000   15.0000  271.1050  271.1050  0.000000       0.00000       0.00000         235122.5540    0.000000    -0.00003     0.00000    0.000000000   -0.000000243   -0.000000436  259.105322  85342.1462
1182.00   15.0000    0.0000   15.0000  271.1830  271.1830  0.000000       0.00000       0.00000         235054.9260    0.000000    -0.00003     0.00000    0.000000000   -0.000000243   -0.000000435  259.062759  85207.2122
1194.00   15.0000    0.0000   15.0000  271.2610  271.2610  0.000000       0.00000       0.00000         234987.3369    0.000000    -0.00003     0.00000    0.000000000   -0.000000243   -0.000000435  259.020162  85072.4693
1206.00   15.0000    0.0000   15.0000  271.3390  271.3390  0.000000       0.00000       0.00000         234919.7867    0.000000    -0.00003     0.00000    0.000000000   -0.000000243   -0.000000435  258.977532  84937.9175
1218.00   15.0000    0.0000   15.0000  271.4170  271.4170  0.000000       0.00000       0.00000         234852.2753    0.000000    -0.00003     0.00000    0.000000000   -0.000000243   -0.000000434  258.934868  84803.5563
1230.00   15.0000    0.0000   15.0000  271.4950  271.4950  0.000000       0.00000       0.00000         234784.8027    0.000000    -0.00003     0.00000    0.000000000   -0.000000243   -0.000000434  258.892170  84669.3856
1242.00   15.0000    0.0000   15.0000  271.5730  271.5730  0.000000       0.00000       0.00000         234717.3688    0.000000    -0.00003     0.00000    0.000000000   -0.000000243   -0.000000433  258.849439  84535.4051
1254.00   15.0000    0.0000   15.0000  271.6510  271.6510  0.000000       0.00000       0.00000         234649.9737    0.000000    -0.00003     0.00000    0.000000000   -0.000000243   -0.000000433  258.806674  84401.6145
1266.00   15.0000    0.0000   15.0000  271.7290  271.7290  0.000000       0.00000       0.00000         234582.6172    0.000000    -0.00003     0.00000    0.000000000   -0.000000243   -0.000000433  258.763875  84268.0136
1278.00   15.0000    0.0000   15.0000  271.8070  271.8070  0.000000       0.00000       0.00000         234515.2995    0.000000    -0.00003     0.00000    0.000000000   -0.000000243   -0.000000432  258.721043  84134.6021
1290.00   15.0000    0.0000   15.0000  271.8850  271.8850  0.000000       0.00000       0.00000         234448.0203    0.000000    -0.00003     0.00000    0.000000000   -0.000000243   -0.000000432  258.678177  84001.3798
1302.00   15.0000    0.0000   15.0000  271.9630  271.9630  0.000000       0.00000       0.00000         234380.7797    0.000000    -0.00003     0.00000    0.000000000   -0.000000243   -0.000000432  258.635278  83868.3464
1314.00   15.0000    0.0000   15.0000  272.0410  272.0410  0.000000       0.00000       0.00000         234313.5777    0.000000    -0.00003     0.00000    0.000000000   -0.000000243   -0.000000431  258.592345  83735.5017
1326.00   15.0000    0.0000   15.0000  272.1190  272.1190  0.000000       0.00000       0.00000         234246.4143    0.000000    -0.00003     0.00000    0.000000000   -0.000000243   -0.000000431  258.549378  83602.8453
1338.00   15.0000    0.0000   15.0000  272.1970  272.1970  0.000000       0.00000       0.00000         234179.2893    0.000000    -0.00003     0.00000    0.000000000   -0.000000243   -0.000000431  258.506378  83470.3772
1350.00   15.0000    0.0000   15.0000  272.2750  272.2750  0.000000       0.00000       0.00000         234112.2027    0.000000    -0.00003     0.00000    0.000000000   -0.000000243   -0.000000430  258.463345  83338.0969
1362.00   15.0000    0.0000   15.0000  272.3530  272.3530  0.000000       0.00000       0.00000         234045.1546    0.000000    -0.00003     0.00000    0.000000000   -0.000000243   -0.000000430  258.420277  83206.0043
1374.00   15.0000    0.0000   15.0000  272.4310  272.4310  0.000000       0.00000       0.00000         233978.1449    0.000000    -0.00003     0.00000    0.000000000   -0.000000243   -0.000000429  258.377177  83074.0990
1386.00   15.0000    0.0000   15.0000  272.5090  272.5090  0.000000       0.00000       0.00000         233911.1736    0.000000    -0.00003     0.00000    0.000000000   -0.000000243   -0.000000429  258.334042  82942.3810
1398.00   15.0000    0.0000   15.0000  272.5870  272.5870  0.000000       0.00000       0.00000         233844.2406    0.000000    -0.00003     0.00000    0.000000000   -0.000000243   -0.000000429  258.290875  82810.8498
1410.00   15.0000    0.0000   15.0000  272.6650  272.6650  0.000000       0.00000       0.00000         233777.3458    0.000000    -0.00003     0.00000    0.000000000   -0.000000243   -0.000000428  258.247673  82679.5052
1422.00   15.0000    0.0000   15.0000  272.7430  272.7430  0.000000       0.00000       0.00000         233710.4894    0.000000    -0.00003     0.00000    0.000000000   -0.000000243   -0.000000428  258.204439  82548.3471
1434.00   15.0000    0.0000   15.0000  272.8210  272.8210  0.000000       0.00000       0.00000         233643.6711    0.000000    -0.00003     0.00000    0.000000000   -0.000000243   -0.000000428  258.161170  82417.3751
1446.00   15.0000    0.0000   15.0000  272.8990  272.8990  0.000000       0.00000       0.00000         233576.8911    0.000000    -0.00004     0.00000    0.000000000   -0.000000243   -0.000000427  258.117869  82286.5890
1458.00   15.0000    0.0000   15.0000  272.9770  272.9770  0.000000       0.00000       0.00000         233510.1492    0.000000    -0.00004     0.00000    0.000000000   -0.000000243   -0.000000427  258.074533  82155.9885
1470.00   15.0000    0.0000   15.0000  273.0550  273.0550  0.000000       0.00000       0.00000         233443.4455    0.000000    -0.00004     0.00000    0.000000000   -0.000000243   -0.000000426  258.031165  82025.5734
1482.00   15.0000    0.0000   15.0000  273.1330  273.1330  0.000000       0.00000       0.00000         233376.7798    0.000000    -0.00004     0.00000    0.000000000   -0.000000243   -0.000000426  257.987763  81895.3435
1494.00   15.0000    0.0000   15.0000  273.2110  273.2110  0.000000       0.00000       0.00000         233310.1522    0.000000    -0.00004     0.00000    0.000000000   -0.000000243   -0.000000426  257.944327  81765.2985
1506.00   15.0000    0.0000   15.0000  273.2890  273.2890  0.000000       0.00000       0.00000         233243.5627    0.000000    -0.00004     0.00000    0.000000000   -0.000000243   -0.000000425  257.900858  81635.4381
1518.00   15.0000    0.0000   15.0000  273.3670  273.3670  0.000000       0.00000       0.00000         233177.0111    0.000000    -0.00004     0.00000    0.000000000   -0.000000243   -0.000000425  257.857356  81505.7621
1530.00   15.0000    0.0000   15.0000  273.4450  273.4450  0.000000       0.00000       0.00000         233110.4975    0.000000    -0.00004     0.00000    0.000000000   -0.000000243   -0.000000424  257.813820  81376.2702
1542.00   15.0000    0.0000   15.0000  273.5230  273.5230  0.000000       0.00000       0.00000         233044.0219    0.000000    -0.00004     0.00000    0.000000000   -0.000000243   -0.000000424  257.770251  81246.9623
1554.00   15.0000    0.0000   15.0000  273.6010  273.6010  0.000000       0.00000       0.00000         232977.5841    0.000000    -0.00004     0.00000    0.000000000   -0.000000243   -0.000000424  257.726648  81117.8380
1566.00   15.0000    0.0000   15.0000  273.6790  273.6790  0.000000       0.00000       0.00000         232911.1843    0.000000    -0.00004     0.00000    0.000000000   -0.000000243   -0.000000423  257.683012  80988.8972
1578.00   15.0000    0.0000   15.0000  273.7570  273.7570  0.000000       0.00000       0.00000         232844.8222    0.000000    -0.00004     0.00000    0.000000000   -0.000000243   -0.000000423  257.639343  80860.1395
1590.00   15.0000    0.0000   15.0000  273.8350  273.8350  0.000000       0.00000       0.00000         232778.4980    0.000000    -0.00004     0.00000    0.000000000   -0.000000243   -0.000000422  257.595640  80731.5647
1602.00   15.0000    0.0000   15.0000  273.9130  273.9130  0.000000       0.00000       0.00000         232712.2115    0.000000    -0.00004     0.00000    0.000000000   -0.000000243   -0.000000422  257.551904  80603.1726
1614.00   15.0000    0.0000   15.0000  273.9910  273.9910  0.000000       0.00000       0.00000         232645.9628    0.000000    -0.00004     0.00000    0.000000000   -0.000000243   -0.000000422  257.508134  80474.9629
1626.00   15.0000    0.0000   15.0000  274.0690  274.0690  0.000000       0.00000       0.00000         232579.7518    0.000000    -0.00004     0.00000    0.000000000   -0.000000243   -0.000000421  257.464332  80346.9354
1638.00   15.0000    0.0000   15.0000  274.1470  274.1470  0.000000       0.00000       0.00000         232513.5785    0.000000    -0.00004     0.00000    0.000000000   -0.000000243   -0.000000421  257.420496  80219.0898
1650.00   15.0000    0.0000   15.0000  274.2250  274.2250  0.000000       0.00000       0.00000         232447.4428    0.000000    -0.00004     0.00000    0.000000000   -0.000000243   -0.000000420  257.376626  80091.4260
1662.00   15.0000    0.0000   15.0000  274.3030  274.3030  0.000000       0.00000       0.00000         232381.3447    0.000000    -0.00004     0.00000    0.000000000   -0.000000243   -0.000000420  257.332723  79963.9436
1674.00   15.0000    0.0000   15.0000  274.3810  274.3810  0.000000       0.00000       0.00000         232315.2842    0.000000    -0.00004     0.00000    0.000000000   -0.000000243   -0.000000420  257.288787  79836.6424
1686.00   15.0000    0.0000   15.0000  274.4590  274.4590  0.000000       0.00000       0.00000         232249.2613    0.000000    -0.00004     0.00000    0.000000000   -0.000000243   -0.000000419  257.244818  79709.5221
1698.00   15.0000    0.0000   15.0000  274.5370  274.5370  0.000000       0.00000       0.00000         232183.2758    0.000000    -0.00004     0.00000    0.000000000   -0.000000243   -0.000000419  257.200816  79582.5826
1710.00   15.0000    0.0000   15.0000  274.6150  274.6150  0.000000       0.00000       0.00000         232117.3279    0.000000    -0.00004     0.00000    0.000000000   -0.000000243   -0.000000418  257.156780  79455.8236
1722.00   15.0000    0.0000   15.0000  274.6930  274.6930  0.000000       0.00000       0.00000         232051.4174    0.000000    -0.00004     0.00000    0.000000000   -0.000000243   -0.000000418  257.112711  79329.2448
1734.00   15.0000    0.0000   15.0000  274.7710  274.7710  0.000000       0.00000       0.00000         231985.5443    0.000000    -0.00004     0.00000    0.000000000   -0.000000243   -0.000000417  257.068608  79202.8460
1746.00   15.0000    0.0000   15.0000  274.8490  274.8490  0.000000       0.00000       0.00000         231919.7086    0.000000    -0.00004     0.00000    0.000000000   -0.000000242   -0.000000417  257.024473  79076.6269
1758.00   15.0000    0.0000   15.0000  274.9270  274.9270  0.000000       0.00000       0.00000         231853.9103    0.000000    -0.00004     0.00000    0.000000000   -0.000000242   -0.000000417  256.980304  78950.5874
1770.00   15.0000    0.0000   15.0000  275.0050  275.0050  0.000000       0.00000       0.00000         231788.1493    0.000000    -0.00004     0.00000    0.000000000   -0.000000242   -0.000000416  256.936102  78824.7271
1782.00   15.0000    0.0000   15.0000  275.0830  275.0830  0.000000       0.00000       0.00000         231722.4256    0.000000    -0.00004     0.00000    0.000000000   -0.000000242   -0.000000416  256.891867  78699.0459
1794.00   15.0000    0.0000   15.0000  275.1610  275.1610  0.000000       0.00000       0.00000         231656.7391    0.000000    -0.00004     0.00000    0.000000000   -0.000000242   -0.000000415  256.847598  78573.5434
1806.00   15.0000    0.0000   15.0000  275.2390  275.2390  0.000000       0.00000       0.00000         231591.0899    0.000000    -0.00004     0.00000    0.000000000   -0.000000242   -0.000000415  256.803297  78448.2196
1818.00   15.0000    0.0000   15.0000  275.3170  275.3170  0.000000       0.00000       0.00000         231525.4779    0.000000    -0.00004     0.00000    0.000000000   -0.000000242   -0.000000415  256.758962  78323.0740
1830.00   15.0000    0.0000   15.0000  275.3950  275.3950  0.000000       0.00000       0.00000         231459.9030    0.000000    -0.00004     0.00000    0.000000000   -0.000000242   -0.000000414  256.714594  78198.1065
1842.00   15.0000    0.0000   15.0000  275.4730  275.4730  0.000000       0.00000       0.00000         231394.3653    0.000000    -0.00004     0.00000    0.000000000   -0.000000242   -0.000000414  256.670193  78073.3168
1854.00   15.0000    0.0000   15.0000  275.5510  275.5510  0.000000       0.00000       0.00000         231328.8647    0.000000    -0.00005     0.00000    0.000000000   -0.000000242   -0.000000413  256.625758  77948.7047
1866.00   15.0000    0.0000   15.0000  275.6290  275.6290  0.000000       0.00000       0.00000         231263.4012    0.000000    -0.00005     0.00000    0.000000000   -0.000000242   -0.000000413  256.581291  77824.2700
1878.00   15.0000    0.0000   15.0000  275.7070  275.7070  0.000000       0.00000       0.00000         231197.9747    0.000000    -0.00005     0.00000    0.000000000   -0.000000242   -0.000000412  256.536790  77700.0124
1890.00   15.0000    0.0000   15.0000  275.7850  275.7850  0.000000       0.00000       0.00000         231132.5852    0.000000    -0.00005     0.00000    0.000000000   -0.000000242   -0.000000412  256.492257  77575.9317
1902.00   15.0000    0.0000   15.0000  275.8630  275.8630  0.000000       0.00000       0.00000         231067.2326    0.000000    -0.00005     0.00000    0.000000000   -0.000000242   -0.000000411  256.447690  77452.0276
1914.00   15.0000    0.0000   15.0000  275.9410  275.9410  0.000000       0.00000       0.00000         231001.9171    0.000000    -0.00005     0.00000    0.000000000   -0.000000242   -0.000000411  256.403090  77328.2999
1926.00   15.0000    0.0000   15.0000  276.0190  276.0190  0.000000       0.00000       0.00000         230936.6384    0.000000    -0.00005     0.00000    0.000000000   -0.000000242   -0.000000411  256.358457  77204.7485
1938.00   15.0000    0.0000   15.0000  276.0970  276.0970  0.000000       0.00000       0.00000         230871.3966    0.000000    -0.00005     0.00000    0.000000000   -0.000000241   -0.000000410  256.313791  77081.3729
1950.00   15.0000    0.0000   15.0000  276.1750  276.1750  0.000000       0.00000       0.00000         230806.1917    0.000000    -0.00005     0.00000    0.000000000   -0.000000241   -0.000000410  256.269091  76958.1730
1962.00   15.0000    0.0000   15.0000  276.2530  276.2530  0.000000       0.00000       0.00000         230741.0236    0.000000    -0.00005     0.00000    0.000000000   -0.000000241   -0.000000409  256.224359  76835.1486
1974.00   15.0000    0.0000   15.0000  276.3310  276.3310  0.000000       0.00000       0.00000         230675.8923    0.000000    -0.00005     0.00000    0.000000000   -0.000000241   -0.000000409  256.179594  76712.2995
1986.00   15.0000    0.0000   15.0000  276.4090  276.4090  0.000000       0.00000       0.00000         230610.7978    0.000000    -0.00005     0.00000    0.000000000   -0.000000241   -0.000000408  256.134795  76589.6253
1998.00   15.0000    0.0000   15.0000  276.4870  276.4870  0.000000       0.00000       0.00000         230545.7399    0.000000    -0.00005     0.00000    0.000000000   -0.000000241   -0.000000408  256.089964  76467.1259
2010.00   15.0000    0.0000   15.0000  276.5650  276.5650  0.000000       0.00000       0.00000         230480.7188    0.000000    -0.00005     0.00000    0.000000000   -0.000000241   -0.000000407  256.045099  76344.8010
2022.00   15.0000    0.0000   15.0000  276.6430  276.6430  0.000000       0.00000       0.00000         230415.7344    0.000000    -0.00005     0.00000    0.000000000   -0.000000241   -0.000000407  256.000202  76222.6504
2034.00   15.0000    0.0000   15.0000  276.7210  276.7210  0.000000       0.00000       0.00000         230350.7865    0.000000    -0.00005     0.00000    0.000000000   -0.000000241   -0.000000407  255.955271  76100.6739
2046.00   15.0000    0.0000   15.0000  276.7990  276.7990  0.000000       0.00000       0.00000         230285.8753    0.000000    -0.00005     0.00000    0.000000000   -0.000000241   -0.000000406  255.910308  75978.8712
2058.00   15.0000    0.0000   15.0000  276.8770  276.8770  0.000000       0.00000       0.00000         230221.0007    0.000000    -0.00005     0.00000    0.000000000   -0.000000241   -0.000000406  255.865311  75857.2421
2070.00   15.0000    0.0000   15.0000  276.9550  276.9550  0.000000       0.00000       0.00000         230156.1626    0.000000    -0.00005     0.00000    0.000000000   -0.000000241   -0.000000405  255.820282  75735.7863
2082.00   15.0000    0.0000   15.0000  277.0330  277.0330  0.000000       0.00000       0.00000         230091.3610    0.000000    -0.00005     0.00000    0.000000000   -0.000000240   -0.000000405  255.775219  75614.5037
2094.00   15.0000    0.0000   15.0000  277.1110  277.1110  0.000000       0.00000       0.00000         230026.5958    0.000000    -0.00005     0.00000    0.000000000   -0.000000240   -0.000000404  255.730124  75493.3939
2106.00   15.0000    0.0000   15.0000  277.1890  277.1890  0.000000       0.00000       0.00000         229961.8672    0.000000    -0.00005     0.00000    0.000000000   -0.000000240   -0.000000404  255.684996  75372.4569
2118.00   15.0000    0.0000   15.0000  277.2670  277.2670  0.000000       0.00000       0.00000         229897.1749    0.000000    -0.00005     0.00000    0.000000000   -0.000000240   -0.000000403  255.639834  75251.6922
2130.00   15.0000    0.0000   15.0000  277.3450  277.3450  0.000000       0.00000       0.00000         229832.5191    0.000000    -0.00005     0.00000    0.000000000   -0.000000240   -0.000000403  255.594640  75131.0998
2142.00   15.0000    0.0000   15.0000  277.4230  277.4230  0.000000       0.00000       0.00000         229767.8996    0.000000    -0.00005     0.00000    0.000000000   -0.000000240   -0.000000402  255.549413  75010.6793
2154.00   15.0000    0.0000   15.0000  277.5010  277.5010  0.000000       0.00000       0.00000         229703.3164    0.000000    -0.00005     0.00000    0.000000000   -0.000000240   -0.000000402  255.504152  74890.4306
2166.00   15.0000    0.0000   15.0000  277.5790  277.5790  0.000000       0.00000       0.00000         229638.7695    0.000000    -0.00005     0.00000    0.000000000   -0.000000240   -0.000000401  255.458859  74770.3534
2178.00   15.0000    0.0000   15.0000  277.6570  277.6570  0.000000       0.00000       0.00000         229574.2589    0.000000    -0.00005     0.00000    0.000000000   -0.000000240   -0.000000401  255.413533  74650.4474
2190.00   15.0000    0.0000   15.0000  277.7350  277.7350  0.000000       0.00000       0.00000         229509.7845    0.000000    -0.00005     0.00000    0.000000000   -0.000000240   -0.000000401  255.368175  74530.7125
2202.00   15.0000    0.0000   15.0000  277.8130  277.8130  0.000000       0.00000       0.00000         229445.3463    0.000000    -0.00005     0.00000    0.000000000   -0.000000239   -0.000000400  255.322783  74411.1485
2214.00   15.0000    0.0000   15.0000  277.8910  277.8910  0.000000       0.00000       0.00000         229380.9443    0.000000    -0.00005     0.00000    0.000000000   -0.000000239   -0.000000400  255.277358  74291.7550
2226.00   15.0000    0.0000   15.0000  277.9690  277.9690  0.000000       0.00000       0.00000         229316.5785    0.000000    -0.00005     0.00000    0.000000000   -0.000000239   -0.000000399  255.231901  74172.5319
2238.00   15.0000    0.0000   15.0000  278.0470  278.0470  0.000000       0.00000       0.00000         229252.2487    0.000000    -0.00005     0.00000    0.000000000   -0.000000239   -0.000000399  255.186410  74053.4789
2250.00   15.0000    0.0000   15.0000  278.1250  278.1250  0.000000       0.00000       0.00000         229187.9551    0.000000    -0.00005     0.00000    0.000000000   -0.000000239   -0.000000398  255.140887  73934.5958
2262.00   15.0000    0.0000   15.0000  278.2030  278.2030  0.000000       0.00000       0.00000         229123.6974    0.000000    -0.00006     0.00000    0.000000000   -0.000000239   -0.000000398  255.095331  73815.8825
2274.00   15.0000    0.0000   15.0000  278.2810  278.2810  0.000000       0.00000       0.00000         229059.4759    0.000000    -0.00006     0.00000    0.000000000   -0.000000239   -0.000000397  255.049742  73697.3385
2286.00   15.0000    0.0000   15.0000  278.3590  278.3590  0.000000       0.00000       0.00000         228995.2903    0.000000    -0.00006     0.00000    0.000000000   -0.000000239   -0.000000397  255.004121  73578.9638
2298.00   15.0000    0.0000   15.0000  278.4370  278.4370  0.000000       0.00000       0.00000         228931.1406    0.000000    -0.00006     0.00000    0.000000000   -0.000000239   -0.000000396  254.958466  73460.7581
2310.00   15.0000    0.0000   15.0000  278.5150  278.5150  0.000000       0.00000       0.00000         228867.0269    0.000000    -0.00006     0.00000    0.000000000   -0.000000238   -0.000000396  254.912779  73342.7212
2322.00   15.0000    0.0000   15.0000  278.5930  278.5930  0.000000       0.00000       0.00000         228802.9491    0.000000    -0.00006     0.00000    0.000000000   -0.000000238   -0.000000395  254.867059  73224.8528
2334.00   15.0000    0.0000   15.0000  278.6710  278.6710  0.000000       0.00000       0.00000         228738.9072    0.000000    -0.00006     0.00000    0.000000000   -0.000000238   -0.000000395  254.821306  73107.1528
2346.00   15.0000    0.0000   15.0000  278.7490  278.7490  0.000000       0.00000       0.00000         228674.9011    0.000000    -0.00006     0.00000    0.000000000   -0.000000238   -0.000000394  254.775520  72989.6208
2358.00   15.0000    0.0000   15.0000  278.8270  278.8270  0.000000       0.00000       0.00000         228610.9308    0.000000    -0.00006     0.00000    0.000000000   -0.000000238   -0.000000394  254.729702  72872.2567
2370.00   15.0000    0.0000   15.0000  278.9050  278.9050  0.000000       0.00000       0.00000         228546.9963    0.000000    -0.00006     0.00000    0.000000000   -0.000000238   -0.000000393  254.683851  72755.0603
2382.00   15.0000    0.0000   15.0000  278.9830  278.9830  0.000000       0.00000       0.00000              0.0000    0.000000    -0.00006     0.00000    0.000000000    0.000000000    0.000000000  254.637967  72638.0313
2394.00   15.0000    0.0000   15.0000  279.0610  279.0610  0.000000       0.00000       0.00000              0.0000    0.000000     0.00000     0.00000    0.000000000    0.000000000    0.000000000  254.592050  72521.1694
