   0.00    0.0000    0.0000    0.0000  250.3268  250.3268  0.000000       0.00000       0.00000              0.0000    0.000000     0.00000     0.00000    0.000000000    0.000000000    0.000000000    0.000000      0.0000
   6.00    6.3140    3.7806    7.3593  253.0559  253.0559  0.000000       0.49429       0.49429              0.0000    0.000000     0.00000     0.00000   -0.000089344    0.000000000    0.000000000  252.968276  99878.6025
  18.00    7.5212    4.3456    8.6864  253.4266  253.4266  0.000000       1.14947       1.14947              0.1184    0.000000    -0.00000     0.00000   -0.000108831    0.000000000    0.000000000  253.192285  99676.5086
  30.00    8.3850    4.6502    9.5881  253.6992  253.6992  0.000000       0.97008       0.97008              0.1600    0.000000    -0.00000     0.00000   -0.000131601    0.000001011    0.000000879  253.347554  99515.2956
  42.00    9.2268    4.8530   10.4252  253.9728  253.9728  0.000000       1.00376       1.00376              0.1830    0.000000    -0.00000     0.00000   -0.000143614    0.000000988    0.000000856  253.503600  99354.4421
  54.00   10.0011    4.9543   11.1609  254.2334  254.2334  0.000000       0.90994       0.90994              0.2086    0.000000    -0.00000     0.00000   -0.000152144    0.000000961    0.000000828  253.646523  99193.9432
  66.00   10.7428    4.9678   11.8358  254.4936  254.4936  0.000000       0.83747       0.83747              0.2303    0.000000    -0.00001     0.00000   -0.000157922    0.000000965    0.000000831  253.789039  99033.7936
  78.00   11.4428    4.8981   12.4471  254.7519  254.7519  0.000000       0.74741       0.74741              0.2521    0.000000    -0.00001     0.00000   -0.000160565    0.000000968    0.000000832  253.929428  98873.9916
  90.00   12.1002    4.7491   12.9988  255.0094  255.0094  0.000000       0.66259       0.66259              0.2728    0.000000    -0.00001     0.00000   -0.000159833    0.000000970    0.000000833  254.068928  98714.5353
 102.00   12.7062    4.5262   13.4883  255.2645  255.2645  0.000000       0.58005       0.58005              0.2933    0.000000    -0.00001     0.00000   -0.000155463    0.000000961    0.000000823  254.205945  98555.4228
 114.00   13.2528    4.2364   13.9134  255.5157  255.5157  0.000000       0.50389       0.50389              0.3136    0.000000    -0.00001     0.00000   -0.000147402    0.000000940    0.000000801  254.338903  98396.6509
 126.00   13.7318    3.8893   14.2720  255.7606  255.7606  0.000000       0.43405       0.43405              0.3338    0.000000    -0.00001     0.00000   -0.000135958    0.000000905    0.000000766  254.465607  98238.2157
 138.00   14.1371    3.4971   14.5632  255.9975  255.9975  0.000000       0.37075       0.37075              0.3542    0.000000    -0.00001     0.00000   -0.000121852    0.000000857    0.000000718  254.584115  98080.1117
 150.00   14.4657    3.0729   14.7885  256.2249  256.2249  0.000000       0.31324       0.31324              0.3755    0.000000    -0.00001     0.00000   -0.000106069    0.000000804    0.000000665  254.693099  97922.3326
 162.00   14.7184    2.6301   14.9515  256.4429  256.4429  0.000000       0.26023       0.26023              0.3989    0.000000    -0.00001     0.00000   -0.000089940    0.000000756    0.000000616  254.792598  97764.8717
 174.00   14.8996    2.1799   15.0582  256.6535  256.6535  0.000000       0.21036       0.21036              0.4268    0.000000    -0.00001     0.00000   -0.000074129    0.000000731    0.000000592  254.884656  97607.7231
 186.00   15.0164    1.7289   15.1156  256.8623  256.8623  0.000000       0.16193       0.16193              0.4641    0.000000    -0.00001     0.00000   -0.000060120    0.000000768    0.000000626  254.974892  97450.8831
 198.00   15.0763    1.2771   15.1303  257.0820  257.0820  0.000000       0.11312       0.11312              0.5224    0.000000    -0.00002     0.00000   -0.000044972    0.000000957    0.000000808  255.075833  97294.3538
 210.00   15.0845    0.8119   15.1064  257.3447  257.3447  0.000000       0.06761       0.06761              0.6377    0.000000    -0.00002     0.00000   -0.000038915    0.000002001    0.000001809  255.219354  97138.1507
 222.00   15.0305    0.2198   15.0321  257.8630  257.8630  0.000000       0.00240       0.00240              1.4794    0.000000     0.00000     0.00000   -0.000121305    0.000003090    0.000002882  255.616199  96982.3631
 234.00   15.0001    0.0009   15.0001  258.4221  258.4221  0.000000       0.00000       0.00000             16.5534    0.000000    -0.00002     0.00000   -0.000004653    0.000002504    0.000002333  256.053118  96827.0786
 246.00   15.0000    0.0000   15.0000  258.7568  258.7568  0.000000       0.00000       0.00000         414105.7499    0.000000    -0.00003     0.00000   -0.000000000    0.000001724    0.000001547  256.267556  96672.2397
 258.00   15.0000    0.0000   15.0000  259.0871  259.0871  0.000000       0.00000       0.00000        1040565.1749    0.000000    -0.00003     0.00000    0.000000000    0.000001734    0.000001555  256.477530  96517.7764
 270.00   15.0000    0.0000   15.0000  259.4166  259.4166  0.000000       0.00000       0.00000        1037916.3152    0.000000    -0.00003     0.00000    0.000000000    0.000001760    0.000001578  256.686516  96363.6856
 282.00   15.0000    0.0000   15.0000  259.7461  259.7461  0.000000       0.00000       0.00000        1036500.3506    0.000000    -0.00003     0.00000    0.000000000    0.000001790    0.000001605  256.895358  96209.9659
 294.00   15.0000    0.0000   15.0000  260.0755  260.0755  0.000000       0.00000       0.00000        1034779.2869    0.000000    -0.00003     0.00000    0.000000000    0.000001819    0.000001631  257.103985  96056.6160
 306.00   15.0000    0.0000   15.0000  260.4047  260.4047  0.000000       0.00000       0.00000        1032608.9794    0.000000    -0.00003     0.00000    0.000000000    0.000001847    0.000001656  257.312273  95903.6345
 318.00   15.0000    0.0000   15.0000  260.7335  260.7335  0.000000       0.00000       0.00000        1029759.3695    0.000000    -0.00003     0.00000    0.000000000    0.000001874    0.000001680  257.520061  95751.0200
 330.00   15.0000    0.0000   15.0000  261.0618  261.0618  0.000000       0.00000       0.00000        1025908.1379    0.000000    -0.00003     0.00000    0.000000000    0.000001898    0.000001701  257.727078  95598.7709
 342.00   15.0000    0.0000   15.0000  261.3890  261.3890  0.000000       0.00000       0.00000        1020747.5156    0.000000    -0.00003     0.00000    0.000000000    0.000001919    0.000001719  257.932958  95446.8855
 354.00   15.0000    0.0000   15.0000  261.7147  261.7147  0.000000       0.00000       0.00000        1013532.2338    0.000000    -0.00004     0.00000    0.000000000    0.000001934    0.000001731  258.137235  95295.3618
 366.00   15.0000    0.0000   15.0000  262.0382  262.0382  0.000000       0.00000       0.00000        1002213.2151    0.000000    -0.00004     0.00000    0.000000000    0.000001936    0.000001732  258.339068  95144.1976
 378.00   15.0000    0.0000   15.0000  262.3575  262.3575  0.000000       0.00000       0.00000         980465.7012    0.000000    -0.00004     0.00000    0.000000000    0.000001908    0.000001702  258.536689  94993.3897
 390.00   15.0000    0.0000   15.0000  262.6677  262.6677  0.000000       0.00000       0.00000         946829.9694    0.000000    -0.00004     0.00000    0.000000000    0.000001843    0.000001635  258.725247  94842.9332
 402.00   15.0000    0.0000   15.0000  262.9661  262.9661  0.000000       0.00000       0.00000         793482.7577    0.000000    -0.00003     0.00000    0.000000000    0.000001418    0.000001220  258.902024  94692.8209
 414.00   15.0000    0.0000   15.0000  263.1784  263.1784  0.000000       0.00000       0.00000         664870.8830    0.000000    -0.00003     0.00000    0.000000000    0.000001055    0.000000858  258.993845  94543.0239
 426.00   15.0000    0.0000   15.0000  263.3943  263.3943  0.000000       0.00000       0.00000         653593.7061    0.000000    -0.00003     0.00000    0.000000000    0.000001030    0.000000833  259.089260  94393.5178
 438.00   15.0000    0.0000   15.0000  263.5997  263.5997  0.000000       0.00000       0.00000         632571.3417    0.000000    -0.00003     0.00000    0.000000000    0.000000976    0.000000778  259.174088  94244.3001
 450.00   15.0000    0.0000   15.0000  263.8024  263.8024  0.000000       0.00000       0.00000         624603.0785    0.000000    -0.00003     0.00000    0.000000000    0.000000960    0.000000761  259.256304  94095.3662
 462.00   15.0000    0.0000   15.0000  264.0029  264.0029  0.000000       0.00000       0.00000         618341.8615    0.000000    -0.00003     0.00000    0.000000000    0.000000949    0.000000749  259.336203  93946.7141
 474.00   15.0000    0.0000   15.0000  264.2019  264.2019  0.000000       0.00000       0.00000         613758.8930    0.000000    -0.00003     0.00000    0.000000000    0.000000942    0.000000741  259.414567  93798.3421
 486.00   15.0000    0.0000   15.0000  264.3998  264.3998  0.000000       0.00000       0.00000         609938.1469    0.000000    -0.00003     0.00000    0.000000000    0.000000938    0.000000735  259.491675  93650.2488
 498.00   15.0000    0.0000   15.0000  264.5966  264.5966  0.000000       0.00000       0.00000         606492.7286    0.000000    -0.00003     0.00000    0.000000000    0.000000934    0.000000731  259.567728  93502.4329
 510.00   15.0000    0.0000   15.0000  264.7925  264.7925  0.000000       0.00000       0.00000         603181.9329    0.000000    -0.00003     0.00000    0.000000000    0.000000931    0.000000726  259.642762  93354.8933
 522.00   15.0000    0.0000   15.0000  264.9875  264.9875  0.000000       0.00000       0.00000         599911.6947    0.000000    -0.00003     0.00000    0.000000000    0.000000928    0.000000722  259.716822  93207.6286
 534.00   15.0000    0.0000   15.0000  265.1816  265.1816  0.000000       0.00000       0.00000         596414.6194    0.000000    -0.00003     0.00000    0.000000000    0.000000924    0.000000716  259.789886  93060.6379
 546.00   15.0000    0.0000   15.0000  265.3746  265.3746  0.000000       0.00000       0.00000         592106.9623    0.000000    -0.00003     0.00000    0.000000000    0.000000917    0.000000708  259.861830  92913.9200
 558.00   15.0000    0.0000   15.0000  265.5661  265.5661  0.000000       0.00000       0.00000         586824.4378    0.000000    -0.00003     0.00000    0.000000000    0.000000906    0.000000697  259.932260  92767.4734
 570.00   15.0000    0.0000   15.0000  265.7560  265.7560  0.000000       0.00000       0.00000         575757.9586    0.000000    -0.00003     0.00000    0.000000000    0.000000877    0.000000666  260.000946  92621.2967
 582.00   15.0000    0.0000   15.0000  265.9406  265.9406  0.000000       0.00000       0.00000         566240.8529    0.000000    -0.00003     0.00000    0.000000000    0.000000852    0.000000640  260.064433  92475.3875
 594.00   15.0000    0.0000   15.0000  266.1245  266.1245  0.000000       0.00000       0.00000         512572.3104    0.000000    -0.00003     0.00000    0.000000000    0.000000679    0.000000470  260.127150  92329.7434
 606.00   15.0000    0.0000   15.0000  266.2744  266.2744  0.000000       0.00000       0.00000         422449.4956    0.000000    -0.00002     0.00000    0.000000000    0.000000383    0.000000178  260.156566  92184.3544
 618.00   15.0000    0.0000   15.0000  266.3998  266.3998  0.000000       0.00000       0.00000         377099.4838    0.000000    -0.00002     0.00000    0.000000000    0.000000233    0.000000030  260.161937  92039.2041
 630.00   15.0000    0.0000   15.0000  266.5203  266.5203  0.000000       0.00000       0.00000         362979.4510    0.000000    -0.00002     0.00000    0.000000000    0.000000186   -0.000000016  260.162479  91894.2840
 642.00   15.0000    0.0000   15.0000  266.6365  266.6365  0.000000       0.00000       0.00000         353624.0094    0.000000    -0.00002     0.00000    0.000000000    0.000000155   -0.000000047  260.158861  91749.5912
 654.00   15.0000    0.0000   15.0000  266.7510  266.7510  0.000000       0.00000       0.00000         348817.1689    0.000000    -0.00002     0.00000    0.000000000    0.000000140   -0.000000062  260.153443  91605.1237
 666.00   15.0000    0.0000   15.0000  266.8643  266.8643  0.000000       0.00000       0.00000         345431.7870    0.000000    -0.00002     0.00000    0.000000000    0.000000128   -0.000000074  260.146759  91460.8804
 678.00   15.0000    0.0000   15.0000  266.9766  266.9766  0.000000       0.00000       0.00000         342921.1661    0.000000    -0.00002     0.00000    0.000000000    0.000000120   -0.000000082  260.139180  91316.8602
 690.00   15.0000    0.0000   15.0000  267.0883  267.0883  0.000000       0.00000       0.00000         340999.7205    0.000000    -0.00002     0.00000    0.000000000    0.000000114   -0.000000088  260.130892  91173.0624
 702.00   15.0000    0.0000   15.0000  267.1995  267.1995  0.000000       0.00000       0.00000         339425.1402    0.000000    -0.00002     0.00000    0.000000000    0.000000108   -0.000000094  260.122082  91029.4864
 714.00   15.0000    0.0000   15.0000  267.3103  267.3103  0.000000       0.00000       0.00000         338062.1349    0.000000    -0.00002     0.00000    0.000000000    0.000000104   -0.000000098  260.112784  90886.1315
 726.00   15.0000    0.0000   15.0000  267.4207  267.4207  0.000000       0.00000       0.00000         336826.5791    0.000000    -0.00002     0.00000    0.000000000    0.000000100   -0.000000103  260.103099  90742.9971
 738.00   15.0000    0.0000   15.0000  267.5307  267.5307  0.000000       0.00000       0.00000         335615.5287    0.000000    -0.00003     0.00000    0.000000000    0.000000096   -0.000000107  260.093007  90600.0827
 750.00   15.0000    0.0000   15.0000  267.6404  267.6404  0.000000       0.00000       0.00000         334500.7414    0.000000    -0.00003     0.00000    0.000000000    0.000000092   -0.000000110  260.082542  90457.3877
 762.00   15.0000    0.0000   15.0000  267.7498  267.7498  0.000000       0.00000       0.00000         333405.5891    0.000000    -0.00003     0.00000    0.000000000    0.000000088   -0.000000114  260.071732  90314.9117
 774.00   15.0000    0.0000   15.0000  267.8589  267.8589  0.000000       0.00000       0.00000         331845.0238    0.000000    -0.00003     0.00000    0.000000000    0.000000083   -0.000000120  260.060562  90172.6541
 786.00   15.0000    0.0000   15.0000  267.9674  267.9674  0.000000       0.00000       0.00000         330790.0948    0.000000    -0.00003     0.00000    0.000000000    0.000000080   -0.000000123  260.048749  90030.6142
 798.00   15.0000    0.0000   15.0000  268.0758  268.0758  0.000000       0.00000       0.00000         325080.9502    0.000000    -0.00003     0.00000    0.000000000    0.000000060   -0.000000142  260.036897  89888.7917
 810.00   15.0000    0.0000   15.0000  268.1806  268.1806  0.000000       0.00000       0.00000         318506.1430    0.000000    -0.00003     0.00000    0.000000000    0.000000038   -0.000000164  260.021442  89747.1852
 822.00   15.0000    0.0000   15.0000  268.2849  268.2849  0.000000       0.00000       0.00000         316726.3370    0.000000    -0.00003     0.00000    0.000000000    0.000000032   -0.000000170  260.005394  89605.7931
 834.00   15.0000    0.0000   15.0000  268.3886  268.3886  0.000000       0.00000       0.00000         315449.1267    0.000000    -0.00003     0.00000    0.000000000    0.000000028   -0.000000175  259.988794  89464.6150
 846.00   15.0000    0.0000   15.0000  268.4921  268.4921  0.000000       0.00000       0.00000         314639.3045    0.000000    -0.00003     0.00000    0.000000000    0.000000025   -0.000000177  259.971920  89323.6502
 858.00   15.0000    0.0000   15.0000  268.5953  268.5953  0.000000       0.00000       0.00000         313921.1020    0.000000    -0.00003     0.00000    0.000000000    0.000000022   -0.000000180  259.954792  89182.8984
 870.00   15.0000    0.0000   15.0000  268.6984  268.6984  0.000000       0.00000       0.00000         313353.6205    0.000000    -0.00003     0.00000    0.000000000    0.000000020   -0.000000182  259.937448  89042.3590
 882.00   15.0000    0.0000   15.0000  268.8014  268.8014  0.000000       0.00000       0.00000         312882.1330    0.000000    -0.00003     0.00000    0.000000000    0.000000019   -0.000000184  259.919945  88902.0317
 894.00   15.0000    0.0000   15.0000  268.9043  268.9043  0.000000       0.00000       0.00000         312414.7510    0.000000    -0.00003     0.00000    0.000000000    0.000000017   -0.000000185  259.902288  88761.9161
 906.00   15.0000    0.0000   15.0000  269.0070  269.0070  0.000000       0.00000       0.00000         312064.8219    0.000000    -0.00003     0.00000    0.000000000    0.000000016   -0.000000186  259.884475  88622.0118
 918.00   15.0000    0.0000   15.0000  269.1097  269.1097  0.000000       0.00000       0.00000         311847.9001    0.000000    -0.00003     0.00000    0.000000000    0.000000015   -0.000000187  259.866581  88482.3184
 930.00   15.0000    0.0000   15.0000  269.2124  269.2124  0.000000       0.00000       0.00000         311740.5345    0.000000    -0.00003     0.00000    0.000000000    0.000000014   -0.000000188  259.848616  88342.8355
 942.00   15.0000    0.0000   15.0000  269.3151  269.3151  0.000000       0.00000       0.00000         312072.7612    0.000000    -0.00003     0.00000    0.000000000    0.000000015   -0.000000187  259.830641  88203.5630
 954.00   15.0000    0.0000   15.0000  269.4181  269.4181  0.000000       0.00000       0.00000         313103.9635    0.000000    -0.00003     0.00000    0.000000000    0.000000019   -0.000000184  259.812873  88064.5004
 966.00   15.0000    0.0000   15.0000  269.5215  269.5215  0.000000       0.00000       0.00000         319502.1516    0.000000    -0.00003     0.00000    0.000000000    0.000000040   -0.000000162  259.795540  87925.6477
 978.00   15.0000    0.0000   15.0000  269.6288  269.6288  0.000000       0.00000       0.00000         327927.3366    0.000000    -0.00003     0.00000    0.000000000    0.000000069   -0.000000134  259.781826  87787.0057
 990.00   15.0000    0.0000   15.0000  269.7379  269.7379  0.000000       0.00000       0.00000         581953.2583    0.000000    -0.00008     0.00000    0.000000000    0.000000936    0.000000711  259.769839  87648.5755
1002.00   15.0000    0.0000   15.0000  270.0130  270.0130  0.000000       0.00000       0.00000         534273.9390    0.000000    -0.00002     0.00000    0.000000000    0.000000774    0.000000560  259.917575  87510.3995
1014.00   15.0000    0.0000   15.0000  270.0910  270.0910  0.000000       0.00000       0.00000         236005.2723    0.000000    -0.00002     0.00000    0.000000000   -0.000000245   -0.000000445  259.875548  87372.4695
1026.00   15.0000    0.0000   15.0000  270.1690  270.1690  0.000000       0.00000       0.00000         235937.1356    0.000000    -0.00002     0.00000    0.000000000   -0.000000245   -0.000000445  259.833487  87234.7346
1038.00   15.0000    0.0000   15.0000  270.2470  270.2470  0.000000       0.00000       0.00000         235869.0383    0.000000    -0.00003     0.00000    0.000000000   -0.000000245   -0.000000445  259.791393  87097.1946
1050.00   15.0000    0.0000   15.0000  270.3250  270.3250  0.000000       0.00000       0.00000         235800.9803    0.000000    -0.00003     0.00000    0.000000000   -0.000000245   -0.000000444  259.749264  86959.8492
1062.00   15.0000    0.0000   15.0000  270.4030  270.4030  0.000000       0.00000       0.00000         235732.9615    0.000000    -0.00003     0.00000    0.000000000   -0.000000245   -0.000000444  259.707102  86822.6981
1074.00   15.0000    0.0000   15.0000  270.4810  270.4810  0.000000       0.00000       0.00000         235664.9820    0.000000    -0.00003     0.00000    0.000000000   -0.000000245   -0.000000444  259.664906  86685.7411
1086.00   15.0000    0.0000   15.0000  270.5590  270.5590  0.000000       0.00000       0.00000         235597.0417    0.000000    -0.00003     0.00000    0.000000000   -0.000000245   -0.000000443  259.622677  86548.9780
1098.00   15.0000    0.0000   15.0000  270.6370  270.6370  0.000000       0.00000       0.00000         235529.1405    0.000000    -0.00003     0.00000    0.000000000   -0.000000245   -0.000000443  259.580413  86412.4084
1110.00   15.0000    0.0000   15.0000  270.7150  270.7150  0.000000       0.00000       0.00000         235461.2785    0.000000    -0.00003     0.00000    0.000000000   -0.000000245   -0.000000443  259.538116  86276.0322
1122.00   15.0000    0.0000   15.0000  270.7930  270.7930  0.000000       0.00000       0.00000         235393.4555    0.000000    -0.00003     0.00000    0.000000000   -0.000000245   -0.000000442  259.495785  86139.8489
1134.00   15.0000    0.0000   15.0000  270.8710  270.8710  0.000000       0.00000       0.00000         235325.6716    0.000000    -0.00003     0.00000    0.000000000   -0.000000245   -0.000000442  259.453420  86003.8585
1146.00   15.0000    0.0000   15.0000  270.9490  270.9490  0.000000       0.00000       0.00000         235257.9268    0.000000    -0.00003     0.00000    0.000000000   -0.000000246   -0.000000441  259.411022  85868.0606
1158.00   15.0000    0.0000   15.0000  271.0270  271.0270  0.000000       0.00000       0.00000         235190.2209    0.000000    -0.00003     0.00000    0.000000000   -0.000000246   -0.000000441  259.368590  85732.4549
1170.00   15.0000    0.0000   15.0000  271.1050  271.1050  0.000000       0.00000       0.00000         235122.5540    0.000000    -0.00003     0.00000    0.000000000   -0.000000246   -0.000000441  259.326124  85597.0413
1182.00   15.0000    0.0000   15.0000  271.1830  271.1830  0.000000       0.00000       0.00000         235054.9260    0.000000    -0.00003     0.00000    0.000000000   -0.000000246   -0.000000440  259.283624  85461.8194
1194.00   15.0000    0.0000   15.0000  271.2610  271.2610  0.000000       0.00000       0.00000         234987.3369    0.000000    -0.00003     0.00000    0.000000000   -0.000000246   -0.000000440  259.241091  85326.7890
1206.00   15.0000    0.0000   15.0000  271.3390  271.3390  0.000000       0.00000       0.00000         234919.7867    0.000000    -0.00003     0.00000    0.000000000   -0.000000246   -0.000000440  259.198524  85191.9499
1218.00   15.0000    0.0000   15.0000  271.4170  271.4170  0.000000       0.00000       0.00000         234852.2753    0.000000    -0.00003     0.00000    0.000000000   -0.000000246   -0.000000439  259.155924  85057.3017
1230.00   15.0000    0.0000   15.0000  271.4950  271.4950  0.000000       0.00000       0.00000         234784.8027    0.000000    -0.00003     0.00000    0.000000000   -0.000000246   -0.000000439  259.113290  84922.8443
1242.00   15.0000    0.0000   15.0000  271.5730  271.5730  0.000000       0.00000       0.00000         234717.3688    0.000000    -0.00003     0.00000    0.000000000   -0.000000246   -0.000000439  259.070622  84788.5773
1254.00   15.0000    0.0000   15.0000  271.6510  271.6510  0.000000       0.00000       0.00000         234649.9737    0.000000    -0.00003     0.00000    0.000000000   -0.000000246   -0.000000438  259.027921  84654.5005
1266.00   15.0000    0.0000   15.0000  271.7290  271.7290  0.000000       0.00000       0.00000         234582.6172    0.000000    -0.00003     0.00000    0.000000000   -0.000000246   -0.000000438  258.985185  84520.6137
1278.00   15.0000    0.0000   15.0000  271.8070  271.8070  0.000000       0.00000       0.00000         234515.2995    0.000000    -0.00003     0.00000    0.000000000   -0.000000246   -0.000000438  258.942417  84386.9166
1290.00   15.0000    0.0000   15.0000  271.8850  271.8850  0.000000       0.00000       0.00000         234448.0203    0.000000    -0.00003     0.00000    0.000000000   -0.000000246   -0.000000437  258.899615  84253.4089
1302.00   15.0000    0.0000   15.0000  271.9630  271.9630  0.000000       0.00000       0.00000         234380.7797    0.000000    -0.00003     0.00000    0.000000000   -0.000000246   -0.000000437  258.856779  84120.0904
1314.00   15.0000    0.0000   15.0000  272.0410  272.0410  0.000000       0.00000       0.00000         234313.5777    0.000000    -0.00003     0.00000    0.000000000   -0.000000246   -0.000000437  258.813909  83986.9609
1326.00   15.0000    0.0000   15.0000  272.1190  272.1190  0.000000       0.00000       0.00000         234246.4143    0.000000    -0.00003     0.00000    0.000000000   -0.000000246   -0.000000436  258.771006  83854.0200
1338.00   15.0000    0.0000   15.0000  272.1970  272.1970  0.000000       0.00000       0.00000         234179.2893    0.000000    -0.00003     0.00000    0.000000000   -0.000000246   -0.000000436  258.728070  83721.2676
1350.00   15.0000    0.0000   15.0000  272.2750  272.2750  0.000000       0.00000       0.00000         234112.2027    0.000000    -0.00003     0.00000    0.000000000   -0.000000246   -0.000000435  258.685100  83588.7034
1362.00   15.0000    0.0000   15.0000  272.3530  272.3530  0.000000       0.00000       0.00000         234045.1546    0.000000    -0.00003     0.00000    0.000000000   -0.000000246   -0.000000435  258.642096  83456.3270
1374.00   15.0000    0.0000   15.0000  272.4310  272.4310  0.000000       0.00000       0.00000         233978.1449    0.000000    -0.00003     0.00000    0.000000000   -0.000000246   -0.000000435  258.599059  83324.1384
1386.00   15.0000    0.0000   15.0000  272.5090  272.5090  0.000000       0.00000       0.00000         233911.1736    0.000000    -0.00003     0.00000    0.000000000   -0.000000246   -0.000000434  258.555988  83192.1371
1398.00   15.0000    0.0000   15.0000  272.5870  272.5870  0.000000       0.00000       0.00000         233844.2406    0.000000    -0.00003     0.00000    0.000000000   -0.000000246   -0.000000434  258.512884  83060.3231
1410.00   15.0000    0.0000   15.0000  272.6650  272.6650  0.000000       0.00000       0.00000         233777.3458    0.000000    -0.00003     0.00000    0.000000000   -0.000000246   -0.000000434  258.469746  82928.6959
1422.00   15.0000    0.0000   15.0000  272.7430  272.7430  0.000000       0.00000       0.00000         233710.4894    0.000000    -0.00003     0.00000    0.000000000   -0.000000246   -0.000000433  258.426575  82797.2554
1434.00   15.0000    0.0000   15.0000  272.8210  272.8210  0.000000       0.00000       0.00000         233643.6711    0.000000    -0.00003     0.00000    0.000000000   -0.000000246   -0.000000433  258.383370  82666.0014
1446.00   15.0000    0.0000   15.0000  272.8990  272.8990  0.000000       0.00000       0.00000         233576.8911    0.000000    -0.00004     0.00000    0.000000000   -0.000000246   -0.000000432  258.340132  82534.9335
1458.00   15.0000    0.0000   15.0000  272.9770  272.9770  0.000000       0.00000       0.00000         233510.1492    0.000000    -0.00004     0.00000    0.000000000   -0.000000246   -0.000000432  258.296860  82404.0515
1470.00   15.0000    0.0000   15.0000  273.0550  273.0550  0.000000       0.00000       0.00000         233443.4455    0.000000    -0.00004     0.00000    0.000000000   -0.000000246   -0.000000432  258.253555  82273.3552
1482.00   15.0000    0.0000   15.0000  273.1330  273.1330  0.000000       0.00000       0.00000         233376.7798    0.000000    -0.00004     0.00000    0.000000000   -0.000000246   -0.000000431  258.210216  82142.8442
1494.00   15.0000    0.0000   15.0000  273.2110  273.2110  0.000000       0.00000       0.00000         233310.1522    0.000000    -0.00004     0.00000    0.000000000   -0.000000246   -0.000000431  258.166844  82012.5185
1506.00   15.0000    0.0000   15.0000  273.2890  273.2890  0.000000       0.00000       0.00000         233243.5627    0.000000    -0.00004     0.00000    0.000000000   -0.000000246   -0.000000430  258.123439  81882.3777
1518.00   15.0000    0.0000   15.0000  273.3670  273.3670  0.000000       0.00000       0.00000         233177.0111    0.000000    -0.00004     0.00000    0.000000000   -0.000000246   -0.000000430  258.080000  81752.4215
1530.00   15.0000    0.0000   15.0000  273.4450  273.4450  0.000000       0.00000       0.00000         233110.4975    0.000000    -0.00004     0.00000    0.000000000   -0.000000246   -0.000000430  258.036528  81622.6498
1542.00   15.0000    0.0000   15.0000  273.5230  273.5230  0.000000       0.00000       0.00000         233044.0219    0.000000    -0.00004     0.00000    0.000000000   -0.000000246   -0.000000429  257.993022  81493.0622
1554.00   15.0000    0.0000   15.0000  273.6010  273.6010  0.000000       0.00000       0.00000         232977.5841    0.000000    -0.00004     0.00000    0.000000000   -0.000000246   -0.000000429  257.949483  81363.6586
1566.00   15.0000    0.0000   15.0000  273.6790  273.6790  0.000000       0.00000       0.00000         232911.1843    0.000000    -0.00004     0.00000    0.000000000   -0.000000246   -0.000000428  257.905910  81234.4387
1578.00   15.0000    0.0000   15.0000  273.7570  273.7570  0.000000       0.00000       0.00000         232844.8222    0.000000    -0.00004     0.00000    0.000000000   -0.000000246   -0.000000428  257.862305  81105.4021
1590.00   15.0000    0.0000   15.0000  273.8350  273.8350  0.000000       0.00000       0.00000         232778.4980    0.000000    -0.00004     0.00000    0.000000000   -0.000000245   -0.000000428  257.818665  80976.5488
1602.00   15.0000    0.0000   15.0000  273.9130  273.9130  0.000000       0.00000       0.00000         232712.2115    0.000000    -0.00004     0.00000    0.000000000   -0.000000245   -0.000000427  257.774993  80847.8784
1614.00   15.0000    0.0000   15.0000  273.9910  273.9910  0.000000       0.00000       0.00000         232645.9628    0.000000    -0.00004     0.00000    0.000000000   -0.000000245   -0.000000427  257.731287  80719.3908
1626.00   15.0000    0.0000   15.0000  274.0690  274.0690  0.000000       0.00000       0.00000         232579.7518    0.000000    -0.00004     0.00000    0.000000000   -0.000000245   -0.000000426  257.687548  80591.0855
1638.00   15.0000    0.0000   15.0000  274.1470  274.1470  0.000000       0.00000       0.00000         232513.5785    0.000000    -0.00004     0.00000    0.000000000   -0.000000245   -0.000000426  257.643775  80462.9625
1650.00   15.0000    0.0000   15.0000  274.2250  274.2250  0.000000       0.00000       0.00000         232447.4428    0.000000    -0.00004     0.00000    0.000000000   -0.000000245   -0.000000426  257.599969  80335.0214
1662.00   15.0000    0.0000   15.0000  274.3030  274.3030  0.000000       0.00000       0.00000         232381.3447    0.000000    -0.00004     0.00000    0.000000000   -0.000000245   -0.000000425  257.556130  80207.2621
1674.00   15.0000    0.0000   15.0000  274.3810  274.3810  0.000000       0.00000       0.00000         232315.2842    0.000000    -0.00004     0.00000    0.000000000   -0.000000245   -0.000000425  257.512258  80079.6842
1686.00   15.0000    0.0000   15.0000  274.4590  274.4590  0.000000       0.00000       0.00000         232249.2613    0.000000    -0.00004     0.00000    0.000000000   -0.000000245   -0.000000424  257.468352  79952.2876
1698.00   15.0000    0.0000   15.0000  274.5370  274.5370  0.000000       0.00000       0.00000         232183.2758    0.000000    -0.00004     0.00000    0.000000000   -0.000000245   -0.000000424  257.424413  79825.0720
1710.00   15.0000    0.0000   15.0000  274.6150  274.6150  0.000000       0.00000       0.00000         232117.3279    0.000000    -0.00004     0.00000    0.000000000   -0.000000245   -0.000000424  257.380441  79698.0371
1722.00   15.0000    0.0000   15.0000  274.6930  274.6930  0.000000       0.00000       0.00000         232051.4174    0.000000    -0.00004     0.00000    0.000000000   -0.000000245   -0.000000423  257.336435  79571.1827
1734.00   15.0000    0.0000   15.0000  274.7710  274.7710  0.000000       0.00000       0.00000         231985.5443    0.000000    -0.00004     0.00000    0.000000000   -0.000000245   -0.000000423  257.292396  79444.5085
1746.00   15.0000    0.0000   15.0000  274.8490  274.8490  0.000000       0.00000       0.00000         231919.7086    0.000000    -0.00004     0.00000    0.000000000   -0.000000245   -0.000000422  257.248324  79318.0144
1758.00   15.0000    0.0000   15.0000  274.9270  274.9270  0.000000       0.00000       0.00000         231853.9103    0.000000    -0.00004     0.00000    0.000000000   -0.000000245   -0.000000422  257.204219  79191.7001
1770.00   15.0000    0.0000   15.0000  275.0050  275.0050  0.000000       0.00000       0.00000         231788.1493    0.000000    -0.00004     0.00000    0.000000000   -0.000000245   -0.000000421  257.160080  79065.5653
1782.00   15.0000    0.0000   15.0000  275.0830  275.0830  0.000000       0.00000       0.00000         231722.4256    0.000000    -0.00004     0.00000    0.000000000   -0.000000245   -0.000000421  257.115909  78939.6098
1794.00   15.0000    0.0000   15.0000  275.1610  275.1610  0.000000       0.00000       0.00000         231656.7391    0.000000    -0.00004     0.00000    0.000000000   -0.000000245   -0.000000421  257.071704  78813.8333
1806.00   15.0000    0.0000   15.0000  275.2390  275.2390  0.000000       0.00000       0.00000         231591.0899    0.000000    -0.00004     0.00000    0.000000000   -0.000000245   -0.000000420  257.027466  78688.2357
1818.00   15.0000    0.0000   15.0000  275.3170  275.3170  0.000000       0.00000       0.00000         231525.4779    0.000000    -0.00004     0.00000    0.000000000   -0.000000245   -0.000000420  256.983194  78562.8167
1830.00   15.0000    0.0000   15.0000  275.3950  275.3950  0.000000       0.00000       0.00000         231459.9030    0.000000    -0.00004     0.00000    0.000000000   -0.000000245   -0.000000419  256.938890  78437.5760
1842.00   15.0000    0.0000   15.0000  275.4730  275.4730  0.000000       0.00000       0.00000         231394.3653    0.000000    -0.00004     0.00000    0.000000000   -0.000000245   -0.000000419  256.894552  78312.5133
1854.00   15.0000    0.0000   15.0000  275.5510  275.5510  0.000000       0.00000       0.00000         231328.8647    0.000000    -0.00005     0.00000    0.000000000   -0.000000244   -0.000000418  256.850181  78187.6286
1866.00   15.0000    0.0000   15.0000  275.6290  275.6290  0.000000       0.00000       0.00000         231263.4012    0.000000    -0.00005     0.00000    0.000000000   -0.000000244   -0.000000418  256.805777  78062.9214
1878.00   15.0000    0.0000   15.0000  275.7070  275.7070  0.000000       0.00000       0.00000         231197.9747    0.000000    -0.00005     0.00000    0.000000000   -0.000000244   -0.000000418  256.761340  77938.3917
1890.00   15.0000    0.0000   15.0000  275.7850  275.7850  0.000000       0.00000       0.00000         231132.5852    0.000000    -0.00005     0.00000    0.000000000   -0.000000244   -0.000000417  256.716870  77814.0391
1902.00   15.0000    0.0000   15.0000  275.8630  275.8630  0.000000       0.00000       0.00000         231067.2326    0.000000    -0.00005     0.00000    0.000000000   -0.000000244   -0.000000417  256.672367  77689.8634
1914.00   15.0000    0.0000   15.0000  275.9410  275.9410  0.000000       0.00000       0.00000         231001.9171    0.000000    -0.00005     0.00000    0.000000000   -0.000000244   -0.000000416  256.627830  77565.8644
1926.00   15.0000    0.0000   15.0000  276.0190  276.0190  0.000000       0.00000       0.00000         230936.6384    0.000000    -0.00005     0.00000    0.000000000   -0.000000244   -0.000000416  256.583261  77442.0418
1938.00   15.0000    0.0000   15.0000  276.0970  276.0970  0.000000       0.00000       0.00000         230871.3966    0.000000    -0.00005     0.00000    0.000000000   -0.000000244   -0.000000415  256.538658  77318.3954
1950.00   15.0000    0.0000   15.0000  276.1750  276.1750  0.000000       0.00000       0.00000         230806.1917    0.000000    -0.00005     0.00000    0.000000000   -0.000000244   -0.000000415  256.494023  77194.9250
1962.00   15.0000    0.0000   15.0000  276.2530  276.2530  0.000000       0.00000       0.00000         230741.0236    0.000000    -0.00005     0.00000    0.000000000   -0.000000244   -0.000000415  256.449354  77071.6302
1974.00   15.0000    0.0000   15.0000  276.3310  276.3310  0.000000       0.00000       0.00000         230675.8923    0.000000    -0.00005     0.00000    0.000000000   -0.000000244   -0.000000414  256.404652  76948.5110
1986.00   15.0000    0.0000   15.0000  276.4090  276.4090  0.000000       0.00000       0.00000         230610.7978    0.000000    -0.00005     0.00000    0.000000000   -0.000000244   -0.000000414  256.359917  76825.5671
1998.00   15.0000    0.0000   15.0000  276.4870  276.4870  0.000000       0.00000       0.00000         230545.7399    0.000000    -0.00005     0.00000    0.000000000   -0.000000244   -0.000000413  256.315149  76702.7981
2010.00   15.0000    0.0000   15.0000  276.5650  276.5650  0.000000       0.00000       0.00000         230480.7188    0.000000    -0.00005     0.00000    0.000000000   -0.000000244   -0.000000413  256.270348  76580.2040
2022.00   15.0000    0.0000   15.0000  276.6430  276.6430  0.000000       0.00000       0.00000         230415.7344    0.000000    -0.00005     0.00000    0.000000000   -0.000000243   -0.000000412  256.225514  76457.7844
2034.00   15.0000    0.0000   15.0000  276.7210  276.7210  0.000000       0.00000       0.00000         230350.7865    0.000000    -0.00005     0.00000    0.000000000   -0.000000243   -0.000000412  256.180647  76335.5391
2046.00   15.0000    0.0000   15.0000  276.7990  276.7990  0.000000       0.00000       0.00000         230285.8753    0.000000    -0.00005     0.00000    0.000000000   -0.000000243   -0.000000411  256.135747  76213.4679
2058.00   15.0000    0.0000   15.0000  276.8770  276.8770  0.000000       0.00000       0.00000         230221.0007    0.000000    -0.00005     0.00000    0.000000000   -0.000000243   -0.000000411  256.090814  76091.5706
2070.00   15.0000    0.0000   15.0000  276.9550  276.9550  0.000000       0.00000       0.00000         230156.1626    0.000000    -0.00005     0.00000    0.000000000   -0.000000243   -0.000000410  256.045848  75969.8468
2082.00   15.0000    0.0000   15.0000  277.0330  277.0330  0.000000       0.00000       0.00000         230091.3610    0.000000    -0.00005     0.00000    0.000000000   -0.000000243   -0.000000410  256.000849  75848.2965
2094.00   15.0000    0.0000   15.0000  277.1110  277.1110  0.000000       0.00000       0.00000         230026.5958    0.000000    -0.00005     0.00000    0.000000000   -0.000000243   -0.000000410  255.955818  75726.9193
2106.00   15.0000    0.0000   15.0000  277.1890  277.1890  0.000000       0.00000       0.00000         229961.8672    0.000000    -0.00005     0.00000    0.000000000   -0.000000243   -0.000000409  255.910753  75605.7150
2118.00   15.0000    0.0000   15.0000  277.2670  277.2670  0.000000       0.00000       0.00000         229897.1749    0.000000    -0.00005     0.00000    0.000000000   -0.000000243   -0.000000409  255.865655  75484.6835
2130.00   15.0000    0.0000   15.0000  277.3450  277.3450  0.000000       0.00000       0.00000         229832.5191    0.000000    -0.00005     0.00000    0.000000000   -0.000000243   -0.000000408  255.820524  75363.8244
2142.00   15.0000    0.0000   15.0000  277.4230  277.4230  0.000000       0.00000       0.00000         229767.8996    0.000000    -0.00005     0.00000    0.000000000   -0.000000243   -0.000000408  255.775360  75243.1375
2154.00   15.0000    0.0000   15.0000  277.5010  277.5010  0.000000       0.00000       0.00000         229703.3164    0.000000    -0.00005     0.00000    0.000000000   -0.000000243   -0.000000407  255.730164  75122.6226
2166.00   15.0000    0.0000   15.0000  277.5790  277.5790  0.000000       0.00000       0.00000         229638.7695    0.000000    -0.00005     0.00000    0.000000000   -0.000000242   -0.000000407  255.684934  75002.2795
2178.00   15.0000    0.0000   15.0000  277.6570  277.6570  0.000000       0.00000       0.00000         229574.2589    0.000000    -0.00005     0.00000    0.000000000   -0.000000242   -0.000000406  255.639672  74882.1079
2190.00   15.0000    0.0000   15.0000  277.7350  277.7350  0.000000       0.00000       0.00000         229509.7845    0.000000    -0.00005     0.00000    0.000000000   -0.000000242   -0.000000406  255.594376  74762.1076
2202.00   15.0000    0.0000   15.0000  277.8130  277.8130  0.000000       0.00000       0.00000         229445.3463    0.000000    -0.00005     0.00000    0.000000000   -0.000000242   -0.000000405  255.549048  74642.2784
2214.00   15.0000    0.0000   15.0000  277.8910  277.8910  0.000000       0.00000       0.00000         229380.9443    0.000000    -0.00005     0.00000    0.000000000   -0.000000242   -0.000000405  255.503687  74522.6201
2226.00   15.0000    0.0000   15.0000  277.9690  277.9690  0.000000       0.00000       0.00000         229316.5785    0.000000    -0.00005     0.00000    0.000000000   -0.000000242   -0.000000404  255.458293  74403.1323
2238.00   15.0000    0.0000   15.0000  278.0470  278.0470  0.000000       0.00000       0.00000         229252.2487    0.000000    -0.00005     0.00000    0.000000000   -0.000000242   -0.000000404  255.412866  74283.8150
2250.00   15.0000    0.0000   15.0000  278.1250  278.1250  0.000000       0.00000       0.00000         229187.9551    0.000000    -0.00005     0.00000    0.000000000   -0.000000242   -0.000000403  255.367407  74164.6678
2262.00   15.0000    0.0000   15.0000  278.2030  278.2030  0.000000       0.00000       0.00000         229123.6974    0.000000    -0.00006     0.00000    0.000000000   -0.000000242   -0.000000403  255.321914  74045.6906
2274.00   15.0000    0.0000   15.0000  278.2810  278.2810  0.000000       0.00000       0.00000         229059.4759    0.000000    -0.00006     0.00000    0.000000000   -0.000000241   -0.000000402  255.276389  73926.8831
2286.00   15.0000    0.0000   15.0000  278.3590  278.3590  0.000000       0.00000       0.00000         228995.2903    0.000000    -0.00006     0.00000    0.000000000   -0.000000241   -0.000000402  255.230831  73808.2451
2298.00   15.0000    0.0000   15.0000  278.4370  278.4370  0.000000       0.00000       0.00000         228931.1406    0.000000    -0.00006     0.00000    0.000000000   -0.000000241   -0.000000401  255.185240  73689.7763
2310.00   15.0000    0.0000   15.0000  278.5150  278.5150  0.000000       0.00000       0.00000         228867.0269    0.000000    -0.00006     0.00000    0.000000000   -0.000000241   -0.000000401  255.139616  73571.4765
2322.00   15.0000    0.0000   15.0000  278.5930  278.5930  0.000000       0.00000       0.00000         228802.9491    0.000000    -0.00006     0.00000    0.000000000   -0.000000241   -0.000000401  255.093959  73453.3456
2334.00   15.0000    0.0000   15.0000  278.6710  278.6710  0.000000       0.00000       0.00000         228738.9072    0.000000    -0.00006     0.00000    0.000000000   -0.000000241   -0.000000400  255.048270  73335.3832
2346.00   15.0000    0.0000   15.0000  278.7490  278.7490  0.000000       0.00000       0.00000         228674.9011    0.000000    -0.00006     0.00000    0.000000000   -0.000000241   -0.000000400  255.002548  73217.5892
2358.00   15.0000    0.0000   15.0000  278.8270  278.8270  0.000000       0.00000       0.00000         228610.9308    0.000000    -0.00006     0.00000    0.000000000   -0.000000241   -0.000000399  254.956793  73099.9633
2370.00   15.0000    0.0000   15.0000  278.9050  278.9050  0.000000       0.00000       0.00000         228546.9963    0.000000    -0.00006     0.00000    0.000000000   -0.000000241   -0.000000399  254.911005  72982.5053
2382.00   15.0000    0.0000   15.0000  278.9830  278.9830  0.000000       0.00000       0.00000              0.0000    0.000000    -0.00006     0.00000    0.000000000    0.000000000    0.000000000  254.865185  72865.2150
2394.00   15.0000    0.0000   15.0000  279.0610  279.0610  0.000000       0.00000       0.00000              0.0000    0.000000     0.00000     0.00000    0.000000000    0.000000000    0.000000000  254.819332  72748.0921
