   0.00    0.0000    0.0000    0.0000  240.7091  240.7091  0.000000       0.00000       0.00000              0.0000    0.000000     0.00000     0.00000    0.000000000    0.000000000    0.000000000    0.000000      0.0000
   6.00    7.8203    3.5433    8.5855  242.2123  242.2123  0.000000       0.73304       0.73304              0.0000    0.000000     0.00000     0.00000   -0.000010418    0.000000000    0.000000000  242.124520  99873.1725
  18.00    8.8476    3.9322    9.6820  242.3185  242.3185  0.000000       2.28288       2.28288              0.0538    0.000000    -0.00000     0.00000   -0.000022094    0.000000000    0.000000000  242.084276  99661.9582
  30.00    9.5016    4.1369   10.3631  242.3885  242.3885  0.000000       2.20422       2.20422              0.0782    0.000000    -0.00000     0.00000   -0.000026495   -0.000000072   -0.000000108  242.037068  99493.3108
  42.00   10.0989    4.2865   10.9710  242.4547  242.4547  0.000000       2.41878       2.41878              0.0922    0.000000    -0.00000     0.00000   -0.000028659   -0.000000081   -0.000000116  241.986121  99324.9147
  54.00   10.6360    4.3883   11.5057  242.5167  242.5167  0.000000       2.38851       2.38851              0.1069    0.000000    -0.00000     0.00000   -0.000030289   -0.000000087   -0.000000122  241.930893  99156.7667
  66.00   11.1432    4.4537   12.0003  242.5780  242.5780  0.000000       2.33721       2.33721              0.1199    0.000000    -0.00000     0.00000   -0.000031634   -0.000000087   -0.000000122  241.874861  98988.8648
  78.00   11.6274    4.4866   12.4630  242.6393  242.6393  0.000000       2.22701       2.22701              0.1327    0.000000    -0.00000     0.00000   -0.000032824   -0.000000085   -0.000000120  241.818969  98821.2085
  90.00   12.0951    4.4893   12.9013  242.7020  242.7020  0.000000       2.09190       2.09190              0.1453    0.000000    -0.00000     0.00000   -0.000033910   -0.000000081   -0.000000116  241.764341  98653.7979
 102.00   12.5495    4.4625   13.3193  242.7668  242.7668  0.000000       1.93568       1.93568              0.1582    0.000000    -0.00000     0.00000   -0.000034966   -0.000000076   -0.000000110  241.711783  98486.6340
 114.00   12.9925    4.4064   13.7194  242.8346  242.8346  0.000000       1.76765       1.76765              0.1717    0.000000    -0.00000     0.00000   -0.000035965   -0.000000068   -0.000000103  241.662135  98319.7180
 126.00   13.4250    4.3204   14.1031  242.9062  242.9062  0.000000       1.59248       1.59248              0.1859    0.000000    -0.00000     0.00000   -0.000036952   -0.000000058   -0.000000093  241.616272  98153.0519
 138.00   13.8471    4.2032   14.4710  242.9827  242.9827  0.000000       1.41452       1.41452              0.2013    0.000000    -0.00000     0.00000   -0.000037935   -0.000000046   -0.000000082  241.575217  97986.6386
 150.00   14.2581    4.0533   14.8230  243.0652  243.0652  0.000000       1.23694       1.23694              0.2182    0.000000    -0.00000     0.00000   -0.000038932   -0.000000030   -0.000000067  241.540220  97820.4812
 162.00   14.6565    3.8684   15.1584  243.1556  243.1556  0.000000       1.06254       1.06254              0.2373    0.000000    -0.00000     0.00000   -0.000039968   -0.000000011   -0.000000048  241.512899  97654.5842
 174.00   15.0401    3.6454   15.4756  243.2559  243.2559  0.000000       0.89355       0.89355              0.2591    0.000000    -0.00001     0.00000   -0.000041073    0.000000015   -0.000000023  241.495442  97488.9532
 186.00   15.4052    3.3806   15.7717  243.3694  243.3694  0.000000       0.73238       0.73238              0.2847    0.000000    -0.00001     0.00000   -0.000042412    0.000000049    0.000000009  241.490938  97323.5956
 198.00   15.7462    3.0689   16.0425  243.5006  243.5006  0.000000       0.58072       0.58072              0.3157    0.000000    -0.00001     0.00000   -0.000043763    0.000000096    0.000000055  241.503962  97158.5214
 210.00   16.0545    2.7037   16.2806  243.6567  243.6567  0.000000       0.44139       0.44139              0.3545    0.000000    -0.00001     0.00000   -0.000045710    0.000000167    0.000000122  241.541723  96993.7444
 222.00   16.3159    2.2761   16.4739  243.8503  243.8503  0.000000       0.31525       0.31525              0.4055    0.000000    -0.00002     0.00000   -0.000048726    0.000000277    0.000000226  241.616470  96829.2852
 234.00   16.5047    1.7767   16.6000  244.1029  244.1029  0.000000       0.20894       0.20894              0.4751    0.000000    -0.00003     0.00000   -0.000054532    0.000000470    0.000000410  241.749638  96665.1754
 246.00   16.5732    1.1925   16.6160  244.4615  244.4615  0.000000       0.11656       0.11656              0.5837    0.000000    -0.00004     0.00000   -0.000067668    0.000000823    0.000000744  241.987607  96501.4693
 258.00   16.4282    0.5594   16.4377  245.0049  245.0049  0.000000       0.06241       0.06241              0.7343    0.000000    -0.00004     0.00000   -0.000112234    0.000001697    0.000001553  242.408245  96338.2623
 270.00   15.8609   -0.0533   15.8609  246.0356  246.0356  0.000000       0.00057       0.00057              2.5977    0.000000     0.00000     0.00000   -0.000214742    0.000009773    0.000007722  243.310848  96175.7742
 282.00   15.0048   -0.0075   15.0048  251.3789  251.3789  0.000000       0.00000       0.00000              8.3133    0.000000    -0.00011     0.00000   -0.000010612    0.000011056    0.000012432  248.476489  96015.5418
 294.00   15.0000   -0.0000   15.0000  252.6404  252.6404  0.000000       0.00000       0.00000          26528.9674    0.000000    -0.00009     0.00000   -0.000000015    0.000004583    0.000004400  249.605977  95857.6142
 306.00   15.0000   -0.0000   15.0000  253.6675  253.6675  0.000000       0.00000       0.00000        2936904.6061    0.000000    -0.00008     0.00000    0.000000000    0.000003831    0.000003664  250.503473  95700.5852
 318.00   15.0000   -0.0000   15.0000  254.4636  254.4636  0.000000       0.00000       0.00000        2336213.0338    0.000000    -0.00006     0.00000    0.000000000    0.000003138    0.000002972  251.172356  95544.3028
 330.00   15.0000   -0.0000   15.0000  255.1224  255.1224  0.000000       0.00000       0.00000        1967913.7362    0.000000    -0.00006     0.00000    0.000000000    0.000002691    0.000002528  251.705392  95388.6484
 342.00   15.0000   -0.0000   15.0000  255.6923  255.6923  0.000000       0.00000       0.00000        1725154.9691    0.000000    -0.00005     0.00000    0.000000000    0.000002388    0.000002228  252.150436  95233.5491
 354.00   15.0000    0.0000   15.0000  256.2020  256.2020  0.000000       0.00000       0.00000        1542771.1937    0.000000    -0.00005     0.00000    0.000000000    0.000002150    0.000001993  252.535804  95078.9566
 366.00   15.0000    0.0000   15.0000  256.6597  256.6597  0.000000       0.00000       0.00000        1403473.4825    0.000000    -0.00005     0.00000    0.000000000    0.000001964    0.000001808  252.869753  94924.8345
 378.00   15.0000    0.0000   15.0000  257.0835  257.0835  0.000000       0.00000       0.00000        1287473.4830    0.000000    -0.00005     0.00000    0.000000000    0.000001801    0.000001647  253.170172  94771.1551
 390.00   15.0000    0.0000   15.0000  257.4697  257.4697  0.000000       0.00000       0.00000        1195933.6837    0.000000    -0.00004     0.00000    0.000000000    0.000001671    0.000001517  253.433282  94617.8950
 402.00   15.0000    0.0000   15.0000  257.8371  257.8371  0.000000       0.00000       0.00000        1118255.6266    0.000000    -0.00004     0.00000    0.000000000    0.000001557    0.000001404  253.677749  94465.0357
 414.00   15.0000    0.0000   15.0000  258.1754  258.1754  0.000000       0.00000       0.00000        1054009.3474    0.000000    -0.00004     0.00000    0.000000000    0.000001461    0.000001308  253.893351  94312.5617
 426.00   15.0000    0.0000   15.0000  258.5031  258.5031  0.000000       0.00000       0.00000         999039.9627    0.000000    -0.00004     0.00000    0.000000000    0.000001377    0.000001225  254.098484  94160.4598
 438.00   15.0000    0.0000   15.0000  258.8074  258.8074  0.000000       0.00000       0.00000         945698.4949    0.000000    -0.00004     0.00000    0.000000000    0.000001292    0.000001139  254.280435  94008.7186
 450.00   15.0000    0.0000   15.0000  259.1021  259.1021  0.000000       0.00000       0.00000         903419.6448    0.000000    -0.00004     0.00000    0.000000000    0.000001224    0.000001072  254.452815  93857.3275
 462.00   15.0000    0.0000   15.0000  259.3803  259.3803  0.000000       0.00000       0.00000         862119.2724    0.000000    -0.00004     0.00000    0.000000000    0.000001155    0.000001003  254.608838  93706.2776
 474.00   15.0000    0.0000   15.0000  259.6494  259.6494  0.000000       0.00000       0.00000         828360.1066    0.000000    -0.00004     0.00000    0.000000000    0.000001099    0.000000946  254.755827  93555.5605
 486.00   15.0000    0.0000   15.0000  259.9066  259.9066  0.000000       0.00000       0.00000         795900.1136    0.000000    -0.00004     0.00000    0.000000000    0.000001043    0.000000890  254.891113  93405.1690
 498.00   15.0000    0.0000   15.0000  260.1556  260.1556  0.000000       0.00000       0.00000         768042.6538    0.000000    -0.00004     0.00000    0.000000000    0.000000994    0.000000842  255.018126  93255.0965
 510.00   15.0000    0.0000   15.0000  260.3956  260.3956  0.000000       0.00000       0.00000         742418.0257    0.000000    -0.00004     0.00000    0.000000000    0.000000949    0.000000796  255.136273  93105.3370
 522.00   15.0000    0.0000   15.0000  260.6287  260.6287  0.000000       0.00000       0.00000         719107.8942    0.000000    -0.00004     0.00000    0.000000000    0.000000907    0.000000754  255.247508  92955.8852
 534.00   15.0000    0.0000   15.0000  260.8543  260.8543  0.000000       0.00000       0.00000         698045.5006    0.000000    -0.00004     0.00000    0.000000000    0.000000869    0.000000715  255.351296  92806.7360
 546.00   15.0000    0.0000   15.0000  261.0744  261.0744  0.000000       0.00000       0.00000         676841.3693    0.000000    -0.00004     0.00000    0.000000000    0.000000829    0.000000675  255.449551  92657.8851
 558.00   15.0000    0.0000   15.0000  261.2868  261.2868  0.000000       0.00000       0.00000         657117.2783    0.000000    -0.00004     0.00000    0.000000000    0.000000791    0.000000637  255.540251  92509.3278
 570.00   15.0000    0.0000   15.0000  261.4946  261.4946  0.000000       0.00000       0.00000         638238.7795    0.000000    -0.00004     0.00000    0.000000000    0.000000754    0.000000600  255.626320  92361.0599
 582.00   15.0000    0.0000   15.0000  261.6952  261.6952  0.000000       0.00000       0.00000         620845.5822    0.000000    -0.00004     0.00000    0.000000000    0.000000720    0.000000565  255.705349  92213.0774
 594.00   15.0000    0.0000   15.0000  261.8922  261.8922  0.000000       0.00000       0.00000         604833.5194    0.000000    -0.00004     0.00000    0.000000000    0.000000688    0.000000533  255.780656  92065.3766
 606.00   15.0000    0.0000   15.0000  262.0829  262.0829  0.000000       0.00000       0.00000         589529.9700    0.000000    -0.00004     0.00000    0.000000000    0.000000657    0.000000501  255.849777  91917.9539
 618.00   15.0000    0.0000   15.0000  262.2703  262.2703  0.000000       0.00000       0.00000         576496.7745    0.000000    -0.00004     0.00000    0.000000000    0.000000630    0.000000474  255.915603  91770.8061
 630.00   15.0000    0.0000   15.0000  262.4529  262.4529  0.000000       0.00000       0.00000         563291.5636    0.000000    -0.00004     0.00000    0.000000000    0.000000603    0.000000447  255.976656  91623.9302
 642.00   15.0000    0.0000   15.0000  262.6321  262.6321  0.000000       0.00000       0.00000         551783.6220    0.000000    -0.00004     0.00000    0.000000000    0.000000579    0.000000422  256.034296  91477.3234
 654.00   15.0000    0.0000   15.0000  262.8076  262.8076  0.000000       0.00000       0.00000         540709.9240    0.000000    -0.00004     0.00000    0.000000000    0.000000555    0.000000399  256.088217  91330.9830
 666.00   15.0000    0.0000   15.0000  262.9799  262.9799  0.000000       0.00000       0.00000         530985.3774    0.000000    -0.00004     0.00000    0.000000000    0.000000535    0.000000378  256.138989  91184.9066
 678.00   15.0000    0.0000   15.0000  263.1493  263.1493  0.000000       0.00000       0.00000         522018.3224    0.000000    -0.00004     0.00000    0.000000000    0.000000516    0.000000358  256.186882  91039.0918
 690.00   15.0000    0.0000   15.0000  263.3161  263.3161  0.000000       0.00000       0.00000         513953.9323    0.000000    -0.00004     0.00000    0.000000000    0.000000499    0.000000341  256.232094  90893.5367
 702.00   15.0000    0.0000   15.0000  263.4805  263.4805  0.000000       0.00000       0.00000         506726.5504    0.000000    -0.00004     0.00000    0.000000000    0.000000483    0.000000325  256.274988  90748.2392
 714.00   15.0000    0.0000   15.0000  263.6428  263.6428  0.000000       0.00000       0.00000         500636.3821    0.000000    -0.00004     0.00000    0.000000000    0.000000470    0.000000312  256.315721  90603.1977
 726.00   15.0000    0.0000   15.0000  263.8035  263.8035  0.000000       0.00000       0.00000         495811.3719    0.000000    -0.00004     0.00000    0.000000000    0.000000461    0.000000302  256.354845  90458.4105
 738.00   15.0000    0.0000   15.0000  263.9629  263.9629  0.000000       0.00000       0.00000         491966.4693    0.000000    -0.00004     0.00000    0.000000000    0.000000453    0.000000294  256.392599  90313.8764
 750.00   15.0000    0.0000   15.0000  264.1214  264.1214  0.000000       0.00000       0.00000         488533.1861    0.000000    -0.00004     0.00000    0.000000000    0.000000447    0.000000287  256.429356  90169.5941
 762.00   15.0000    0.0000   15.0000  264.2787  264.2787  0.000000       0.00000       0.00000         485569.1363    0.000000    -0.00004     0.00000    0.000000000    0.000000441    0.000000281  256.464999  90025.5626
 774.00   15.0000    0.0000   15.0000  264.4354  264.4354  0.000000       0.00000       0.00000         483380.9001    0.000000    -0.00004     0.00000    0.000000000    0.000000438    0.000000276  256.499938  89881.7810
 786.00   15.0000    0.0000   15.0000  264.5915  264.5915  0.000000       0.00000       0.00000         482653.7078    0.000000    -0.00004     0.00000    0.000000000    0.000000438    0.000000276  256.534249  89738.2484
 798.00   15.0000    0.0000   15.0000  264.7480  264.7480  0.000000       0.00000       0.00000         483396.2693    0.000000    -0.00004     0.00000    0.000000000    0.000000442    0.000000279  256.568772  89594.9642
 810.00   15.0000    0.0000   15.0000  264.9047  264.9047  0.000000       0.00000       0.00000         485249.7513    0.000000    -0.00004     0.00000    0.000000000    0.000000449    0.000000285  256.603591  89451.9281
 822.00   15.0000    0.0000   15.0000  265.0626  265.0626  0.000000       0.00000       0.00000         488303.1458    0.000000    -0.00004     0.00000    0.000000000    0.000000459    0.000000294  256.639319  89309.1400
 834.00   15.0000    0.0000   15.0000  265.2215  265.2215  0.000000       0.00000       0.00000         493483.5197    0.000000    -0.00004     0.00000    0.000000000    0.000000475    0.000000309  256.676097  89166.5999
 846.00   15.0000    0.0000   15.0000  265.3829  265.3829  0.000000       0.00000       0.00000         501278.7264    0.000000    -0.00004     0.00000    0.000000000    0.000000498    0.000000331  256.715123  89024.3083
 858.00   15.0000    0.0000   15.0000  265.5471  265.5471  0.000000       0.00000       0.00000         511537.5949    0.000000    -0.00004     0.00000    0.000000000    0.000000527    0.000000359  256.756846  88882.2661
 870.00   15.0000    0.0000   15.0000  265.7153  265.7153  0.000000       0.00000       0.00000         527120.9689    0.000000    -0.00005     0.00000    0.000000000    0.000000572    0.000000402  256.802369  88740.4746
 882.00   15.0000    0.0000   15.0000  265.8899  265.8899  0.000000       0.00000       0.00000         543310.8390    0.000000    -0.00005     0.00000    0.000000000    0.000000618    0.000000447  256.853942  88598.9361
 894.00   15.0000    0.0000   15.0000  266.0688  266.0688  0.000000       0.00000       0.00000         572120.3890    0.000000    -0.00005     0.00000    0.000000000    0.000000700    0.000000525  256.909709  88457.6528
 906.00   15.0000    0.0000   15.0000  266.2624  266.2624  0.000000       0.00000       0.00000         592225.3383    0.000000    -0.00005     0.00000    0.000000000    0.000000760    0.000000583  256.979468  88316.6292
 918.00   15.0000    0.0000   15.0000  266.4548  266.4548  0.000000       0.00000       0.00000         654981.1941    0.000000    -0.00007     0.00000    0.000000000    0.000000938    0.000000755  257.047981  88175.8683
 930.00   15.0000    0.0000   15.0000  266.6895  266.6895  0.000000       0.00000       0.00000         668399.7478    0.000000    -0.00006     0.00000    0.000000000    0.000000982    0.000000799  257.157308  88035.3802
 942.00   15.0000    0.0000   15.0000  266.8910  266.8910  0.000000       0.00000       0.00000         830784.0309    0.000000    -0.00010     0.00000    0.000000000    0.000001450    0.000001247  257.234457  87895.1669
 954.00   15.0000    0.0000   15.0000  267.2322  267.2322  0.000000       0.00000       0.00000         805125.4159    0.000000    -0.00006     0.00000    0.000000000    0.000001389    0.000001200  257.446100  87755.2553
 966.00   15.0000    0.0000   15.0000  267.4176  267.4176  0.000000       0.00000       0.00000        1231933.7751    0.000000    -0.00019     0.00000    0.000000000    0.000002663    0.000002397  257.507578  87615.6405
 978.00   15.0000    0.0000   15.0000  268.0384  268.0384  0.000000       0.00000       0.00000        1139301.4634    0.000000    -0.00004     0.00000    0.000000000    0.000002411    0.000002228  257.988190  87476.3940
 990.00   15.0000    0.0000   15.0000  268.1649  268.1649  0.000000       0.00000       0.00000        3008693.5901    0.000000    -0.00057     0.00000    0.000000000    0.000008513    0.000007664  257.992834  87337.4998
1002.00   15.0000    0.0000   15.0000  270.0130  270.0130  0.000000       0.00000       0.00000        2914693.0715    0.000000    -0.00002     0.00000    0.000000000    0.000008280    0.000008443  259.653297  87199.2700
1014.00   15.0000    0.0000   15.0000  270.0910  270.0910  0.000000       0.00000       0.00000         236005.2723    0.000000    -0.00002     0.00000    0.000000000   -0.000000242   -0.000000439  259.611194  87061.6905
1026.00   15.0000    0.0000   15.0000  270.1690  270.1690  0.000000       0.00000       0.00000         235937.1356    0.000000    -0.00002     0.00000    0.000000000   -0.000000242   -0.000000439  259.569057  86924.3059
1038.00   15.0000    0.0000   15.0000  270.2470  270.2470  0.000000       0.00000       0.00000         235869.0383    0.000000    -0.00003     0.00000    0.000000000   -0.000000242   -0.000000438  259.526886  86787.1158
1050.00   15.0000    0.0000   15.0000  270.3250  270.3250  0.000000       0.00000       0.00000         235800.9803    0.000000    -0.00003     0.00000    0.000000000   -0.000000242   -0.000000438  259.484681  86650.1199
1062.00   15.0000    0.0000   15.0000  270.4030  270.4030  0.000000       0.00000       0.00000         235732.9615    0.000000    -0.00003     0.00000    0.000000000   -0.000000243   -0.000000438  259.442442  86513.3181
1074.00   15.0000    0.0000   15.0000  270.4810  270.4810  0.000000       0.00000       0.00000         235664.9820    0.000000    -0.00003     0.00000    0.000000000   -0.000000243   -0.000000437  259.400170  86376.7100
1086.00   15.0000    0.0000   15.0000  270.5590  270.5590  0.000000       0.00000       0.00000         235597.0417    0.000000    -0.00003     0.00000    0.000000000   -0.000000243   -0.000000437  259.357864  86240.2954
1098.00   15.0000    0.0000   15.0000  270.6370  270.6370  0.000000       0.00000       0.00000         235529.1405    0.000000    -0.00003     0.00000    0.000000000   -0.000000243   -0.000000437  259.315524  86104.0741
1110.00   15.0000    0.0000   15.0000  270.7150  270.7150  0.000000       0.00000       0.00000         235461.2785    0.000000    -0.00003     0.00000    0.000000000   -0.000000243   -0.000000436  259.273151  85968.0457
1122.00   15.0000    0.0000   15.0000  270.7930  270.7930  0.000000       0.00000       0.00000         235393.4555    0.000000    -0.00003     0.00000    0.000000000   -0.000000243   -0.000000436  259.230743  85832.2100
1134.00   15.0000    0.0000   15.0000  270.8710  270.8710  0.000000       0.00000       0.00000         235325.6716    0.000000    -0.00003     0.00000    0.000000000   -0.000000243   -0.000000436  259.188302  85696.5668
1146.00   15.0000    0.0000   15.0000  270.9490  270.9490  0.000000       0.00000       0.00000         235257.9268    0.000000    -0.00003     0.00000    0.000000000   -0.000000243   -0.000000435  259.145828  85561.1157
1158.00   15.0000    0.0000   15.0000  271.0270  271.0270  0.000000       0.00000       0.00000         235190.2209    0.000000    -0.00003     0.00000    0.000000000   -0.000000243   -0.000000435  259.103319  85425.8566
1170.00   15.0000    0.0000   15.0000  271.1050  271.1050  0.000000       0.00000       0.00000         235122.5540    0.000000    -0.00003     0.00000    0.000000000   -0.000000243   -0.000000435  259.060777  85290.7892
1182.00   15.0000    0.0000   15.0000  271.1830  271.1830  0.000000       0.00000       0.00000         235054.9260    0.000000    -0.00003     0.00000    0.000000000   -0.000000243   -0.000000434  259.018201  85155.9132
1194.00   15.0000    0.0000   15.0000  271.2610  271.2610  0.000000       0.00000       0.00000         234987.3369    0.000000    -0.00003     0.00000    0.000000000   -0.000000243   -0.000000434  258.975592  85021.2283
1206.00   15.0000    0.0000   15.0000  271.3390  271.3390  0.000000       0.00000       0.00000         234919.7867    0.000000    -0.00003     0.00000    0.000000000   -0.000000243   -0.000000433  258.932949  84886.7344
1218.00   15.0000    0.0000   15.0000  271.4170  271.4170  0.000000       0.00000       0.00000         234852.2753    0.000000    -0.00003     0.00000    0.000000000   -0.000000243   -0.000000433  258.890272  84752.4311
1230.00   15.0000    0.0000   15.0000  271.4950  271.4950  0.000000       0.00000       0.00000         234784.8027    0.000000    -0.00003     0.00000    0.000000000   -0.000000243   -0.000000433  258.847561  84618.3182
1242.00   15.0000    0.0000   15.0000  271.5730  271.5730  0.000000       0.00000       0.00000         234717.3688    0.000000    -0.00003     0.00000    0.000000000   -0.000000243   -0.000000432  258.804817  84484.3954
1254.00   15.0000    0.0000   15.0000  271.6510  271.6510  0.000000       0.00000       0.00000         234649.9737    0.000000    -0.00003     0.00000    0.000000000   -0.000000243   -0.000000432  258.762039  84350.6625
1266.00   15.0000    0.0000   15.0000  271.7290  271.7290  0.000000       0.00000       0.00000         234582.6172    0.000000    -0.00003     0.00000    0.000000000   -0.000000243   -0.000000432  258.719228  84217.1193
1278.00   15.0000    0.0000   15.0000  271.8070  271.8070  0.000000       0.00000       0.00000         234515.2995    0.000000    -0.00003     0.00000    0.000000000   -0.000000243   -0.000000431  258.676383  84083.7653
1290.00   15.0000    0.0000   15.0000  271.8850  271.8850  0.000000       0.00000       0.00000         234448.0203    0.000000    -0.00003     0.00000    0.000000000   -0.000000243   -0.000000431  258.633504  83950.6006
1302.00   15.0000    0.0000   15.0000  271.9630  271.9630  0.000000       0.00000       0.00000         234380.7797    0.000000    -0.00003     0.00000    0.000000000   -0.000000243   -0.000000431  258.590592  83817.6246
1314.00   15.0000    0.0000   15.0000  272.0410  272.0410  0.000000       0.00000       0.00000         234313.5777    0.000000    -0.00003     0.00000    0.000000000   -0.000000243   -0.000000430  258.547646  83684.8373
1326.00   15.0000    0.0000   15.0000  272.1190  272.1190  0.000000       0.00000       0.00000         234246.4143    0.000000    -0.00003     0.00000    0.000000000   -0.000000243   -0.000000430  258.504667  83552.2383
1338.00   15.0000    0.0000   15.0000  272.1970  272.1970  0.000000       0.00000       0.00000         234179.2893    0.000000    -0.00003     0.00000    0.000000000   -0.000000243   -0.000000429  258.461654  83419.8275
1350.00   15.0000    0.0000   15.0000  272.2750  272.2750  0.000000       0.00000       0.00000         234112.2027    0.000000    -0.00003     0.00000    0.000000000   -0.000000243   -0.000000429  258.418608  83287.6044
1362.00   15.0000    0.0000   15.0000  272.3530  272.3530  0.000000       0.00000       0.00000         234045.1546    0.000000    -0.00003     0.00000    0.000000000   -0.000000243   -0.000000429  258.375528  83155.5690
1374.00   15.0000    0.0000   15.0000  272.4310  272.4310  0.000000       0.00000       0.00000         233978.1449    0.000000    -0.00003     0.00000    0.000000000   -0.000000243   -0.000000428  258.332414  83023.7209
1386.00   15.0000    0.0000   15.0000  272.5090  272.5090  0.000000       0.00000       0.00000         233911.1736    0.000000    -0.00003     0.00000    0.000000000   -0.000000243   -0.000000428  258.289267  82892.0599
1398.00   15.0000    0.0000   15.0000  272.5870  272.5870  0.000000       0.00000       0.00000         233844.2406    0.000000    -0.00003     0.00000    0.000000000   -0.000000243   -0.000000428  258.246086  82760.5858
1410.00   15.0000    0.0000   15.0000  272.6650  272.6650  0.000000       0.00000       0.00000         233777.3458    0.000000    -0.00003     0.00000    0.000000000   -0.000000243   -0.000000427  258.202872  82629.2982
1422.00   15.0000    0.0000   15.0000  272.7430  272.7430  0.000000       0.00000       0.00000         233710.4894    0.000000    -0.00003     0.00000    0.000000000   -0.000000243   -0.000000427  258.159625  82498.1970
1434.00   15.0000    0.0000   15.0000  272.8210  272.8210  0.000000       0.00000       0.00000         233643.6711    0.000000    -0.00003     0.00000    0.000000000   -0.000000243   -0.000000426  258.116344  82367.2818
1446.00   15.0000    0.0000   15.0000  272.8990  272.8990  0.000000       0.00000       0.00000         233576.8911    0.000000    -0.00004     0.00000    0.000000000   -0.000000243   -0.000000426  258.073029  82236.5525
1458.00   15.0000    0.0000   15.0000  272.9770  272.9770  0.000000       0.00000       0.00000         233510.1492    0.000000    -0.00004     0.00000    0.000000000   -0.000000243   -0.000000426  258.029681  82106.0088
1470.00   15.0000    0.0000   15.0000  273.0550  273.0550  0.000000       0.00000       0.00000         233443.4455    0.000000    -0.00004     0.00000    0.000000000   -0.000000243   -0.000000425  257.986300  81975.6504
1482.00   15.0000    0.0000   15.0000  273.1330  273.1330  0.000000       0.00000       0.00000         233376.7798    0.000000    -0.00004     0.00000    0.000000000   -0.000000243   -0.000000425  257.942885  81845.4771
1494.00   15.0000    0.0000   15.0000  273.2110  273.2110  0.000000       0.00000       0.00000         233310.1522    0.000000    -0.00004     0.00000    0.000000000   -0.000000243   -0.000000425  257.899436  81715.4887
1506.00   15.0000    0.0000   15.0000  273.2890  273.2890  0.000000       0.00000       0.00000         233243.5627    0.000000    -0.00004     0.00000    0.000000000   -0.000000243   -0.000000424  257.855954  81585.6848
1518.00   15.0000    0.0000   15.0000  273.3670  273.3670  0.000000       0.00000       0.00000         233177.0111    0.000000    -0.00004     0.00000    0.000000000   -0.000000243   -0.000000424  257.812439  81456.0653
1530.00   15.0000    0.0000   15.0000  273.4450  273.4450  0.000000       0.00000       0.00000         233110.4975    0.000000    -0.00004     0.00000    0.000000000   -0.000000243   -0.000000423  257.768891  81326.6299
1542.00   15.0000    0.0000   15.0000  273.5230  273.5230  0.000000       0.00000       0.00000         233044.0219    0.000000    -0.00004     0.00000    0.000000000   -0.000000243   -0.000000423  257.725309  81197.3783
1554.00   15.0000    0.0000   15.0000  273.6010  273.6010  0.000000       0.00000       0.00000         232977.5841    0.000000    -0.00004     0.00000    0.000000000   -0.000000243   -0.000000423  257.681693  81068.3103
1566.00   15.0000    0.0000   15.0000  273.6790  273.6790  0.000000       0.00000       0.00000         232911.1843    0.000000    -0.00004     0.00000    0.000000000   -0.000000243   -0.000000422  257.638044  80939.4257
1578.00   15.0000    0.0000   15.0000  273.7570  273.7570  0.000000       0.00000       0.00000         232844.8222    0.000000    -0.00004     0.00000    0.000000000   -0.000000243   -0.000000422  257.594362  80810.7242
1590.00   15.0000    0.0000   15.0000  273.8350  273.8350  0.000000       0.00000       0.00000         232778.4980    0.000000    -0.00004     0.00000    0.000000000   -0.000000243   -0.000000421  257.550647  80682.2056
1602.00   15.0000    0.0000   15.0000  273.9130  273.9130  0.000000       0.00000       0.00000         232712.2115    0.000000    -0.00004     0.00000    0.000000000   -0.000000243   -0.000000421  257.506898  80553.8696
1614.00   15.0000    0.0000   15.0000  273.9910  273.9910  0.000000       0.00000       0.00000         232645.9628    0.000000    -0.00004     0.00000    0.000000000   -0.000000242   -0.000000421  257.463115  80425.7160
1626.00   15.0000    0.0000   15.0000  274.0690  274.0690  0.000000       0.00000       0.00000         232579.7518    0.000000    -0.00004     0.00000    0.000000000   -0.000000242   -0.000000420  257.419300  80297.7444
1638.00   15.0000    0.0000   15.0000  274.1470  274.1470  0.000000       0.00000       0.00000         232513.5785    0.000000    -0.00004     0.00000    0.000000000   -0.000000242   -0.000000420  257.375451  80169.9548
1650.00   15.0000    0.0000   15.0000  274.2250  274.2250  0.000000       0.00000       0.00000         232447.4428    0.000000    -0.00004     0.00000    0.000000000   -0.000000242   -0.000000419  257.331569  80042.3468
1662.00   15.0000    0.0000   15.0000  274.3030  274.3030  0.000000       0.00000       0.00000         232381.3447    0.000000    -0.00004     0.00000    0.000000000   -0.000000242   -0.000000419  257.287653  79914.9203
1674.00   15.0000    0.0000   15.0000  274.3810  274.3810  0.000000       0.00000       0.00000         232315.2842    0.000000    -0.00004     0.00000    0.000000000   -0.000000242   -0.000000419  257.243704  79787.6748
1686.00   15.0000    0.0000   15.0000  274.4590  274.4590  0.000000       0.00000       0.00000         232249.2613    0.000000    -0.00004     0.00000    0.000000000   -0.000000242   -0.000000418  257.199722  79660.6103
1698.00   15.0000    0.0000   15.0000  274.5370  274.5370  0.000000       0.00000       0.00000         232183.2758    0.000000    -0.00004     0.00000    0.000000000   -0.000000242   -0.000000418  257.155707  79533.7265
1710.00   15.0000    0.0000   15.0000  274.6150  274.6150  0.000000       0.00000       0.00000         232117.3279    0.000000    -0.00004     0.00000    0.000000000   -0.000000242   -0.000000417  257.111658  79407.0230
1722.00   15.0000    0.0000   15.0000  274.6930  274.6930  0.000000       0.00000       0.00000         232051.4174    0.000000    -0.00004     0.00000    0.000000000   -0.000000242   -0.000000417  257.067576  79280.4998
1734.00   15.0000    0.0000   15.0000  274.7710  274.7710  0.000000       0.00000       0.00000         231985.5443    0.000000    -0.00004     0.00000    0.000000000   -0.000000242   -0.000000416  257.023461  79154.1565
1746.00   15.0000    0.0000   15.0000  274.8490  274.8490  0.000000       0.00000       0.00000         231919.7086    0.000000    -0.00004     0.00000    0.000000000   -0.000000242   -0.000000416  256.979313  79027.9929
1758.00   15.0000    0.0000   15.0000  274.9270  274.9270  0.000000       0.00000       0.00000         231853.9103    0.000000    -0.00004     0.00000    0.000000000   -0.000000242   -0.000000416  256.935131  78902.0087
1770.00   15.0000    0.0000   15.0000  275.0050  275.0050  0.000000       0.00000       0.00000         231788.1493    0.000000    -0.00004     0.00000    0.000000000   -0.000000242   -0.000000415  256.890916  78776.2038
1782.00   15.0000    0.0000   15.0000  275.0830  275.0830  0.000000       0.00000       0.00000         231722.4256    0.000000    -0.00004     0.00000    0.000000000   -0.000000242   -0.000000415  256.846668  78650.5779
1794.00   15.0000    0.0000   15.0000  275.1610  275.1610  0.000000       0.00000       0.00000         231656.7391    0.000000    -0.00004     0.00000    0.000000000   -0.000000242   -0.000000414  256.802387  78525.1306
1806.00   15.0000    0.0000   15.0000  275.2390  275.2390  0.000000       0.00000       0.00000         231591.0899    0.000000    -0.00004     0.00000    0.000000000   -0.000000242   -0.000000414  256.758073  78399.8619
1818.00   15.0000    0.0000   15.0000  275.3170  275.3170  0.000000       0.00000       0.00000         231525.4779    0.000000    -0.00004     0.00000    0.000000000   -0.000000242   -0.000000413  256.713725  78274.7715
1830.00   15.0000    0.0000   15.0000  275.3950  275.3950  0.000000       0.00000       0.00000         231459.9030    0.000000    -0.00004     0.00000    0.000000000   -0.000000242   -0.000000413  256.669344  78149.8590
1842.00   15.0000    0.0000   15.0000  275.4730  275.4730  0.000000       0.00000       0.00000         231394.3653    0.000000    -0.00004     0.00000    0.000000000   -0.000000242   -0.000000413  256.624930  78025.1244
1854.00   15.0000    0.0000   15.0000  275.5510  275.5510  0.000000       0.00000       0.00000         231328.8647    0.000000    -0.00005     0.00000    0.000000000   -0.000000241   -0.000000412  256.580483  77900.5673
1866.00   15.0000    0.0000   15.0000  275.6290  275.6290  0.000000       0.00000       0.00000         231263.4012    0.000000    -0.00005     0.00000    0.000000000   -0.000000241   -0.000000412  256.536003  77776.1875
1878.00   15.0000    0.0000   15.0000  275.7070  275.7070  0.000000       0.00000       0.00000         231197.9747    0.000000    -0.00005     0.00000    0.000000000   -0.000000241   -0.000000411  256.491489  77651.9847
1890.00   15.0000    0.0000   15.0000  275.7850  275.7850  0.000000       0.00000       0.00000         231132.5852    0.000000    -0.00005     0.00000    0.000000000   -0.000000241   -0.000000411  256.446943  77527.9588
1902.00   15.0000    0.0000   15.0000  275.8630  275.8630  0.000000       0.00000       0.00000         231067.2326    0.000000    -0.00005     0.00000    0.000000000   -0.000000241   -0.000000410  256.402363  77404.1095
1914.00   15.0000    0.0000   15.0000  275.9410  275.9410  0.000000       0.00000       0.00000         231001.9171    0.000000    -0.00005     0.00000    0.000000000   -0.000000241   -0.000000410  256.357750  77280.4365
1926.00   15.0000    0.0000   15.0000  276.0190  276.0190  0.000000       0.00000       0.00000         230936.6384    0.000000    -0.00005     0.00000    0.000000000   -0.000000241   -0.000000410  256.313105  77156.9397
1938.00   15.0000    0.0000   15.0000  276.0970  276.0970  0.000000       0.00000       0.00000         230871.3966    0.000000    -0.00005     0.00000    0.000000000   -0.000000241   -0.000000409  256.268426  77033.6187
1950.00   15.0000    0.0000   15.0000  276.1750  276.1750  0.000000       0.00000       0.00000         230806.1917    0.000000    -0.00005     0.00000    0.000000000   -0.000000241   -0.000000409  256.223714  76910.4734
1962.00   15.0000    0.0000   15.0000  276.2530  276.2530  0.000000       0.00000       0.00000         230741.0236    0.000000    -0.00005     0.00000    0.000000000   -0.000000241   -0.000000408  256.178968  76787.5035
1974.00   15.0000    0.0000   15.0000  276.3310  276.3310  0.000000       0.00000       0.00000         230675.8923    0.000000    -0.00005     0.00000    0.000000000   -0.000000241   -0.000000408  256.134190  76664.7088
1986.00   15.0000    0.0000   15.0000  276.4090  276.4090  0.000000       0.00000       0.00000         230610.7978    0.000000    -0.00005     0.00000    0.000000000   -0.000000241   -0.000000407  256.089379  76542.0890
1998.00   15.0000    0.0000   15.0000  276.4870  276.4870  0.000000       0.00000       0.00000         230545.7399    0.000000    -0.00005     0.00000    0.000000000   -0.000000241   -0.000000407  256.044535  76419.6439
2010.00   15.0000    0.0000   15.0000  276.5650  276.5650  0.000000       0.00000       0.00000         230480.7188    0.000000    -0.00005     0.00000    0.000000000   -0.000000240   -0.000000406  255.999657  76297.3733
2022.00   15.0000    0.0000   15.0000  276.6430  276.6430  0.000000       0.00000       0.00000         230415.7344    0.000000    -0.00005     0.00000    0.000000000   -0.000000240   -0.000000406  255.954747  76175.2770
2034.00   15.0000    0.0000   15.0000  276.7210  276.7210  0.000000       0.00000       0.00000         230350.7865    0.000000    -0.00005     0.00000    0.000000000   -0.000000240   -0.000000406  255.909804  76053.3546
2046.00   15.0000    0.0000   15.0000  276.7990  276.7990  0.000000       0.00000       0.00000         230285.8753    0.000000    -0.00005     0.00000    0.000000000   -0.000000240   -0.000000405  255.864828  75931.6060
2058.00   15.0000    0.0000   15.0000  276.8770  276.8770  0.000000       0.00000       0.00000         230221.0007    0.000000    -0.00005     0.00000    0.000000000   -0.000000240   -0.000000405  255.819818  75810.0310
2070.00   15.0000    0.0000   15.0000  276.9550  276.9550  0.000000       0.00000       0.00000         230156.1626    0.000000    -0.00005     0.00000    0.000000000   -0.000000240   -0.000000404  255.774776  75688.6292
2082.00   15.0000    0.0000   15.0000  277.0330  277.0330  0.000000       0.00000       0.00000         230091.3610    0.000000    -0.00005     0.00000    0.000000000   -0.000000240   -0.000000404  255.729701  75567.4006
2094.00   15.0000    0.0000   15.0000  277.1110  277.1110  0.000000       0.00000       0.00000         230026.5958    0.000000    -0.00005     0.00000    0.000000000   -0.000000240   -0.000000403  255.684592  75446.3447
2106.00   15.0000    0.0000   15.0000  277.1890  277.1890  0.000000       0.00000       0.00000         229961.8672    0.000000    -0.00005     0.00000    0.000000000   -0.000000240   -0.000000403  255.639451  75325.4615
2118.00   15.0000    0.0000   15.0000  277.2670  277.2670  0.000000       0.00000       0.00000         229897.1749    0.000000    -0.00005     0.00000    0.000000000   -0.000000240   -0.000000402  255.594277  75204.7507
2130.00   15.0000    0.0000   15.0000  277.3450  277.3450  0.000000       0.00000       0.00000         229832.5191    0.000000    -0.00005     0.00000    0.000000000   -0.000000240   -0.000000402  255.549070  75084.2120
2142.00   15.0000    0.0000   15.0000  277.4230  277.4230  0.000000       0.00000       0.00000         229767.8996    0.000000    -0.00005     0.00000    0.000000000   -0.000000239   -0.000000401  255.503830  74963.8452
2154.00   15.0000    0.0000   15.0000  277.5010  277.5010  0.000000       0.00000       0.00000         229703.3164    0.000000    -0.00005     0.00000    0.000000000   -0.000000239   -0.000000401  255.458557  74843.6502
2166.00   15.0000    0.0000   15.0000  277.5790  277.5790  0.000000       0.00000       0.00000         229638.7695    0.000000    -0.00005     0.00000    0.000000000   -0.000000239   -0.000000400  255.413251  74723.6265
2178.00   15.0000    0.0000   15.0000  277.6570  277.6570  0.000000       0.00000       0.00000         229574.2589    0.000000    -0.00005     0.00000    0.000000000   -0.000000239   -0.000000400  255.367912  74603.7742
2190.00   15.0000    0.0000   15.0000  277.7350  277.7350  0.000000       0.00000       0.00000         229509.7845    0.000000    -0.00005     0.00000    0.000000000   -0.000000239   -0.000000400  255.322540  74484.0928
2202.00   15.0000    0.0000   15.0000  277.8130  277.8130  0.000000       0.00000       0.00000         229445.3463    0.000000    -0.00005     0.00000    0.000000000   -0.000000239   -0.000000399  255.277136  74364.5821
2214.00   15.0000    0.0000   15.0000  277.8910  277.8910  0.000000       0.00000       0.00000         229380.9443    0.000000    -0.00005     0.00000    0.000000000   -0.000000239   -0.000000399  255.231698  74245.2421
2226.00   15.0000    0.0000   15.0000  277.9690  277.9690  0.000000       0.00000       0.00000         229316.5785    0.000000    -0.00005     0.00000    0.000000000   -0.000000239   -0.000000398  255.186228  74126.0723
2238.00   15.0000    0.0000   15.0000  278.0470  278.0470  0.000000       0.00000       0.00000         229252.2487    0.000000    -0.00005     0.00000    0.000000000   -0.000000239   -0.000000398  255.140725  74007.0726
2250.00   15.0000    0.0000   15.0000  278.1250  278.1250  0.000000       0.00000       0.00000         229187.9551    0.000000    -0.00005     0.00000    0.000000000   -0.000000239   -0.000000397  255.095189  73888.2428
2262.00   15.0000    0.0000   15.0000  278.2030  278.2030  0.000000       0.00000       0.00000         229123.6974    0.000000    -0.00006     0.00000    0.000000000   -0.000000238   -0.000000397  255.049620  73769.5826
2274.00   15.0000    0.0000   15.0000  278.2810  278.2810  0.000000       0.00000       0.00000         229059.4759    0.000000    -0.00006     0.00000    0.000000000   -0.000000238   -0.000000396  255.004018  73651.0918
2286.00   15.0000    0.0000   15.0000  278.3590  278.3590  0.000000       0.00000       0.00000         228995.2903    0.000000    -0.00006     0.00000    0.000000000   -0.000000238   -0.000000396  254.958384  73532.7702
2298.00   15.0000    0.0000   15.0000  278.4370  278.4370  0.000000       0.00000       0.00000         228931.1406    0.000000    -0.00006     0.00000    0.000000000   -0.000000238   -0.000000395  254.912717  73414.6175
2310.00   15.0000    0.0000   15.0000  278.5150  278.5150  0.000000       0.00000       0.00000         228867.0269    0.000000    -0.00006     0.00000    0.000000000   -0.000000238   -0.000000395  254.867016  73296.6335
2322.00   15.0000    0.0000   15.0000  278.5930  278.5930  0.000000       0.00000       0.00000         228802.9491    0.000000    -0.00006     0.00000    0.000000000   -0.000000238   -0.000000394  254.821284  73178.8181
2334.00   15.0000    0.0000   15.0000  278.6710  278.6710  0.000000       0.00000       0.00000         228738.9072    0.000000    -0.00006     0.00000    0.000000000   -0.000000238   -0.000000394  254.775518  73061.1709
2346.00   15.0000    0.0000   15.0000  278.7490  278.7490  0.000000       0.00000       0.00000         228674.9011    0.000000    -0.00006     0.00000    0.000000000   -0.000000238   -0.000000393  254.729719  72943.6918
2358.00   15.0000    0.0000   15.0000  278.8270  278.8270  0.000000       0.00000       0.00000         228610.9308    0.000000    -0.00006     0.00000    0.000000000   -0.000000237   -0.000000393  254.683888  72826.3805
2370.00   15.0000    0.0000   15.0000  278.9050  278.9050  0.000000       0.00000       0.00000         228546.9963    0.000000    -0.00006     0.00000    0.000000000   -0.000000237   -0.000000392  254.638024  72709.2367
2382.00   15.0000    0.0000   15.0000  278.9830  278.9830  0.000000       0.00000       0.00000              0.0000    0.000000    -0.00006     0.00000    0.000000000    0.000000000    0.000000000  254.592127  72592.2604
2394.00   15.0000    0.0000   15.0000  279.0610  279.0610  0.000000       0.00000       0.00000              0.0000    0.000000     0.00000     0.00000    0.000000000    0.000000000    0.000000000  254.546198  72475.4512
