   0.00    0.0000    0.0000    0.0000  250.6815  250.6815  0.000000       0.00000       0.00000              0.0000    0.000000     0.00000     0.00000    0.000000000    0.000000000    0.000000000    0.000000      0.0000
   6.00    6.0256    3.3104    6.8751  253.5651  253.5651  0.000000       0.42971       0.42971              0.0000    0.000000     0.00000     0.00000   -0.000132332    0.000000000    0.000000000  253.477504  99878.8461
  18.00    7.2645    3.8096    8.2029  253.9845  253.9845  0.000000       0.95692       0.95692              0.1320    0.000000    -0.00000     0.00000   -0.000150457    0.000000000    0.000000000  253.750200  99677.1726
  30.00    8.1547    4.0554    9.1075  254.2898  254.2898  0.000000       0.80581       0.80581              0.1748    0.000000    -0.00000     0.00000   -0.000170087    0.000001229    0.000001087  253.938080  99516.3229
  42.00    9.0105    4.1883    9.9364  254.5873  254.5873  0.000000       0.83870       0.83870              0.1972    0.000000    -0.00000     0.00000   -0.000175279    0.000001147    0.000001007  254.117962  99355.8489
  54.00    9.7819    4.2174   10.6523  254.8602  254.8602  0.000000       0.76828       0.76828              0.2215    0.000000    -0.00000     0.00000   -0.000174981    0.000001049    0.000000909  254.273280  99195.7393
  66.00   10.5023    4.1599   11.2961  255.1212  255.1212  0.000000       0.71932       0.71932              0.2409    0.000000    -0.00000     0.00000   -0.000170144    0.000000978    0.000000839  254.416525  99035.9814
  78.00   11.1631    4.0276   11.8675  255.3678  255.3678  0.000000       0.65643       0.65643              0.2594    0.000000    -0.00001     0.00000   -0.000161473    0.000000901    0.000000762  254.545286  98876.5659
  90.00   11.7662    3.8312   12.3742  255.6012  255.6012  0.000000       0.59795       0.59795              0.2761    0.000000    -0.00001     0.00000   -0.000149788    0.000000822    0.000000684  254.660762  98717.4834
 102.00   12.3086    3.5823   12.8193  255.8206  255.8206  0.000000       0.53972       0.53972              0.2919    0.000000    -0.00001     0.00000   -0.000136072    0.000000739    0.000000602  254.762207  98558.7244
 114.00   12.7902    3.2920   13.2071  256.0262  256.0262  0.000000       0.48406       0.48406              0.3071    0.000000    -0.00001     0.00000   -0.000121277    0.000000655    0.000000519  254.849740  98400.2794
 126.00   13.2122    2.9712   13.5421  256.2182  256.2182  0.000000       0.42996       0.42996              0.3224    0.000000    -0.00001     0.00000   -0.000106352    0.000000574    0.000000438  254.923714  98242.1393
 138.00   13.5774    2.6295   13.8297  256.3978  256.3978  0.000000       0.37665       0.37665              0.3387    0.000000    -0.00001     0.00000   -0.000091922    0.000000501    0.000000366  254.985265  98084.2952
 150.00   13.8904    2.2749   14.0754  256.5668  256.5668  0.000000       0.32377       0.32377              0.3571    0.000000    -0.00001     0.00000   -0.000078442    0.000000444    0.000000310  255.036233  97926.7395
 162.00   14.1569    1.9125   14.2855  256.7286  256.7286  0.000000       0.26851       0.26851              0.3803    0.000000    -0.00001     0.00000   -0.000065655    0.000000412    0.000000278  255.079895  97769.4660
 174.00   14.3826    1.5459   14.4654  256.8877  256.8877  0.000000       0.21485       0.21485              0.4105    0.000000    -0.00001     0.00000   -0.000053904    0.000000436    0.000000301  255.120839  97612.4712
 186.00   14.5768    1.1680   14.6235  257.0560  257.0560  0.000000       0.15000       0.15000              0.4628    0.000000    -0.00001     0.00000   -0.000042343    0.000000549    0.000000410  255.170782  97455.7563
 198.00   14.7414    0.7817   14.7621  257.2480  257.2480  0.000000       0.10613       0.10613              0.5361    0.000000    -0.00002     0.00000   -0.000043726    0.000001103    0.000000945  255.244299  97299.3308
 210.00   14.9127    0.2874   14.9155  257.5765  257.5765  0.000000       0.00533       0.00533              1.1902    0.000000    -0.00002     0.00000   -0.000116926    0.000002371    0.000002168  255.453083  97143.2426
 222.00   14.9993    0.0024   14.9993  258.1255  258.1255  0.000000       0.00000       0.00000              8.8968    0.000000     0.00000     0.00000   -0.000010156    0.000002419    0.000002250  255.880281  96987.5984
 234.00   15.0000    0.0000   15.0000  258.4560  258.4560  0.000000       0.00000       0.00000          91664.7498    0.000000    -0.00002     0.00000   -0.000000001    0.000001682    0.000001508  256.090682  96832.3970
 246.00   15.0000    0.0000   15.0000  258.7856  258.7856  0.000000       0.00000       0.00000        1041655.6936    0.000000    -0.00003     0.00000    0.000000000    0.000001709    0.000001532  256.300085  96677.5708
 258.00   15.0000    0.0000   15.0000  259.1157  259.1157  0.000000       0.00000       0.00000        1042609.6707    0.000000    -0.00003     0.00000    0.000000000    0.000001744    0.000001564  256.509874  96523.1185
 270.00   15.0000    0.0000   15.0000  259.4467  259.4467  0.000000       0.00000       0.00000        1043497.4893    0.000000    -0.00003     0.00000    0.000000000    0.000001779    0.000001596  256.720411  96369.0390
 282.00   15.0000    0.0000   15.0000  259.7783  259.7783  0.000000       0.00000       0.00000        1043302.2301    0.000000    -0.00003     0.00000    0.000000000    0.000001812    0.000001626  256.931295  96215.3317
 294.00   15.0000    0.0000   15.0000  260.1100  260.1100  0.000000       0.00000       0.00000        1042359.3645    0.000000    -0.00003     0.00000    0.000000000    0.000001843    0.000001654  257.142248  96061.9953
 306.00   15.0000    0.0000   15.0000  260.4418  260.4418  0.000000       0.00000       0.00000        1040822.4854    0.000000    -0.00003     0.00000    0.000000000    0.000001874    0.000001682  257.353077  95909.0288
 318.00   15.0000    0.0000   15.0000  260.7734  260.7734  0.000000       0.00000       0.00000        1038600.3298    0.000000    -0.00003     0.00000    0.000000000    0.000001903    0.000001708  257.563600  95756.4306
 330.00   15.0000    0.0000   15.0000  261.1046  261.1046  0.000000       0.00000       0.00000        1035543.4165    0.000000    -0.00003     0.00000    0.000000000    0.000001931    0.000001733  257.773564  95604.1995
 342.00   15.0000    0.0000   15.0000  261.4351  261.4351  0.000000       0.00000       0.00000        1031422.6635    0.000000    -0.00003     0.00000    0.000000000    0.000001955    0.000001754  257.982693  95452.3338
 354.00   15.0000    0.0000   15.0000  261.7645  261.7645  0.000000       0.00000       0.00000        1025623.7123    0.000000    -0.00004     0.00000    0.000000000    0.000001975    0.000001771  258.190585  95300.8318
 366.00   15.0000    0.0000   15.0000  262.0922  262.0922  0.000000       0.00000       0.00000        1016208.5621    0.000000    -0.00004     0.00000    0.000000000    0.000001984    0.000001778  258.396575  95149.6912
 378.00   15.0000    0.0000   15.0000  262.4164  262.4164  0.000000       0.00000       0.00000         998225.0415    0.000000    -0.00004     0.00000    0.000000000    0.000001968    0.000001760  258.599031  94998.9096
 390.00   15.0000    0.0000   15.0000  262.7332  262.7332  0.000000       0.00000       0.00000         963454.5591    0.000000    -0.00004     0.00000    0.000000000    0.000001901    0.000001692  258.794143  94848.4824
 402.00   15.0000    0.0000   15.0000  263.0359  263.0359  0.000000       0.00000       0.00000         795280.1375    0.000000    -0.00003     0.00000    0.000000000    0.000001431    0.000001233  258.975055  94698.4024
 414.00   15.0000    0.0000   15.0000  263.2452  263.2452  0.000000       0.00000       0.00000         654506.2751    0.000000    -0.00003     0.00000    0.000000000    0.000001030    0.000000833  259.064023  94548.6380
 426.00   15.0000    0.0000   15.0000  263.4575  263.4575  0.000000       0.00000       0.00000         645225.2264    0.000000    -0.00003     0.00000    0.000000000    0.000001011    0.000000813  259.155834  94399.1625
 438.00   15.0000    0.0000   15.0000  263.6612  263.6612  0.000000       0.00000       0.00000         628010.1466    0.000000    -0.00003     0.00000    0.000000000    0.000000967    0.000000769  259.239065  94249.9737
 450.00   15.0000    0.0000   15.0000  263.8628  263.8628  0.000000       0.00000       0.00000         621532.6660    0.000000    -0.00003     0.00000    0.000000000    0.000000956    0.000000756  259.320084  94101.0678
 462.00   15.0000    0.0000   15.0000  264.0626  264.0626  0.000000       0.00000       0.00000         616650.2773    0.000000    -0.00003     0.00000    0.000000000    0.000000948    0.000000747  259.399329  93952.4431
 474.00   15.0000    0.0000   15.0000  264.2613  264.2613  0.000000       0.00000       0.00000         613052.8050    0.000000    -0.00003     0.00000    0.000000000    0.000000945    0.000000743  259.477369  93804.0980
 486.00   15.0000    0.0000   15.0000  264.4591  264.4591  0.000000       0.00000       0.00000         610047.6866    0.000000    -0.00003     0.00000    0.000000000    0.000000943    0.000000739  259.554447  93656.0314
 498.00   15.0000    0.0000   15.0000  264.6561  264.6561  0.000000       0.00000       0.00000         607303.2725    0.000000    -0.00003     0.00000    0.000000000    0.000000942    0.000000737  259.630694  93508.2422
 510.00   15.0000    0.0000   15.0000  264.8524  264.8524  0.000000       0.00000       0.00000         604681.9182    0.000000    -0.00003     0.00000    0.000000000    0.000000941    0.000000735  259.706141  93360.7292
 522.00   15.0000    0.0000   15.0000  265.0480  265.0480  0.000000       0.00000       0.00000         602097.0976    0.000000    -0.00003     0.00000    0.000000000    0.000000940    0.000000732  259.780834  93213.4914
 534.00   15.0000    0.0000   15.0000  265.2430  265.2430  0.000000       0.00000       0.00000         599334.2315    0.000000    -0.00003     0.00000    0.000000000    0.000000938    0.000000729  259.854749  93066.5279
 546.00   15.0000    0.0000   15.0000  265.4371  265.4371  0.000000       0.00000       0.00000         595942.6540    0.000000    -0.00003     0.00000    0.000000000    0.000000934    0.000000724  259.927794  92919.8376
 558.00   15.0000    0.0000   15.0000  265.6301  265.6301  0.000000       0.00000       0.00000         591661.1487    0.000000    -0.00003     0.00000    0.000000000    0.000000927    0.000000716  259.999658  92773.4192
 570.00   15.0000    0.0000   15.0000  265.8217  265.8217  0.000000       0.00000       0.00000         582581.6073    0.000000    -0.00003     0.00000    0.000000000    0.000000904    0.000000692  260.070084  92627.2715
 582.00   15.0000    0.0000   15.0000  266.0091  266.0091  0.000000       0.00000       0.00000         574932.4371    0.000000    -0.00003     0.00000    0.000000000    0.000000885    0.000000672  260.136272  92481.3924
 594.00   15.0000    0.0000   15.0000  266.1960  266.1960  0.000000       0.00000       0.00000         516628.1295    0.000000    -0.00003     0.00000    0.000000000    0.000000697    0.000000486  260.201921  92335.7798
 606.00   15.0000    0.0000   15.0000  266.3457  266.3457  0.000000       0.00000       0.00000         417682.5362    0.000000    -0.00002     0.00000    0.000000000    0.000000370    0.000000164  260.231082  92190.4230
 618.00   15.0000    0.0000   15.0000  266.4683  266.4683  0.000000       0.00000       0.00000         368361.3594    0.000000    -0.00002     0.00000    0.000000000    0.000000205    0.000000002  260.233750  92045.3039
 630.00   15.0000    0.0000   15.0000  266.5859  266.5859  0.000000       0.00000       0.00000         355501.1206    0.000000    -0.00002     0.00000    0.000000000    0.000000163   -0.000000040  260.231497  91900.4134
 642.00   15.0000    0.0000   15.0000  266.7002  266.7002  0.000000       0.00000       0.00000         348093.8986    0.000000    -0.00002     0.00000    0.000000000    0.000000138   -0.000000065  260.225972  91755.7488
 654.00   15.0000    0.0000   15.0000  266.8131  266.8131  0.000000       0.00000       0.00000         344277.8399    0.000000    -0.00002     0.00000    0.000000000    0.000000125   -0.000000077  260.218996  91611.3084
 666.00   15.0000    0.0000   15.0000  266.9250  266.9250  0.000000       0.00000       0.00000         341645.4156    0.000000    -0.00002     0.00000    0.000000000    0.000000117   -0.000000086  260.211035  91467.0913
 678.00   15.0000    0.0000   15.0000  267.0363  267.0363  0.000000       0.00000       0.00000         339688.1527    0.000000    -0.00002     0.00000    0.000000000    0.000000110   -0.000000093  260.202377  91323.0966
 690.00   15.0000    0.0000   15.0000  267.1470  267.1470  0.000000       0.00000       0.00000         338203.5696    0.000000    -0.00002     0.00000    0.000000000    0.000000105   -0.000000098  260.193162  91179.3236
 702.00   15.0000    0.0000   15.0000  267.2574  267.2574  0.000000       0.00000       0.00000         337000.2417    0.000000    -0.00002     0.00000    0.000000000    0.000000101   -0.000000102  260.183550  91035.7718
 714.00   15.0000    0.0000   15.0000  267.3674  267.3674  0.000000       0.00000       0.00000         335915.1188    0.000000    -0.00002     0.00000    0.000000000    0.000000097   -0.000000106  260.173561  90892.4407
 726.00   15.0000    0.0000   15.0000  267.4772  267.4772  0.000000       0.00000       0.00000         334914.1368    0.000000    -0.00002     0.00000    0.000000000    0.000000094   -0.000000109  260.163250  90749.3296
 738.00   15.0000    0.0000   15.0000  267.5867  267.5867  0.000000       0.00000       0.00000         333965.8457    0.000000    -0.00003     0.00000    0.000000000    0.000000091   -0.000000112  260.152616  90606.4381
 750.00   15.0000    0.0000   15.0000  267.6959  267.6959  0.000000       0.00000       0.00000         333101.9635    0.000000    -0.00003     0.00000    0.000000000    0.000000088   -0.000000115  260.141692  90463.7657
 762.00   15.0000    0.0000   15.0000  267.8049  267.8049  0.000000       0.00000       0.00000         332219.8781    0.000000    -0.00003     0.00000    0.000000000    0.000000085   -0.000000118  260.130498  90321.3119
 774.00   15.0000    0.0000   15.0000  267.9136  267.9136  0.000000       0.00000       0.00000         330946.7612    0.000000    -0.00003     0.00000    0.000000000    0.000000081   -0.000000123  260.119004  90179.0762
 786.00   15.0000    0.0000   15.0000  268.0219  268.0219  0.000000       0.00000       0.00000         330092.8858    0.000000    -0.00003     0.00000    0.000000000    0.000000078   -0.000000126  260.106991  90037.0581
 798.00   15.0000    0.0000   15.0000  268.1302  268.1302  0.000000       0.00000       0.00000         323971.3177    0.000000    -0.00003     0.00000    0.000000000    0.000000057   -0.000000146  260.094943  89895.2571
 810.00   15.0000    0.0000   15.0000  268.2345  268.2345  0.000000       0.00000       0.00000         316857.3973    0.000000    -0.00003     0.00000    0.000000000    0.000000033   -0.000000170  260.079025  89753.6718
 822.00   15.0000    0.0000   15.0000  268.3382  268.3382  0.000000       0.00000       0.00000         315107.9778    0.000000    -0.00003     0.00000    0.000000000    0.000000027   -0.000000176  260.062436  89612.3007
 834.00   15.0000    0.0000   15.0000  268.4414  268.4414  0.000000       0.00000       0.00000         314041.6389    0.000000    -0.00003     0.00000    0.000000000    0.000000023   -0.000000180  260.045390  89471.1431
 846.00   15.0000    0.0000   15.0000  268.5445  268.5445  0.000000       0.00000       0.00000         313369.4548    0.000000    -0.00003     0.00000    0.000000000    0.000000021   -0.000000182  260.028110  89330.1986
 858.00   15.0000    0.0000   15.0000  268.6474  268.6474  0.000000       0.00000       0.00000         312770.7178    0.000000    -0.00003     0.00000    0.000000000    0.000000019   -0.000000184  260.010624  89189.4667
 870.00   15.0000    0.0000   15.0000  268.7501  268.7501  0.000000       0.00000       0.00000         312283.4545    0.000000    -0.00003     0.00000    0.000000000    0.000000017   -0.000000186  259.992948  89048.9471
 882.00   15.0000    0.0000   15.0000  268.8528  268.8528  0.000000       0.00000       0.00000         311875.4680    0.000000    -0.00003     0.00000    0.000000000    0.000000015   -0.000000187  259.975139  88908.6393
 894.00   15.0000    0.0000   15.0000  268.9553  268.9553  0.000000       0.00000       0.00000         311439.3344    0.000000    -0.00003     0.00000    0.000000000    0.000000014   -0.000000189  259.957190  88768.5429
 906.00   15.0000    0.0000   15.0000  269.0578  269.0578  0.000000       0.00000       0.00000         311077.7527    0.000000    -0.00003     0.00000    0.000000000    0.000000013   -0.000000190  259.939089  88628.6576
 918.00   15.0000    0.0000   15.0000  269.1602  269.1602  0.000000       0.00000       0.00000         310793.5614    0.000000    -0.00003     0.00000    0.000000000    0.000000012   -0.000000191  259.920897  88488.9829
 930.00   15.0000    0.0000   15.0000  269.2625  269.2625  0.000000       0.00000       0.00000         310518.8642    0.000000    -0.00003     0.00000    0.000000000    0.000000011   -0.000000192  259.902601  88349.5186
 942.00   15.0000    0.0000   15.0000  269.3648  269.3648  0.000000       0.00000       0.00000         310456.6535    0.000000    -0.00003     0.00000    0.000000000    0.000000010   -0.000000193  259.884221  88210.2643
 954.00   15.0000    0.0000   15.0000  269.4672  269.4672  0.000000       0.00000       0.00000         310762.4040    0.000000    -0.00003     0.00000    0.000000000    0.000000011   -0.000000192  259.865872  88071.2197
 966.00   15.0000    0.0000   15.0000  269.5697  269.5697  0.000000       0.00000       0.00000         314071.5824    0.000000    -0.00003     0.00000    0.000000000    0.000000022   -0.000000181  259.847671  87932.3845
 978.00   15.0000    0.0000   15.0000  269.6744  269.6744  0.000000       0.00000       0.00000         318079.0610    0.000000    -0.00003     0.00000    0.000000000    0.000000036   -0.000000168  259.831412  87793.7590
 990.00   15.0000    0.0000   15.0000  269.7797  269.7797  0.000000       0.00000       0.00000         512887.4211    0.000000    -0.00007     0.00000    0.000000000    0.000000702    0.000000483  259.815748  87655.3435
1002.00   15.0000    0.0000   15.0000  270.0130  270.0130  0.000000       0.00000       0.00000         471138.0753    0.000000    -0.00002     0.00000    0.000000000    0.000000560    0.000000348  259.923319  87517.1706
1014.00   15.0000    0.0000   15.0000  270.0910  270.0910  0.000000       0.00000       0.00000         236005.2723    0.000000    -0.00002     0.00000    0.000000000   -0.000000245   -0.000000445  259.881294  87379.2330
1026.00   15.0000    0.0000   15.0000  270.1690  270.1690  0.000000       0.00000       0.00000         235937.1356    0.000000    -0.00002     0.00000    0.000000000   -0.000000245   -0.000000445  259.839235  87241.4905
1038.00   15.0000    0.0000   15.0000  270.2470  270.2470  0.000000       0.00000       0.00000         235869.0383    0.000000    -0.00003     0.00000    0.000000000   -0.000000245   -0.000000445  259.797142  87103.9428
1050.00   15.0000    0.0000   15.0000  270.3250  270.3250  0.000000       0.00000       0.00000         235800.9803    0.000000    -0.00003     0.00000    0.000000000   -0.000000245   -0.000000444  259.755015  86966.5898
1062.00   15.0000    0.0000   15.0000  270.4030  270.4030  0.000000       0.00000       0.00000         235732.9615    0.000000    -0.00003     0.00000    0.000000000   -0.000000245   -0.000000444  259.712855  86829.4312
1074.00   15.0000    0.0000   15.0000  270.4810  270.4810  0.000000       0.00000       0.00000         235664.9820    0.000000    -0.00003     0.00000    0.000000000   -0.000000245   -0.000000444  259.670660  86692.4666
1086.00   15.0000    0.0000   15.0000  270.5590  270.5590  0.000000       0.00000       0.00000         235597.0417    0.000000    -0.00003     0.00000    0.000000000   -0.000000245   -0.000000443  259.628432  86555.6959
1098.00   15.0000    0.0000   15.0000  270.6370  270.6370  0.000000       0.00000       0.00000         235529.1405    0.000000    -0.00003     0.00000    0.000000000   -0.000000245   -0.000000443  259.586170  86419.1187
1110.00   15.0000    0.0000   15.0000  270.7150  270.7150  0.000000       0.00000       0.00000         235461.2785    0.000000    -0.00003     0.00000    0.000000000   -0.000000245   -0.000000443  259.543875  86282.7349
1122.00   15.0000    0.0000   15.0000  270.7930  270.7930  0.000000       0.00000       0.00000         235393.4555    0.000000    -0.00003     0.00000    0.000000000   -0.000000246   -0.000000442  259.501546  86146.5441
1134.00   15.0000    0.0000   15.0000  270.8710  270.8710  0.000000       0.00000       0.00000         235325.6716    0.000000    -0.00003     0.00000    0.000000000   -0.000000246   -0.000000442  259.459182  86010.5461
1146.00   15.0000    0.0000   15.0000  270.9490  270.9490  0.000000       0.00000       0.00000         235257.9268    0.000000    -0.00003     0.00000    0.000000000   -0.000000246   -0.000000442  259.416786  85874.7407
1158.00   15.0000    0.0000   15.0000  271.0270  271.0270  0.000000       0.00000       0.00000         235190.2209    0.000000    -0.00003     0.00000    0.000000000   -0.000000246   -0.000000441  259.374355  85739.1275
1170.00   15.0000    0.0000   15.0000  271.1050  271.1050  0.000000       0.00000       0.00000         235122.5540    0.000000    -0.00003     0.00000    0.000000000   -0.000000246   -0.000000441  259.331891  85603.7063
1182.00   15.0000    0.0000   15.0000  271.1830  271.1830  0.000000       0.00000       0.00000         235054.9260    0.000000    -0.00003     0.00000    0.000000000   -0.000000246   -0.000000441  259.289393  85468.4769
1194.00   15.0000    0.0000   15.0000  271.2610  271.2610  0.000000       0.00000       0.00000         234987.3369    0.000000    -0.00003     0.00000    0.000000000   -0.000000246   -0.000000440  259.246862  85333.4390
1206.00   15.0000    0.0000   15.0000  271.3390  271.3390  0.000000       0.00000       0.00000         234919.7867    0.000000    -0.00003     0.00000    0.000000000   -0.000000246   -0.000000440  259.204297  85198.5923
1218.00   15.0000    0.0000   15.0000  271.4170  271.4170  0.000000       0.00000       0.00000         234852.2753    0.000000    -0.00003     0.00000    0.000000000   -0.000000246   -0.000000440  259.161698  85063.9367
1230.00   15.0000    0.0000   15.0000  271.4950  271.4950  0.000000       0.00000       0.00000         234784.8027    0.000000    -0.00003     0.00000    0.000000000   -0.000000246   -0.000000439  259.119065  84929.4717
1242.00   15.0000    0.0000   15.0000  271.5730  271.5730  0.000000       0.00000       0.00000         234717.3688    0.000000    -0.00003     0.00000    0.000000000   -0.000000246   -0.000000439  259.076399  84795.1973
1254.00   15.0000    0.0000   15.0000  271.6510  271.6510  0.000000       0.00000       0.00000         234649.9737    0.000000    -0.00003     0.00000    0.000000000   -0.000000246   -0.000000438  259.033699  84661.1130
1266.00   15.0000    0.0000   15.0000  271.7290  271.7290  0.000000       0.00000       0.00000         234582.6172    0.000000    -0.00003     0.00000    0.000000000   -0.000000246   -0.000000438  258.990966  84527.2187
1278.00   15.0000    0.0000   15.0000  271.8070  271.8070  0.000000       0.00000       0.00000         234515.2995    0.000000    -0.00003     0.00000    0.000000000   -0.000000246   -0.000000438  258.948199  84393.5141
1290.00   15.0000    0.0000   15.0000  271.8850  271.8850  0.000000       0.00000       0.00000         234448.0203    0.000000    -0.00003     0.00000    0.000000000   -0.000000246   -0.000000437  258.905398  84259.9990
1302.00   15.0000    0.0000   15.0000  271.9630  271.9630  0.000000       0.00000       0.00000         234380.7797    0.000000    -0.00003     0.00000    0.000000000   -0.000000246   -0.000000437  258.862564  84126.6731
1314.00   15.0000    0.0000   15.0000  272.0410  272.0410  0.000000       0.00000       0.00000         234313.5777    0.000000    -0.00003     0.00000    0.000000000   -0.000000246   -0.000000437  258.819696  83993.5361
1326.00   15.0000    0.0000   15.0000  272.1190  272.1190  0.000000       0.00000       0.00000         234246.4143    0.000000    -0.00003     0.00000    0.000000000   -0.000000246   -0.000000436  258.776795  83860.5878
1338.00   15.0000    0.0000   15.0000  272.1970  272.1970  0.000000       0.00000       0.00000         234179.2893    0.000000    -0.00003     0.00000    0.000000000   -0.000000246   -0.000000436  258.733860  83727.8280
1350.00   15.0000    0.0000   15.0000  272.2750  272.2750  0.000000       0.00000       0.00000         234112.2027    0.000000    -0.00003     0.00000    0.000000000   -0.000000246   -0.000000436  258.690892  83595.2563
1362.00   15.0000    0.0000   15.0000  272.3530  272.3530  0.000000       0.00000       0.00000         234045.1546    0.000000    -0.00003     0.00000    0.000000000   -0.000000246   -0.000000435  258.647890  83462.8725
1374.00   15.0000    0.0000   15.0000  272.4310  272.4310  0.000000       0.00000       0.00000         233978.1449    0.000000    -0.00003     0.00000    0.000000000   -0.000000246   -0.000000435  258.604854  83330.6765
1386.00   15.0000    0.0000   15.0000  272.5090  272.5090  0.000000       0.00000       0.00000         233911.1736    0.000000    -0.00003     0.00000    0.000000000   -0.000000246   -0.000000434  258.561785  83198.6678
1398.00   15.0000    0.0000   15.0000  272.5870  272.5870  0.000000       0.00000       0.00000         233844.2406    0.000000    -0.00003     0.00000    0.000000000   -0.000000246   -0.000000434  258.518682  83066.8464
1410.00   15.0000    0.0000   15.0000  272.6650  272.6650  0.000000       0.00000       0.00000         233777.3458    0.000000    -0.00003     0.00000    0.000000000   -0.000000246   -0.000000434  258.475546  82935.2118
1422.00   15.0000    0.0000   15.0000  272.7430  272.7430  0.000000       0.00000       0.00000         233710.4894    0.000000    -0.00003     0.00000    0.000000000   -0.000000246   -0.000000433  258.432377  82803.7640
1434.00   15.0000    0.0000   15.0000  272.8210  272.8210  0.000000       0.00000       0.00000         233643.6711    0.000000    -0.00003     0.00000    0.000000000   -0.000000246   -0.000000433  258.389174  82672.5025
1446.00   15.0000    0.0000   15.0000  272.8990  272.8990  0.000000       0.00000       0.00000         233576.8911    0.000000    -0.00004     0.00000    0.000000000   -0.000000246   -0.000000433  258.345937  82541.4273
1458.00   15.0000    0.0000   15.0000  272.9770  272.9770  0.000000       0.00000       0.00000         233510.1492    0.000000    -0.00004     0.00000    0.000000000   -0.000000246   -0.000000432  258.302667  82410.5379
1470.00   15.0000    0.0000   15.0000  273.0550  273.0550  0.000000       0.00000       0.00000         233443.4455    0.000000    -0.00004     0.00000    0.000000000   -0.000000246   -0.000000432  258.259364  82279.8342
1482.00   15.0000    0.0000   15.0000  273.1330  273.1330  0.000000       0.00000       0.00000         233376.7798    0.000000    -0.00004     0.00000    0.000000000   -0.000000246   -0.000000431  258.216027  82149.3160
1494.00   15.0000    0.0000   15.0000  273.2110  273.2110  0.000000       0.00000       0.00000         233310.1522    0.000000    -0.00004     0.00000    0.000000000   -0.000000246   -0.000000431  258.172656  82018.9829
1506.00   15.0000    0.0000   15.0000  273.2890  273.2890  0.000000       0.00000       0.00000         233243.5627    0.000000    -0.00004     0.00000    0.000000000   -0.000000246   -0.000000431  258.129253  81888.8348
1518.00   15.0000    0.0000   15.0000  273.3670  273.3670  0.000000       0.00000       0.00000         233177.0111    0.000000    -0.00004     0.00000    0.000000000   -0.000000246   -0.000000430  258.085815  81758.8713
1530.00   15.0000    0.0000   15.0000  273.4450  273.4450  0.000000       0.00000       0.00000         233110.4975    0.000000    -0.00004     0.00000    0.000000000   -0.000000246   -0.000000430  258.042345  81629.0922
1542.00   15.0000    0.0000   15.0000  273.5230  273.5230  0.000000       0.00000       0.00000         233044.0219    0.000000    -0.00004     0.00000    0.000000000   -0.000000246   -0.000000429  257.998841  81499.4974
1554.00   15.0000    0.0000   15.0000  273.6010  273.6010  0.000000       0.00000       0.00000         232977.5841    0.000000    -0.00004     0.00000    0.000000000   -0.000000246   -0.000000429  257.955303  81370.0864
1566.00   15.0000    0.0000   15.0000  273.6790  273.6790  0.000000       0.00000       0.00000         232911.1843    0.000000    -0.00004     0.00000    0.000000000   -0.000000246   -0.000000429  257.911732  81240.8592
1578.00   15.0000    0.0000   15.0000  273.7570  273.7570  0.000000       0.00000       0.00000         232844.8222    0.000000    -0.00004     0.00000    0.000000000   -0.000000246   -0.000000428  257.868128  81111.8154
1590.00   15.0000    0.0000   15.0000  273.8350  273.8350  0.000000       0.00000       0.00000         232778.4980    0.000000    -0.00004     0.00000    0.000000000   -0.000000246   -0.000000428  257.824491  80982.9548
1602.00   15.0000    0.0000   15.0000  273.9130  273.9130  0.000000       0.00000       0.00000         232712.2115    0.000000    -0.00004     0.00000    0.000000000   -0.000000246   -0.000000427  257.780820  80854.2771
1614.00   15.0000    0.0000   15.0000  273.9910  273.9910  0.000000       0.00000       0.00000         232645.9628    0.000000    -0.00004     0.00000    0.000000000   -0.000000246   -0.000000427  257.737116  80725.7822
1626.00   15.0000    0.0000   15.0000  274.0690  274.0690  0.000000       0.00000       0.00000         232579.7518    0.000000    -0.00004     0.00000    0.000000000   -0.000000245   -0.000000427  257.693378  80597.4697
1638.00   15.0000    0.0000   15.0000  274.1470  274.1470  0.000000       0.00000       0.00000         232513.5785    0.000000    -0.00004     0.00000    0.000000000   -0.000000245   -0.000000426  257.649607  80469.3394
1650.00   15.0000    0.0000   15.0000  274.2250  274.2250  0.000000       0.00000       0.00000         232447.4428    0.000000    -0.00004     0.00000    0.000000000   -0.000000245   -0.000000426  257.605803  80341.3911
1662.00   15.0000    0.0000   15.0000  274.3030  274.3030  0.000000       0.00000       0.00000         232381.3447    0.000000    -0.00004     0.00000    0.000000000   -0.000000245   -0.000000425  257.561965  80213.6245
1674.00   15.0000    0.0000   15.0000  274.3810  274.3810  0.000000       0.00000       0.00000         232315.2842    0.000000    -0.00004     0.00000    0.000000000   -0.000000245   -0.000000425  257.518095  80086.0394
1686.00   15.0000    0.0000   15.0000  274.4590  274.4590  0.000000       0.00000       0.00000         232249.2613    0.000000    -0.00004     0.00000    0.000000000   -0.000000245   -0.000000425  257.474190  79958.6356
1698.00   15.0000    0.0000   15.0000  274.5370  274.5370  0.000000       0.00000       0.00000         232183.2758    0.000000    -0.00004     0.00000    0.000000000   -0.000000245   -0.000000424  257.430253  79831.4127
1710.00   15.0000    0.0000   15.0000  274.6150  274.6150  0.000000       0.00000       0.00000         232117.3279    0.000000    -0.00004     0.00000    0.000000000   -0.000000245   -0.000000424  257.386282  79704.3706
1722.00   15.0000    0.0000   15.0000  274.6930  274.6930  0.000000       0.00000       0.00000         232051.4174    0.000000    -0.00004     0.00000    0.000000000   -0.000000245   -0.000000423  257.342279  79577.5090
1734.00   15.0000    0.0000   15.0000  274.7710  274.7710  0.000000       0.00000       0.00000         231985.5443    0.000000    -0.00004     0.00000    0.000000000   -0.000000245   -0.000000423  257.298241  79450.8277
1746.00   15.0000    0.0000   15.0000  274.8490  274.8490  0.000000       0.00000       0.00000         231919.7086    0.000000    -0.00004     0.00000    0.000000000   -0.000000245   -0.000000422  257.254171  79324.3264
1758.00   15.0000    0.0000   15.0000  274.9270  274.9270  0.000000       0.00000       0.00000         231853.9103    0.000000    -0.00004     0.00000    0.000000000   -0.000000245   -0.000000422  257.210067  79198.0049
1770.00   15.0000    0.0000   15.0000  275.0050  275.0050  0.000000       0.00000       0.00000         231788.1493    0.000000    -0.00004     0.00000    0.000000000   -0.000000245   -0.000000422  257.165931  79071.8629
1782.00   15.0000    0.0000   15.0000  275.0830  275.0830  0.000000       0.00000       0.00000         231722.4256    0.000000    -0.00004     0.00000    0.000000000   -0.000000245   -0.000000421  257.121760  78945.9002
1794.00   15.0000    0.0000   15.0000  275.1610  275.1610  0.000000       0.00000       0.00000         231656.7391    0.000000    -0.00004     0.00000    0.000000000   -0.000000245   -0.000000421  257.077557  78820.1166
1806.00   15.0000    0.0000   15.0000  275.2390  275.2390  0.000000       0.00000       0.00000         231591.0899    0.000000    -0.00004     0.00000    0.000000000   -0.000000245   -0.000000420  257.033321  78694.5118
1818.00   15.0000    0.0000   15.0000  275.3170  275.3170  0.000000       0.00000       0.00000         231525.4779    0.000000    -0.00004     0.00000    0.000000000   -0.000000245   -0.000000420  256.989051  78569.0856
1830.00   15.0000    0.0000   15.0000  275.3950  275.3950  0.000000       0.00000       0.00000         231459.9030    0.000000    -0.00004     0.00000    0.000000000   -0.000000245   -0.000000419  256.944748  78443.8378
1842.00   15.0000    0.0000   15.0000  275.4730  275.4730  0.000000       0.00000       0.00000         231394.3653    0.000000    -0.00004     0.00000    0.000000000   -0.000000245   -0.000000419  256.900412  78318.7680
1854.00   15.0000    0.0000   15.0000  275.5510  275.5510  0.000000       0.00000       0.00000         231328.8647    0.000000    -0.00005     0.00000    0.000000000   -0.000000245   -0.000000419  256.856043  78193.8762
1866.00   15.0000    0.0000   15.0000  275.6290  275.6290  0.000000       0.00000       0.00000         231263.4012    0.000000    -0.00005     0.00000    0.000000000   -0.000000245   -0.000000418  256.811641  78069.1619
1878.00   15.0000    0.0000   15.0000  275.7070  275.7070  0.000000       0.00000       0.00000         231197.9747    0.000000    -0.00005     0.00000    0.000000000   -0.000000244   -0.000000418  256.767206  77944.6250
1890.00   15.0000    0.0000   15.0000  275.7850  275.7850  0.000000       0.00000       0.00000         231132.5852    0.000000    -0.00005     0.00000    0.000000000   -0.000000244   -0.000000417  256.722737  77820.2653
1902.00   15.0000    0.0000   15.0000  275.8630  275.8630  0.000000       0.00000       0.00000         231067.2326    0.000000    -0.00005     0.00000    0.000000000   -0.000000244   -0.000000417  256.678235  77696.0825
1914.00   15.0000    0.0000   15.0000  275.9410  275.9410  0.000000       0.00000       0.00000         231001.9171    0.000000    -0.00005     0.00000    0.000000000   -0.000000244   -0.000000416  256.633701  77572.0764
1926.00   15.0000    0.0000   15.0000  276.0190  276.0190  0.000000       0.00000       0.00000         230936.6384    0.000000    -0.00005     0.00000    0.000000000   -0.000000244   -0.000000416  256.589133  77448.2467
1938.00   15.0000    0.0000   15.0000  276.0970  276.0970  0.000000       0.00000       0.00000         230871.3966    0.000000    -0.00005     0.00000    0.000000000   -0.000000244   -0.000000416  256.544532  77324.5933
1950.00   15.0000    0.0000   15.0000  276.1750  276.1750  0.000000       0.00000       0.00000         230806.1917    0.000000    -0.00005     0.00000    0.000000000   -0.000000244   -0.000000415  256.499898  77201.1158
1962.00   15.0000    0.0000   15.0000  276.2530  276.2530  0.000000       0.00000       0.00000         230741.0236    0.000000    -0.00005     0.00000    0.000000000   -0.000000244   -0.000000415  256.455231  77077.8140
1974.00   15.0000    0.0000   15.0000  276.3310  276.3310  0.000000       0.00000       0.00000         230675.8923    0.000000    -0.00005     0.00000    0.000000000   -0.000000244   -0.000000414  256.410530  76954.6877
1986.00   15.0000    0.0000   15.0000  276.4090  276.4090  0.000000       0.00000       0.00000         230610.7978    0.000000    -0.00005     0.00000    0.000000000   -0.000000244   -0.000000414  256.365797  76831.7367
1998.00   15.0000    0.0000   15.0000  276.4870  276.4870  0.000000       0.00000       0.00000         230545.7399    0.000000    -0.00005     0.00000    0.000000000   -0.000000244   -0.000000413  256.321031  76708.9607
2010.00   15.0000    0.0000   15.0000  276.5650  276.5650  0.000000       0.00000       0.00000         230480.7188    0.000000    -0.00005     0.00000    0.000000000   -0.000000244   -0.000000413  256.276232  76586.3595
2022.00   15.0000    0.0000   15.0000  276.6430  276.6430  0.000000       0.00000       0.00000         230415.7344    0.000000    -0.00005     0.00000    0.000000000   -0.000000244   -0.000000412  256.231399  76463.9329
2034.00   15.0000    0.0000   15.0000  276.7210  276.7210  0.000000       0.00000       0.00000         230350.7865    0.000000    -0.00005     0.00000    0.000000000   -0.000000243   -0.000000412  256.186534  76341.6806
2046.00   15.0000    0.0000   15.0000  276.7990  276.7990  0.000000       0.00000       0.00000         230285.8753    0.000000    -0.00005     0.00000    0.000000000   -0.000000243   -0.000000411  256.141636  76219.6024
2058.00   15.0000    0.0000   15.0000  276.8770  276.8770  0.000000       0.00000       0.00000         230221.0007    0.000000    -0.00005     0.00000    0.000000000   -0.000000243   -0.000000411  256.096704  76097.6980
2070.00   15.0000    0.0000   15.0000  276.9550  276.9550  0.000000       0.00000       0.00000         230156.1626    0.000000    -0.00005     0.00000    0.000000000   -0.000000243   -0.000000411  256.051740  75975.9673
2082.00   15.0000    0.0000   15.0000  277.0330  277.0330  0.000000       0.00000       0.00000         230091.3610    0.000000    -0.00005     0.00000    0.000000000   -0.000000243   -0.000000410  256.006743  75854.4100
2094.00   15.0000    0.0000   15.0000  277.1110  277.1110  0.000000       0.00000       0.00000         230026.5958    0.000000    -0.00005     0.00000    0.000000000   -0.000000243   -0.000000410  255.961713  75733.0258
2106.00   15.0000    0.0000   15.0000  277.1890  277.1890  0.000000       0.00000       0.00000         229961.8672    0.000000    -0.00005     0.00000    0.000000000   -0.000000243   -0.000000409  255.916649  75611.8145
2118.00   15.0000    0.0000   15.0000  277.2670  277.2670  0.000000       0.00000       0.00000         229897.1749    0.000000    -0.00005     0.00000    0.000000000   -0.000000243   -0.000000409  255.871553  75490.7760
2130.00   15.0000    0.0000   15.0000  277.3450  277.3450  0.000000       0.00000       0.00000         229832.5191    0.000000    -0.00005     0.00000    0.000000000   -0.000000243   -0.000000408  255.826424  75369.9099
2142.00   15.0000    0.0000   15.0000  277.4230  277.4230  0.000000       0.00000       0.00000         229767.8996    0.000000    -0.00005     0.00000    0.000000000   -0.000000243   -0.000000408  255.781262  75249.2161
2154.00   15.0000    0.0000   15.0000  277.5010  277.5010  0.000000       0.00000       0.00000         229703.3164    0.000000    -0.00005     0.00000    0.000000000   -0.000000243   -0.000000407  255.736067  75128.6942
2166.00   15.0000    0.0000   15.0000  277.5790  277.5790  0.000000       0.00000       0.00000         229638.7695    0.000000    -0.00005     0.00000    0.000000000   -0.000000242   -0.000000407  255.690839  75008.3441
2178.00   15.0000    0.0000   15.0000  277.6570  277.6570  0.000000       0.00000       0.00000         229574.2589    0.000000    -0.00005     0.00000    0.000000000   -0.000000242   -0.000000406  255.645578  74888.1656
2190.00   15.0000    0.0000   15.0000  277.7350  277.7350  0.000000       0.00000       0.00000         229509.7845    0.000000    -0.00005     0.00000    0.000000000   -0.000000242   -0.000000406  255.600285  74768.1584
2202.00   15.0000    0.0000   15.0000  277.8130  277.8130  0.000000       0.00000       0.00000         229445.3463    0.000000    -0.00005     0.00000    0.000000000   -0.000000242   -0.000000405  255.554958  74648.3223
2214.00   15.0000    0.0000   15.0000  277.8910  277.8910  0.000000       0.00000       0.00000         229380.9443    0.000000    -0.00005     0.00000    0.000000000   -0.000000242   -0.000000405  255.509599  74528.6570
2226.00   15.0000    0.0000   15.0000  277.9690  277.9690  0.000000       0.00000       0.00000         229316.5785    0.000000    -0.00005     0.00000    0.000000000   -0.000000242   -0.000000404  255.464206  74409.1624
2238.00   15.0000    0.0000   15.0000  278.0470  278.0470  0.000000       0.00000       0.00000         229252.2487    0.000000    -0.00005     0.00000    0.000000000   -0.000000242   -0.000000404  255.418781  74289.8381
2250.00   15.0000    0.0000   15.0000  278.1250  278.1250  0.000000       0.00000       0.00000         229187.9551    0.000000    -0.00005     0.00000    0.000000000   -0.000000242   -0.000000404  255.373323  74170.6841
2262.00   15.0000    0.0000   15.0000  278.2030  278.2030  0.000000       0.00000       0.00000         229123.6974    0.000000    -0.00006     0.00000    0.000000000   -0.000000242   -0.000000403  255.327832  74051.6999
2274.00   15.0000    0.0000   15.0000  278.2810  278.2810  0.000000       0.00000       0.00000         229059.4759    0.000000    -0.00006     0.00000    0.000000000   -0.000000242   -0.000000403  255.282309  73932.8855
2286.00   15.0000    0.0000   15.0000  278.3590  278.3590  0.000000       0.00000       0.00000         228995.2903    0.000000    -0.00006     0.00000    0.000000000   -0.000000241   -0.000000402  255.236752  73814.2406
2298.00   15.0000    0.0000   15.0000  278.4370  278.4370  0.000000       0.00000       0.00000         228931.1406    0.000000    -0.00006     0.00000    0.000000000   -0.000000241   -0.000000402  255.191163  73695.7649
2310.00   15.0000    0.0000   15.0000  278.5150  278.5150  0.000000       0.00000       0.00000         228867.0269    0.000000    -0.00006     0.00000    0.000000000   -0.000000241   -0.000000401  255.145541  73577.4583
2322.00   15.0000    0.0000   15.0000  278.5930  278.5930  0.000000       0.00000       0.00000         228802.9491    0.000000    -0.00006     0.00000    0.000000000   -0.000000241   -0.000000401  255.099886  73459.3205
2334.00   15.0000    0.0000   15.0000  278.6710  278.6710  0.000000       0.00000       0.00000         228738.9072    0.000000    -0.00006     0.00000    0.000000000   -0.000000241   -0.000000400  255.054198  73341.3513
2346.00   15.0000    0.0000   15.0000  278.7490  278.7490  0.000000       0.00000       0.00000         228674.9011    0.000000    -0.00006     0.00000    0.000000000   -0.000000241   -0.000000400  255.008478  73223.5504
2358.00   15.0000    0.0000   15.0000  278.8270  278.8270  0.000000       0.00000       0.00000         228610.9308    0.000000    -0.00006     0.00000    0.000000000   -0.000000241   -0.000000399  254.962724  73105.9177
2370.00   15.0000    0.0000   15.0000  278.9050  278.9050  0.000000       0.00000       0.00000         228546.9963    0.000000    -0.00006     0.00000    0.000000000   -0.000000241   -0.000000399  254.916939  72988.4528
2382.00   15.0000    0.0000   15.0000  278.9830  278.9830  0.000000       0.00000       0.00000              0.0000    0.000000    -0.00006     0.00000    0.000000000    0.000000000    0.000000000  254.871120  72871.1557
2394.00   15.0000    0.0000   15.0000  279.0610  279.0610  0.000000       0.00000       0.00000              0.0000    0.000000     0.00000     0.00000    0.000000000    0.000000000    0.000000000  254.825268  72754.0260
