   0.00    0.0000    0.0000    0.0000  243.3129  243.3129  0.000000       0.00000       0.00000              0.0000    0.000000     0.00000     0.00000    0.000000000    0.000000000    0.000000000    0.000000      0.0000
   6.00    7.5491    3.5818    8.3557  245.0875  245.0875  0.000000       0.68225       0.68225              0.0000    0.000000     0.00000     0.00000   -0.000028164    0.000000000    0.000000000  244.999787  99874.6591
  18.00    8.6251    4.0023    9.5085  245.2391  245.2391  0.000000       1.98510       1.98510              0.0681    0.000000    -0.00000     0.00000   -0.000031415    0.000000000    0.000000000  245.004849  99665.9339
  30.00    9.3317    4.2260   10.2440  245.3424  245.3424  0.000000       1.84252       1.84252              0.0968    0.000000    -0.00000     0.00000   -0.000039247    0.000000007   -0.000000044  244.990897  99499.3000
  42.00    9.9911    4.3878   10.9121  245.4424  245.4424  0.000000       1.99301       1.99301              0.1130    0.000000    -0.00000     0.00000   -0.000042362   -0.000000006   -0.000000056  244.973732  99332.9342
  54.00   10.5899    4.4928   11.5035  245.5373  245.5373  0.000000       1.92446       1.92446              0.1303    0.000000    -0.00000     0.00000   -0.000044669   -0.000000013   -0.000000064  244.951321  99166.8331
  66.00   11.1611    4.5529   12.0540  245.6323  245.6323  0.000000       1.85296       1.85296              0.1455    0.000000    -0.00000     0.00000   -0.000046666   -0.000000011   -0.000000062  244.928976  99000.9946
  78.00   11.7093    4.5715   12.5700  245.7286  245.7286  0.000000       1.73489       1.73489              0.1607    0.000000    -0.00000     0.00000   -0.000048533   -0.000000005   -0.000000056  244.907854  98835.4188
  90.00   12.2407    4.5503   13.0591  245.8279  245.8279  0.000000       1.60310       1.60310              0.1758    0.000000    -0.00000     0.00000   -0.000050392    0.000000005   -0.000000046  244.889695  98670.1067
 102.00   12.7571    4.4895   13.5240  245.9314  245.9314  0.000000       1.45875       1.45875              0.1912    0.000000    -0.00000     0.00000   -0.000052320    0.000000019   -0.000000032  244.875685  98505.0602
 114.00   13.2592    4.3885   13.9666  246.0404  246.0404  0.000000       1.31002       1.31002              0.2073    0.000000    -0.00000     0.00000   -0.000054373    0.000000037   -0.000000015  244.867115  98340.2823
 126.00   13.7462    4.2462   14.3871  246.1563  246.1563  0.000000       1.16032       1.16032              0.2244    0.000000    -0.00000     0.00000   -0.000056681    0.000000060    0.000000007  244.865290  98175.7764
 138.00   14.2160    4.0608   14.7846  246.2804  246.2804  0.000000       1.01303       1.01303              0.2428    0.000000    -0.00001     0.00000   -0.000059205    0.000000087    0.000000032  244.871685  98011.5473
 150.00   14.6652    3.8307   15.1572  246.4147  246.4147  0.000000       0.87029       0.87029              0.2630    0.000000    -0.00001     0.00000   -0.000062254    0.000000120    0.000000064  244.888028  97847.6005
 162.00   15.0890    3.5539   15.5018  246.5610  246.5610  0.000000       0.73421       0.73421              0.2855    0.000000    -0.00001     0.00000   -0.000065898    0.000000160    0.000000103  244.916382  97683.9429
 174.00   15.4810    3.2286   15.8141  246.7222  246.7222  0.000000       0.60531       0.60531              0.3112    0.000000    -0.00001     0.00000   -0.000070370    0.000000210    0.000000150  244.959354  97520.5828
 186.00   15.8327    2.8538   16.0878  246.9014  246.9014  0.000000       0.48634       0.48634              0.3410    0.000000    -0.00001     0.00000   -0.000076001    0.000000272    0.000000210  245.020149  97357.5303
 198.00   16.1335    2.4284   16.3152  247.1035  247.1035  0.000000       0.37331       0.37331              0.3776    0.000000    -0.00001     0.00000   -0.000083293    0.000000352    0.000000286  245.103582  97194.7984
 210.00   16.3669    1.9568   16.4834  247.3336  247.3336  0.000000       0.27773       0.27773              0.4216    0.000000    -0.00002     0.00000   -0.000093082    0.000000463    0.000000392  245.214606  97032.4028
 222.00   16.5153    1.4342   16.5775  247.6061  247.6061  0.000000       0.17341       0.17341              0.4907    0.000000    -0.00002     0.00000   -0.000107470    0.000000594    0.000000518  245.367653  96870.3657
 234.00   16.5402    0.9086   16.5651  247.9162  247.9162  0.000000       0.12327       0.12327              0.5548    0.000000    -0.00002     0.00000   -0.000138746    0.000000830    0.000000741  245.557804  96708.7122
 246.00   16.3506    0.3334   16.3540  248.3301  248.3301  0.000000       0.00242       0.00242              1.8303    0.000000     0.00000     0.00000   -0.000129064    0.000011655    0.000008980  245.850592  96547.4868
 258.00   15.0442   -0.0207   15.0442  253.9061  253.9061  0.000000       0.00024       0.00024              3.1381    0.000000    -0.00008     0.00000   -0.000050781    0.000013431    0.000015415  251.252454  96388.3525
 270.00   15.0001   -0.0001   15.0001  254.8814  254.8814  0.000000       0.00000       0.00000            796.9164    0.000000    -0.00009     0.00000   -0.000000816    0.000005007    0.000004749  252.100277  96231.4708
 282.00   15.0000   -0.0000   15.0000  255.9584  255.9584  0.000000       0.00000       0.00000        2749902.1776    0.000000    -0.00006     0.00000    0.000000000    0.000004441    0.000004283  253.048151  96075.4005
 294.00   15.0000   -0.0000   15.0000  256.6351  256.6351  0.000000       0.00000       0.00000        2006298.3925    0.000000    -0.00005     0.00000    0.000000000    0.000003204    0.000003021  253.599907  95920.0447
 306.00   15.0000   -0.0000   15.0000  257.2185  257.2185  0.000000       0.00000       0.00000        1716525.4838    0.000000    -0.00005     0.00000    0.000000000    0.000002762    0.000002584  254.059180  95765.2488
 318.00   15.0000   -0.0000   15.0000  257.7157  257.7157  0.000000       0.00000       0.00000        1493172.5085    0.000000    -0.00004     0.00000    0.000000000    0.000002400    0.000002225  254.433018  95610.9558
 330.00   15.0000   -0.0000   15.0000  258.1603  258.1603  0.000000       0.00000       0.00000        1341449.1034    0.000000    -0.00004     0.00000    0.000000000    0.000002151    0.000001979  254.754775  95457.1217
 342.00   15.0000    0.0000   15.0000  258.5632  258.5632  0.000000       0.00000       0.00000        1228435.0941    0.000000    -0.00004     0.00000    0.000000000    0.000001963    0.000001791  255.035192  95303.7164
 354.00   15.0000    0.0000   15.0000  258.9376  258.9376  0.000000       0.00000       0.00000        1139148.2061    0.000000    -0.00004     0.00000    0.000000000    0.000001811    0.000001640  255.287329  95150.7174
 366.00   15.0000    0.0000   15.0000  259.2851  259.2851  0.000000       0.00000       0.00000        1070964.6224    0.000000    -0.00004     0.00000    0.000000000    0.000001696    0.000001525  255.512719  94998.1066
 378.00   15.0000    0.0000   15.0000  259.6172  259.6172  0.000000       0.00000       0.00000        1004183.5122    0.000000    -0.00004     0.00000    0.000000000    0.000001575    0.000001405  255.722845  94845.8704
 390.00   15.0000    0.0000   15.0000  259.9231  259.9231  0.000000       0.00000       0.00000         952911.5084    0.000000    -0.00004     0.00000    0.000000000    0.000001484    0.000001313  255.906995  94693.9951
 402.00   15.0000    0.0000   15.0000  260.2234  260.2234  0.000000       0.00000       0.00000         900056.7377    0.000000    -0.00003     0.00000    0.000000000    0.000001382    0.000001213  256.085457  94542.4704
 414.00   15.0000    0.0000   15.0000  260.4963  260.4963  0.000000       0.00000       0.00000         854952.3779    0.000000    -0.00003     0.00000    0.000000000    0.000001295    0.000001125  256.236902  94391.2855
 426.00   15.0000    0.0000   15.0000  260.7685  260.7685  0.000000       0.00000       0.00000         820904.9049    0.000000    -0.00003     0.00000    0.000000000    0.000001230    0.000001060  256.387408  94240.4312
 438.00   15.0000    0.0000   15.0000  261.0202  261.0202  0.000000       0.00000       0.00000         782792.4298    0.000000    -0.00003     0.00000    0.000000000    0.000001153    0.000000982  256.517808  94089.9004
 450.00   15.0000    0.0000   15.0000  261.2685  261.2685  0.000000       0.00000       0.00000         757644.3470    0.000000    -0.00003     0.00000    0.000000000    0.000001104    0.000000933  256.644645  93939.6853
 462.00   15.0000    0.0000   15.0000  261.5047  261.5047  0.000000       0.00000       0.00000         729512.1172    0.000000    -0.00003     0.00000    0.000000000    0.000001046    0.000000875  256.759496  93789.7806
 474.00   15.0000    0.0000   15.0000  261.7354  261.7354  0.000000       0.00000       0.00000         708082.3212    0.000000    -0.00003     0.00000    0.000000000    0.000001003    0.000000831  256.868867  93640.1804
 486.00   15.0000    0.0000   15.0000  261.9582  261.9582  0.000000       0.00000       0.00000         684976.7987    0.000000    -0.00003     0.00000    0.000000000    0.000000954    0.000000782  256.970441  93490.8800
 498.00   15.0000    0.0000   15.0000  262.1745  262.1745  0.000000       0.00000       0.00000         663688.9935    0.000000    -0.00003     0.00000    0.000000000    0.000000908    0.000000736  257.065457  93341.8747
 510.00   15.0000    0.0000   15.0000  262.3841  262.3841  0.000000       0.00000       0.00000         644282.0525    0.000000    -0.00003     0.00000    0.000000000    0.000000866    0.000000693  257.153798  93193.1599
 522.00   15.0000    0.0000   15.0000  262.5882  262.5882  0.000000       0.00000       0.00000         626498.4118    0.000000    -0.00003     0.00000    0.000000000    0.000000826    0.000000654  257.236744  93044.7314
 534.00   15.0000    0.0000   15.0000  262.7867  262.7867  0.000000       0.00000       0.00000         610372.5619    0.000000    -0.00003     0.00000    0.000000000    0.000000791    0.000000617  257.314020  92896.5855
 546.00   15.0000    0.0000   15.0000  262.9808  262.9808  0.000000       0.00000       0.00000         593592.0599    0.000000    -0.00003     0.00000    0.000000000    0.000000752    0.000000578  257.386929  92748.7185
 558.00   15.0000    0.0000   15.0000  263.1687  263.1687  0.000000       0.00000       0.00000         578613.3077    0.000000    -0.00003     0.00000    0.000000000    0.000000717    0.000000543  257.453744  92601.1269
 570.00   15.0000    0.0000   15.0000  263.3535  263.3535  0.000000       0.00000       0.00000         561855.6851    0.000000    -0.00003     0.00000    0.000000000    0.000000677    0.000000503  257.517311  92453.8075
 582.00   15.0000    0.0000   15.0000  263.5309  263.5309  0.000000       0.00000       0.00000         546486.5817    0.000000    -0.00003     0.00000    0.000000000    0.000000640    0.000000465  257.573656  92306.7567
 594.00   15.0000    0.0000   15.0000  263.7059  263.7059  0.000000       0.00000       0.00000         531054.1359    0.000000    -0.00003     0.00000    0.000000000    0.000000601    0.000000427  257.627612  92159.9711
 606.00   15.0000    0.0000   15.0000  263.8736  263.8736  0.000000       0.00000       0.00000         514189.1649    0.000000    -0.00003     0.00000    0.000000000    0.000000558    0.000000384  257.674300  92013.4476
 618.00   15.0000    0.0000   15.0000  264.0380  264.0380  0.000000       0.00000       0.00000         501067.8285    0.000000    -0.00003     0.00000    0.000000000    0.000000525    0.000000351  257.717680  91867.1826
 630.00   15.0000    0.0000   15.0000  264.1974  264.1974  0.000000       0.00000       0.00000         487195.0381    0.000000    -0.00003     0.00000    0.000000000    0.000000489    0.000000315  257.756148  91721.1733
 642.00   15.0000    0.0000   15.0000  264.3530  264.3530  0.000000       0.00000       0.00000         475729.7394    0.000000    -0.00003     0.00000    0.000000000    0.000000460    0.000000285  257.790824  91575.4167
 654.00   15.0000    0.0000   15.0000  264.5052  264.5052  0.000000       0.00000       0.00000         465101.8461    0.000000    -0.00003     0.00000    0.000000000    0.000000432    0.000000257  257.822099  91429.9103
 666.00   15.0000    0.0000   15.0000  264.6541  264.6541  0.000000       0.00000       0.00000         455000.4395    0.000000    -0.00003     0.00000    0.000000000    0.000000405    0.000000231  257.850105  91284.6518
 678.00   15.0000    0.0000   15.0000  264.7999  264.7999  0.000000       0.00000       0.00000         445512.1965    0.000000    -0.00003     0.00000    0.000000000    0.000000380    0.000000205  257.875037  91139.6389
 690.00   15.0000    0.0000   15.0000  264.9428  264.9428  0.000000       0.00000       0.00000         437145.5031    0.000000    -0.00003     0.00000    0.000000000    0.000000358    0.000000183  257.897083  90994.8696
 702.00   15.0000    0.0000   15.0000  265.0833  265.0833  0.000000       0.00000       0.00000         429893.2032    0.000000    -0.00003     0.00000    0.000000000    0.000000339    0.000000163  257.916759  90850.3419
 714.00   15.0000    0.0000   15.0000  265.2217  265.2217  0.000000       0.00000       0.00000         423574.3370    0.000000    -0.00003     0.00000    0.000000000    0.000000322    0.000000146  257.934248  90706.0542
 726.00   15.0000    0.0000   15.0000  265.3582  265.3582  0.000000       0.00000       0.00000         418163.2710    0.000000    -0.00003     0.00000    0.000000000    0.000000307    0.000000132  257.949954  90562.0049
 738.00   15.0000    0.0000   15.0000  265.4932  265.4932  0.000000       0.00000       0.00000         413418.2595    0.000000    -0.00003     0.00000    0.000000000    0.000000295    0.000000119  257.964043  90418.1927
 750.00   15.0000    0.0000   15.0000  265.6269  265.6269  0.000000       0.00000       0.00000         409137.8201    0.000000    -0.00003     0.00000    0.000000000    0.000000283    0.000000107  257.976767  90274.6163
 762.00   15.0000    0.0000   15.0000  265.7592  265.7592  0.000000       0.00000       0.00000         405611.1599    0.000000    -0.00003     0.00000    0.000000000    0.000000274    0.000000098  257.988167  90131.2745
 774.00   15.0000    0.0000   15.0000  265.8907  265.8907  0.000000       0.00000       0.00000         402356.0875    0.000000    -0.00003     0.00000    0.000000000    0.000000265    0.000000089  257.998675  89988.1665
 786.00   15.0000    0.0000   15.0000  266.0210  266.0210  0.000000       0.00000       0.00000         400027.1263    0.000000    -0.00003     0.00000    0.000000000    0.000000259    0.000000082  258.008031  89845.2912
 798.00   15.0000    0.0000   15.0000  266.1511  266.1511  0.000000       0.00000       0.00000         398418.5176    0.000000    -0.00003     0.00000    0.000000000    0.000000255    0.000000078  258.017078  89702.6477
 810.00   15.0000    0.0000   15.0000  266.2805  266.2805  0.000000       0.00000       0.00000         397796.4150    0.000000    -0.00003     0.00000    0.000000000    0.000000254    0.000000077  258.025426  89560.2356
 822.00   15.0000    0.0000   15.0000  266.4103  266.4103  0.000000       0.00000       0.00000         398178.3507    0.000000    -0.00003     0.00000    0.000000000    0.000000256    0.000000078  258.034088  89418.0542
 834.00   15.0000    0.0000   15.0000  266.5401  266.5401  0.000000       0.00000       0.00000         398755.8125    0.000000    -0.00003     0.00000    0.000000000    0.000000258    0.000000080  258.042686  89276.1033
 846.00   15.0000    0.0000   15.0000  266.6705  266.6705  0.000000       0.00000       0.00000         400536.5811    0.000000    -0.00003     0.00000    0.000000000    0.000000264    0.000000085  258.051721  89134.3826
 858.00   15.0000    0.0000   15.0000  266.8015  266.8015  0.000000       0.00000       0.00000         404234.7697    0.000000    -0.00004     0.00000    0.000000000    0.000000275    0.000000096  258.061453  88992.8920
 870.00   15.0000    0.0000   15.0000  266.9344  266.9344  0.000000       0.00000       0.00000         410369.4645    0.000000    -0.00004     0.00000    0.000000000    0.000000294    0.000000114  258.072833  88851.6318
 882.00   15.0000    0.0000   15.0000  267.0696  267.0696  0.000000       0.00000       0.00000         418431.4089    0.000000    -0.00004     0.00000    0.000000000    0.000000319    0.000000137  258.086450  88710.6026
 894.00   15.0000    0.0000   15.0000  267.2079  267.2079  0.000000       0.00000       0.00000         430240.3964    0.000000    -0.00004     0.00000    0.000000000    0.000000354    0.000000172  258.102935  88569.8055
 906.00   15.0000    0.0000   15.0000  267.3510  267.3510  0.000000       0.00000       0.00000         444599.3830    0.000000    -0.00004     0.00000    0.000000000    0.000000398    0.000000214  258.124028  88429.2421
 918.00   15.0000    0.0000   15.0000  267.4988  267.4988  0.000000       0.00000       0.00000         471627.1552    0.000000    -0.00005     0.00000    0.000000000    0.000000480    0.000000294  258.149607  88288.9144
 930.00   15.0000    0.0000   15.0000  267.6597  267.6597  0.000000       0.00000       0.00000         490795.2743    0.000000    -0.00005     0.00000    0.000000000    0.000000539    0.000000351  258.187801  88148.8267
 942.00   15.0000    0.0000   15.0000  267.8203  267.8203  0.000000       0.00000       0.00000         571545.9047    0.000000    -0.00006     0.00000    0.000000000    0.000000786    0.000000590  258.225539  88008.9818
 954.00   15.0000    0.0000   15.0000  268.0344  268.0344  0.000000       0.00000       0.00000         576080.5362    0.000000    -0.00005     0.00000    0.000000000    0.000000803    0.000000609  258.314798  87869.3931
 966.00   15.0000    0.0000   15.0000  268.1982  268.1982  0.000000       0.00000       0.00000         848700.7124    0.000000    -0.00012     0.00000    0.000000000    0.000001650    0.000001424  258.355550  87730.0608
 978.00   15.0000    0.0000   15.0000  268.5914  268.5914  0.000000       0.00000       0.00000         782951.5853    0.000000    -0.00004     0.00000    0.000000000    0.000001456    0.000001257  258.617179  87591.0307
 990.00   15.0000    0.0000   15.0000  268.7129  268.7129  0.000000       0.00000       0.00000        2161652.9897    0.000000    -0.00040     0.00000    0.000000000    0.000006006    0.000005461  258.616969  87452.2911
1002.00   15.0000    0.0000   15.0000  270.0130  270.0130  0.000000       0.00000       0.00000        2085537.9841    0.000000    -0.00002     0.00000    0.000000000    0.000005791    0.000005730  259.750891  87314.0730
1014.00   15.0000    0.0000   15.0000  270.0910  270.0910  0.000000       0.00000       0.00000         236005.2723    0.000000    -0.00002     0.00000    0.000000000   -0.000000243   -0.000000441  259.708816  87176.3642
1026.00   15.0000    0.0000   15.0000  270.1690  270.1690  0.000000       0.00000       0.00000         235937.1356    0.000000    -0.00002     0.00000    0.000000000   -0.000000243   -0.000000441  259.666707  87038.8502
1038.00   15.0000    0.0000   15.0000  270.2470  270.2470  0.000000       0.00000       0.00000         235869.0383    0.000000    -0.00003     0.00000    0.000000000   -0.000000243   -0.000000441  259.624564  86901.5310
1050.00   15.0000    0.0000   15.0000  270.3250  270.3250  0.000000       0.00000       0.00000         235800.9803    0.000000    -0.00003     0.00000    0.000000000   -0.000000244   -0.000000440  259.582387  86764.4061
1062.00   15.0000    0.0000   15.0000  270.4030  270.4030  0.000000       0.00000       0.00000         235732.9615    0.000000    -0.00003     0.00000    0.000000000   -0.000000244   -0.000000440  259.540177  86627.4754
1074.00   15.0000    0.0000   15.0000  270.4810  270.4810  0.000000       0.00000       0.00000         235664.9820    0.000000    -0.00003     0.00000    0.000000000   -0.000000244   -0.000000440  259.497933  86490.7385
1086.00   15.0000    0.0000   15.0000  270.5590  270.5590  0.000000       0.00000       0.00000         235597.0417    0.000000    -0.00003     0.00000    0.000000000   -0.000000244   -0.000000439  259.455655  86354.1953
1098.00   15.0000    0.0000   15.0000  270.6370  270.6370  0.000000       0.00000       0.00000         235529.1405    0.000000    -0.00003     0.00000    0.000000000   -0.000000244   -0.000000439  259.413344  86217.8454
1110.00   15.0000    0.0000   15.0000  270.7150  270.7150  0.000000       0.00000       0.00000         235461.2785    0.000000    -0.00003     0.00000    0.000000000   -0.000000244   -0.000000439  259.370998  86081.6886
1122.00   15.0000    0.0000   15.0000  270.7930  270.7930  0.000000       0.00000       0.00000         235393.4555    0.000000    -0.00003     0.00000    0.000000000   -0.000000244   -0.000000438  259.328619  85945.7246
1134.00   15.0000    0.0000   15.0000  270.8710  270.8710  0.000000       0.00000       0.00000         235325.6716    0.000000    -0.00003     0.00000    0.000000000   -0.000000244   -0.000000438  259.286206  85809.9533
1146.00   15.0000    0.0000   15.0000  270.9490  270.9490  0.000000       0.00000       0.00000         235257.9268    0.000000    -0.00003     0.00000    0.000000000   -0.000000244   -0.000000438  259.243760  85674.3742
1158.00   15.0000    0.0000   15.0000  271.0270  271.0270  0.000000       0.00000       0.00000         235190.2209    0.000000    -0.00003     0.00000    0.000000000   -0.000000244   -0.000000437  259.201279  85538.9872
1170.00   15.0000    0.0000   15.0000  271.1050  271.1050  0.000000       0.00000       0.00000         235122.5540    0.000000    -0.00003     0.00000    0.000000000   -0.000000244   -0.000000437  259.158766  85403.7920
1182.00   15.0000    0.0000   15.0000  271.1830  271.1830  0.000000       0.00000       0.00000         235054.9260    0.000000    -0.00003     0.00000    0.000000000   -0.000000244   -0.000000436  259.116218  85268.7883
1194.00   15.0000    0.0000   15.0000  271.2610  271.2610  0.000000       0.00000       0.00000         234987.3369    0.000000    -0.00003     0.00000    0.000000000   -0.000000244   -0.000000436  259.073637  85133.9759
1206.00   15.0000    0.0000   15.0000  271.3390  271.3390  0.000000       0.00000       0.00000         234919.7867    0.000000    -0.00003     0.00000    0.000000000   -0.000000244   -0.000000436  259.031022  84999.3545
1218.00   15.0000    0.0000   15.0000  271.4170  271.4170  0.000000       0.00000       0.00000         234852.2753    0.000000    -0.00003     0.00000    0.000000000   -0.000000244   -0.000000435  258.988373  84864.9239
1230.00   15.0000    0.0000   15.0000  271.4950  271.4950  0.000000       0.00000       0.00000         234784.8027    0.000000    -0.00003     0.00000    0.000000000   -0.000000244   -0.000000435  258.945691  84730.6839
1242.00   15.0000    0.0000   15.0000  271.5730  271.5730  0.000000       0.00000       0.00000         234717.3688    0.000000    -0.00003     0.00000    0.000000000   -0.000000244   -0.000000435  258.902975  84596.6340
1254.00   15.0000    0.0000   15.0000  271.6510  271.6510  0.000000       0.00000       0.00000         234649.9737    0.000000    -0.00003     0.00000    0.000000000   -0.000000244   -0.000000434  258.860225  84462.7742
1266.00   15.0000    0.0000   15.0000  271.7290  271.7290  0.000000       0.00000       0.00000         234582.6172    0.000000    -0.00003     0.00000    0.000000000   -0.000000244   -0.000000434  258.817442  84329.1041
1278.00   15.0000    0.0000   15.0000  271.8070  271.8070  0.000000       0.00000       0.00000         234515.2995    0.000000    -0.00003     0.00000    0.000000000   -0.000000244   -0.000000434  258.774625  84195.6236
1290.00   15.0000    0.0000   15.0000  271.8850  271.8850  0.000000       0.00000       0.00000         234448.0203    0.000000    -0.00003     0.00000    0.000000000   -0.000000244   -0.000000433  258.731775  84062.3322
1302.00   15.0000    0.0000   15.0000  271.9630  271.9630  0.000000       0.00000       0.00000         234380.7797    0.000000    -0.00003     0.00000    0.000000000   -0.000000244   -0.000000433  258.688891  83929.2298
1314.00   15.0000    0.0000   15.0000  272.0410  272.0410  0.000000       0.00000       0.00000         234313.5777    0.000000    -0.00003     0.00000    0.000000000   -0.000000244   -0.000000433  258.645973  83796.3162
1326.00   15.0000    0.0000   15.0000  272.1190  272.1190  0.000000       0.00000       0.00000         234246.4143    0.000000    -0.00003     0.00000    0.000000000   -0.000000244   -0.000000432  258.603022  83663.5910
1338.00   15.0000    0.0000   15.0000  272.1970  272.1970  0.000000       0.00000       0.00000         234179.2893    0.000000    -0.00003     0.00000    0.000000000   -0.000000244   -0.000000432  258.560037  83531.0541
1350.00   15.0000    0.0000   15.0000  272.2750  272.2750  0.000000       0.00000       0.00000         234112.2027    0.000000    -0.00003     0.00000    0.000000000   -0.000000244   -0.000000431  258.517019  83398.7051
1362.00   15.0000    0.0000   15.0000  272.3530  272.3530  0.000000       0.00000       0.00000         234045.1546    0.000000    -0.00003     0.00000    0.000000000   -0.000000244   -0.000000431  258.473967  83266.5439
1374.00   15.0000    0.0000   15.0000  272.4310  272.4310  0.000000       0.00000       0.00000         233978.1449    0.000000    -0.00003     0.00000    0.000000000   -0.000000244   -0.000000431  258.430882  83134.5701
1386.00   15.0000    0.0000   15.0000  272.5090  272.5090  0.000000       0.00000       0.00000         233911.1736    0.000000    -0.00003     0.00000    0.000000000   -0.000000244   -0.000000430  258.387763  83002.7835
1398.00   15.0000    0.0000   15.0000  272.5870  272.5870  0.000000       0.00000       0.00000         233844.2406    0.000000    -0.00003     0.00000    0.000000000   -0.000000244   -0.000000430  258.344610  82871.1839
1410.00   15.0000    0.0000   15.0000  272.6650  272.6650  0.000000       0.00000       0.00000         233777.3458    0.000000    -0.00003     0.00000    0.000000000   -0.000000244   -0.000000430  258.301424  82739.7710
1422.00   15.0000    0.0000   15.0000  272.7430  272.7430  0.000000       0.00000       0.00000         233710.4894    0.000000    -0.00003     0.00000    0.000000000   -0.000000244   -0.000000429  258.258205  82608.5445
1434.00   15.0000    0.0000   15.0000  272.8210  272.8210  0.000000       0.00000       0.00000         233643.6711    0.000000    -0.00003     0.00000    0.000000000   -0.000000244   -0.000000429  258.214952  82477.5043
1446.00   15.0000    0.0000   15.0000  272.8990  272.8990  0.000000       0.00000       0.00000         233576.8911    0.000000    -0.00004     0.00000    0.000000000   -0.000000244   -0.000000428  258.171666  82346.6500
1458.00   15.0000    0.0000   15.0000  272.9770  272.9770  0.000000       0.00000       0.00000         233510.1492    0.000000    -0.00004     0.00000    0.000000000   -0.000000244   -0.000000428  258.128346  82215.9814
1470.00   15.0000    0.0000   15.0000  273.0550  273.0550  0.000000       0.00000       0.00000         233443.4455    0.000000    -0.00004     0.00000    0.000000000   -0.000000244   -0.000000428  258.084993  82085.4983
1482.00   15.0000    0.0000   15.0000  273.1330  273.1330  0.000000       0.00000       0.00000         233376.7798    0.000000    -0.00004     0.00000    0.000000000   -0.000000244   -0.000000427  258.041606  81955.2004
1494.00   15.0000    0.0000   15.0000  273.2110  273.2110  0.000000       0.00000       0.00000         233310.1522    0.000000    -0.00004     0.00000    0.000000000   -0.000000244   -0.000000427  257.998186  81825.0874
1506.00   15.0000    0.0000   15.0000  273.2890  273.2890  0.000000       0.00000       0.00000         233243.5627    0.000000    -0.00004     0.00000    0.000000000   -0.000000244   -0.000000426  257.954732  81695.1592
1518.00   15.0000    0.0000   15.0000  273.3670  273.3670  0.000000       0.00000       0.00000         233177.0111    0.000000    -0.00004     0.00000    0.000000000   -0.000000244   -0.000000426  257.911245  81565.4154
1530.00   15.0000    0.0000   15.0000  273.4450  273.4450  0.000000       0.00000       0.00000         233110.4975    0.000000    -0.00004     0.00000    0.000000000   -0.000000244   -0.000000426  257.867725  81435.8559
1542.00   15.0000    0.0000   15.0000  273.5230  273.5230  0.000000       0.00000       0.00000         233044.0219    0.000000    -0.00004     0.00000    0.000000000   -0.000000244   -0.000000425  257.824171  81306.4803
1554.00   15.0000    0.0000   15.0000  273.6010  273.6010  0.000000       0.00000       0.00000         232977.5841    0.000000    -0.00004     0.00000    0.000000000   -0.000000244   -0.000000425  257.780584  81177.2884
1566.00   15.0000    0.0000   15.0000  273.6790  273.6790  0.000000       0.00000       0.00000         232911.1843    0.000000    -0.00004     0.00000    0.000000000   -0.000000244   -0.000000424  257.736963  81048.2801
1578.00   15.0000    0.0000   15.0000  273.7570  273.7570  0.000000       0.00000       0.00000         232844.8222    0.000000    -0.00004     0.00000    0.000000000   -0.000000244   -0.000000424  257.693309  80919.4549
1590.00   15.0000    0.0000   15.0000  273.8350  273.8350  0.000000       0.00000       0.00000         232778.4980    0.000000    -0.00004     0.00000    0.000000000   -0.000000244   -0.000000424  257.649622  80790.8127
1602.00   15.0000    0.0000   15.0000  273.9130  273.9130  0.000000       0.00000       0.00000         232712.2115    0.000000    -0.00004     0.00000    0.000000000   -0.000000244   -0.000000423  257.605901  80662.3533
1614.00   15.0000    0.0000   15.0000  273.9910  273.9910  0.000000       0.00000       0.00000         232645.9628    0.000000    -0.00004     0.00000    0.000000000   -0.000000244   -0.000000423  257.562147  80534.0764
1626.00   15.0000    0.0000   15.0000  274.0690  274.0690  0.000000       0.00000       0.00000         232579.7518    0.000000    -0.00004     0.00000    0.000000000   -0.000000244   -0.000000422  257.518360  80405.9817
1638.00   15.0000    0.0000   15.0000  274.1470  274.1470  0.000000       0.00000       0.00000         232513.5785    0.000000    -0.00004     0.00000    0.000000000   -0.000000243   -0.000000422  257.474539  80278.0690
1650.00   15.0000    0.0000   15.0000  274.2250  274.2250  0.000000       0.00000       0.00000         232447.4428    0.000000    -0.00004     0.00000    0.000000000   -0.000000243   -0.000000422  257.430685  80150.3381
1662.00   15.0000    0.0000   15.0000  274.3030  274.3030  0.000000       0.00000       0.00000         232381.3447    0.000000    -0.00004     0.00000    0.000000000   -0.000000243   -0.000000421  257.386798  80022.7887
1674.00   15.0000    0.0000   15.0000  274.3810  274.3810  0.000000       0.00000       0.00000         232315.2842    0.000000    -0.00004     0.00000    0.000000000   -0.000000243   -0.000000421  257.342877  79895.4206
1686.00   15.0000    0.0000   15.0000  274.4590  274.4590  0.000000       0.00000       0.00000         232249.2613    0.000000    -0.00004     0.00000    0.000000000   -0.000000243   -0.000000420  257.298923  79768.2334
1698.00   15.0000    0.0000   15.0000  274.5370  274.5370  0.000000       0.00000       0.00000         232183.2758    0.000000    -0.00004     0.00000    0.000000000   -0.000000243   -0.000000420  257.254936  79641.2271
1710.00   15.0000    0.0000   15.0000  274.6150  274.6150  0.000000       0.00000       0.00000         232117.3279    0.000000    -0.00004     0.00000    0.000000000   -0.000000243   -0.000000420  257.210915  79514.4014
1722.00   15.0000    0.0000   15.0000  274.6930  274.6930  0.000000       0.00000       0.00000         232051.4174    0.000000    -0.00004     0.00000    0.000000000   -0.000000243   -0.000000419  257.166862  79387.7559
1734.00   15.0000    0.0000   15.0000  274.7710  274.7710  0.000000       0.00000       0.00000         231985.5443    0.000000    -0.00004     0.00000    0.000000000   -0.000000243   -0.000000419  257.122775  79261.2905
1746.00   15.0000    0.0000   15.0000  274.8490  274.8490  0.000000       0.00000       0.00000         231919.7086    0.000000    -0.00004     0.00000    0.000000000   -0.000000243   -0.000000418  257.078654  79135.0049
1758.00   15.0000    0.0000   15.0000  274.9270  274.9270  0.000000       0.00000       0.00000         231853.9103    0.000000    -0.00004     0.00000    0.000000000   -0.000000243   -0.000000418  257.034501  79008.8989
1770.00   15.0000    0.0000   15.0000  275.0050  275.0050  0.000000       0.00000       0.00000         231788.1493    0.000000    -0.00004     0.00000    0.000000000   -0.000000243   -0.000000418  256.990314  78882.9722
1782.00   15.0000    0.0000   15.0000  275.0830  275.0830  0.000000       0.00000       0.00000         231722.4256    0.000000    -0.00004     0.00000    0.000000000   -0.000000243   -0.000000417  256.946094  78757.2246
1794.00   15.0000    0.0000   15.0000  275.1610  275.1610  0.000000       0.00000       0.00000         231656.7391    0.000000    -0.00004     0.00000    0.000000000   -0.000000243   -0.000000417  256.901841  78631.6559
1806.00   15.0000    0.0000   15.0000  275.2390  275.2390  0.000000       0.00000       0.00000         231591.0899    0.000000    -0.00004     0.00000    0.000000000   -0.000000243   -0.000000416  256.857555  78506.2657
1818.00   15.0000    0.0000   15.0000  275.3170  275.3170  0.000000       0.00000       0.00000         231525.4779    0.000000    -0.00004     0.00000    0.000000000   -0.000000243   -0.000000416  256.813236  78381.0540
1830.00   15.0000    0.0000   15.0000  275.3950  275.3950  0.000000       0.00000       0.00000         231459.9030    0.000000    -0.00004     0.00000    0.000000000   -0.000000243   -0.000000415  256.768883  78256.0204
1842.00   15.0000    0.0000   15.0000  275.4730  275.4730  0.000000       0.00000       0.00000         231394.3653    0.000000    -0.00004     0.00000    0.000000000   -0.000000243   -0.000000415  256.724497  78131.1647
1854.00   15.0000    0.0000   15.0000  275.5510  275.5510  0.000000       0.00000       0.00000         231328.8647    0.000000    -0.00005     0.00000    0.000000000   -0.000000243   -0.000000414  256.680078  78006.4867
1866.00   15.0000    0.0000   15.0000  275.6290  275.6290  0.000000       0.00000       0.00000         231263.4012    0.000000    -0.00005     0.00000    0.000000000   -0.000000243   -0.000000414  256.635626  77881.9860
1878.00   15.0000    0.0000   15.0000  275.7070  275.7070  0.000000       0.00000       0.00000         231197.9747    0.000000    -0.00005     0.00000    0.000000000   -0.000000242   -0.000000414  256.591141  77757.6626
1890.00   15.0000    0.0000   15.0000  275.7850  275.7850  0.000000       0.00000       0.00000         231132.5852    0.000000    -0.00005     0.00000    0.000000000   -0.000000242   -0.000000413  256.546623  77633.5161
1902.00   15.0000    0.0000   15.0000  275.8630  275.8630  0.000000       0.00000       0.00000         231067.2326    0.000000    -0.00005     0.00000    0.000000000   -0.000000242   -0.000000413  256.502071  77509.5463
1914.00   15.0000    0.0000   15.0000  275.9410  275.9410  0.000000       0.00000       0.00000         231001.9171    0.000000    -0.00005     0.00000    0.000000000   -0.000000242   -0.000000412  256.457487  77385.7530
1926.00   15.0000    0.0000   15.0000  276.0190  276.0190  0.000000       0.00000       0.00000         230936.6384    0.000000    -0.00005     0.00000    0.000000000   -0.000000242   -0.000000412  256.412869  77262.1359
1938.00   15.0000    0.0000   15.0000  276.0970  276.0970  0.000000       0.00000       0.00000         230871.3966    0.000000    -0.00005     0.00000    0.000000000   -0.000000242   -0.000000411  256.368218  77138.6949
1950.00   15.0000    0.0000   15.0000  276.1750  276.1750  0.000000       0.00000       0.00000         230806.1917    0.000000    -0.00005     0.00000    0.000000000   -0.000000242   -0.000000411  256.323534  77015.4295
1962.00   15.0000    0.0000   15.0000  276.2530  276.2530  0.000000       0.00000       0.00000         230741.0236    0.000000    -0.00005     0.00000    0.000000000   -0.000000242   -0.000000411  256.278818  76892.3397
1974.00   15.0000    0.0000   15.0000  276.3310  276.3310  0.000000       0.00000       0.00000         230675.8923    0.000000    -0.00005     0.00000    0.000000000   -0.000000242   -0.000000410  256.234068  76769.4253
1986.00   15.0000    0.0000   15.0000  276.4090  276.4090  0.000000       0.00000       0.00000         230610.7978    0.000000    -0.00005     0.00000    0.000000000   -0.000000242   -0.000000410  256.189285  76646.6858
1998.00   15.0000    0.0000   15.0000  276.4870  276.4870  0.000000       0.00000       0.00000         230545.7399    0.000000    -0.00005     0.00000    0.000000000   -0.000000242   -0.000000409  256.144468  76524.1212
2010.00   15.0000    0.0000   15.0000  276.5650  276.5650  0.000000       0.00000       0.00000         230480.7188    0.000000    -0.00005     0.00000    0.000000000   -0.000000242   -0.000000409  256.099619  76401.7312
2022.00   15.0000    0.0000   15.0000  276.6430  276.6430  0.000000       0.00000       0.00000         230415.7344    0.000000    -0.00005     0.00000    0.000000000   -0.000000242   -0.000000408  256.054737  76279.5155
2034.00   15.0000    0.0000   15.0000  276.7210  276.7210  0.000000       0.00000       0.00000         230350.7865    0.000000    -0.00005     0.00000    0.000000000   -0.000000241   -0.000000408  256.009822  76157.4740
2046.00   15.0000    0.0000   15.0000  276.7990  276.7990  0.000000       0.00000       0.00000         230285.8753    0.000000    -0.00005     0.00000    0.000000000   -0.000000241   -0.000000407  255.964874  76035.6063
2058.00   15.0000    0.0000   15.0000  276.8770  276.8770  0.000000       0.00000       0.00000         230221.0007    0.000000    -0.00005     0.00000    0.000000000   -0.000000241   -0.000000407  255.919893  75913.9123
2070.00   15.0000    0.0000   15.0000  276.9550  276.9550  0.000000       0.00000       0.00000         230156.1626    0.000000    -0.00005     0.00000    0.000000000   -0.000000241   -0.000000406  255.874879  75792.3917
2082.00   15.0000    0.0000   15.0000  277.0330  277.0330  0.000000       0.00000       0.00000         230091.3610    0.000000    -0.00005     0.00000    0.000000000   -0.000000241   -0.000000406  255.829832  75671.0443
2094.00   15.0000    0.0000   15.0000  277.1110  277.1110  0.000000       0.00000       0.00000         230026.5958    0.000000    -0.00005     0.00000    0.000000000   -0.000000241   -0.000000406  255.784752  75549.8699
2106.00   15.0000    0.0000   15.0000  277.1890  277.1890  0.000000       0.00000       0.00000         229961.8672    0.000000    -0.00005     0.00000    0.000000000   -0.000000241   -0.000000405  255.739638  75428.8682
2118.00   15.0000    0.0000   15.0000  277.2670  277.2670  0.000000       0.00000       0.00000         229897.1749    0.000000    -0.00005     0.00000    0.000000000   -0.000000241   -0.000000405  255.694492  75308.0389
2130.00   15.0000    0.0000   15.0000  277.3450  277.3450  0.000000       0.00000       0.00000         229832.5191    0.000000    -0.00005     0.00000    0.000000000   -0.000000241   -0.000000404  255.649314  75187.3820
2142.00   15.0000    0.0000   15.0000  277.4230  277.4230  0.000000       0.00000       0.00000         229767.8996    0.000000    -0.00005     0.00000    0.000000000   -0.000000241   -0.000000404  255.604102  75066.8971
2154.00   15.0000    0.0000   15.0000  277.5010  277.5010  0.000000       0.00000       0.00000         229703.3164    0.000000    -0.00005     0.00000    0.000000000   -0.000000241   -0.000000403  255.558857  74946.5839
2166.00   15.0000    0.0000   15.0000  277.5790  277.5790  0.000000       0.00000       0.00000         229638.7695    0.000000    -0.00005     0.00000    0.000000000   -0.000000240   -0.000000403  255.513579  74826.4424
2178.00   15.0000    0.0000   15.0000  277.6570  277.6570  0.000000       0.00000       0.00000         229574.2589    0.000000    -0.00005     0.00000    0.000000000   -0.000000240   -0.000000402  255.468269  74706.4722
2190.00   15.0000    0.0000   15.0000  277.7350  277.7350  0.000000       0.00000       0.00000         229509.7845    0.000000    -0.00005     0.00000    0.000000000   -0.000000240   -0.000000402  255.422925  74586.6731
2202.00   15.0000    0.0000   15.0000  277.8130  277.8130  0.000000       0.00000       0.00000         229445.3463    0.000000    -0.00005     0.00000    0.000000000   -0.000000240   -0.000000401  255.377549  74467.0449
2214.00   15.0000    0.0000   15.0000  277.8910  277.8910  0.000000       0.00000       0.00000         229380.9443    0.000000    -0.00005     0.00000    0.000000000   -0.000000240   -0.000000401  255.332140  74347.5873
2226.00   15.0000    0.0000   15.0000  277.9690  277.9690  0.000000       0.00000       0.00000         229316.5785    0.000000    -0.00005     0.00000    0.000000000   -0.000000240   -0.000000400  255.286697  74228.3002
2238.00   15.0000    0.0000   15.0000  278.0470  278.0470  0.000000       0.00000       0.00000         229252.2487    0.000000    -0.00005     0.00000    0.000000000   -0.000000240   -0.000000400  255.241222  74109.1833
2250.00   15.0000    0.0000   15.0000  278.1250  278.1250  0.000000       0.00000       0.00000         229187.9551    0.000000    -0.00005     0.00000    0.000000000   -0.000000240   -0.000000399  255.195715  73990.2363
2262.00   15.0000    0.0000   15.0000  278.2030  278.2030  0.000000       0.00000       0.00000         229123.6974    0.000000    -0.00006     0.00000    0.000000000   -0.000000240   -0.000000399  255.150174  73871.4591
2274.00   15.0000    0.0000   15.0000  278.2810  278.2810  0.000000       0.00000       0.00000         229059.4759    0.000000    -0.00006     0.00000    0.000000000   -0.000000239   -0.000000398  255.104601  73752.8514
2286.00   15.0000    0.0000   15.0000  278.3590  278.3590  0.000000       0.00000       0.00000         228995.2903    0.000000    -0.00006     0.00000    0.000000000   -0.000000239   -0.000000398  255.058994  73634.4130
2298.00   15.0000    0.0000   15.0000  278.4370  278.4370  0.000000       0.00000       0.00000         228931.1406    0.000000    -0.00006     0.00000    0.000000000   -0.000000239   -0.000000398  255.013355  73516.1437
2310.00   15.0000    0.0000   15.0000  278.5150  278.5150  0.000000       0.00000       0.00000         228867.0269    0.000000    -0.00006     0.00000    0.000000000   -0.000000239   -0.000000397  254.967683  73398.0432
2322.00   15.0000    0.0000   15.0000  278.5930  278.5930  0.000000       0.00000       0.00000         228802.9491    0.000000    -0.00006     0.00000    0.000000000   -0.000000239   -0.000000397  254.921978  73280.1112
2334.00   15.0000    0.0000   15.0000  278.6710  278.6710  0.000000       0.00000       0.00000         228738.9072    0.000000    -0.00006     0.00000    0.000000000   -0.000000239   -0.000000396  254.876241  73162.3477
2346.00   15.0000    0.0000   15.0000  278.7490  278.7490  0.000000       0.00000       0.00000         228674.9011    0.000000    -0.00006     0.00000    0.000000000   -0.000000239   -0.000000396  254.830471  73044.7524
2358.00   15.0000    0.0000   15.0000  278.8270  278.8270  0.000000       0.00000       0.00000         228610.9308    0.000000    -0.00006     0.00000    0.000000000   -0.000000239   -0.000000395  254.784668  72927.3249
2370.00   15.0000    0.0000   15.0000  278.9050  278.9050  0.000000       0.00000       0.00000         228546.9963    0.000000    -0.00006     0.00000    0.000000000   -0.000000239   -0.000000395  254.738832  72810.0652
2382.00   15.0000    0.0000   15.0000  278.9830  278.9830  0.000000       0.00000       0.00000              0.0000    0.000000    -0.00006     0.00000    0.000000000    0.000000000    0.000000000  254.692963  72692.9730
2394.00   15.0000    0.0000   15.0000  279.0610  279.0610  0.000000       0.00000       0.00000              0.0000    0.000000     0.00000     0.00000    0.000000000    0.000000000    0.000000000  254.647062  72576.0480
