   0.00    0.0000    0.0000    0.0000  246.7751  246.7751  0.000000       0.00000       0.00000              0.0000    0.000000     0.00000     0.00000    0.000000000    0.000000000    0.000000000    0.000000      0.0000
   6.00    7.2250    3.6326    8.0868  248.9515  248.9515  0.000000       0.61767       0.61767              0.0000    0.000000     0.00000     0.00000   -0.000051358    0.000000000    0.000000000  248.863807  99876.6028
  18.00    8.3740    4.1009    9.3243  249.1808  249.1808  0.000000       1.64729       1.64729              0.0869    0.000000    -0.00000     0.00000   -0.000057403    0.000000000    0.000000000  248.946518  99671.1373
  30.00    9.1548    4.3533   10.1372  249.3421  249.3421  0.000000       1.46947       1.46947              0.1206    0.000000    -0.00000     0.00000   -0.000068444    0.000000251    0.000000171  248.990549  99507.1502
  42.00    9.8976    4.5328   10.8862  249.5013  249.5013  0.000000       1.56391       1.56391              0.1394    0.000000    -0.00000     0.00000   -0.000072923    0.000000233    0.000000153  249.032430  99343.4611
  54.00   10.5775    4.6426   11.5515  249.6535  249.6535  0.000000       1.47221       1.47221              0.1599    0.000000    -0.00000     0.00000   -0.000076320    0.000000223    0.000000142  249.067188  99180.0665
  66.00   11.2307    4.6952   12.1727  249.8072  249.8072  0.000000       1.39038       1.39038              0.1779    0.000000    -0.00000     0.00000   -0.000079252    0.000000233    0.000000152  249.103415  99016.9638
  78.00   11.8586    4.6933   12.7536  249.9639  249.9639  0.000000       1.27292       1.27292              0.1962    0.000000    -0.00000     0.00000   -0.000081934    0.000000252    0.000000170  249.142493  98854.1539
  90.00   12.4669    4.6380   13.3017  250.1263  250.1263  0.000000       1.14990       1.14990              0.2146    0.000000    -0.00000     0.00000   -0.000084505    0.000000281    0.000000198  249.187285  98691.6390
 102.00   13.0551    4.5289   13.8183  250.2965  250.2965  0.000000       1.02029       1.02029              0.2337    0.000000    -0.00001     0.00000   -0.000087069    0.000000320    0.000000235  249.239668  98529.4229
 114.00   13.6219    4.3644   14.3040  250.4766  250.4766  0.000000       0.89105       0.89105              0.2541    0.000000    -0.00001     0.00000   -0.000089629    0.000000369    0.000000282  249.301850  98367.5106
 126.00   14.1632    4.1426   14.7566  250.6689  250.6689  0.000000       0.76448       0.76448              0.2762    0.000000    -0.00001     0.00000   -0.000092246    0.000000429    0.000000340  249.376120  98205.9086
 138.00   14.6732    3.8611   15.1727  250.8761  250.8761  0.000000       0.64323       0.64323              0.3006    0.000000    -0.00001     0.00000   -0.000094986    0.000000504    0.000000412  249.465200  98044.6249
 150.00   15.1434    3.5179   15.5467  251.1017  251.1017  0.000000       0.52912       0.52912              0.3281    0.000000    -0.00001     0.00000   -0.000097877    0.000000598    0.000000502  249.572359  97883.6693
 162.00   15.5625    3.1113   15.8705  251.3498  251.3498  0.000000       0.42327       0.42327              0.3600    0.000000    -0.00001     0.00000   -0.000100958    0.000000716    0.000000615  249.701771  97723.0540
 174.00   15.9151    2.6416   16.1328  251.6258  251.6258  0.000000       0.32742       0.32742              0.3977    0.000000    -0.00002     0.00000   -0.000104317    0.000000868    0.000000761  249.858796  97562.7941
 186.00   16.1812    2.1115   16.3184  251.9376  251.9376  0.000000       0.24076       0.24076              0.4445    0.000000    -0.00002     0.00000   -0.000108123    0.000001068    0.000000952  250.051210  97402.9087
 198.00   16.3334    1.5320   16.4050  252.2948  252.2948  0.000000       0.16787       0.16787              0.5034    0.000000    -0.00003     0.00000   -0.000112689    0.000001350    0.000001224  250.288654  97243.4224
 210.00   16.3363    0.9183   16.3621  252.7188  252.7188  0.000000       0.09993       0.09993              0.5920    0.000000    -0.00003     0.00000   -0.000118949    0.000001721    0.000001580  250.592083  97084.3689
 222.00   16.1476    0.3418   16.1512  253.2172  253.2172  0.000000       0.05916       0.05916              0.7002    0.000000    -0.00003     0.00000   -0.000134918    0.000002403    0.000002228  250.969089  96925.7908
 234.00   15.6649   -0.1341   15.6655  253.8927  253.8927  0.000000       0.00069       0.00069              2.2836    0.000000     0.00000     0.00000   -0.000133160    0.000009727    0.000008526  251.521339  96767.7642
 246.00   14.9689    0.0289   14.9689  256.8811  256.8811  0.000000       0.00000       0.00000              7.6168    0.000000    -0.00006     0.00000   -0.000007211    0.000010720    0.000011199  254.363888  96611.0477
 258.00   14.9999    0.0006   14.9999  257.7208  257.7208  0.000000       0.00000       0.00000            706.2722    0.000000    -0.00004     0.00000   -0.000000010    0.000004000    0.000003820  255.078088  96455.6816
 270.00   15.0000    0.0000   15.0000  258.2751  258.2751  0.000000       0.00000       0.00000        1046737.4899    0.000000    -0.00004     0.00000    0.000000000    0.000002928    0.000002737  255.509536  96300.9135
 282.00   15.0000   -0.0000   15.0000  258.7586  258.7586  0.000000       0.00000       0.00000        1388608.1707    0.000000    -0.00003     0.00000    0.000000000    0.000002442    0.000002259  255.870678  96146.6330
 294.00   15.0000   -0.0000   15.0000  259.1545  259.1545  0.000000       0.00000       0.00000        1208251.1576    0.000000    -0.00003     0.00000    0.000000000    0.000002086    0.000001903  256.144916  95992.7907
 306.00   15.0000   -0.0000   15.0000  259.5250  259.5250  0.000000       0.00000       0.00000        1129708.0179    0.000000    -0.00003     0.00000    0.000000000    0.000001945    0.000001763  256.393914  95839.3513
 318.00   15.0000   -0.0000   15.0000  259.8720  259.8720  0.000000       0.00000       0.00000        1068771.5089    0.000000    -0.00003     0.00000    0.000000000    0.000001837    0.000001654  256.619604  95686.2987
 330.00   15.0000    0.0000   15.0000  260.2047  260.2047  0.000000       0.00000       0.00000        1027361.6430    0.000000    -0.00003     0.00000    0.000000000    0.000001770    0.000001585  256.830954  95533.6206
 342.00   15.0000    0.0000   15.0000  260.5262  260.5262  0.000000       0.00000       0.00000         993996.4113    0.000000    -0.00003     0.00000    0.000000000    0.000001718    0.000001532  257.031167  95381.3081
 354.00   15.0000    0.0000   15.0000  260.8385  260.8385  0.000000       0.00000       0.00000         961096.1528    0.000000    -0.00003     0.00000    0.000000000    0.000001663    0.000001476  257.222032  95229.3540
 366.00   15.0000    0.0000   15.0000  261.1398  261.1398  0.000000       0.00000       0.00000         930959.5169    0.000000    -0.00003     0.00000    0.000000000    0.000001612    0.000001424  257.401999  95077.7512
 378.00   15.0000    0.0000   15.0000  261.4334  261.4334  0.000000       0.00000       0.00000         888476.6249    0.000000    -0.00003     0.00000    0.000000000    0.000001524    0.000001337  257.574303  94926.4932
 390.00   15.0000    0.0000   15.0000  261.7082  261.7082  0.000000       0.00000       0.00000         859100.9726    0.000000    -0.00003     0.00000    0.000000000    0.000001468    0.000001279  257.727885  94775.5713
 402.00   15.0000    0.0000   15.0000  261.9837  261.9837  0.000000       0.00000       0.00000         797108.7006    0.000000    -0.00003     0.00000    0.000000000    0.000001319    0.000001132  257.881989  94624.9792
 414.00   15.0000    0.0000   15.0000  262.2193  262.2193  0.000000       0.00000       0.00000         743497.3335    0.000000    -0.00003     0.00000    0.000000000    0.000001188    0.000001001  257.996780  94474.7046
 426.00   15.0000    0.0000   15.0000  262.4608  262.4608  0.000000       0.00000       0.00000         721843.8716    0.000000    -0.00003     0.00000    0.000000000    0.000001141    0.000000954  258.117247  94324.7371
 438.00   15.0000    0.0000   15.0000  262.6830  262.6830  0.000000       0.00000       0.00000         686780.0977    0.000000    -0.00003     0.00000    0.000000000    0.000001055    0.000000867  258.218584  94175.0719
 450.00   15.0000    0.0000   15.0000  262.9023  262.9023  0.000000       0.00000       0.00000         669513.0172    0.000000    -0.00003     0.00000    0.000000000    0.000001016    0.000000828  258.317068  94025.7019
 462.00   15.0000    0.0000   15.0000  263.1137  263.1137  0.000000       0.00000       0.00000         650079.0690    0.000000    -0.00003     0.00000    0.000000000    0.000000970    0.000000781  258.407656  93876.6234
 474.00   15.0000    0.0000   15.0000  263.3209  263.3209  0.000000       0.00000       0.00000         636208.3852    0.000000    -0.00003     0.00000    0.000000000    0.000000939    0.000000749  258.493998  93727.8322
 486.00   15.0000    0.0000   15.0000  263.5237  263.5237  0.000000       0.00000       0.00000         623309.5300    0.000000    -0.00003     0.00000    0.000000000    0.000000909    0.000000719  258.575948  93579.3251
 498.00   15.0000    0.0000   15.0000  263.7229  263.7229  0.000000       0.00000       0.00000         611549.7292    0.000000    -0.00003     0.00000    0.000000000    0.000000882    0.000000691  258.654255  93431.0992
 510.00   15.0000    0.0000   15.0000  263.9184  263.9184  0.000000       0.00000       0.00000         600495.4865    0.000000    -0.00003     0.00000    0.000000000    0.000000856    0.000000665  258.728880  93283.1517
 522.00   15.0000    0.0000   15.0000  264.1108  264.1108  0.000000       0.00000       0.00000         589966.4221    0.000000    -0.00003     0.00000    0.000000000    0.000000832    0.000000639  258.800299  93135.4803
 534.00   15.0000    0.0000   15.0000  264.2998  264.2998  0.000000       0.00000       0.00000         579522.6938    0.000000    -0.00003     0.00000    0.000000000    0.000000807    0.000000614  258.868360  92988.0822
 546.00   15.0000    0.0000   15.0000  264.4856  264.4856  0.000000       0.00000       0.00000         567324.8797    0.000000    -0.00003     0.00000    0.000000000    0.000000776    0.000000582  258.933261  92840.9553
 558.00   15.0000    0.0000   15.0000  264.6670  264.6670  0.000000       0.00000       0.00000         555599.4512    0.000000    -0.00003     0.00000    0.000000000    0.000000745    0.000000551  258.993685  92694.0966
 570.00   15.0000    0.0000   15.0000  264.8455  264.8455  0.000000       0.00000       0.00000         537630.8390    0.000000    -0.00003     0.00000    0.000000000    0.000000695    0.000000501  259.051237  92547.5036
 582.00   15.0000    0.0000   15.0000  265.0155  265.0155  0.000000       0.00000       0.00000         521508.9209    0.000000    -0.00003     0.00000    0.000000000    0.000000650    0.000000456  259.100349  92401.1725
 594.00   15.0000    0.0000   15.0000  265.1837  265.1837  0.000000       0.00000       0.00000         497692.3768    0.000000    -0.00003     0.00000    0.000000000    0.000000581    0.000000387  259.147741  92255.1000
 606.00   15.0000    0.0000   15.0000  265.3385  265.3385  0.000000       0.00000       0.00000         464531.1444    0.000000    -0.00003     0.00000    0.000000000    0.000000481    0.000000288  259.181811  92109.2813
 618.00   15.0000    0.0000   15.0000  265.4854  265.4854  0.000000       0.00000       0.00000         443154.3392    0.000000    -0.00003     0.00000    0.000000000    0.000000417    0.000000225  259.208209  91963.7101
 630.00   15.0000    0.0000   15.0000  265.6264  265.6264  0.000000       0.00000       0.00000         425104.6771    0.000000    -0.00003     0.00000    0.000000000    0.000000362    0.000000170  259.228748  91818.3821
 642.00   15.0000    0.0000   15.0000  265.7618  265.7618  0.000000       0.00000       0.00000         410720.2066    0.000000    -0.00003     0.00000    0.000000000    0.000000318    0.000000127  259.243717  91673.2936
 654.00   15.0000    0.0000   15.0000  265.8935  265.8935  0.000000       0.00000       0.00000         400106.9149    0.000000    -0.00003     0.00000    0.000000000    0.000000286    0.000000095  259.255145  91528.4418
 666.00   15.0000    0.0000   15.0000  266.0221  266.0221  0.000000       0.00000       0.00000         391308.9342    0.000000    -0.00003     0.00000    0.000000000    0.000000259    0.000000068  259.263391  91383.8244
 678.00   15.0000    0.0000   15.0000  266.1483  266.1483  0.000000       0.00000       0.00000         384258.4526    0.000000    -0.00003     0.00000    0.000000000    0.000000238    0.000000047  259.269245  91239.4394
 690.00   15.0000    0.0000   15.0000  266.2724  266.2724  0.000000       0.00000       0.00000         378167.3987    0.000000    -0.00003     0.00000    0.000000000    0.000000219    0.000000028  259.273023  91095.2852
 702.00   15.0000    0.0000   15.0000  266.3947  266.3947  0.000000       0.00000       0.00000         373023.4348    0.000000    -0.00003     0.00000    0.000000000    0.000000203    0.000000012  259.275015  90951.3603
 714.00   15.0000    0.0000   15.0000  266.5156  266.5156  0.000000       0.00000       0.00000         368657.4087    0.000000    -0.00003     0.00000    0.000000000    0.000000190   -0.000000001  259.275531  90807.6636
 726.00   15.0000    0.0000   15.0000  266.6352  266.6352  0.000000       0.00000       0.00000         364747.4796    0.000000    -0.00003     0.00000    0.000000000    0.000000178   -0.000000013  259.274753  90664.1938
 738.00   15.0000    0.0000   15.0000  266.7536  266.7536  0.000000       0.00000       0.00000         361279.0627    0.000000    -0.00003     0.00000    0.000000000    0.000000167   -0.000000024  259.272788  90520.9499
 750.00   15.0000    0.0000   15.0000  266.8710  266.8710  0.000000       0.00000       0.00000         358023.2432    0.000000    -0.00003     0.00000    0.000000000    0.000000157   -0.000000034  259.269807  90377.9310
 762.00   15.0000    0.0000   15.0000  266.9874  266.9874  0.000000       0.00000       0.00000         355197.6806    0.000000    -0.00003     0.00000    0.000000000    0.000000148   -0.000000043  259.265773  90235.1360
 774.00   15.0000    0.0000   15.0000  267.1031  267.1031  0.000000       0.00000       0.00000         351908.9750    0.000000    -0.00003     0.00000    0.000000000    0.000000138   -0.000000053  259.260996  90092.5643
 786.00   15.0000    0.0000   15.0000  267.2175  267.2175  0.000000       0.00000       0.00000         349550.3878    0.000000    -0.00003     0.00000    0.000000000    0.000000131   -0.000000061  259.254871  89950.2149
 798.00   15.0000    0.0000   15.0000  267.3317  267.3317  0.000000       0.00000       0.00000         346410.0531    0.000000    -0.00003     0.00000    0.000000000    0.000000121   -0.000000071  259.248592  89808.0870
 810.00   15.0000    0.0000   15.0000  267.4441  267.4441  0.000000       0.00000       0.00000         343311.4682    0.000000    -0.00003     0.00000    0.000000000    0.000000111   -0.000000081  259.240470  89666.1797
 822.00   15.0000    0.0000   15.0000  267.5564  267.5564  0.000000       0.00000       0.00000         341706.7363    0.000000    -0.00003     0.00000    0.000000000    0.000000106   -0.000000086  259.232218  89524.4922
 834.00   15.0000    0.0000   15.0000  267.6679  267.6679  0.000000       0.00000       0.00000         340020.9211    0.000000    -0.00003     0.00000    0.000000000    0.000000101   -0.000000091  259.223071  89383.0238
 846.00   15.0000    0.0000   15.0000  267.7792  267.7792  0.000000       0.00000       0.00000         338969.5711    0.000000    -0.00003     0.00000    0.000000000    0.000000097   -0.000000095  259.213741  89241.7739
 858.00   15.0000    0.0000   15.0000  267.8900  267.8900  0.000000       0.00000       0.00000         338280.9472    0.000000    -0.00003     0.00000    0.000000000    0.000000095   -0.000000097  259.203920  89100.7421
 870.00   15.0000    0.0000   15.0000  268.0010  268.0010  0.000000       0.00000       0.00000         338698.4590    0.000000    -0.00003     0.00000    0.000000000    0.000000097   -0.000000096  259.194145  88959.9278
 882.00   15.0000    0.0000   15.0000  268.1122  268.1122  0.000000       0.00000       0.00000         339752.0215    0.000000    -0.00003     0.00000    0.000000000    0.000000100   -0.000000092  259.184580  88819.3308
 894.00   15.0000    0.0000   15.0000  268.2239  268.2239  0.000000       0.00000       0.00000         341771.6411    0.000000    -0.00003     0.00000    0.000000000    0.000000106   -0.000000086  259.175466  88678.9510
 906.00   15.0000    0.0000   15.0000  268.3365  268.3365  0.000000       0.00000       0.00000         345517.5431    0.000000    -0.00003     0.00000    0.000000000    0.000000119   -0.000000075  259.167174  88538.7883
 918.00   15.0000    0.0000   15.0000  268.4508  268.4508  0.000000       0.00000       0.00000         351234.3885    0.000000    -0.00003     0.00000    0.000000000    0.000000137   -0.000000057  259.160429  88398.8431
 930.00   15.0000    0.0000   15.0000  268.5673  268.5673  0.000000       0.00000       0.00000         361022.9812    0.000000    -0.00003     0.00000    0.000000000    0.000000169   -0.000000026  259.155757  88259.1161
 942.00   15.0000    0.0000   15.0000  268.6881  268.6881  0.000000       0.00000       0.00000         379894.7928    0.000000    -0.00004     0.00000    0.000000000    0.000000230    0.000000034  259.155215  88119.6085
 954.00   15.0000    0.0000   15.0000  268.8171  268.8171  0.000000       0.00000       0.00000         396039.4310    0.000000    -0.00004     0.00000    0.000000000    0.000000282    0.000000085  259.162512  87980.3232
 966.00   15.0000    0.0000   15.0000  268.9486  268.9486  0.000000       0.00000       0.00000         498520.4383    0.000000    -0.00006     0.00000    0.000000000    0.000000615    0.000000410  259.172218  87841.2626
 978.00   15.0000    0.0000   15.0000  269.1452  269.1452  0.000000       0.00000       0.00000         485344.3056    0.000000    -0.00004     0.00000    0.000000000    0.000000574    0.000000371  259.244512  87702.4438
 990.00   15.0000    0.0000   15.0000  269.2683  269.2683  0.000000       0.00000       0.00000        1316828.5767    0.000000    -0.00023     0.00000    0.000000000    0.000003361    0.000003031  259.245977  87563.8640
1002.00   15.0000    0.0000   15.0000  270.0130  270.0130  0.000000       0.00000       0.00000        1244926.0794    0.000000    -0.00002     0.00000    0.000000000    0.000003132    0.000002943  259.845665  87425.6631
1014.00   15.0000    0.0000   15.0000  270.0910  270.0910  0.000000       0.00000       0.00000         236005.2723    0.000000    -0.00002     0.00000    0.000000000   -0.000000244   -0.000000443  259.803618  87287.8285
1026.00   15.0000    0.0000   15.0000  270.1690  270.1690  0.000000       0.00000       0.00000         235937.1356    0.000000    -0.00002     0.00000    0.000000000   -0.000000244   -0.000000443  259.761536  87150.1889
1038.00   15.0000    0.0000   15.0000  270.2470  270.2470  0.000000       0.00000       0.00000         235869.0383    0.000000    -0.00003     0.00000    0.000000000   -0.000000244   -0.000000443  259.719421  87012.7442
1050.00   15.0000    0.0000   15.0000  270.3250  270.3250  0.000000       0.00000       0.00000         235800.9803    0.000000    -0.00003     0.00000    0.000000000   -0.000000244   -0.000000442  259.677271  86875.4939
1062.00   15.0000    0.0000   15.0000  270.4030  270.4030  0.000000       0.00000       0.00000         235732.9615    0.000000    -0.00003     0.00000    0.000000000   -0.000000245   -0.000000442  259.635089  86738.4380
1074.00   15.0000    0.0000   15.0000  270.4810  270.4810  0.000000       0.00000       0.00000         235664.9820    0.000000    -0.00003     0.00000    0.000000000   -0.000000245   -0.000000442  259.592872  86601.5760
1086.00   15.0000    0.0000   15.0000  270.5590  270.5590  0.000000       0.00000       0.00000         235597.0417    0.000000    -0.00003     0.00000    0.000000000   -0.000000245   -0.000000441  259.550621  86464.9077
1098.00   15.0000    0.0000   15.0000  270.6370  270.6370  0.000000       0.00000       0.00000         235529.1405    0.000000    -0.00003     0.00000    0.000000000   -0.000000245   -0.000000441  259.508337  86328.4330
1110.00   15.0000    0.0000   15.0000  270.7150  270.7150  0.000000       0.00000       0.00000         235461.2785    0.000000    -0.00003     0.00000    0.000000000   -0.000000245   -0.000000441  259.466019  86192.1514
1122.00   15.0000    0.0000   15.0000  270.7930  270.7930  0.000000       0.00000       0.00000         235393.4555    0.000000    -0.00003     0.00000    0.000000000   -0.000000245   -0.000000440  259.423667  86056.0628
1134.00   15.0000    0.0000   15.0000  270.8710  270.8710  0.000000       0.00000       0.00000         235325.6716    0.000000    -0.00003     0.00000    0.000000000   -0.000000245   -0.000000440  259.381282  85920.1669
1146.00   15.0000    0.0000   15.0000  270.9490  270.9490  0.000000       0.00000       0.00000         235257.9268    0.000000    -0.00003     0.00000    0.000000000   -0.000000245   -0.000000440  259.338863  85784.4634
1158.00   15.0000    0.0000   15.0000  271.0270  271.0270  0.000000       0.00000       0.00000         235190.2209    0.000000    -0.00003     0.00000    0.000000000   -0.000000245   -0.000000439  259.296410  85648.9521
1170.00   15.0000    0.0000   15.0000  271.1050  271.1050  0.000000       0.00000       0.00000         235122.5540    0.000000    -0.00003     0.00000    0.000000000   -0.000000245   -0.000000439  259.253923  85513.6327
1182.00   15.0000    0.0000   15.0000  271.1830  271.1830  0.000000       0.00000       0.00000         235054.9260    0.000000    -0.00003     0.00000    0.000000000   -0.000000245   -0.000000439  259.211403  85378.5050
1194.00   15.0000    0.0000   15.0000  271.2610  271.2610  0.000000       0.00000       0.00000         234987.3369    0.000000    -0.00003     0.00000    0.000000000   -0.000000245   -0.000000438  259.168849  85243.5687
1206.00   15.0000    0.0000   15.0000  271.3390  271.3390  0.000000       0.00000       0.00000         234919.7867    0.000000    -0.00003     0.00000    0.000000000   -0.000000245   -0.000000438  259.126261  85108.8235
1218.00   15.0000    0.0000   15.0000  271.4170  271.4170  0.000000       0.00000       0.00000         234852.2753    0.000000    -0.00003     0.00000    0.000000000   -0.000000245   -0.000000438  259.083640  84974.2693
1230.00   15.0000    0.0000   15.0000  271.4950  271.4950  0.000000       0.00000       0.00000         234784.8027    0.000000    -0.00003     0.00000    0.000000000   -0.000000245   -0.000000437  259.040985  84839.9056
1242.00   15.0000    0.0000   15.0000  271.5730  271.5730  0.000000       0.00000       0.00000         234717.3688    0.000000    -0.00003     0.00000    0.000000000   -0.000000245   -0.000000437  258.998297  84705.7323
1254.00   15.0000    0.0000   15.0000  271.6510  271.6510  0.000000       0.00000       0.00000         234649.9737    0.000000    -0.00003     0.00000    0.000000000   -0.000000245   -0.000000437  258.955575  84571.7492
1266.00   15.0000    0.0000   15.0000  271.7290  271.7290  0.000000       0.00000       0.00000         234582.6172    0.000000    -0.00003     0.00000    0.000000000   -0.000000245   -0.000000436  258.912819  84437.9559
1278.00   15.0000    0.0000   15.0000  271.8070  271.8070  0.000000       0.00000       0.00000         234515.2995    0.000000    -0.00003     0.00000    0.000000000   -0.000000245   -0.000000436  258.870029  84304.3522
1290.00   15.0000    0.0000   15.0000  271.8850  271.8850  0.000000       0.00000       0.00000         234448.0203    0.000000    -0.00003     0.00000    0.000000000   -0.000000245   -0.000000436  258.827206  84170.9379
1302.00   15.0000    0.0000   15.0000  271.9630  271.9630  0.000000       0.00000       0.00000         234380.7797    0.000000    -0.00003     0.00000    0.000000000   -0.000000245   -0.000000435  258.784350  84037.7127
1314.00   15.0000    0.0000   15.0000  272.0410  272.0410  0.000000       0.00000       0.00000         234313.5777    0.000000    -0.00003     0.00000    0.000000000   -0.000000245   -0.000000435  258.741459  83904.6763
1326.00   15.0000    0.0000   15.0000  272.1190  272.1190  0.000000       0.00000       0.00000         234246.4143    0.000000    -0.00003     0.00000    0.000000000   -0.000000245   -0.000000434  258.698536  83771.8285
1338.00   15.0000    0.0000   15.0000  272.1970  272.1970  0.000000       0.00000       0.00000         234179.2893    0.000000    -0.00003     0.00000    0.000000000   -0.000000245   -0.000000434  258.655578  83639.1691
1350.00   15.0000    0.0000   15.0000  272.2750  272.2750  0.000000       0.00000       0.00000         234112.2027    0.000000    -0.00003     0.00000    0.000000000   -0.000000245   -0.000000434  258.612587  83506.6978
1362.00   15.0000    0.0000   15.0000  272.3530  272.3530  0.000000       0.00000       0.00000         234045.1546    0.000000    -0.00003     0.00000    0.000000000   -0.000000245   -0.000000433  258.569563  83374.4142
1374.00   15.0000    0.0000   15.0000  272.4310  272.4310  0.000000       0.00000       0.00000         233978.1449    0.000000    -0.00003     0.00000    0.000000000   -0.000000245   -0.000000433  258.526505  83242.3183
1386.00   15.0000    0.0000   15.0000  272.5090  272.5090  0.000000       0.00000       0.00000         233911.1736    0.000000    -0.00003     0.00000    0.000000000   -0.000000245   -0.000000433  258.483413  83110.4097
1398.00   15.0000    0.0000   15.0000  272.5870  272.5870  0.000000       0.00000       0.00000         233844.2406    0.000000    -0.00003     0.00000    0.000000000   -0.000000245   -0.000000432  258.440288  82978.6882
1410.00   15.0000    0.0000   15.0000  272.6650  272.6650  0.000000       0.00000       0.00000         233777.3458    0.000000    -0.00003     0.00000    0.000000000   -0.000000245   -0.000000432  258.397130  82847.1535
1422.00   15.0000    0.0000   15.0000  272.7430  272.7430  0.000000       0.00000       0.00000         233710.4894    0.000000    -0.00003     0.00000    0.000000000   -0.000000245   -0.000000431  258.353938  82715.8054
1434.00   15.0000    0.0000   15.0000  272.8210  272.8210  0.000000       0.00000       0.00000         233643.6711    0.000000    -0.00003     0.00000    0.000000000   -0.000000245   -0.000000431  258.310712  82584.6436
1446.00   15.0000    0.0000   15.0000  272.8990  272.8990  0.000000       0.00000       0.00000         233576.8911    0.000000    -0.00004     0.00000    0.000000000   -0.000000245   -0.000000431  258.267453  82453.6678
1458.00   15.0000    0.0000   15.0000  272.9770  272.9770  0.000000       0.00000       0.00000         233510.1492    0.000000    -0.00004     0.00000    0.000000000   -0.000000245   -0.000000430  258.224161  82322.8779
1470.00   15.0000    0.0000   15.0000  273.0550  273.0550  0.000000       0.00000       0.00000         233443.4455    0.000000    -0.00004     0.00000    0.000000000   -0.000000245   -0.000000430  258.180835  82192.2736
1482.00   15.0000    0.0000   15.0000  273.1330  273.1330  0.000000       0.00000       0.00000         233376.7798    0.000000    -0.00004     0.00000    0.000000000   -0.000000245   -0.000000430  258.137476  82061.8546
1494.00   15.0000    0.0000   15.0000  273.2110  273.2110  0.000000       0.00000       0.00000         233310.1522    0.000000    -0.00004     0.00000    0.000000000   -0.000000245   -0.000000429  258.094083  81931.6207
1506.00   15.0000    0.0000   15.0000  273.2890  273.2890  0.000000       0.00000       0.00000         233243.5627    0.000000    -0.00004     0.00000    0.000000000   -0.000000245   -0.000000429  258.050657  81801.5716
1518.00   15.0000    0.0000   15.0000  273.3670  273.3670  0.000000       0.00000       0.00000         233177.0111    0.000000    -0.00004     0.00000    0.000000000   -0.000000245   -0.000000428  258.007197  81671.7071
1530.00   15.0000    0.0000   15.0000  273.4450  273.4450  0.000000       0.00000       0.00000         233110.4975    0.000000    -0.00004     0.00000    0.000000000   -0.000000245   -0.000000428  257.963704  81542.0270
1542.00   15.0000    0.0000   15.0000  273.5230  273.5230  0.000000       0.00000       0.00000         233044.0219    0.000000    -0.00004     0.00000    0.000000000   -0.000000245   -0.000000428  257.920177  81412.5309
1554.00   15.0000    0.0000   15.0000  273.6010  273.6010  0.000000       0.00000       0.00000         232977.5841    0.000000    -0.00004     0.00000    0.000000000   -0.000000245   -0.000000427  257.876618  81283.2186
1566.00   15.0000    0.0000   15.0000  273.6790  273.6790  0.000000       0.00000       0.00000         232911.1843    0.000000    -0.00004     0.00000    0.000000000   -0.000000245   -0.000000427  257.833024  81154.0900
1578.00   15.0000    0.0000   15.0000  273.7570  273.7570  0.000000       0.00000       0.00000         232844.8222    0.000000    -0.00004     0.00000    0.000000000   -0.000000245   -0.000000426  257.789398  81025.1447
1590.00   15.0000    0.0000   15.0000  273.8350  273.8350  0.000000       0.00000       0.00000         232778.4980    0.000000    -0.00004     0.00000    0.000000000   -0.000000245   -0.000000426  257.745738  80896.3825
1602.00   15.0000    0.0000   15.0000  273.9130  273.9130  0.000000       0.00000       0.00000         232712.2115    0.000000    -0.00004     0.00000    0.000000000   -0.000000245   -0.000000426  257.702044  80767.8031
1614.00   15.0000    0.0000   15.0000  273.9910  273.9910  0.000000       0.00000       0.00000         232645.9628    0.000000    -0.00004     0.00000    0.000000000   -0.000000245   -0.000000425  257.658318  80639.4064
1626.00   15.0000    0.0000   15.0000  274.0690  274.0690  0.000000       0.00000       0.00000         232579.7518    0.000000    -0.00004     0.00000    0.000000000   -0.000000245   -0.000000425  257.614558  80511.1920
1638.00   15.0000    0.0000   15.0000  274.1470  274.1470  0.000000       0.00000       0.00000         232513.5785    0.000000    -0.00004     0.00000    0.000000000   -0.000000245   -0.000000424  257.570764  80383.1598
1650.00   15.0000    0.0000   15.0000  274.2250  274.2250  0.000000       0.00000       0.00000         232447.4428    0.000000    -0.00004     0.00000    0.000000000   -0.000000245   -0.000000424  257.526938  80255.3094
1662.00   15.0000    0.0000   15.0000  274.3030  274.3030  0.000000       0.00000       0.00000         232381.3447    0.000000    -0.00004     0.00000    0.000000000   -0.000000244   -0.000000424  257.483078  80127.6406
1674.00   15.0000    0.0000   15.0000  274.3810  274.3810  0.000000       0.00000       0.00000         232315.2842    0.000000    -0.00004     0.00000    0.000000000   -0.000000244   -0.000000423  257.439185  80000.1533
1686.00   15.0000    0.0000   15.0000  274.4590  274.4590  0.000000       0.00000       0.00000         232249.2613    0.000000    -0.00004     0.00000    0.000000000   -0.000000244   -0.000000423  257.395258  79872.8471
1698.00   15.0000    0.0000   15.0000  274.5370  274.5370  0.000000       0.00000       0.00000         232183.2758    0.000000    -0.00004     0.00000    0.000000000   -0.000000244   -0.000000422  257.351298  79745.7218
1710.00   15.0000    0.0000   15.0000  274.6150  274.6150  0.000000       0.00000       0.00000         232117.3279    0.000000    -0.00004     0.00000    0.000000000   -0.000000244   -0.000000422  257.307305  79618.7771
1722.00   15.0000    0.0000   15.0000  274.6930  274.6930  0.000000       0.00000       0.00000         232051.4174    0.000000    -0.00004     0.00000    0.000000000   -0.000000244   -0.000000421  257.263279  79492.0129
1734.00   15.0000    0.0000   15.0000  274.7710  274.7710  0.000000       0.00000       0.00000         231985.5443    0.000000    -0.00004     0.00000    0.000000000   -0.000000244   -0.000000421  257.219219  79365.4288
1746.00   15.0000    0.0000   15.0000  274.8490  274.8490  0.000000       0.00000       0.00000         231919.7086    0.000000    -0.00004     0.00000    0.000000000   -0.000000244   -0.000000421  257.175126  79239.0247
1758.00   15.0000    0.0000   15.0000  274.9270  274.9270  0.000000       0.00000       0.00000         231853.9103    0.000000    -0.00004     0.00000    0.000000000   -0.000000244   -0.000000420  257.131000  79112.8002
1770.00   15.0000    0.0000   15.0000  275.0050  275.0050  0.000000       0.00000       0.00000         231788.1493    0.000000    -0.00004     0.00000    0.000000000   -0.000000244   -0.000000420  257.086841  78986.7552
1782.00   15.0000    0.0000   15.0000  275.0830  275.0830  0.000000       0.00000       0.00000         231722.4256    0.000000    -0.00004     0.00000    0.000000000   -0.000000244   -0.000000419  257.042649  78860.8895
1794.00   15.0000    0.0000   15.0000  275.1610  275.1610  0.000000       0.00000       0.00000         231656.7391    0.000000    -0.00004     0.00000    0.000000000   -0.000000244   -0.000000419  256.998423  78735.2027
1806.00   15.0000    0.0000   15.0000  275.2390  275.2390  0.000000       0.00000       0.00000         231591.0899    0.000000    -0.00004     0.00000    0.000000000   -0.000000244   -0.000000418  256.954164  78609.6946
1818.00   15.0000    0.0000   15.0000  275.3170  275.3170  0.000000       0.00000       0.00000         231525.4779    0.000000    -0.00004     0.00000    0.000000000   -0.000000244   -0.000000418  256.909872  78484.3650
1830.00   15.0000    0.0000   15.0000  275.3950  275.3950  0.000000       0.00000       0.00000         231459.9030    0.000000    -0.00004     0.00000    0.000000000   -0.000000244   -0.000000418  256.865547  78359.2136
1842.00   15.0000    0.0000   15.0000  275.4730  275.4730  0.000000       0.00000       0.00000         231394.3653    0.000000    -0.00004     0.00000    0.000000000   -0.000000244   -0.000000417  256.821188  78234.2403
1854.00   15.0000    0.0000   15.0000  275.5510  275.5510  0.000000       0.00000       0.00000         231328.8647    0.000000    -0.00005     0.00000    0.000000000   -0.000000244   -0.000000417  256.776797  78109.4448
1866.00   15.0000    0.0000   15.0000  275.6290  275.6290  0.000000       0.00000       0.00000         231263.4012    0.000000    -0.00005     0.00000    0.000000000   -0.000000244   -0.000000416  256.732372  77984.8268
1878.00   15.0000    0.0000   15.0000  275.7070  275.7070  0.000000       0.00000       0.00000         231197.9747    0.000000    -0.00005     0.00000    0.000000000   -0.000000244   -0.000000416  256.687914  77860.3860
1890.00   15.0000    0.0000   15.0000  275.7850  275.7850  0.000000       0.00000       0.00000         231132.5852    0.000000    -0.00005     0.00000    0.000000000   -0.000000243   -0.000000415  256.643423  77736.1224
1902.00   15.0000    0.0000   15.0000  275.8630  275.8630  0.000000       0.00000       0.00000         231067.2326    0.000000    -0.00005     0.00000    0.000000000   -0.000000243   -0.000000415  256.598899  77612.0355
1914.00   15.0000    0.0000   15.0000  275.9410  275.9410  0.000000       0.00000       0.00000         231001.9171    0.000000    -0.00005     0.00000    0.000000000   -0.000000243   -0.000000415  256.554342  77488.1253
1926.00   15.0000    0.0000   15.0000  276.0190  276.0190  0.000000       0.00000       0.00000         230936.6384    0.000000    -0.00005     0.00000    0.000000000   -0.000000243   -0.000000414  256.509752  77364.3914
1938.00   15.0000    0.0000   15.0000  276.0970  276.0970  0.000000       0.00000       0.00000         230871.3966    0.000000    -0.00005     0.00000    0.000000000   -0.000000243   -0.000000414  256.465128  77240.8336
1950.00   15.0000    0.0000   15.0000  276.1750  276.1750  0.000000       0.00000       0.00000         230806.1917    0.000000    -0.00005     0.00000    0.000000000   -0.000000243   -0.000000413  256.420472  77117.4517
1962.00   15.0000    0.0000   15.0000  276.2530  276.2530  0.000000       0.00000       0.00000         230741.0236    0.000000    -0.00005     0.00000    0.000000000   -0.000000243   -0.000000413  256.375782  76994.2454
1974.00   15.0000    0.0000   15.0000  276.3310  276.3310  0.000000       0.00000       0.00000         230675.8923    0.000000    -0.00005     0.00000    0.000000000   -0.000000243   -0.000000412  256.331060  76871.2145
1986.00   15.0000    0.0000   15.0000  276.4090  276.4090  0.000000       0.00000       0.00000         230610.7978    0.000000    -0.00005     0.00000    0.000000000   -0.000000243   -0.000000412  256.286304  76748.3588
1998.00   15.0000    0.0000   15.0000  276.4870  276.4870  0.000000       0.00000       0.00000         230545.7399    0.000000    -0.00005     0.00000    0.000000000   -0.000000243   -0.000000411  256.241515  76625.6781
2010.00   15.0000    0.0000   15.0000  276.5650  276.5650  0.000000       0.00000       0.00000         230480.7188    0.000000    -0.00005     0.00000    0.000000000   -0.000000243   -0.000000411  256.196694  76503.1720
2022.00   15.0000    0.0000   15.0000  276.6430  276.6430  0.000000       0.00000       0.00000         230415.7344    0.000000    -0.00005     0.00000    0.000000000   -0.000000243   -0.000000411  256.151839  76380.8404
2034.00   15.0000    0.0000   15.0000  276.7210  276.7210  0.000000       0.00000       0.00000         230350.7865    0.000000    -0.00005     0.00000    0.000000000   -0.000000243   -0.000000410  256.106951  76258.6830
2046.00   15.0000    0.0000   15.0000  276.7990  276.7990  0.000000       0.00000       0.00000         230285.8753    0.000000    -0.00005     0.00000    0.000000000   -0.000000242   -0.000000410  256.062030  76136.6997
2058.00   15.0000    0.0000   15.0000  276.8770  276.8770  0.000000       0.00000       0.00000         230221.0007    0.000000    -0.00005     0.00000    0.000000000   -0.000000242   -0.000000409  256.017077  76014.8901
2070.00   15.0000    0.0000   15.0000  276.9550  276.9550  0.000000       0.00000       0.00000         230156.1626    0.000000    -0.00005     0.00000    0.000000000   -0.000000242   -0.000000409  255.972090  75893.2540
2082.00   15.0000    0.0000   15.0000  277.0330  277.0330  0.000000       0.00000       0.00000         230091.3610    0.000000    -0.00005     0.00000    0.000000000   -0.000000242   -0.000000408  255.927070  75771.7912
2094.00   15.0000    0.0000   15.0000  277.1110  277.1110  0.000000       0.00000       0.00000         230026.5958    0.000000    -0.00005     0.00000    0.000000000   -0.000000242   -0.000000408  255.882017  75650.5015
2106.00   15.0000    0.0000   15.0000  277.1890  277.1890  0.000000       0.00000       0.00000         229961.8672    0.000000    -0.00005     0.00000    0.000000000   -0.000000242   -0.000000407  255.836932  75529.3847
2118.00   15.0000    0.0000   15.0000  277.2670  277.2670  0.000000       0.00000       0.00000         229897.1749    0.000000    -0.00005     0.00000    0.000000000   -0.000000242   -0.000000407  255.791813  75408.4404
2130.00   15.0000    0.0000   15.0000  277.3450  277.3450  0.000000       0.00000       0.00000         229832.5191    0.000000    -0.00005     0.00000    0.000000000   -0.000000242   -0.000000406  255.746662  75287.6686
2142.00   15.0000    0.0000   15.0000  277.4230  277.4230  0.000000       0.00000       0.00000         229767.8996    0.000000    -0.00005     0.00000    0.000000000   -0.000000242   -0.000000406  255.701477  75167.0688
2154.00   15.0000    0.0000   15.0000  277.5010  277.5010  0.000000       0.00000       0.00000         229703.3164    0.000000    -0.00005     0.00000    0.000000000   -0.000000242   -0.000000405  255.656260  75046.6410
2166.00   15.0000    0.0000   15.0000  277.5790  277.5790  0.000000       0.00000       0.00000         229638.7695    0.000000    -0.00005     0.00000    0.000000000   -0.000000242   -0.000000405  255.611009  74926.3849
2178.00   15.0000    0.0000   15.0000  277.6570  277.6570  0.000000       0.00000       0.00000         229574.2589    0.000000    -0.00005     0.00000    0.000000000   -0.000000241   -0.000000405  255.565726  74806.3002
2190.00   15.0000    0.0000   15.0000  277.7350  277.7350  0.000000       0.00000       0.00000         229509.7845    0.000000    -0.00005     0.00000    0.000000000   -0.000000241   -0.000000404  255.520410  74686.3868
2202.00   15.0000    0.0000   15.0000  277.8130  277.8130  0.000000       0.00000       0.00000         229445.3463    0.000000    -0.00005     0.00000    0.000000000   -0.000000241   -0.000000404  255.475061  74566.6443
2214.00   15.0000    0.0000   15.0000  277.8910  277.8910  0.000000       0.00000       0.00000         229380.9443    0.000000    -0.00005     0.00000    0.000000000   -0.000000241   -0.000000403  255.429679  74447.0726
2226.00   15.0000    0.0000   15.0000  277.9690  277.9690  0.000000       0.00000       0.00000         229316.5785    0.000000    -0.00005     0.00000    0.000000000   -0.000000241   -0.000000403  255.384265  74327.6714
2238.00   15.0000    0.0000   15.0000  278.0470  278.0470  0.000000       0.00000       0.00000         229252.2487    0.000000    -0.00005     0.00000    0.000000000   -0.000000241   -0.000000402  255.338817  74208.4406
2250.00   15.0000    0.0000   15.0000  278.1250  278.1250  0.000000       0.00000       0.00000         229187.9551    0.000000    -0.00005     0.00000    0.000000000   -0.000000241   -0.000000402  255.293336  74089.3798
2262.00   15.0000    0.0000   15.0000  278.2030  278.2030  0.000000       0.00000       0.00000         229123.6974    0.000000    -0.00006     0.00000    0.000000000   -0.000000241   -0.000000401  255.247823  73970.4889
2274.00   15.0000    0.0000   15.0000  278.2810  278.2810  0.000000       0.00000       0.00000         229059.4759    0.000000    -0.00006     0.00000    0.000000000   -0.000000241   -0.000000401  255.202277  73851.7676
2286.00   15.0000    0.0000   15.0000  278.3590  278.3590  0.000000       0.00000       0.00000         228995.2903    0.000000    -0.00006     0.00000    0.000000000   -0.000000240   -0.000000400  255.156698  73733.2157
2298.00   15.0000    0.0000   15.0000  278.4370  278.4370  0.000000       0.00000       0.00000         228931.1406    0.000000    -0.00006     0.00000    0.000000000   -0.000000240   -0.000000400  255.111086  73614.8330
2310.00   15.0000    0.0000   15.0000  278.5150  278.5150  0.000000       0.00000       0.00000         228867.0269    0.000000    -0.00006     0.00000    0.000000000   -0.000000240   -0.000000399  255.065442  73496.6192
2322.00   15.0000    0.0000   15.0000  278.5930  278.5930  0.000000       0.00000       0.00000         228802.9491    0.000000    -0.00006     0.00000    0.000000000   -0.000000240   -0.000000399  255.019765  73378.5742
2334.00   15.0000    0.0000   15.0000  278.6710  278.6710  0.000000       0.00000       0.00000         228738.9072    0.000000    -0.00006     0.00000    0.000000000   -0.000000240   -0.000000398  254.974054  73260.6976
2346.00   15.0000    0.0000   15.0000  278.7490  278.7490  0.000000       0.00000       0.00000         228674.9011    0.000000    -0.00006     0.00000    0.000000000   -0.000000240   -0.000000398  254.928312  73142.9893
2358.00   15.0000    0.0000   15.0000  278.8270  278.8270  0.000000       0.00000       0.00000         228610.9308    0.000000    -0.00006     0.00000    0.000000000   -0.000000240   -0.000000397  254.882536  73025.4491
2370.00   15.0000    0.0000   15.0000  278.9050  278.9050  0.000000       0.00000       0.00000         228546.9963    0.000000    -0.00006     0.00000    0.000000000   -0.000000240   -0.000000397  254.836727  72908.0766
2382.00   15.0000    0.0000   15.0000  278.9830  278.9830  0.000000       0.00000       0.00000              0.0000    0.000000    -0.00006     0.00000    0.000000000    0.000000000    0.000000000  254.790886  72790.8718
2394.00   15.0000    0.0000   15.0000  279.0610  279.0610  0.000000       0.00000       0.00000              0.0000    0.000000     0.00000     0.00000    0.000000000    0.000000000    0.000000000  254.745012  72673.8343
