   0.00    0.0000    0.0000    0.0000  245.9328  245.9328  0.000000       0.00000       0.00000              0.0000    0.000000     0.00000     0.00000    0.000000000    0.000000000    0.000000000    0.000000      0.0000
   6.00    7.3237    3.6132    8.1665  248.0044  248.0044  0.000000       0.63521       0.63521              0.0000    0.000000     0.00000     0.00000   -0.000044678    0.000000000    0.000000000  247.916704  99876.1320
  18.00    8.4556    4.0676    9.3831  248.2121  248.2121  0.000000       1.73255       1.73255              0.0820    0.000000    -0.00000     0.00000   -0.000049823    0.000000000    0.000000000  247.977870  99669.8761
  30.00    9.2183    4.3117   10.1768  248.3571  248.3571  0.000000       1.56085       1.56085              0.1145    0.000000    -0.00000     0.00000   -0.000059870    0.000000169    0.000000097  248.005586  99505.2457
  42.00    9.9405    4.4861   10.9059  248.4996  248.4996  0.000000       1.66873       1.66873              0.1325    0.000000    -0.00000     0.00000   -0.000063872    0.000000152    0.000000080  248.030752  99340.9048
  54.00   10.6004    4.5944   11.5532  248.6355  248.6355  0.000000       1.58182       1.58182              0.1521    0.000000    -0.00000     0.00000   -0.000066904    0.000000142    0.000000070  248.049283  99176.8497
  66.00   11.2334    4.6490   12.1574  248.7725  248.7725  0.000000       1.50227       1.50227              0.1693    0.000000    -0.00000     0.00000   -0.000069518    0.000000149    0.000000077  248.068835  99013.0781
  78.00   11.8417    4.6528   12.7230  248.9119  248.9119  0.000000       1.38445       1.38445              0.1868    0.000000    -0.00000     0.00000   -0.000071938    0.000000163    0.000000091  248.090746  98849.5906
  90.00   12.4314    4.6072   13.2577  249.0563  249.0563  0.000000       1.25929       1.25929              0.2041    0.000000    -0.00000     0.00000   -0.000074305    0.000000186    0.000000112  248.117551  98686.3890
 102.00   13.0028    4.5118   13.7633  249.2074  249.2074  0.000000       1.12616       1.12616              0.2222    0.000000    -0.00000     0.00000   -0.000076717    0.000000216    0.000000141  248.150927  98523.4766
 114.00   13.5550    4.3654   14.2406  249.3671  249.3671  0.000000       0.99233       0.99233              0.2412    0.000000    -0.00001     0.00000   -0.000079240    0.000000254    0.000000177  248.192801  98360.8578
 126.00   14.0853    4.1663   14.6885  249.5374  249.5374  0.000000       0.86033       0.86033              0.2617    0.000000    -0.00001     0.00000   -0.000081948    0.000000301    0.000000222  248.245141  98198.5382
 138.00   14.5889    3.9125   15.1044  249.7206  249.7206  0.000000       0.73291       0.73291              0.2841    0.000000    -0.00001     0.00000   -0.000084957    0.000000359    0.000000278  248.310243  98036.5248
 150.00   15.0593    3.6019   15.4840  249.9194  249.9194  0.000000       0.61205       0.61205              0.3091    0.000000    -0.00001     0.00000   -0.000088354    0.000000430    0.000000346  248.390791  97874.8260
 162.00   15.4874    3.2329   15.8213  250.1372  250.1372  0.000000       0.49865       0.49865              0.3377    0.000000    -0.00001     0.00000   -0.000092296    0.000000518    0.000000431  248.490146  97713.4523
 174.00   15.8613    2.8050   16.1074  250.3782  250.3782  0.000000       0.39499       0.39499              0.3710    0.000000    -0.00001     0.00000   -0.000097002    0.000000630    0.000000538  248.612406  97552.4165
 186.00   16.1659    2.3190   16.3313  250.6484  250.6484  0.000000       0.29862       0.29862              0.4117    0.000000    -0.00002     0.00000   -0.000102907    0.000000771    0.000000673  248.763565  97391.7343
 198.00   16.3794    1.7828   16.4761  250.9541  250.9541  0.000000       0.21757       0.21757              0.4611    0.000000    -0.00002     0.00000   -0.000110535    0.000000967    0.000000860  248.949787  97231.4255
 210.00   16.4768    1.1995   16.5205  251.3122  251.3122  0.000000       0.13416       0.13416              0.5368    0.000000    -0.00003     0.00000   -0.000121547    0.000001197    0.000001081  249.187858  97071.5167
 222.00   16.4192    0.6300   16.4313  251.7168  251.7168  0.000000       0.09064       0.09064              0.6128    0.000000    -0.00003     0.00000   -0.000145971    0.000001599    0.000001464  249.471859  96912.0378
 234.00   16.1067    0.0659   16.1069  252.2442  252.2442  0.000000       0.00209       0.00209              1.8181    0.000000     0.00000     0.00000   -0.000139415    0.000011120    0.000009295  249.877340  96753.0406
 246.00   15.0423   -0.0146   15.0423  256.2207  256.2207  0.000000       0.00011       0.00011              3.5679    0.000000    -0.00006     0.00000   -0.000030077    0.000012348    0.000013428  253.698505  96595.6256
 258.00   15.0002   -0.0001   15.0002  257.0167  257.0167  0.000000       0.00000       0.00000            700.7844    0.000000    -0.00006     0.00000   -0.000000312    0.000004255    0.000004040  254.369307  96439.8646
 270.00   15.0000   -0.0000   15.0000  257.7507  257.7507  0.000000       0.00000       0.00000        1847252.3539    0.000000    -0.00004     0.00000    0.000000000    0.000003579    0.000003394  254.978486  96284.7452
 282.00   15.0000   -0.0000   15.0000  258.2884  258.2884  0.000000       0.00000       0.00000        1549199.9046    0.000000    -0.00004     0.00000    0.000000000    0.000002700    0.000002517  255.393208  96130.1860
 294.00   15.0000   -0.0000   15.0000  258.7300  258.7300  0.000000       0.00000       0.00000        1333720.1526    0.000000    -0.00004     0.00000    0.000000000    0.000002296    0.000002113  255.712620  95976.0965
 306.00   15.0000   -0.0000   15.0000  259.1329  259.1329  0.000000       0.00000       0.00000        1215791.2466    0.000000    -0.00003     0.00000    0.000000000    0.000002081    0.000001900  255.993690  95822.4343
 318.00   15.0000   -0.0000   15.0000  259.5010  259.5010  0.000000       0.00000       0.00000        1126828.0880    0.000000    -0.00003     0.00000    0.000000000    0.000001918    0.000001737  256.240135  95669.1761
 330.00   15.0000    0.0000   15.0000  259.8486  259.8486  0.000000       0.00000       0.00000        1067520.9670    0.000000    -0.00003     0.00000    0.000000000    0.000001815    0.000001633  256.466146  95516.3038
 342.00   15.0000    0.0000   15.0000  260.1799  260.1799  0.000000       0.00000       0.00000        1021347.5998    0.000000    -0.00003     0.00000    0.000000000    0.000001736    0.000001554  256.675989  95363.8054
 354.00   15.0000    0.0000   15.0000  260.4989  260.4989  0.000000       0.00000       0.00000         978538.5336    0.000000    -0.00003     0.00000    0.000000000    0.000001660    0.000001477  256.873542  95211.6712
 366.00   15.0000    0.0000   15.0000  260.8037  260.8037  0.000000       0.00000       0.00000         941244.3996    0.000000    -0.00003     0.00000    0.000000000    0.000001593    0.000001410  257.056967  95059.8922
 378.00   15.0000    0.0000   15.0000  261.0997  261.0997  0.000000       0.00000       0.00000         894612.7927    0.000000    -0.00003     0.00000    0.000000000    0.000001498    0.000001315  257.231497  94908.4605
 390.00   15.0000    0.0000   15.0000  261.3754  261.3754  0.000000       0.00000       0.00000         863035.6004    0.000000    -0.00003     0.00000    0.000000000    0.000001438    0.000001253  257.385971  94757.3666
 402.00   15.0000    0.0000   15.0000  261.6517  261.6517  0.000000       0.00000       0.00000         809208.1301    0.000000    -0.00003     0.00000    0.000000000    0.000001315    0.000001132  257.540943  94606.6039
 414.00   15.0000    0.0000   15.0000  261.8936  261.8936  0.000000       0.00000       0.00000         762354.6443    0.000000    -0.00003     0.00000    0.000000000    0.000001207    0.000001023  257.661825  94456.1616
 426.00   15.0000    0.0000   15.0000  262.1403  262.1403  0.000000       0.00000       0.00000         738913.5093    0.000000    -0.00003     0.00000    0.000000000    0.000001157    0.000000973  257.787483  94306.0303
 438.00   15.0000    0.0000   15.0000  262.3676  262.3676  0.000000       0.00000       0.00000         704208.3688    0.000000    -0.00003     0.00000    0.000000000    0.000001075    0.000000891  257.893816  94156.2050
 450.00   15.0000    0.0000   15.0000  262.5925  262.5925  0.000000       0.00000       0.00000         685511.8296    0.000000    -0.00003     0.00000    0.000000000    0.000001034    0.000000849  257.997758  94006.6786
 462.00   15.0000    0.0000   15.0000  262.8081  262.8081  0.000000       0.00000       0.00000         663183.5576    0.000000    -0.00003     0.00000    0.000000000    0.000000982    0.000000797  258.092467  93857.4472
 474.00   15.0000    0.0000   15.0000  263.0191  263.0191  0.000000       0.00000       0.00000         647181.7287    0.000000    -0.00003     0.00000    0.000000000    0.000000946    0.000000760  258.182463  93708.5059
 486.00   15.0000    0.0000   15.0000  263.2247  263.2247  0.000000       0.00000       0.00000         631898.3647    0.000000    -0.00003     0.00000    0.000000000    0.000000911    0.000000724  258.267208  93559.8512
 498.00   15.0000    0.0000   15.0000  263.4261  263.4261  0.000000       0.00000       0.00000         618163.5248    0.000000    -0.00003     0.00000    0.000000000    0.000000879    0.000000692  258.347678  93411.4798
 510.00   15.0000    0.0000   15.0000  263.6233  263.6233  0.000000       0.00000       0.00000         605465.8741    0.000000    -0.00003     0.00000    0.000000000    0.000000850    0.000000662  258.423863  93263.3885
 522.00   15.0000    0.0000   15.0000  263.8168  263.8168  0.000000       0.00000       0.00000         593251.6704    0.000000    -0.00003     0.00000    0.000000000    0.000000821    0.000000633  258.496417  93115.5745
 534.00   15.0000    0.0000   15.0000  264.0063  264.0063  0.000000       0.00000       0.00000         581239.0784    0.000000    -0.00003     0.00000    0.000000000    0.000000792    0.000000603  258.564983  92968.0351
 546.00   15.0000    0.0000   15.0000  264.1923  264.1923  0.000000       0.00000       0.00000         567692.0538    0.000000    -0.00003     0.00000    0.000000000    0.000000757    0.000000568  258.630035  92820.7674
 558.00   15.0000    0.0000   15.0000  264.3733  264.3733  0.000000       0.00000       0.00000         555114.0217    0.000000    -0.00003     0.00000    0.000000000    0.000000725    0.000000536  258.690119  92673.7686
 570.00   15.0000    0.0000   15.0000  264.5515  264.5515  0.000000       0.00000       0.00000         537389.0346    0.000000    -0.00003     0.00000    0.000000000    0.000000677    0.000000488  258.747291  92527.0358
 582.00   15.0000    0.0000   15.0000  264.7213  264.7213  0.000000       0.00000       0.00000         521373.2114    0.000000    -0.00003     0.00000    0.000000000    0.000000634    0.000000444  258.796230  92380.5654
 594.00   15.0000    0.0000   15.0000  264.8893  264.8893  0.000000       0.00000       0.00000         501046.3441    0.000000    -0.00003     0.00000    0.000000000    0.000000576    0.000000386  258.843321  92234.3539
 606.00   15.0000    0.0000   15.0000  265.0461  265.0461  0.000000       0.00000       0.00000         474558.2741    0.000000    -0.00003     0.00000    0.000000000    0.000000499    0.000000310  258.879445  92088.3973
 618.00   15.0000    0.0000   15.0000  265.1971  265.1971  0.000000       0.00000       0.00000         456246.2774    0.000000    -0.00003     0.00000    0.000000000    0.000000446    0.000000257  258.909798  91942.6903
 630.00   15.0000    0.0000   15.0000  265.3422  265.3422  0.000000       0.00000       0.00000         438734.5815    0.000000    -0.00003     0.00000    0.000000000    0.000000394    0.000000206  258.934354  91797.2293
 642.00   15.0000    0.0000   15.0000  265.4820  265.4820  0.000000       0.00000       0.00000         424695.4131    0.000000    -0.00003     0.00000    0.000000000    0.000000353    0.000000165  258.953637  91652.0107
 654.00   15.0000    0.0000   15.0000  265.6181  265.6181  0.000000       0.00000       0.00000         413688.6124    0.000000    -0.00003     0.00000    0.000000000    0.000000320    0.000000132  258.969316  91507.0317
 666.00   15.0000    0.0000   15.0000  265.7509  265.7509  0.000000       0.00000       0.00000         404332.3533    0.000000    -0.00003     0.00000    0.000000000    0.000000292    0.000000105  258.981639  91362.2897
 678.00   15.0000    0.0000   15.0000  265.8811  265.8811  0.000000       0.00000       0.00000         396575.5646    0.000000    -0.00003     0.00000    0.000000000    0.000000269    0.000000082  258.991401  91217.7829
 690.00   15.0000    0.0000   15.0000  266.0090  266.0090  0.000000       0.00000       0.00000         389757.6947    0.000000    -0.00003     0.00000    0.000000000    0.000000249    0.000000061  258.998817  91073.5095
 702.00   15.0000    0.0000   15.0000  266.1348  266.1348  0.000000       0.00000       0.00000         383922.4415    0.000000    -0.00003     0.00000    0.000000000    0.000000232    0.000000044  259.004264  90929.4677
 714.00   15.0000    0.0000   15.0000  266.2590  266.2590  0.000000       0.00000       0.00000         378901.2541    0.000000    -0.00003     0.00000    0.000000000    0.000000217    0.000000029  259.007987  90785.6564
 726.00   15.0000    0.0000   15.0000  266.3817  266.3817  0.000000       0.00000       0.00000         374535.7944    0.000000    -0.00003     0.00000    0.000000000    0.000000203    0.000000015  259.010254  90642.0742
 738.00   15.0000    0.0000   15.0000  266.5032  266.5032  0.000000       0.00000       0.00000         370746.2745    0.000000    -0.00003     0.00000    0.000000000    0.000000192    0.000000004  259.011212  90498.7199
 750.00   15.0000    0.0000   15.0000  266.6236  266.6236  0.000000       0.00000       0.00000         367061.6779    0.000000    -0.00003     0.00000    0.000000000    0.000000181   -0.000000007  259.011078  90355.5926
 762.00   15.0000    0.0000   15.0000  266.7427  266.7427  0.000000       0.00000       0.00000         363866.6324    0.000000    -0.00003     0.00000    0.000000000    0.000000171   -0.000000017  259.009700  90212.6912
 774.00   15.0000    0.0000   15.0000  266.8611  266.8611  0.000000       0.00000       0.00000         360422.0614    0.000000    -0.00003     0.00000    0.000000000    0.000000161   -0.000000028  259.007539  90070.0149
 786.00   15.0000    0.0000   15.0000  266.9781  266.9781  0.000000       0.00000       0.00000         357941.2358    0.000000    -0.00003     0.00000    0.000000000    0.000000153   -0.000000035  259.003976  89927.5626
 798.00   15.0000    0.0000   15.0000  267.0950  267.0950  0.000000       0.00000       0.00000         355166.7989    0.000000    -0.00003     0.00000    0.000000000    0.000000145   -0.000000044  259.000239  89785.3337
 810.00   15.0000    0.0000   15.0000  267.2103  267.2103  0.000000       0.00000       0.00000         352593.1821    0.000000    -0.00003     0.00000    0.000000000    0.000000137   -0.000000052  258.994915  89643.3272
 822.00   15.0000    0.0000   15.0000  267.3255  267.3255  0.000000       0.00000       0.00000         351335.4898    0.000000    -0.00003     0.00000    0.000000000    0.000000133   -0.000000056  258.989542  89501.5423
 834.00   15.0000    0.0000   15.0000  267.4401  267.4401  0.000000       0.00000       0.00000         350022.5861    0.000000    -0.00003     0.00000    0.000000000    0.000000129   -0.000000060  258.983415  89359.9786
 846.00   15.0000    0.0000   15.0000  267.5546  267.5546  0.000000       0.00000       0.00000         349271.2405    0.000000    -0.00003     0.00000    0.000000000    0.000000127   -0.000000062  258.977205  89218.6355
 858.00   15.0000    0.0000   15.0000  267.6688  267.6688  0.000000       0.00000       0.00000         349104.3500    0.000000    -0.00003     0.00000    0.000000000    0.000000126   -0.000000063  258.970597  89077.5124
 870.00   15.0000    0.0000   15.0000  267.7833  267.7833  0.000000       0.00000       0.00000         350366.8999    0.000000    -0.00003     0.00000    0.000000000    0.000000130   -0.000000059  258.964275  88936.6090
 882.00   15.0000    0.0000   15.0000  267.8984  267.8984  0.000000       0.00000       0.00000         352538.6765    0.000000    -0.00003     0.00000    0.000000000    0.000000137   -0.000000052  258.958462  88795.9252
 894.00   15.0000    0.0000   15.0000  268.0145  268.0145  0.000000       0.00000       0.00000         356059.6421    0.000000    -0.00003     0.00000    0.000000000    0.000000149   -0.000000042  258.953511  88655.4610
 906.00   15.0000    0.0000   15.0000  268.1320  268.1320  0.000000       0.00000       0.00000         362207.1909    0.000000    -0.00003     0.00000    0.000000000    0.000000168   -0.000000023  258.949925  88515.2168
 918.00   15.0000    0.0000   15.0000  268.2522  268.2522  0.000000       0.00000       0.00000         371622.2377    0.000000    -0.00004     0.00000    0.000000000    0.000000198    0.000000006  258.948867  88375.1931
 930.00   15.0000    0.0000   15.0000  268.3759  268.3759  0.000000       0.00000       0.00000         383948.5250    0.000000    -0.00004     0.00000    0.000000000    0.000000238    0.000000045  258.951247  88235.3913
 942.00   15.0000    0.0000   15.0000  268.5043  268.5043  0.000000       0.00000       0.00000         413369.8037    0.000000    -0.00004     0.00000    0.000000000    0.000000331    0.000000136  258.958002  88095.8131
 954.00   15.0000    0.0000   15.0000  268.6476  268.6476  0.000000       0.00000       0.00000         429783.1097    0.000000    -0.00004     0.00000    0.000000000    0.000000385    0.000000188  258.979031  87956.4631
 966.00   15.0000    0.0000   15.0000  268.7869  268.7869  0.000000       0.00000       0.00000         569998.6479    0.000000    -0.00007     0.00000    0.000000000    0.000000836    0.000000627  258.996215  87817.3439
 978.00   15.0000    0.0000   15.0000  269.0225  269.0225  0.000000       0.00000       0.00000         541689.9171    0.000000    -0.00004     0.00000    0.000000000    0.000000748    0.000000545  259.106116  87678.4787
 990.00   15.0000    0.0000   15.0000  269.1436  269.1436  0.000000       0.00000       0.00000        1503692.8487    0.000000    -0.00027     0.00000    0.000000000    0.000003959    0.000003590  259.105548  87539.8623
1002.00   15.0000    0.0000   15.0000  270.0130  270.0130  0.000000       0.00000       0.00000        1433760.2853    0.000000    -0.00002     0.00000    0.000000000    0.000003742    0.000003572  259.825283  87401.6563
1014.00   15.0000    0.0000   15.0000  270.0910  270.0910  0.000000       0.00000       0.00000         236005.2723    0.000000    -0.00002     0.00000    0.000000000   -0.000000244   -0.000000443  259.783230  87263.8488
1026.00   15.0000    0.0000   15.0000  270.1690  270.1690  0.000000       0.00000       0.00000         235937.1356    0.000000    -0.00002     0.00000    0.000000000   -0.000000244   -0.000000443  259.741142  87126.2363
1038.00   15.0000    0.0000   15.0000  270.2470  270.2470  0.000000       0.00000       0.00000         235869.0383    0.000000    -0.00003     0.00000    0.000000000   -0.000000244   -0.000000442  259.699021  86988.8185
1050.00   15.0000    0.0000   15.0000  270.3250  270.3250  0.000000       0.00000       0.00000         235800.9803    0.000000    -0.00003     0.00000    0.000000000   -0.000000244   -0.000000442  259.656866  86851.5952
1062.00   15.0000    0.0000   15.0000  270.4030  270.4030  0.000000       0.00000       0.00000         235732.9615    0.000000    -0.00003     0.00000    0.000000000   -0.000000244   -0.000000442  259.614677  86714.5662
1074.00   15.0000    0.0000   15.0000  270.4810  270.4810  0.000000       0.00000       0.00000         235664.9820    0.000000    -0.00003     0.00000    0.000000000   -0.000000244   -0.000000441  259.572455  86577.7311
1086.00   15.0000    0.0000   15.0000  270.5590  270.5590  0.000000       0.00000       0.00000         235597.0417    0.000000    -0.00003     0.00000    0.000000000   -0.000000244   -0.000000441  259.530198  86441.0898
1098.00   15.0000    0.0000   15.0000  270.6370  270.6370  0.000000       0.00000       0.00000         235529.1405    0.000000    -0.00003     0.00000    0.000000000   -0.000000244   -0.000000441  259.487908  86304.6419
1110.00   15.0000    0.0000   15.0000  270.7150  270.7150  0.000000       0.00000       0.00000         235461.2785    0.000000    -0.00003     0.00000    0.000000000   -0.000000244   -0.000000440  259.445584  86168.3871
1122.00   15.0000    0.0000   15.0000  270.7930  270.7930  0.000000       0.00000       0.00000         235393.4555    0.000000    -0.00003     0.00000    0.000000000   -0.000000244   -0.000000440  259.403227  86032.3253
1134.00   15.0000    0.0000   15.0000  270.8710  270.8710  0.000000       0.00000       0.00000         235325.6716    0.000000    -0.00003     0.00000    0.000000000   -0.000000245   -0.000000440  259.360835  85896.4562
1146.00   15.0000    0.0000   15.0000  270.9490  270.9490  0.000000       0.00000       0.00000         235257.9268    0.000000    -0.00003     0.00000    0.000000000   -0.000000245   -0.000000439  259.318410  85760.7795
1158.00   15.0000    0.0000   15.0000  271.0270  271.0270  0.000000       0.00000       0.00000         235190.2209    0.000000    -0.00003     0.00000    0.000000000   -0.000000245   -0.000000439  259.275951  85625.2949
1170.00   15.0000    0.0000   15.0000  271.1050  271.1050  0.000000       0.00000       0.00000         235122.5540    0.000000    -0.00003     0.00000    0.000000000   -0.000000245   -0.000000439  259.233459  85490.0023
1182.00   15.0000    0.0000   15.0000  271.1830  271.1830  0.000000       0.00000       0.00000         235054.9260    0.000000    -0.00003     0.00000    0.000000000   -0.000000245   -0.000000438  259.190933  85354.9012
1194.00   15.0000    0.0000   15.0000  271.2610  271.2610  0.000000       0.00000       0.00000         234987.3369    0.000000    -0.00003     0.00000    0.000000000   -0.000000245   -0.000000438  259.148373  85219.9916
1206.00   15.0000    0.0000   15.0000  271.3390  271.3390  0.000000       0.00000       0.00000         234919.7867    0.000000    -0.00003     0.00000    0.000000000   -0.000000245   -0.000000438  259.105780  85085.2730
1218.00   15.0000    0.0000   15.0000  271.4170  271.4170  0.000000       0.00000       0.00000         234852.2753    0.000000    -0.00003     0.00000    0.000000000   -0.000000245   -0.000000437  259.063152  84950.7454
1230.00   15.0000    0.0000   15.0000  271.4950  271.4950  0.000000       0.00000       0.00000         234784.8027    0.000000    -0.00003     0.00000    0.000000000   -0.000000245   -0.000000437  259.020492  84816.4083
1242.00   15.0000    0.0000   15.0000  271.5730  271.5730  0.000000       0.00000       0.00000         234717.3688    0.000000    -0.00003     0.00000    0.000000000   -0.000000245   -0.000000436  258.977797  84682.2616
1254.00   15.0000    0.0000   15.0000  271.6510  271.6510  0.000000       0.00000       0.00000         234649.9737    0.000000    -0.00003     0.00000    0.000000000   -0.000000245   -0.000000436  258.935069  84548.3050
1266.00   15.0000    0.0000   15.0000  271.7290  271.7290  0.000000       0.00000       0.00000         234582.6172    0.000000    -0.00003     0.00000    0.000000000   -0.000000245   -0.000000436  258.892307  84414.5382
1278.00   15.0000    0.0000   15.0000  271.8070  271.8070  0.000000       0.00000       0.00000         234515.2995    0.000000    -0.00003     0.00000    0.000000000   -0.000000245   -0.000000435  258.849512  84280.9610
1290.00   15.0000    0.0000   15.0000  271.8850  271.8850  0.000000       0.00000       0.00000         234448.0203    0.000000    -0.00003     0.00000    0.000000000   -0.000000245   -0.000000435  258.806683  84147.5731
1302.00   15.0000    0.0000   15.0000  271.9630  271.9630  0.000000       0.00000       0.00000         234380.7797    0.000000    -0.00003     0.00000    0.000000000   -0.000000245   -0.000000435  258.763821  84014.3743
1314.00   15.0000    0.0000   15.0000  272.0410  272.0410  0.000000       0.00000       0.00000         234313.5777    0.000000    -0.00003     0.00000    0.000000000   -0.000000245   -0.000000434  258.720924  83881.3644
1326.00   15.0000    0.0000   15.0000  272.1190  272.1190  0.000000       0.00000       0.00000         234246.4143    0.000000    -0.00003     0.00000    0.000000000   -0.000000245   -0.000000434  258.677995  83748.5430
1338.00   15.0000    0.0000   15.0000  272.1970  272.1970  0.000000       0.00000       0.00000         234179.2893    0.000000    -0.00003     0.00000    0.000000000   -0.000000245   -0.000000434  258.635032  83615.9099
1350.00   15.0000    0.0000   15.0000  272.2750  272.2750  0.000000       0.00000       0.00000         234112.2027    0.000000    -0.00003     0.00000    0.000000000   -0.000000245   -0.000000433  258.592035  83483.4648
1362.00   15.0000    0.0000   15.0000  272.3530  272.3530  0.000000       0.00000       0.00000         234045.1546    0.000000    -0.00003     0.00000    0.000000000   -0.000000245   -0.000000433  258.549004  83351.2076
1374.00   15.0000    0.0000   15.0000  272.4310  272.4310  0.000000       0.00000       0.00000         233978.1449    0.000000    -0.00003     0.00000    0.000000000   -0.000000245   -0.000000432  258.505941  83219.1380
1386.00   15.0000    0.0000   15.0000  272.5090  272.5090  0.000000       0.00000       0.00000         233911.1736    0.000000    -0.00003     0.00000    0.000000000   -0.000000245   -0.000000432  258.462843  83087.2556
1398.00   15.0000    0.0000   15.0000  272.5870  272.5870  0.000000       0.00000       0.00000         233844.2406    0.000000    -0.00003     0.00000    0.000000000   -0.000000245   -0.000000432  258.419712  82955.5603
1410.00   15.0000    0.0000   15.0000  272.6650  272.6650  0.000000       0.00000       0.00000         233777.3458    0.000000    -0.00003     0.00000    0.000000000   -0.000000245   -0.000000431  258.376548  82824.0518
1422.00   15.0000    0.0000   15.0000  272.7430  272.7430  0.000000       0.00000       0.00000         233710.4894    0.000000    -0.00003     0.00000    0.000000000   -0.000000245   -0.000000431  258.333350  82692.7298
1434.00   15.0000    0.0000   15.0000  272.8210  272.8210  0.000000       0.00000       0.00000         233643.6711    0.000000    -0.00003     0.00000    0.000000000   -0.000000245   -0.000000431  258.290119  82561.5942
1446.00   15.0000    0.0000   15.0000  272.8990  272.8990  0.000000       0.00000       0.00000         233576.8911    0.000000    -0.00004     0.00000    0.000000000   -0.000000245   -0.000000430  258.246854  82430.6446
1458.00   15.0000    0.0000   15.0000  272.9770  272.9770  0.000000       0.00000       0.00000         233510.1492    0.000000    -0.00004     0.00000    0.000000000   -0.000000245   -0.000000430  258.203555  82299.8808
1470.00   15.0000    0.0000   15.0000  273.0550  273.0550  0.000000       0.00000       0.00000         233443.4455    0.000000    -0.00004     0.00000    0.000000000   -0.000000245   -0.000000429  258.160223  82169.3025
1482.00   15.0000    0.0000   15.0000  273.1330  273.1330  0.000000       0.00000       0.00000         233376.7798    0.000000    -0.00004     0.00000    0.000000000   -0.000000245   -0.000000429  258.116858  82038.9096
1494.00   15.0000    0.0000   15.0000  273.2110  273.2110  0.000000       0.00000       0.00000         233310.1522    0.000000    -0.00004     0.00000    0.000000000   -0.000000245   -0.000000429  258.073460  81908.7017
1506.00   15.0000    0.0000   15.0000  273.2890  273.2890  0.000000       0.00000       0.00000         233243.5627    0.000000    -0.00004     0.00000    0.000000000   -0.000000245   -0.000000428  258.030027  81778.6786
1518.00   15.0000    0.0000   15.0000  273.3670  273.3670  0.000000       0.00000       0.00000         233177.0111    0.000000    -0.00004     0.00000    0.000000000   -0.000000245   -0.000000428  257.986562  81648.8401
1530.00   15.0000    0.0000   15.0000  273.4450  273.4450  0.000000       0.00000       0.00000         233110.4975    0.000000    -0.00004     0.00000    0.000000000   -0.000000245   -0.000000427  257.943063  81519.1859
1542.00   15.0000    0.0000   15.0000  273.5230  273.5230  0.000000       0.00000       0.00000         233044.0219    0.000000    -0.00004     0.00000    0.000000000   -0.000000245   -0.000000427  257.899531  81389.7157
1554.00   15.0000    0.0000   15.0000  273.6010  273.6010  0.000000       0.00000       0.00000         232977.5841    0.000000    -0.00004     0.00000    0.000000000   -0.000000245   -0.000000427  257.855965  81260.4293
1566.00   15.0000    0.0000   15.0000  273.6790  273.6790  0.000000       0.00000       0.00000         232911.1843    0.000000    -0.00004     0.00000    0.000000000   -0.000000245   -0.000000426  257.812366  81131.3266
1578.00   15.0000    0.0000   15.0000  273.7570  273.7570  0.000000       0.00000       0.00000         232844.8222    0.000000    -0.00004     0.00000    0.000000000   -0.000000244   -0.000000426  257.768733  81002.4071
1590.00   15.0000    0.0000   15.0000  273.8350  273.8350  0.000000       0.00000       0.00000         232778.4980    0.000000    -0.00004     0.00000    0.000000000   -0.000000244   -0.000000425  257.725067  80873.6707
1602.00   15.0000    0.0000   15.0000  273.9130  273.9130  0.000000       0.00000       0.00000         232712.2115    0.000000    -0.00004     0.00000    0.000000000   -0.000000244   -0.000000425  257.681368  80745.1172
1614.00   15.0000    0.0000   15.0000  273.9910  273.9910  0.000000       0.00000       0.00000         232645.9628    0.000000    -0.00004     0.00000    0.000000000   -0.000000244   -0.000000425  257.637636  80616.7462
1626.00   15.0000    0.0000   15.0000  274.0690  274.0690  0.000000       0.00000       0.00000         232579.7518    0.000000    -0.00004     0.00000    0.000000000   -0.000000244   -0.000000424  257.593870  80488.5576
1638.00   15.0000    0.0000   15.0000  274.1470  274.1470  0.000000       0.00000       0.00000         232513.5785    0.000000    -0.00004     0.00000    0.000000000   -0.000000244   -0.000000424  257.550070  80360.5510
1650.00   15.0000    0.0000   15.0000  274.2250  274.2250  0.000000       0.00000       0.00000         232447.4428    0.000000    -0.00004     0.00000    0.000000000   -0.000000244   -0.000000423  257.506238  80232.7264
1662.00   15.0000    0.0000   15.0000  274.3030  274.3030  0.000000       0.00000       0.00000         232381.3447    0.000000    -0.00004     0.00000    0.000000000   -0.000000244   -0.000000423  257.462372  80105.0833
1674.00   15.0000    0.0000   15.0000  274.3810  274.3810  0.000000       0.00000       0.00000         232315.2842    0.000000    -0.00004     0.00000    0.000000000   -0.000000244   -0.000000423  257.418473  79977.6216
1686.00   15.0000    0.0000   15.0000  274.4590  274.4590  0.000000       0.00000       0.00000         232249.2613    0.000000    -0.00004     0.00000    0.000000000   -0.000000244   -0.000000422  257.374541  79850.3410
1698.00   15.0000    0.0000   15.0000  274.5370  274.5370  0.000000       0.00000       0.00000         232183.2758    0.000000    -0.00004     0.00000    0.000000000   -0.000000244   -0.000000422  257.330575  79723.2413
1710.00   15.0000    0.0000   15.0000  274.6150  274.6150  0.000000       0.00000       0.00000         232117.3279    0.000000    -0.00004     0.00000    0.000000000   -0.000000244   -0.000000421  257.286576  79596.3222
1722.00   15.0000    0.0000   15.0000  274.6930  274.6930  0.000000       0.00000       0.00000         232051.4174    0.000000    -0.00004     0.00000    0.000000000   -0.000000244   -0.000000421  257.242544  79469.5835
1734.00   15.0000    0.0000   15.0000  274.7710  274.7710  0.000000       0.00000       0.00000         231985.5443    0.000000    -0.00004     0.00000    0.000000000   -0.000000244   -0.000000421  257.198478  79343.0249
1746.00   15.0000    0.0000   15.0000  274.8490  274.8490  0.000000       0.00000       0.00000         231919.7086    0.000000    -0.00004     0.00000    0.000000000   -0.000000244   -0.000000420  257.154379  79216.6463
1758.00   15.0000    0.0000   15.0000  274.9270  274.9270  0.000000       0.00000       0.00000         231853.9103    0.000000    -0.00004     0.00000    0.000000000   -0.000000244   -0.000000420  257.110248  79090.4474
1770.00   15.0000    0.0000   15.0000  275.0050  275.0050  0.000000       0.00000       0.00000         231788.1493    0.000000    -0.00004     0.00000    0.000000000   -0.000000244   -0.000000419  257.066082  78964.4278
1782.00   15.0000    0.0000   15.0000  275.0830  275.0830  0.000000       0.00000       0.00000         231722.4256    0.000000    -0.00004     0.00000    0.000000000   -0.000000244   -0.000000419  257.021884  78838.5875
1794.00   15.0000    0.0000   15.0000  275.1610  275.1610  0.000000       0.00000       0.00000         231656.7391    0.000000    -0.00004     0.00000    0.000000000   -0.000000244   -0.000000418  256.977652  78712.9260
1806.00   15.0000    0.0000   15.0000  275.2390  275.2390  0.000000       0.00000       0.00000         231591.0899    0.000000    -0.00004     0.00000    0.000000000   -0.000000244   -0.000000418  256.933388  78587.4433
1818.00   15.0000    0.0000   15.0000  275.3170  275.3170  0.000000       0.00000       0.00000         231525.4779    0.000000    -0.00004     0.00000    0.000000000   -0.000000244   -0.000000418  256.889090  78462.1391
1830.00   15.0000    0.0000   15.0000  275.3950  275.3950  0.000000       0.00000       0.00000         231459.9030    0.000000    -0.00004     0.00000    0.000000000   -0.000000244   -0.000000417  256.844759  78337.0131
1842.00   15.0000    0.0000   15.0000  275.4730  275.4730  0.000000       0.00000       0.00000         231394.3653    0.000000    -0.00004     0.00000    0.000000000   -0.000000243   -0.000000417  256.800394  78212.0651
1854.00   15.0000    0.0000   15.0000  275.5510  275.5510  0.000000       0.00000       0.00000         231328.8647    0.000000    -0.00005     0.00000    0.000000000   -0.000000243   -0.000000416  256.755997  78087.2948
1866.00   15.0000    0.0000   15.0000  275.6290  275.6290  0.000000       0.00000       0.00000         231263.4012    0.000000    -0.00005     0.00000    0.000000000   -0.000000243   -0.000000416  256.711566  77962.7020
1878.00   15.0000    0.0000   15.0000  275.7070  275.7070  0.000000       0.00000       0.00000         231197.9747    0.000000    -0.00005     0.00000    0.000000000   -0.000000243   -0.000000415  256.667103  77838.2865
1890.00   15.0000    0.0000   15.0000  275.7850  275.7850  0.000000       0.00000       0.00000         231132.5852    0.000000    -0.00005     0.00000    0.000000000   -0.000000243   -0.000000415  256.622606  77714.0481
1902.00   15.0000    0.0000   15.0000  275.8630  275.8630  0.000000       0.00000       0.00000         231067.2326    0.000000    -0.00005     0.00000    0.000000000   -0.000000243   -0.000000415  256.578076  77589.9864
1914.00   15.0000    0.0000   15.0000  275.9410  275.9410  0.000000       0.00000       0.00000         231001.9171    0.000000    -0.00005     0.00000    0.000000000   -0.000000243   -0.000000414  256.533513  77466.1013
1926.00   15.0000    0.0000   15.0000  276.0190  276.0190  0.000000       0.00000       0.00000         230936.6384    0.000000    -0.00005     0.00000    0.000000000   -0.000000243   -0.000000414  256.488916  77342.3925
1938.00   15.0000    0.0000   15.0000  276.0970  276.0970  0.000000       0.00000       0.00000         230871.3966    0.000000    -0.00005     0.00000    0.000000000   -0.000000243   -0.000000413  256.444287  77218.8599
1950.00   15.0000    0.0000   15.0000  276.1750  276.1750  0.000000       0.00000       0.00000         230806.1917    0.000000    -0.00005     0.00000    0.000000000   -0.000000243   -0.000000413  256.399625  77095.5030
1962.00   15.0000    0.0000   15.0000  276.2530  276.2530  0.000000       0.00000       0.00000         230741.0236    0.000000    -0.00005     0.00000    0.000000000   -0.000000243   -0.000000412  256.354929  76972.3218
1974.00   15.0000    0.0000   15.0000  276.3310  276.3310  0.000000       0.00000       0.00000         230675.8923    0.000000    -0.00005     0.00000    0.000000000   -0.000000243   -0.000000412  256.310201  76849.3160
1986.00   15.0000    0.0000   15.0000  276.4090  276.4090  0.000000       0.00000       0.00000         230610.7978    0.000000    -0.00005     0.00000    0.000000000   -0.000000243   -0.000000411  256.265439  76726.4853
1998.00   15.0000    0.0000   15.0000  276.4870  276.4870  0.000000       0.00000       0.00000         230545.7399    0.000000    -0.00005     0.00000    0.000000000   -0.000000243   -0.000000411  256.220645  76603.8295
2010.00   15.0000    0.0000   15.0000  276.5650  276.5650  0.000000       0.00000       0.00000         230480.7188    0.000000    -0.00005     0.00000    0.000000000   -0.000000242   -0.000000411  256.175817  76481.3484
2022.00   15.0000    0.0000   15.0000  276.6430  276.6430  0.000000       0.00000       0.00000         230415.7344    0.000000    -0.00005     0.00000    0.000000000   -0.000000242   -0.000000410  256.130957  76359.0417
2034.00   15.0000    0.0000   15.0000  276.7210  276.7210  0.000000       0.00000       0.00000         230350.7865    0.000000    -0.00005     0.00000    0.000000000   -0.000000242   -0.000000410  256.086063  76236.9093
2046.00   15.0000    0.0000   15.0000  276.7990  276.7990  0.000000       0.00000       0.00000         230285.8753    0.000000    -0.00005     0.00000    0.000000000   -0.000000242   -0.000000409  256.041136  76114.9508
2058.00   15.0000    0.0000   15.0000  276.8770  276.8770  0.000000       0.00000       0.00000         230221.0007    0.000000    -0.00005     0.00000    0.000000000   -0.000000242   -0.000000409  255.996177  75993.1661
2070.00   15.0000    0.0000   15.0000  276.9550  276.9550  0.000000       0.00000       0.00000         230156.1626    0.000000    -0.00005     0.00000    0.000000000   -0.000000242   -0.000000408  255.951184  75871.5548
2082.00   15.0000    0.0000   15.0000  277.0330  277.0330  0.000000       0.00000       0.00000         230091.3610    0.000000    -0.00005     0.00000    0.000000000   -0.000000242   -0.000000408  255.906158  75750.1169
2094.00   15.0000    0.0000   15.0000  277.1110  277.1110  0.000000       0.00000       0.00000         230026.5958    0.000000    -0.00005     0.00000    0.000000000   -0.000000242   -0.000000407  255.861100  75628.8520
2106.00   15.0000    0.0000   15.0000  277.1890  277.1890  0.000000       0.00000       0.00000         229961.8672    0.000000    -0.00005     0.00000    0.000000000   -0.000000242   -0.000000407  255.816008  75507.7599
2118.00   15.0000    0.0000   15.0000  277.2670  277.2670  0.000000       0.00000       0.00000         229897.1749    0.000000    -0.00005     0.00000    0.000000000   -0.000000242   -0.000000406  255.770884  75386.8404
2130.00   15.0000    0.0000   15.0000  277.3450  277.3450  0.000000       0.00000       0.00000         229832.5191    0.000000    -0.00005     0.00000    0.000000000   -0.000000242   -0.000000406  255.725726  75266.0932
2142.00   15.0000    0.0000   15.0000  277.4230  277.4230  0.000000       0.00000       0.00000         229767.8996    0.000000    -0.00005     0.00000    0.000000000   -0.000000242   -0.000000405  255.680536  75145.5182
2154.00   15.0000    0.0000   15.0000  277.5010  277.5010  0.000000       0.00000       0.00000         229703.3164    0.000000    -0.00005     0.00000    0.000000000   -0.000000241   -0.000000405  255.635313  75025.1151
2166.00   15.0000    0.0000   15.0000  277.5790  277.5790  0.000000       0.00000       0.00000         229638.7695    0.000000    -0.00005     0.00000    0.000000000   -0.000000241   -0.000000405  255.590056  74904.8836
2178.00   15.0000    0.0000   15.0000  277.6570  277.6570  0.000000       0.00000       0.00000         229574.2589    0.000000    -0.00005     0.00000    0.000000000   -0.000000241   -0.000000404  255.544767  74784.8235
2190.00   15.0000    0.0000   15.0000  277.7350  277.7350  0.000000       0.00000       0.00000         229509.7845    0.000000    -0.00005     0.00000    0.000000000   -0.000000241   -0.000000404  255.499445  74664.9347
2202.00   15.0000    0.0000   15.0000  277.8130  277.8130  0.000000       0.00000       0.00000         229445.3463    0.000000    -0.00005     0.00000    0.000000000   -0.000000241   -0.000000403  255.454090  74545.2168
2214.00   15.0000    0.0000   15.0000  277.8910  277.8910  0.000000       0.00000       0.00000         229380.9443    0.000000    -0.00005     0.00000    0.000000000   -0.000000241   -0.000000403  255.408703  74425.6696
2226.00   15.0000    0.0000   15.0000  277.9690  277.9690  0.000000       0.00000       0.00000         229316.5785    0.000000    -0.00005     0.00000    0.000000000   -0.000000241   -0.000000402  255.363282  74306.2930
2238.00   15.0000    0.0000   15.0000  278.0470  278.0470  0.000000       0.00000       0.00000         229252.2487    0.000000    -0.00005     0.00000    0.000000000   -0.000000241   -0.000000402  255.317829  74187.0867
2250.00   15.0000    0.0000   15.0000  278.1250  278.1250  0.000000       0.00000       0.00000         229187.9551    0.000000    -0.00005     0.00000    0.000000000   -0.000000241   -0.000000401  255.272342  74068.0504
2262.00   15.0000    0.0000   15.0000  278.2030  278.2030  0.000000       0.00000       0.00000         229123.6974    0.000000    -0.00006     0.00000    0.000000000   -0.000000240   -0.000000401  255.226823  73949.1839
2274.00   15.0000    0.0000   15.0000  278.2810  278.2810  0.000000       0.00000       0.00000         229059.4759    0.000000    -0.00006     0.00000    0.000000000   -0.000000240   -0.000000400  255.181271  73830.4871
2286.00   15.0000    0.0000   15.0000  278.3590  278.3590  0.000000       0.00000       0.00000         228995.2903    0.000000    -0.00006     0.00000    0.000000000   -0.000000240   -0.000000400  255.135686  73711.9596
2298.00   15.0000    0.0000   15.0000  278.4370  278.4370  0.000000       0.00000       0.00000         228931.1406    0.000000    -0.00006     0.00000    0.000000000   -0.000000240   -0.000000399  255.090069  73593.6013
2310.00   15.0000    0.0000   15.0000  278.5150  278.5150  0.000000       0.00000       0.00000         228867.0269    0.000000    -0.00006     0.00000    0.000000000   -0.000000240   -0.000000399  255.044418  73475.4118
2322.00   15.0000    0.0000   15.0000  278.5930  278.5930  0.000000       0.00000       0.00000         228802.9491    0.000000    -0.00006     0.00000    0.000000000   -0.000000240   -0.000000398  254.998735  73357.3911
2334.00   15.0000    0.0000   15.0000  278.6710  278.6710  0.000000       0.00000       0.00000         228738.9072    0.000000    -0.00006     0.00000    0.000000000   -0.000000240   -0.000000398  254.953019  73239.5389
2346.00   15.0000    0.0000   15.0000  278.7490  278.7490  0.000000       0.00000       0.00000         228674.9011    0.000000    -0.00006     0.00000    0.000000000   -0.000000240   -0.000000397  254.907270  73121.8549
2358.00   15.0000    0.0000   15.0000  278.8270  278.8270  0.000000       0.00000       0.00000         228610.9308    0.000000    -0.00006     0.00000    0.000000000   -0.000000240   -0.000000397  254.861489  73004.3389
2370.00   15.0000    0.0000   15.0000  278.9050  278.9050  0.000000       0.00000       0.00000         228546.9963    0.000000    -0.00006     0.00000    0.000000000   -0.000000239   -0.000000396  254.815674  72886.9907
2382.00   15.0000    0.0000   15.0000  278.9830  278.9830  0.000000       0.00000       0.00000              0.0000    0.000000    -0.00006     0.00000    0.000000000    0.000000000    0.000000000  254.769827  72769.8101
2394.00   15.0000    0.0000   15.0000  279.0610  279.0610  0.000000       0.00000       0.00000              0.0000    0.000000     0.00000     0.00000    0.000000000    0.000000000    0.000000000  254.723948  72652.7968
