   0.00    0.0000    0.0000    0.0000  248.0398  248.0398  0.000000       0.00000       0.00000              0.0000    0.000000     0.00000     0.00000    0.000000000    0.000000000    0.000000000    0.000000      0.0000
   6.00    7.1876    3.5415    8.0127  250.3666  250.3666  0.000000       0.59726       0.59726              0.0000    0.000000     0.00000     0.00000   -0.000063849    0.000000000    0.000000000  250.278906  99877.2996
  18.00    8.3709    4.0084    9.2811  250.6268  250.6268  0.000000       1.55445       1.55445              0.0930    0.000000    -0.00000     0.00000   -0.000070232    0.000000000    0.000000000  250.392557  99673.0034
  30.00    9.1816    4.2577   10.1208  250.8110  250.8110  0.000000       1.37682       1.37682              0.1278    0.000000    -0.00000     0.00000   -0.000081869    0.000000388    0.000000294  250.459378  99509.9668
  42.00    9.9545    4.4306   10.8959  250.9927  250.9927  0.000000       1.46306       1.46306              0.1470    0.000000    -0.00000     0.00000   -0.000086066    0.000000365    0.000000271  250.523725  99347.2396
  54.00   10.6615    4.5302   11.5841  251.1659  251.1659  0.000000       1.37328       1.37328              0.1681    0.000000    -0.00000     0.00000   -0.000089017    0.000000350    0.000000256  250.579490  99184.8173
  66.00   11.3399    4.5692   12.2258  251.3404  251.3404  0.000000       1.29583       1.29583              0.1864    0.000000    -0.00000     0.00000   -0.000091424    0.000000361    0.000000266  250.636418  99022.6970
  78.00   11.9902    4.5506   12.8247  251.5174  251.5174  0.000000       1.18534       1.18534              0.2051    0.000000    -0.00000     0.00000   -0.000093496    0.000000382    0.000000286  250.695858  98860.8792
  90.00   12.6179    4.4756   13.3882  251.7003  251.7003  0.000000       1.07067       1.07067              0.2237    0.000000    -0.00001     0.00000   -0.000095419    0.000000416    0.000000319  250.760933  98699.3659
 102.00   13.2222    4.3441   13.9176  251.8907  251.8907  0.000000       0.95020       0.95020              0.2431    0.000000    -0.00001     0.00000   -0.000097230    0.000000461    0.000000362  250.833564  98538.1608
 114.00   13.8012    4.1552   14.4131  252.0912  252.0912  0.000000       0.83039       0.83039              0.2636    0.000000    -0.00001     0.00000   -0.000098984    0.000000519    0.000000417  250.916039  98377.2686
 126.00   14.3504    3.9074   14.8728  252.3040  252.3040  0.000000       0.71311       0.71311              0.2858    0.000000    -0.00001     0.00000   -0.000100740    0.000000590    0.000000485  251.010682  98216.6958
 138.00   14.8637    3.5991   15.2932  252.5319  252.5319  0.000000       0.60070       0.60070              0.3104    0.000000    -0.00001     0.00000   -0.000102569    0.000000678    0.000000570  251.120261  98056.4502
 150.00   15.3323    3.2293   15.6687  252.7783  252.7783  0.000000       0.49457       0.49457              0.3382    0.000000    -0.00001     0.00000   -0.000104530    0.000000789    0.000000676  251.248128  97896.5416
 162.00   15.7449    2.7972   15.9915  253.0475  253.0475  0.000000       0.39587       0.39587              0.3704    0.000000    -0.00001     0.00000   -0.000106708    0.000000929    0.000000811  251.398606  97736.9821
 174.00   16.0864    2.3040   16.2505  253.3455  253.3455  0.000000       0.30554       0.30554              0.4089    0.000000    -0.00002     0.00000   -0.000109236    0.000001113    0.000000987  251.577520  97577.7869
 186.00   16.3365    1.7537   16.4304  253.6808  253.6808  0.000000       0.22410       0.22410              0.4570    0.000000    -0.00002     0.00000   -0.000112260    0.000001362    0.000001227  251.793278  97418.9755
 198.00   16.4676    1.1560   16.5082  254.0663  254.0663  0.000000       0.15266       0.15266              0.5206    0.000000    -0.00003     0.00000   -0.000116109    0.000001723    0.000001574  252.058721  97260.5738
 210.00   16.4401    0.5322   16.4487  254.5253  254.5253  0.000000       0.09093       0.09093              0.6143    0.000000    -0.00004     0.00000   -0.000121187    0.000002296    0.000002124  252.396866  97102.6187
 222.00   16.1932   -0.0611   16.1933  255.1005  255.1005  0.000000       0.04276       0.04276              0.7765    0.000000    -0.00004     0.00000   -0.000128334    0.000003573    0.000003334  252.850053  96945.1669
 234.00   15.6063   -0.4777   15.6136  255.9687  255.9687  0.000000       0.00324       0.00324              1.5230    0.000000     0.00000     0.00000   -0.000121470    0.000006692    0.000006248  253.593296  96788.3411
 246.00   15.0057   -0.1992   15.0070  257.4680  257.4680  0.000000       0.00006       0.00006              3.8069    0.000000    -0.00007     0.00000   -0.000016990    0.000007482    0.000007316  254.961217  96632.4175
 258.00   14.9993   -0.0022   14.9993  258.4452  258.4452  0.000000       0.00000       0.00000             31.8572    0.000000    -0.00003     0.00000   -0.000000207    0.000004166    0.000004023  255.811563  96477.4215
 270.00   15.0000   -0.0000   15.0000  258.8568  258.8568  0.000000       0.00000       0.00000         126032.9556    0.000000    -0.00003     0.00000   -0.000000000    0.000002238    0.000002051  256.101786  96323.0191
 282.00   15.0000   -0.0000   15.0000  259.2557  259.2557  0.000000       0.00000       0.00000        1184331.3647    0.000000    -0.00003     0.00000    0.000000000    0.000002064    0.000001881  256.379191  96169.0345
 294.00   15.0000   -0.0000   15.0000  259.6083  259.6083  0.000000       0.00000       0.00000        1088160.7458    0.000000    -0.00003     0.00000    0.000000000    0.000001876    0.000001693  256.610712  96015.4484
 306.00   15.0000   -0.0000   15.0000  259.9470  259.9470  0.000000       0.00000       0.00000        1048877.1625    0.000000    -0.00003     0.00000    0.000000000    0.000001816    0.000001631  256.828384  95862.2417
 318.00   15.0000   -0.0000   15.0000  260.2755  260.2755  0.000000       0.00000       0.00000        1020554.1339    0.000000    -0.00003     0.00000    0.000000000    0.000001779    0.000001593  257.035792  95709.4058
 330.00   15.0000    0.0000   15.0000  260.5971  260.5971  0.000000       0.00000       0.00000         999243.8715    0.000000    -0.00003     0.00000    0.000000000    0.000001757    0.000001568  257.236179  95556.9346
 342.00   15.0000    0.0000   15.0000  260.9128  260.9128  0.000000       0.00000       0.00000         979972.1904    0.000000    -0.00003     0.00000    0.000000000    0.000001737    0.000001547  257.430672  95404.8229
 354.00   15.0000    0.0000   15.0000  261.2228  261.2228  0.000000       0.00000       0.00000         958761.3746    0.000000    -0.00003     0.00000    0.000000000    0.000001711    0.000001519  257.619393  95253.0663
 366.00   15.0000    0.0000   15.0000  261.5258  261.5258  0.000000       0.00000       0.00000         936344.9498    0.000000    -0.00003     0.00000    0.000000000    0.000001679    0.000001485  257.800966  95101.6598
 378.00   15.0000    0.0000   15.0000  261.8221  261.8221  0.000000       0.00000       0.00000         899085.6267    0.000000    -0.00003     0.00000    0.000000000    0.000001603    0.000001409  257.975970  94950.5985
 390.00   15.0000    0.0000   15.0000  262.1019  262.1019  0.000000       0.00000       0.00000         870416.3266    0.000000    -0.00003     0.00000    0.000000000    0.000001548    0.000001353  258.134422  94799.8745
 402.00   15.0000    0.0000   15.0000  262.3805  262.3805  0.000000       0.00000       0.00000         788968.2670    0.000000    -0.00003     0.00000    0.000000000    0.000001340    0.000001149  258.291660  94649.4816
 414.00   15.0000    0.0000   15.0000  262.6085  262.6085  0.000000       0.00000       0.00000         719272.1654    0.000000    -0.00003     0.00000    0.000000000    0.000001159    0.000000967  258.398973  94499.4042
 426.00   15.0000    0.0000   15.0000  262.8427  262.8427  0.000000       0.00000       0.00000         699777.8309    0.000000    -0.00003     0.00000    0.000000000    0.000001115    0.000000924  258.512330  94349.6286
 438.00   15.0000    0.0000   15.0000  263.0586  263.0586  0.000000       0.00000       0.00000         665837.2038    0.000000    -0.00003     0.00000    0.000000000    0.000001028    0.000000836  258.607515  94200.1507
 450.00   15.0000    0.0000   15.0000  263.2714  263.2714  0.000000       0.00000       0.00000         651162.6613    0.000000    -0.00003     0.00000    0.000000000    0.000000995    0.000000802  258.699551  94050.9636
 462.00   15.0000    0.0000   15.0000  263.4782  263.4782  0.000000       0.00000       0.00000         635967.8591    0.000000    -0.00003     0.00000    0.000000000    0.000000959    0.000000766  258.785595  93902.0640
 474.00   15.0000    0.0000   15.0000  263.6815  263.6815  0.000000       0.00000       0.00000         624927.6935    0.000000    -0.00003     0.00000    0.000000000    0.000000934    0.000000740  258.868144  93753.4485
 486.00   15.0000    0.0000   15.0000  263.8814  263.8814  0.000000       0.00000       0.00000         614995.5453    0.000000    -0.00003     0.00000    0.000000000    0.000000912    0.000000717  258.947322  93605.1145
 498.00   15.0000    0.0000   15.0000  264.0787  264.0787  0.000000       0.00000       0.00000         606164.4536    0.000000    -0.00003     0.00000    0.000000000    0.000000893    0.000000697  259.023698  93457.0596
 510.00   15.0000    0.0000   15.0000  264.2732  264.2732  0.000000       0.00000       0.00000         597901.2573    0.000000    -0.00003     0.00000    0.000000000    0.000000875    0.000000678  259.097393  93309.2817
 522.00   15.0000    0.0000   15.0000  264.4654  264.4654  0.000000       0.00000       0.00000         589853.3407    0.000000    -0.00003     0.00000    0.000000000    0.000000857    0.000000659  259.168639  93161.7787
 534.00   15.0000    0.0000   15.0000  264.6550  264.6550  0.000000       0.00000       0.00000         581588.9174    0.000000    -0.00003     0.00000    0.000000000    0.000000838    0.000000639  259.237334  93014.5486
 546.00   15.0000    0.0000   15.0000  264.8420  264.8420  0.000000       0.00000       0.00000         571625.6684    0.000000    -0.00003     0.00000    0.000000000    0.000000813    0.000000614  259.303435  92867.5893
 558.00   15.0000    0.0000   15.0000  265.0255  265.0255  0.000000       0.00000       0.00000         561416.0540    0.000000    -0.00003     0.00000    0.000000000    0.000000787    0.000000587  259.365901  92720.8986
 570.00   15.0000    0.0000   15.0000  265.2062  265.2062  0.000000       0.00000       0.00000         543840.5635    0.000000    -0.00003     0.00000    0.000000000    0.000000737    0.000000537  259.425609  92574.4741
 582.00   15.0000    0.0000   15.0000  265.3785  265.3785  0.000000       0.00000       0.00000         528107.6993    0.000000    -0.00003     0.00000    0.000000000    0.000000692    0.000000492  259.477000  92428.3121
 594.00   15.0000    0.0000   15.0000  265.5492  265.5492  0.000000       0.00000       0.00000         497109.2827    0.000000    -0.00003     0.00000    0.000000000    0.000000597    0.000000398  259.526784  92282.4092
 606.00   15.0000    0.0000   15.0000  265.7015  265.7015  0.000000       0.00000       0.00000         451089.6689    0.000000    -0.00003     0.00000    0.000000000    0.000000454    0.000000257  259.558555  92136.7596
 618.00   15.0000    0.0000   15.0000  265.8425  265.8425  0.000000       0.00000       0.00000         424147.5749    0.000000    -0.00003     0.00000    0.000000000    0.000000370    0.000000173  259.579143  91991.3545
 630.00   15.0000    0.0000   15.0000  265.9775  265.9775  0.000000       0.00000       0.00000         405781.8461    0.000000    -0.00003     0.00000    0.000000000    0.000000312    0.000000116  259.593820  91846.1887
 642.00   15.0000    0.0000   15.0000  266.1066  266.1066  0.000000       0.00000       0.00000         391484.3315    0.000000    -0.00003     0.00000    0.000000000    0.000000268    0.000000072  259.602755  91701.2586
 654.00   15.0000    0.0000   15.0000  266.2324  266.2324  0.000000       0.00000       0.00000         381872.5322    0.000000    -0.00003     0.00000    0.000000000    0.000000237    0.000000042  259.608356  91556.5612
 666.00   15.0000    0.0000   15.0000  266.3554  266.3554  0.000000       0.00000       0.00000         374403.1117    0.000000    -0.00003     0.00000    0.000000000    0.000000214    0.000000018  259.611190  91412.0945
 678.00   15.0000    0.0000   15.0000  266.4765  266.4765  0.000000       0.00000       0.00000         368662.4971    0.000000    -0.00003     0.00000    0.000000000    0.000000196    0.000000000  259.612048  91267.8568
 690.00   15.0000    0.0000   15.0000  266.5959  266.5959  0.000000       0.00000       0.00000         363796.3267    0.000000    -0.00003     0.00000    0.000000000    0.000000180   -0.000000015  259.611235  91123.8467
 702.00   15.0000    0.0000   15.0000  266.7139  266.7139  0.000000       0.00000       0.00000         359648.2329    0.000000    -0.00003     0.00000    0.000000000    0.000000167   -0.000000028  259.609000  90980.0629
 714.00   15.0000    0.0000   15.0000  266.8306  266.8306  0.000000       0.00000       0.00000         356180.8072    0.000000    -0.00003     0.00000    0.000000000    0.000000156   -0.000000039  259.605550  90836.5045
 726.00   15.0000    0.0000   15.0000  266.9464  266.9464  0.000000       0.00000       0.00000         353194.4787    0.000000    -0.00003     0.00000    0.000000000    0.000000147   -0.000000049  259.601109  90693.1704
 738.00   15.0000    0.0000   15.0000  267.0614  267.0614  0.000000       0.00000       0.00000         350477.7858    0.000000    -0.00003     0.00000    0.000000000    0.000000138   -0.000000058  259.595758  90550.0598
 750.00   15.0000    0.0000   15.0000  267.1755  267.1755  0.000000       0.00000       0.00000         347884.6465    0.000000    -0.00003     0.00000    0.000000000    0.000000130   -0.000000066  259.589587  90407.1719
 762.00   15.0000    0.0000   15.0000  267.2888  267.2888  0.000000       0.00000       0.00000         345570.9176    0.000000    -0.00003     0.00000    0.000000000    0.000000122   -0.000000073  259.582582  90264.5058
 774.00   15.0000    0.0000   15.0000  267.4016  267.4016  0.000000       0.00000       0.00000         342676.6188    0.000000    -0.00003     0.00000    0.000000000    0.000000113   -0.000000083  259.574935  90122.0608
 786.00   15.0000    0.0000   15.0000  267.5131  267.5131  0.000000       0.00000       0.00000         340570.1743    0.000000    -0.00003     0.00000    0.000000000    0.000000106   -0.000000090  259.566086  89979.8361
 798.00   15.0000    0.0000   15.0000  267.6245  267.6245  0.000000       0.00000       0.00000         336738.8567    0.000000    -0.00003     0.00000    0.000000000    0.000000094   -0.000000102  259.557093  89837.8310
 810.00   15.0000    0.0000   15.0000  267.7337  267.7337  0.000000       0.00000       0.00000         332751.5179    0.000000    -0.00003     0.00000    0.000000000    0.000000081   -0.000000115  259.545803  89696.0444
 822.00   15.0000    0.0000   15.0000  267.8426  267.8426  0.000000       0.00000       0.00000         330972.8900    0.000000    -0.00003     0.00000    0.000000000    0.000000075   -0.000000121  259.534267  89554.4754
 834.00   15.0000    0.0000   15.0000  267.9506  267.9506  0.000000       0.00000       0.00000         329146.9929    0.000000    -0.00003     0.00000    0.000000000    0.000000069   -0.000000127  259.521838  89413.1233
 846.00   15.0000    0.0000   15.0000  268.0584  268.0584  0.000000       0.00000       0.00000         327924.8694    0.000000    -0.00003     0.00000    0.000000000    0.000000065   -0.000000131  259.509133  89271.9875
 858.00   15.0000    0.0000   15.0000  268.1657  268.1657  0.000000       0.00000       0.00000         326867.6725    0.000000    -0.00003     0.00000    0.000000000    0.000000061   -0.000000134  259.495918  89131.0675
 870.00   15.0000    0.0000   15.0000  268.2729  268.2729  0.000000       0.00000       0.00000         326523.6804    0.000000    -0.00003     0.00000    0.000000000    0.000000060   -0.000000135  259.482530  88990.3627
 882.00   15.0000    0.0000   15.0000  268.3801  268.3801  0.000000       0.00000       0.00000         326552.1391    0.000000    -0.00003     0.00000    0.000000000    0.000000060   -0.000000135  259.469086  88849.8727
 894.00   15.0000    0.0000   15.0000  268.4874  268.4874  0.000000       0.00000       0.00000         327048.6596    0.000000    -0.00003     0.00000    0.000000000    0.000000062   -0.000000134  259.455706  88709.5973
 906.00   15.0000    0.0000   15.0000  268.5950  268.5950  0.000000       0.00000       0.00000         328411.7886    0.000000    -0.00003     0.00000    0.000000000    0.000000066   -0.000000130  259.442566  88569.5362
 918.00   15.0000    0.0000   15.0000  268.7033  268.7033  0.000000       0.00000       0.00000         330943.7090    0.000000    -0.00003     0.00000    0.000000000    0.000000075   -0.000000122  259.430040  88429.6894
 930.00   15.0000    0.0000   15.0000  268.8126  268.8126  0.000000       0.00000       0.00000         335401.1673    0.000000    -0.00003     0.00000    0.000000000    0.000000089   -0.000000108  259.418498  88290.0569
 942.00   15.0000    0.0000   15.0000  268.9239  268.9239  0.000000       0.00000       0.00000         343993.0019    0.000000    -0.00003     0.00000    0.000000000    0.000000118   -0.000000080  259.408793  88150.6391
 954.00   15.0000    0.0000   15.0000  269.0390  269.0390  0.000000       0.00000       0.00000         360006.7191    0.000000    -0.00004     0.00000    0.000000000    0.000000170   -0.000000029  259.402697  88011.4373
 966.00   15.0000    0.0000   15.0000  269.1610  269.1610  0.000000       0.00000       0.00000         415451.7401    0.000000    -0.00005     0.00000    0.000000000    0.000000353    0.000000150  259.403152  87872.4538
 978.00   15.0000    0.0000   15.0000  269.3127  269.3127  0.000000       0.00000       0.00000         416086.9576    0.000000    -0.00004     0.00000    0.000000000    0.000000356    0.000000153  259.432250  87733.6976
 990.00   15.0000    0.0000   15.0000  269.4352  269.4352  0.000000       0.00000       0.00000        1061993.1116    0.000000    -0.00018     0.00000    0.000000000    0.000002533    0.000002249  259.433152  87595.1686
1002.00   15.0000    0.0000   15.0000  270.0130  270.0130  0.000000       0.00000       0.00000         992354.2104    0.000000    -0.00002     0.00000    0.000000000    0.000002306    0.000002099  259.872243  87456.9752
1014.00   15.0000    0.0000   15.0000  270.0910  270.0910  0.000000       0.00000       0.00000         236005.2723    0.000000    -0.00002     0.00000    0.000000000   -0.000000245   -0.000000444  259.830203  87319.1053
1026.00   15.0000    0.0000   15.0000  270.1690  270.1690  0.000000       0.00000       0.00000         235937.1356    0.000000    -0.00002     0.00000    0.000000000   -0.000000245   -0.000000444  259.788130  87181.4306
1038.00   15.0000    0.0000   15.0000  270.2470  270.2470  0.000000       0.00000       0.00000         235869.0383    0.000000    -0.00003     0.00000    0.000000000   -0.000000245   -0.000000443  259.746022  87043.9506
1050.00   15.0000    0.0000   15.0000  270.3250  270.3250  0.000000       0.00000       0.00000         235800.9803    0.000000    -0.00003     0.00000    0.000000000   -0.000000245   -0.000000443  259.703880  86906.6652
1062.00   15.0000    0.0000   15.0000  270.4030  270.4030  0.000000       0.00000       0.00000         235732.9615    0.000000    -0.00003     0.00000    0.000000000   -0.000000245   -0.000000443  259.661705  86769.5741
1074.00   15.0000    0.0000   15.0000  270.4810  270.4810  0.000000       0.00000       0.00000         235664.9820    0.000000    -0.00003     0.00000    0.000000000   -0.000000245   -0.000000442  259.619496  86632.6770
1086.00   15.0000    0.0000   15.0000  270.5590  270.5590  0.000000       0.00000       0.00000         235597.0417    0.000000    -0.00003     0.00000    0.000000000   -0.000000245   -0.000000442  259.577253  86495.9737
1098.00   15.0000    0.0000   15.0000  270.6370  270.6370  0.000000       0.00000       0.00000         235529.1405    0.000000    -0.00003     0.00000    0.000000000   -0.000000245   -0.000000442  259.534977  86359.4639
1110.00   15.0000    0.0000   15.0000  270.7150  270.7150  0.000000       0.00000       0.00000         235461.2785    0.000000    -0.00003     0.00000    0.000000000   -0.000000245   -0.000000441  259.492666  86223.1473
1122.00   15.0000    0.0000   15.0000  270.7930  270.7930  0.000000       0.00000       0.00000         235393.4555    0.000000    -0.00003     0.00000    0.000000000   -0.000000245   -0.000000441  259.450322  86087.0237
1134.00   15.0000    0.0000   15.0000  270.8710  270.8710  0.000000       0.00000       0.00000         235325.6716    0.000000    -0.00003     0.00000    0.000000000   -0.000000245   -0.000000441  259.407945  85951.0929
1146.00   15.0000    0.0000   15.0000  270.9490  270.9490  0.000000       0.00000       0.00000         235257.9268    0.000000    -0.00003     0.00000    0.000000000   -0.000000245   -0.000000440  259.365533  85815.3545
1158.00   15.0000    0.0000   15.0000  271.0270  271.0270  0.000000       0.00000       0.00000         235190.2209    0.000000    -0.00003     0.00000    0.000000000   -0.000000245   -0.000000440  259.323088  85679.8083
1170.00   15.0000    0.0000   15.0000  271.1050  271.1050  0.000000       0.00000       0.00000         235122.5540    0.000000    -0.00003     0.00000    0.000000000   -0.000000245   -0.000000440  259.280609  85544.4541
1182.00   15.0000    0.0000   15.0000  271.1830  271.1830  0.000000       0.00000       0.00000         235054.9260    0.000000    -0.00003     0.00000    0.000000000   -0.000000245   -0.000000439  259.238096  85409.2916
1194.00   15.0000    0.0000   15.0000  271.2610  271.2610  0.000000       0.00000       0.00000         234987.3369    0.000000    -0.00003     0.00000    0.000000000   -0.000000245   -0.000000439  259.195550  85274.3205
1206.00   15.0000    0.0000   15.0000  271.3390  271.3390  0.000000       0.00000       0.00000         234919.7867    0.000000    -0.00003     0.00000    0.000000000   -0.000000245   -0.000000439  259.152970  85139.5406
1218.00   15.0000    0.0000   15.0000  271.4170  271.4170  0.000000       0.00000       0.00000         234852.2753    0.000000    -0.00003     0.00000    0.000000000   -0.000000245   -0.000000438  259.110357  85004.9517
1230.00   15.0000    0.0000   15.0000  271.4950  271.4950  0.000000       0.00000       0.00000         234784.8027    0.000000    -0.00003     0.00000    0.000000000   -0.000000245   -0.000000438  259.067709  84870.5534
1242.00   15.0000    0.0000   15.0000  271.5730  271.5730  0.000000       0.00000       0.00000         234717.3688    0.000000    -0.00003     0.00000    0.000000000   -0.000000245   -0.000000438  259.025028  84736.3455
1254.00   15.0000    0.0000   15.0000  271.6510  271.6510  0.000000       0.00000       0.00000         234649.9737    0.000000    -0.00003     0.00000    0.000000000   -0.000000245   -0.000000437  258.982314  84602.3277
1266.00   15.0000    0.0000   15.0000  271.7290  271.7290  0.000000       0.00000       0.00000         234582.6172    0.000000    -0.00003     0.00000    0.000000000   -0.000000245   -0.000000437  258.939566  84468.4999
1278.00   15.0000    0.0000   15.0000  271.8070  271.8070  0.000000       0.00000       0.00000         234515.2995    0.000000    -0.00003     0.00000    0.000000000   -0.000000245   -0.000000437  258.896784  84334.8617
1290.00   15.0000    0.0000   15.0000  271.8850  271.8850  0.000000       0.00000       0.00000         234448.0203    0.000000    -0.00003     0.00000    0.000000000   -0.000000245   -0.000000436  258.853969  84201.4128
1302.00   15.0000    0.0000   15.0000  271.9630  271.9630  0.000000       0.00000       0.00000         234380.7797    0.000000    -0.00003     0.00000    0.000000000   -0.000000245   -0.000000436  258.811120  84068.1532
1314.00   15.0000    0.0000   15.0000  272.0410  272.0410  0.000000       0.00000       0.00000         234313.5777    0.000000    -0.00003     0.00000    0.000000000   -0.000000245   -0.000000435  258.768237  83935.0823
1326.00   15.0000    0.0000   15.0000  272.1190  272.1190  0.000000       0.00000       0.00000         234246.4143    0.000000    -0.00003     0.00000    0.000000000   -0.000000245   -0.000000435  258.725321  83802.2002
1338.00   15.0000    0.0000   15.0000  272.1970  272.1970  0.000000       0.00000       0.00000         234179.2893    0.000000    -0.00003     0.00000    0.000000000   -0.000000245   -0.000000435  258.682371  83669.5064
1350.00   15.0000    0.0000   15.0000  272.2750  272.2750  0.000000       0.00000       0.00000         234112.2027    0.000000    -0.00003     0.00000    0.000000000   -0.000000245   -0.000000434  258.639388  83537.0007
1362.00   15.0000    0.0000   15.0000  272.3530  272.3530  0.000000       0.00000       0.00000         234045.1546    0.000000    -0.00003     0.00000    0.000000000   -0.000000245   -0.000000434  258.596371  83404.6829
1374.00   15.0000    0.0000   15.0000  272.4310  272.4310  0.000000       0.00000       0.00000         233978.1449    0.000000    -0.00003     0.00000    0.000000000   -0.000000245   -0.000000434  258.553321  83272.5527
1386.00   15.0000    0.0000   15.0000  272.5090  272.5090  0.000000       0.00000       0.00000         233911.1736    0.000000    -0.00003     0.00000    0.000000000   -0.000000245   -0.000000433  258.510237  83140.6098
1398.00   15.0000    0.0000   15.0000  272.5870  272.5870  0.000000       0.00000       0.00000         233844.2406    0.000000    -0.00003     0.00000    0.000000000   -0.000000245   -0.000000433  258.467120  83008.8541
1410.00   15.0000    0.0000   15.0000  272.6650  272.6650  0.000000       0.00000       0.00000         233777.3458    0.000000    -0.00003     0.00000    0.000000000   -0.000000245   -0.000000432  258.423969  82877.2852
1422.00   15.0000    0.0000   15.0000  272.7430  272.7430  0.000000       0.00000       0.00000         233710.4894    0.000000    -0.00003     0.00000    0.000000000   -0.000000245   -0.000000432  258.380785  82745.9030
1434.00   15.0000    0.0000   15.0000  272.8210  272.8210  0.000000       0.00000       0.00000         233643.6711    0.000000    -0.00003     0.00000    0.000000000   -0.000000245   -0.000000432  258.337567  82614.7071
1446.00   15.0000    0.0000   15.0000  272.8990  272.8990  0.000000       0.00000       0.00000         233576.8911    0.000000    -0.00004     0.00000    0.000000000   -0.000000245   -0.000000431  258.294316  82483.6973
1458.00   15.0000    0.0000   15.0000  272.9770  272.9770  0.000000       0.00000       0.00000         233510.1492    0.000000    -0.00004     0.00000    0.000000000   -0.000000245   -0.000000431  258.251031  82352.8734
1470.00   15.0000    0.0000   15.0000  273.0550  273.0550  0.000000       0.00000       0.00000         233443.4455    0.000000    -0.00004     0.00000    0.000000000   -0.000000245   -0.000000431  258.207713  82222.2351
1482.00   15.0000    0.0000   15.0000  273.1330  273.1330  0.000000       0.00000       0.00000         233376.7798    0.000000    -0.00004     0.00000    0.000000000   -0.000000245   -0.000000430  258.164361  82091.7821
1494.00   15.0000    0.0000   15.0000  273.2110  273.2110  0.000000       0.00000       0.00000         233310.1522    0.000000    -0.00004     0.00000    0.000000000   -0.000000245   -0.000000430  258.120976  81961.5142
1506.00   15.0000    0.0000   15.0000  273.2890  273.2890  0.000000       0.00000       0.00000         233243.5627    0.000000    -0.00004     0.00000    0.000000000   -0.000000245   -0.000000429  258.077557  81831.4313
1518.00   15.0000    0.0000   15.0000  273.3670  273.3670  0.000000       0.00000       0.00000         233177.0111    0.000000    -0.00004     0.00000    0.000000000   -0.000000245   -0.000000429  258.034105  81701.5329
1530.00   15.0000    0.0000   15.0000  273.4450  273.4450  0.000000       0.00000       0.00000         233110.4975    0.000000    -0.00004     0.00000    0.000000000   -0.000000245   -0.000000429  257.990620  81571.8189
1542.00   15.0000    0.0000   15.0000  273.5230  273.5230  0.000000       0.00000       0.00000         233044.0219    0.000000    -0.00004     0.00000    0.000000000   -0.000000245   -0.000000428  257.947101  81442.2890
1554.00   15.0000    0.0000   15.0000  273.6010  273.6010  0.000000       0.00000       0.00000         232977.5841    0.000000    -0.00004     0.00000    0.000000000   -0.000000245   -0.000000428  257.903549  81312.9430
1566.00   15.0000    0.0000   15.0000  273.6790  273.6790  0.000000       0.00000       0.00000         232911.1843    0.000000    -0.00004     0.00000    0.000000000   -0.000000245   -0.000000427  257.859963  81183.7806
1578.00   15.0000    0.0000   15.0000  273.7570  273.7570  0.000000       0.00000       0.00000         232844.8222    0.000000    -0.00004     0.00000    0.000000000   -0.000000245   -0.000000427  257.816344  81054.8016
1590.00   15.0000    0.0000   15.0000  273.8350  273.8350  0.000000       0.00000       0.00000         232778.4980    0.000000    -0.00004     0.00000    0.000000000   -0.000000245   -0.000000427  257.772692  80926.0057
1602.00   15.0000    0.0000   15.0000  273.9130  273.9130  0.000000       0.00000       0.00000         232712.2115    0.000000    -0.00004     0.00000    0.000000000   -0.000000245   -0.000000426  257.729006  80797.3927
1614.00   15.0000    0.0000   15.0000  273.9910  273.9910  0.000000       0.00000       0.00000         232645.9628    0.000000    -0.00004     0.00000    0.000000000   -0.000000245   -0.000000426  257.685287  80668.9624
1626.00   15.0000    0.0000   15.0000  274.0690  274.0690  0.000000       0.00000       0.00000         232579.7518    0.000000    -0.00004     0.00000    0.000000000   -0.000000245   -0.000000425  257.641535  80540.7144
1638.00   15.0000    0.0000   15.0000  274.1470  274.1470  0.000000       0.00000       0.00000         232513.5785    0.000000    -0.00004     0.00000    0.000000000   -0.000000245   -0.000000425  257.597749  80412.6486
1650.00   15.0000    0.0000   15.0000  274.2250  274.2250  0.000000       0.00000       0.00000         232447.4428    0.000000    -0.00004     0.00000    0.000000000   -0.000000245   -0.000000425  257.553931  80284.7647
1662.00   15.0000    0.0000   15.0000  274.3030  274.3030  0.000000       0.00000       0.00000         232381.3447    0.000000    -0.00004     0.00000    0.000000000   -0.000000245   -0.000000424  257.510078  80157.0625
1674.00   15.0000    0.0000   15.0000  274.3810  274.3810  0.000000       0.00000       0.00000         232315.2842    0.000000    -0.00004     0.00000    0.000000000   -0.000000245   -0.000000424  257.466193  80029.5417
1686.00   15.0000    0.0000   15.0000  274.4590  274.4590  0.000000       0.00000       0.00000         232249.2613    0.000000    -0.00004     0.00000    0.000000000   -0.000000245   -0.000000423  257.422274  79902.2021
1698.00   15.0000    0.0000   15.0000  274.5370  274.5370  0.000000       0.00000       0.00000         232183.2758    0.000000    -0.00004     0.00000    0.000000000   -0.000000245   -0.000000423  257.378322  79775.0434
1710.00   15.0000    0.0000   15.0000  274.6150  274.6150  0.000000       0.00000       0.00000         232117.3279    0.000000    -0.00004     0.00000    0.000000000   -0.000000245   -0.000000423  257.334336  79648.0654
1722.00   15.0000    0.0000   15.0000  274.6930  274.6930  0.000000       0.00000       0.00000         232051.4174    0.000000    -0.00004     0.00000    0.000000000   -0.000000245   -0.000000422  257.290318  79521.2678
1734.00   15.0000    0.0000   15.0000  274.7710  274.7710  0.000000       0.00000       0.00000         231985.5443    0.000000    -0.00004     0.00000    0.000000000   -0.000000245   -0.000000422  257.246266  79394.6505
1746.00   15.0000    0.0000   15.0000  274.8490  274.8490  0.000000       0.00000       0.00000         231919.7086    0.000000    -0.00004     0.00000    0.000000000   -0.000000244   -0.000000421  257.202181  79268.2131
1758.00   15.0000    0.0000   15.0000  274.9270  274.9270  0.000000       0.00000       0.00000         231853.9103    0.000000    -0.00004     0.00000    0.000000000   -0.000000244   -0.000000421  257.158062  79141.9554
1770.00   15.0000    0.0000   15.0000  275.0050  275.0050  0.000000       0.00000       0.00000         231788.1493    0.000000    -0.00004     0.00000    0.000000000   -0.000000244   -0.000000420  257.113911  79015.8772
1782.00   15.0000    0.0000   15.0000  275.0830  275.0830  0.000000       0.00000       0.00000         231722.4256    0.000000    -0.00004     0.00000    0.000000000   -0.000000244   -0.000000420  257.069726  78889.9783
1794.00   15.0000    0.0000   15.0000  275.1610  275.1610  0.000000       0.00000       0.00000         231656.7391    0.000000    -0.00004     0.00000    0.000000000   -0.000000244   -0.000000420  257.025508  78764.2584
1806.00   15.0000    0.0000   15.0000  275.2390  275.2390  0.000000       0.00000       0.00000         231591.0899    0.000000    -0.00004     0.00000    0.000000000   -0.000000244   -0.000000419  256.981257  78638.7172
1818.00   15.0000    0.0000   15.0000  275.3170  275.3170  0.000000       0.00000       0.00000         231525.4779    0.000000    -0.00004     0.00000    0.000000000   -0.000000244   -0.000000419  256.936972  78513.3545
1830.00   15.0000    0.0000   15.0000  275.3950  275.3950  0.000000       0.00000       0.00000         231459.9030    0.000000    -0.00004     0.00000    0.000000000   -0.000000244   -0.000000418  256.892655  78388.1702
1842.00   15.0000    0.0000   15.0000  275.4730  275.4730  0.000000       0.00000       0.00000         231394.3653    0.000000    -0.00004     0.00000    0.000000000   -0.000000244   -0.000000418  256.848304  78263.1639
1854.00   15.0000    0.0000   15.0000  275.5510  275.5510  0.000000       0.00000       0.00000         231328.8647    0.000000    -0.00005     0.00000    0.000000000   -0.000000244   -0.000000417  256.803920  78138.3353
1866.00   15.0000    0.0000   15.0000  275.6290  275.6290  0.000000       0.00000       0.00000         231263.4012    0.000000    -0.00005     0.00000    0.000000000   -0.000000244   -0.000000417  256.759503  78013.6844
1878.00   15.0000    0.0000   15.0000  275.7070  275.7070  0.000000       0.00000       0.00000         231197.9747    0.000000    -0.00005     0.00000    0.000000000   -0.000000244   -0.000000417  256.715053  77889.2108
1890.00   15.0000    0.0000   15.0000  275.7850  275.7850  0.000000       0.00000       0.00000         231132.5852    0.000000    -0.00005     0.00000    0.000000000   -0.000000244   -0.000000416  256.670570  77764.9142
1902.00   15.0000    0.0000   15.0000  275.8630  275.8630  0.000000       0.00000       0.00000         231067.2326    0.000000    -0.00005     0.00000    0.000000000   -0.000000244   -0.000000416  256.626053  77640.7946
1914.00   15.0000    0.0000   15.0000  275.9410  275.9410  0.000000       0.00000       0.00000         231001.9171    0.000000    -0.00005     0.00000    0.000000000   -0.000000244   -0.000000415  256.581504  77516.8515
1926.00   15.0000    0.0000   15.0000  276.0190  276.0190  0.000000       0.00000       0.00000         230936.6384    0.000000    -0.00005     0.00000    0.000000000   -0.000000244   -0.000000415  256.536921  77393.0848
1938.00   15.0000    0.0000   15.0000  276.0970  276.0970  0.000000       0.00000       0.00000         230871.3966    0.000000    -0.00005     0.00000    0.000000000   -0.000000244   -0.000000414  256.492305  77269.4943
1950.00   15.0000    0.0000   15.0000  276.1750  276.1750  0.000000       0.00000       0.00000         230806.1917    0.000000    -0.00005     0.00000    0.000000000   -0.000000243   -0.000000414  256.447657  77146.0797
1962.00   15.0000    0.0000   15.0000  276.2530  276.2530  0.000000       0.00000       0.00000         230741.0236    0.000000    -0.00005     0.00000    0.000000000   -0.000000243   -0.000000413  256.402975  77022.8407
1974.00   15.0000    0.0000   15.0000  276.3310  276.3310  0.000000       0.00000       0.00000         230675.8923    0.000000    -0.00005     0.00000    0.000000000   -0.000000243   -0.000000413  256.358260  76899.7772
1986.00   15.0000    0.0000   15.0000  276.4090  276.4090  0.000000       0.00000       0.00000         230610.7978    0.000000    -0.00005     0.00000    0.000000000   -0.000000243   -0.000000413  256.313512  76776.8889
1998.00   15.0000    0.0000   15.0000  276.4870  276.4870  0.000000       0.00000       0.00000         230545.7399    0.000000    -0.00005     0.00000    0.000000000   -0.000000243   -0.000000412  256.268731  76654.1755
2010.00   15.0000    0.0000   15.0000  276.5650  276.5650  0.000000       0.00000       0.00000         230480.7188    0.000000    -0.00005     0.00000    0.000000000   -0.000000243   -0.000000412  256.223917  76531.6369
2022.00   15.0000    0.0000   15.0000  276.6430  276.6430  0.000000       0.00000       0.00000         230415.7344    0.000000    -0.00005     0.00000    0.000000000   -0.000000243   -0.000000411  256.179070  76409.2728
2034.00   15.0000    0.0000   15.0000  276.7210  276.7210  0.000000       0.00000       0.00000         230350.7865    0.000000    -0.00005     0.00000    0.000000000   -0.000000243   -0.000000411  256.134190  76287.0829
2046.00   15.0000    0.0000   15.0000  276.7990  276.7990  0.000000       0.00000       0.00000         230285.8753    0.000000    -0.00005     0.00000    0.000000000   -0.000000243   -0.000000410  256.089276  76165.0671
2058.00   15.0000    0.0000   15.0000  276.8770  276.8770  0.000000       0.00000       0.00000         230221.0007    0.000000    -0.00005     0.00000    0.000000000   -0.000000243   -0.000000410  256.044330  76043.2251
2070.00   15.0000    0.0000   15.0000  276.9550  276.9550  0.000000       0.00000       0.00000         230156.1626    0.000000    -0.00005     0.00000    0.000000000   -0.000000243   -0.000000409  255.999351  75921.5566
2082.00   15.0000    0.0000   15.0000  277.0330  277.0330  0.000000       0.00000       0.00000         230091.3610    0.000000    -0.00005     0.00000    0.000000000   -0.000000243   -0.000000409  255.954339  75800.0615
2094.00   15.0000    0.0000   15.0000  277.1110  277.1110  0.000000       0.00000       0.00000         230026.5958    0.000000    -0.00005     0.00000    0.000000000   -0.000000242   -0.000000408  255.909294  75678.7395
2106.00   15.0000    0.0000   15.0000  277.1890  277.1890  0.000000       0.00000       0.00000         229961.8672    0.000000    -0.00005     0.00000    0.000000000   -0.000000242   -0.000000408  255.864216  75557.5903
2118.00   15.0000    0.0000   15.0000  277.2670  277.2670  0.000000       0.00000       0.00000         229897.1749    0.000000    -0.00005     0.00000    0.000000000   -0.000000242   -0.000000408  255.819105  75436.6138
2130.00   15.0000    0.0000   15.0000  277.3450  277.3450  0.000000       0.00000       0.00000         229832.5191    0.000000    -0.00005     0.00000    0.000000000   -0.000000242   -0.000000407  255.773961  75315.8097
2142.00   15.0000    0.0000   15.0000  277.4230  277.4230  0.000000       0.00000       0.00000         229767.8996    0.000000    -0.00005     0.00000    0.000000000   -0.000000242   -0.000000407  255.728785  75195.1777
2154.00   15.0000    0.0000   15.0000  277.5010  277.5010  0.000000       0.00000       0.00000         229703.3164    0.000000    -0.00005     0.00000    0.000000000   -0.000000242   -0.000000406  255.683575  75074.7177
2166.00   15.0000    0.0000   15.0000  277.5790  277.5790  0.000000       0.00000       0.00000         229638.7695    0.000000    -0.00005     0.00000    0.000000000   -0.000000242   -0.000000406  255.638332  74954.4295
2178.00   15.0000    0.0000   15.0000  277.6570  277.6570  0.000000       0.00000       0.00000         229574.2589    0.000000    -0.00005     0.00000    0.000000000   -0.000000242   -0.000000405  255.593057  74834.3127
2190.00   15.0000    0.0000   15.0000  277.7350  277.7350  0.000000       0.00000       0.00000         229509.7845    0.000000    -0.00005     0.00000    0.000000000   -0.000000242   -0.000000405  255.547748  74714.3671
2202.00   15.0000    0.0000   15.0000  277.8130  277.8130  0.000000       0.00000       0.00000         229445.3463    0.000000    -0.00005     0.00000    0.000000000   -0.000000242   -0.000000404  255.502407  74594.5926
2214.00   15.0000    0.0000   15.0000  277.8910  277.8910  0.000000       0.00000       0.00000         229380.9443    0.000000    -0.00005     0.00000    0.000000000   -0.000000241   -0.000000404  255.457033  74474.9889
2226.00   15.0000    0.0000   15.0000  277.9690  277.9690  0.000000       0.00000       0.00000         229316.5785    0.000000    -0.00005     0.00000    0.000000000   -0.000000241   -0.000000403  255.411626  74355.5557
2238.00   15.0000    0.0000   15.0000  278.0470  278.0470  0.000000       0.00000       0.00000         229252.2487    0.000000    -0.00005     0.00000    0.000000000   -0.000000241   -0.000000403  255.366186  74236.2929
2250.00   15.0000    0.0000   15.0000  278.1250  278.1250  0.000000       0.00000       0.00000         229187.9551    0.000000    -0.00005     0.00000    0.000000000   -0.000000241   -0.000000402  255.320713  74117.2002
2262.00   15.0000    0.0000   15.0000  278.2030  278.2030  0.000000       0.00000       0.00000         229123.6974    0.000000    -0.00006     0.00000    0.000000000   -0.000000241   -0.000000402  255.275208  73998.2774
2274.00   15.0000    0.0000   15.0000  278.2810  278.2810  0.000000       0.00000       0.00000         229059.4759    0.000000    -0.00006     0.00000    0.000000000   -0.000000241   -0.000000401  255.229669  73879.5243
2286.00   15.0000    0.0000   15.0000  278.3590  278.3590  0.000000       0.00000       0.00000         228995.2903    0.000000    -0.00006     0.00000    0.000000000   -0.000000241   -0.000000401  255.184098  73760.9405
2298.00   15.0000    0.0000   15.0000  278.4370  278.4370  0.000000       0.00000       0.00000         228931.1406    0.000000    -0.00006     0.00000    0.000000000   -0.000000241   -0.000000400  255.138494  73642.5260
2310.00   15.0000    0.0000   15.0000  278.5150  278.5150  0.000000       0.00000       0.00000         228867.0269    0.000000    -0.00006     0.00000    0.000000000   -0.000000241   -0.000000400  255.092857  73524.2805
2322.00   15.0000    0.0000   15.0000  278.5930  278.5930  0.000000       0.00000       0.00000         228802.9491    0.000000    -0.00006     0.00000    0.000000000   -0.000000240   -0.000000399  255.047187  73406.2037
2334.00   15.0000    0.0000   15.0000  278.6710  278.6710  0.000000       0.00000       0.00000         228738.9072    0.000000    -0.00006     0.00000    0.000000000   -0.000000240   -0.000000399  255.001485  73288.2954
2346.00   15.0000    0.0000   15.0000  278.7490  278.7490  0.000000       0.00000       0.00000         228674.9011    0.000000    -0.00006     0.00000    0.000000000   -0.000000240   -0.000000398  254.955750  73170.5554
2358.00   15.0000    0.0000   15.0000  278.8270  278.8270  0.000000       0.00000       0.00000         228610.9308    0.000000    -0.00006     0.00000    0.000000000   -0.000000240   -0.000000398  254.909982  73052.9835
2370.00   15.0000    0.0000   15.0000  278.9050  278.9050  0.000000       0.00000       0.00000         228546.9963    0.000000    -0.00006     0.00000    0.000000000   -0.000000240   -0.000000397  254.864181  72935.5795
2382.00   15.0000    0.0000   15.0000  278.9830  278.9830  0.000000       0.00000       0.00000              0.0000    0.000000    -0.00006     0.00000    0.000000000    0.000000000    0.000000000  254.818347  72818.3430
2394.00   15.0000    0.0000   15.0000  279.0610  279.0610  0.000000       0.00000       0.00000              0.0000    0.000000     0.00000     0.00000    0.000000000    0.000000000    0.000000000  254.772481  72701.2740
