   0.00    0.0000    0.0000    0.0000  239.3726  239.3726  0.000000       0.00000       0.00000              0.0000    0.000000     0.00000     0.00000    0.000000000    0.000000000    0.000000000    0.000000      0.0000
   6.00    7.9274    3.5221    8.6747  240.7613  240.7613  0.000000       0.75434       0.75434              0.0000    0.000000     0.00000     0.00000   -0.000004045    0.000000000    0.000000000  240.673572  99872.4089
  18.00    8.9325    3.8965    9.7454  240.8497  240.8497  0.000000       2.42069       2.42069              0.0475    0.000000    -0.00000     0.00000   -0.000014292    0.000000000    0.000000000  240.615486  99659.9175
  30.00    9.5637    4.0917   10.4022  240.9073  240.9073  0.000000       2.37878       2.37878              0.0700    0.000000    -0.00000     0.00000   -0.000018135   -0.000000088   -0.000000118  240.555919  99490.2406
  42.00   10.1349    4.2338   10.9837  240.9615  240.9615  0.000000       2.62482       2.62482              0.0833    0.000000    -0.00000     0.00000   -0.000020014   -0.000000095   -0.000000124  240.492931  99320.8094
  54.00   10.6466    4.3310   11.4938  241.0122  241.0122  0.000000       2.61485       2.61485              0.0970    0.000000    -0.00000     0.00000   -0.000021410   -0.000000099   -0.000000128  240.426383  99151.6212
  66.00   11.1284    4.3942   11.9645  241.0621  241.0621  0.000000       2.57425       2.57425              0.1093    0.000000    -0.00000     0.00000   -0.000022555   -0.000000099   -0.000000128  240.359116  98982.6742
  78.00   11.5874    4.4273   12.4043  241.1122  241.1122  0.000000       2.46948       2.46948              0.1213    0.000000    -0.00000     0.00000   -0.000023572   -0.000000098   -0.000000126  240.291977  98813.9680
  90.00   12.0304    4.4324   12.8210  241.1634  241.1634  0.000000       2.33525       2.33525              0.1332    0.000000    -0.00000     0.00000   -0.000024520   -0.000000094   -0.000000123  240.225888  98645.5027
 102.00   12.4608    4.4105   13.2184  241.2164  241.2164  0.000000       2.17709       2.17709              0.1452    0.000000    -0.00000     0.00000   -0.000025438   -0.000000090   -0.000000119  240.161520  98477.2790
 114.00   12.8806    4.3616   13.5990  241.2717  241.2717  0.000000       2.00517       2.00517              0.1576    0.000000    -0.00000     0.00000   -0.000026369   -0.000000084   -0.000000113  240.099542  98309.2980
 126.00   13.2908    4.2852   13.9645  241.3302  241.3302  0.000000       1.82499       1.82499              0.1707    0.000000    -0.00000     0.00000   -0.000027329   -0.000000077   -0.000000106  240.040628  98141.5614
 138.00   13.6915    4.1803   14.3155  241.3926  241.3926  0.000000       1.64148       1.64148              0.1845    0.000000    -0.00000     0.00000   -0.000028383   -0.000000069   -0.000000098  239.985529  97974.0712
 150.00   14.0823    4.0455   14.6518  241.4596  241.4596  0.000000       1.45833       1.45833              0.1994    0.000000    -0.00000     0.00000   -0.000029570   -0.000000059   -0.000000088  239.935108  97806.8301
 162.00   14.4618    3.8790   14.9729  241.5325  241.5325  0.000000       1.27853       1.27853              0.2157    0.000000    -0.00000     0.00000   -0.000030950   -0.000000046   -0.000000076  239.890400  97639.8414
 174.00   14.8278    3.6789   15.2774  241.6124  241.6124  0.000000       1.10457       1.10457              0.2337    0.000000    -0.00000     0.00000   -0.000032602   -0.000000031   -0.000000062  239.852684  97473.1092
 186.00   15.1775    3.4427   15.5630  241.7011  241.7011  0.000000       0.93837       0.93837              0.2540    0.000000    -0.00001     0.00000   -0.000034669   -0.000000012   -0.000000044  239.823578  97306.6386
 198.00   15.5062    3.1678   15.8264  241.8006  241.8006  0.000000       0.78191       0.78191              0.2770    0.000000    -0.00001     0.00000   -0.000037355    0.000000011   -0.000000022  239.805167  97140.4358
 210.00   15.8080    2.8515   16.0631  241.9137  241.9137  0.000000       0.63585       0.63585              0.3037    0.000000    -0.00001     0.00000   -0.000041052    0.000000041    0.000000007  239.800232  96974.5089
 222.00   16.0742    2.4915   16.2662  242.0441  242.0441  0.000000       0.50336       0.50336              0.3352    0.000000    -0.00001     0.00000   -0.000046014    0.000000079    0.000000043  239.812368  96808.8678
 234.00   16.2938    2.0855   16.4268  242.1973  242.1973  0.000000       0.37991       0.37991              0.3742    0.000000    -0.00001     0.00000   -0.000053410    0.000000129    0.000000091  239.847010  96643.5257
 246.00   16.4492    1.6373   16.5305  242.3792  242.3792  0.000000       0.27932       0.27932              0.4207    0.000000    -0.00002     0.00000   -0.000064495    0.000000200    0.000000159  239.910022  96478.4997
 258.00   16.5193    1.1426   16.5588  242.6045  242.6045  0.000000       0.17049       0.17049              0.4933    0.000000    -0.00002     0.00000   -0.000082465    0.000000279    0.000000233  240.015896  96313.8133
 270.00   16.4700    0.6610   16.4833  242.8641  242.8641  0.000000       0.12844       0.12844              0.5472    0.000000    -0.00002     0.00000   -0.000121162    0.000000388    0.000000336  240.155587  96149.4920
 282.00   16.2143    0.1668   16.2152  243.1947  243.1947  0.000000       0.00069       0.00069              2.5160    0.000000     0.00000     0.00000   -0.000131903    0.000008657    0.000006287  240.365332  95985.5702
 294.00   15.0088   -0.0066   15.0088  249.5731  249.5731  0.000000       0.00005       0.00005              4.7199    0.000000    -0.00010     0.00000   -0.000016145    0.000010298    0.000012124  246.550926  95824.0477
 306.00   15.0000   -0.0000   15.0000  250.7136  250.7136  0.000000       0.00000       0.00000          17766.4678    0.000000    -0.00011     0.00000   -0.000000180    0.000003993    0.000003783  247.560195  95665.1695
 318.00   15.0000   -0.0000   15.0000  251.8957  251.8957  0.000000       0.00000       0.00000        3323346.0515    0.000000    -0.00009     0.00000    0.000000000    0.000003739    0.000003589  248.610041  95507.2124
 330.00   15.0000   -0.0000   15.0000  252.7624  252.7624  0.000000       0.00000       0.00000        2558458.2406    0.000000    -0.00007     0.00000    0.000000000    0.000002990    0.000002836  249.348155  95350.0823
 342.00   15.0000   -0.0000   15.0000  253.4783  253.4783  0.000000       0.00000       0.00000        2164438.9731    0.000000    -0.00007     0.00000    0.000000000    0.000002600    0.000002447  249.937156  95193.6274
 354.00   15.0000   -0.0000   15.0000  254.1051  254.1051  0.000000       0.00000       0.00000        1892539.2987    0.000000    -0.00006     0.00000    0.000000000    0.000002317    0.000002169  250.437930  95037.7693
 366.00   15.0000    0.0000   15.0000  254.6553  254.6553  0.000000       0.00000       0.00000        1688697.5559    0.000000    -0.00006     0.00000    0.000000000    0.000002096    0.000001949  250.862932  94882.4536
 378.00   15.0000    0.0000   15.0000  255.1575  255.1575  0.000000       0.00000       0.00000        1533374.7290    0.000000    -0.00005     0.00000    0.000000000    0.000001921    0.000001777  251.240521  94727.6394
 390.00   15.0000    0.0000   15.0000  255.6128  255.6128  0.000000       0.00000       0.00000        1408134.3696    0.000000    -0.00005     0.00000    0.000000000    0.000001776    0.000001632  251.571580  94573.2954
 402.00   15.0000    0.0000   15.0000  256.0384  256.0384  0.000000       0.00000       0.00000        1302017.3202    0.000000    -0.00005     0.00000    0.000000000    0.000001646    0.000001505  251.873299  94419.3965
 414.00   15.0000    0.0000   15.0000  256.4286  256.4286  0.000000       0.00000       0.00000        1213837.5928    0.000000    -0.00005     0.00000    0.000000000    0.000001536    0.000001394  252.139986  94265.9212
 426.00   15.0000    0.0000   15.0000  256.8002  256.8002  0.000000       0.00000       0.00000        1141592.2958    0.000000    -0.00005     0.00000    0.000000000    0.000001444    0.000001303  252.388138  94112.8516
 438.00   15.0000    0.0000   15.0000  257.1461  257.1461  0.000000       0.00000       0.00000        1078457.3584    0.000000    -0.00005     0.00000    0.000000000    0.000001361    0.000001220  252.610940  93960.1730
 450.00   15.0000    0.0000   15.0000  257.4789  257.4789  0.000000       0.00000       0.00000        1026885.9884    0.000000    -0.00004     0.00000    0.000000000    0.000001293    0.000001153  252.820680  93807.8724
 462.00   15.0000    0.0000   15.0000  257.7932  257.7932  0.000000       0.00000       0.00000         976993.3735    0.000000    -0.00004     0.00000    0.000000000    0.000001224    0.000001083  253.012128  93655.9392
 474.00   15.0000    0.0000   15.0000  258.0953  258.0953  0.000000       0.00000       0.00000         933463.5760    0.000000    -0.00004     0.00000    0.000000000    0.000001162    0.000001022  253.191454  93504.3630
 486.00   15.0000    0.0000   15.0000  258.3828  258.3828  0.000000       0.00000       0.00000         893073.6572    0.000000    -0.00004     0.00000    0.000000000    0.000001103    0.000000962  253.356359  93353.1350
 498.00   15.0000    0.0000   15.0000  258.6600  258.6600  0.000000       0.00000       0.00000         858596.7386    0.000000    -0.00004     0.00000    0.000000000    0.000001052    0.000000911  253.511017  93202.2467
 510.00   15.0000    0.0000   15.0000  258.9263  258.9263  0.000000       0.00000       0.00000         826936.8783    0.000000    -0.00004     0.00000    0.000000000    0.000001005    0.000000863  253.654869  93051.6908
 522.00   15.0000    0.0000   15.0000  259.1840  259.1840  0.000000       0.00000       0.00000         798131.1187    0.000000    -0.00004     0.00000    0.000000000    0.000000960    0.000000819  253.790175  92901.4608
 534.00   15.0000    0.0000   15.0000  259.4326  259.4326  0.000000       0.00000       0.00000         772066.2942    0.000000    -0.00004     0.00000    0.000000000    0.000000920    0.000000778  253.916410  92751.5505
 546.00   15.0000    0.0000   15.0000  259.6742  259.6742  0.000000       0.00000       0.00000         748255.4137    0.000000    -0.00004     0.00000    0.000000000    0.000000882    0.000000740  254.035765  92601.9544
 558.00   15.0000    0.0000   15.0000  259.9081  259.9081  0.000000       0.00000       0.00000         727577.3252    0.000000    -0.00004     0.00000    0.000000000    0.000000849    0.000000707  254.147422  92452.6675
 570.00   15.0000    0.0000   15.0000  260.1370  260.1370  0.000000       0.00000       0.00000         708491.2889    0.000000    -0.00004     0.00000    0.000000000    0.000000818    0.000000675  254.254119  92303.6852
 582.00   15.0000    0.0000   15.0000  260.3592  260.3592  0.000000       0.00000       0.00000         690760.5121    0.000000    -0.00004     0.00000    0.000000000    0.000000789    0.000000646  254.354090  92155.0033
 594.00   15.0000    0.0000   15.0000  260.5772  260.5772  0.000000       0.00000       0.00000         673056.2233    0.000000    -0.00004     0.00000    0.000000000    0.000000759    0.000000616  254.449923  92006.6180
 606.00   15.0000    0.0000   15.0000  260.7884  260.7884  0.000000       0.00000       0.00000         655633.0959    0.000000    -0.00004     0.00000    0.000000000    0.000000729    0.000000585  254.539032  91858.5255
 618.00   15.0000    0.0000   15.0000  260.9956  260.9956  0.000000       0.00000       0.00000         640767.2636    0.000000    -0.00004     0.00000    0.000000000    0.000000703    0.000000559  254.624157  91710.7219
 630.00   15.0000    0.0000   15.0000  261.1977  261.1977  0.000000       0.00000       0.00000         626546.4429    0.000000    -0.00004     0.00000    0.000000000    0.000000678    0.000000534  254.704139  91563.2039
 642.00   15.0000    0.0000   15.0000  261.3961  261.3961  0.000000       0.00000       0.00000         614239.5077    0.000000    -0.00004     0.00000    0.000000000    0.000000657    0.000000512  254.780526  91415.9683
 654.00   15.0000    0.0000   15.0000  261.5906  261.5906  0.000000       0.00000       0.00000         602577.3287    0.000000    -0.00004     0.00000    0.000000000    0.000000636    0.000000491  254.852951  91269.0124
 666.00   15.0000    0.0000   15.0000  261.7819  261.7819  0.000000       0.00000       0.00000         592415.6523    0.000000    -0.00004     0.00000    0.000000000    0.000000618    0.000000472  254.922172  91122.3335
 678.00   15.0000    0.0000   15.0000  261.9702  261.9702  0.000000       0.00000       0.00000         583109.1405    0.000000    -0.00004     0.00000    0.000000000    0.000000602    0.000000455  254.988360  90975.9291
 690.00   15.0000    0.0000   15.0000  262.1557  262.1557  0.000000       0.00000       0.00000         575036.9216    0.000000    -0.00004     0.00000    0.000000000    0.000000588    0.000000441  255.051869  90829.7971
 702.00   15.0000    0.0000   15.0000  262.3391  262.3391  0.000000       0.00000       0.00000         567875.1693    0.000000    -0.00004     0.00000    0.000000000    0.000000576    0.000000428  255.113109  90683.9355
 714.00   15.0000    0.0000   15.0000  262.5203  262.5203  0.000000       0.00000       0.00000         561902.1378    0.000000    -0.00004     0.00000    0.000000000    0.000000566    0.000000418  255.172233  90538.3425
 726.00   15.0000    0.0000   15.0000  262.7001  262.7001  0.000000       0.00000       0.00000         557338.9616    0.000000    -0.00004     0.00000    0.000000000    0.000000559    0.000000410  255.229825  90393.0164
 738.00   15.0000    0.0000   15.0000  262.8787  262.8787  0.000000       0.00000       0.00000         553886.3307    0.000000    -0.00004     0.00000    0.000000000    0.000000555    0.000000405  255.286177  90247.9559
 750.00   15.0000    0.0000   15.0000  263.0564  263.0564  0.000000       0.00000       0.00000         551251.8739    0.000000    -0.00004     0.00000    0.000000000    0.000000552    0.000000402  255.341689  90103.1600
 762.00   15.0000    0.0000   15.0000  263.2336  263.2336  0.000000       0.00000       0.00000         549905.8633    0.000000    -0.00004     0.00000    0.000000000    0.000000553    0.000000401  255.396471  89958.6275
 774.00   15.0000    0.0000   15.0000  263.4107  263.4107  0.000000       0.00000       0.00000         550269.6967    0.000000    -0.00004     0.00000    0.000000000    0.000000557    0.000000405  255.451214  89814.3578
 786.00   15.0000    0.0000   15.0000  263.5883  263.5883  0.000000       0.00000       0.00000         552612.2673    0.000000    -0.00004     0.00000    0.000000000    0.000000566    0.000000413  255.506297  89670.3504
 798.00   15.0000    0.0000   15.0000  263.7672  263.7672  0.000000       0.00000       0.00000         555476.7313    0.000000    -0.00004     0.00000    0.000000000    0.000000577    0.000000422  255.562580  89526.6052
 810.00   15.0000    0.0000   15.0000  263.9469  263.9469  0.000000       0.00000       0.00000         559351.8938    0.000000    -0.00005     0.00000    0.000000000    0.000000590    0.000000434  255.619530  89383.1222
 822.00   15.0000    0.0000   15.0000  264.1285  264.1285  0.000000       0.00000       0.00000         565269.4241    0.000000    -0.00005     0.00000    0.000000000    0.000000608    0.000000451  255.678314  89239.9016
 834.00   15.0000    0.0000   15.0000  264.3123  264.3123  0.000000       0.00000       0.00000         573278.3124    0.000000    -0.00005     0.00000    0.000000000    0.000000632    0.000000473  255.739048  89096.9438
 846.00   15.0000    0.0000   15.0000  264.4993  264.4993  0.000000       0.00000       0.00000         585338.1212    0.000000    -0.00005     0.00000    0.000000000    0.000000666    0.000000506  255.802929  88954.2498
 858.00   15.0000    0.0000   15.0000  264.6912  264.6912  0.000000       0.00000       0.00000         599427.1660    0.000000    -0.00005     0.00000    0.000000000    0.000000706    0.000000544  255.871302  88811.8211
 870.00   15.0000    0.0000   15.0000  264.8876  264.8876  0.000000       0.00000       0.00000         622625.8530    0.000000    -0.00006     0.00000    0.000000000    0.000000769    0.000000604  255.944102  88669.6596
 882.00   15.0000    0.0000   15.0000  265.0948  265.0948  0.000000       0.00000       0.00000         641817.5676    0.000000    -0.00006     0.00000    0.000000000    0.000000823    0.000000657  256.027112  88527.7689
 894.00   15.0000    0.0000   15.0000  265.3040  265.3040  0.000000       0.00000       0.00000         684894.2199    0.000000    -0.00007     0.00000    0.000000000    0.000000940    0.000000769  256.112067  88386.1516
 906.00   15.0000    0.0000   15.0000  265.5395  265.5395  0.000000       0.00000       0.00000         702854.5644    0.000000    -0.00006     0.00000    0.000000000    0.000000995    0.000000822  256.222204  88244.8147
 918.00   15.0000    0.0000   15.0000  265.7608  265.7608  0.000000       0.00000       0.00000         794375.1620    0.000000    -0.00008     0.00000    0.000000000    0.000001244    0.000001061  256.318615  88103.7606
 930.00   15.0000    0.0000   15.0000  266.0561  266.0561  0.000000       0.00000       0.00000         796327.6501    0.000000    -0.00006     0.00000    0.000000000    0.000001262    0.000001083  256.486309  87963.0045
 942.00   15.0000    0.0000   15.0000  266.2793  266.2793  0.000000       0.00000       0.00000        1014060.9690    0.000000    -0.00013     0.00000    0.000000000    0.000001867    0.000001656  256.584303  87822.5459
 954.00   15.0000    0.0000   15.0000  266.7170  266.7170  0.000000       0.00000       0.00000         966565.5018    0.000000    -0.00006     0.00000    0.000000000    0.000001758    0.000001574  256.888851  87682.4214
 966.00   15.0000    0.0000   15.0000  266.9102  266.9102  0.000000       0.00000       0.00000        1482107.8450    0.000000    -0.00023     0.00000    0.000000000    0.000003260    0.000002962  256.957842  87542.6222
 978.00   15.0000    0.0000   15.0000  267.6851  267.6851  0.000000       0.00000       0.00000        1379769.9306    0.000000    -0.00004     0.00000    0.000000000    0.000002999    0.000002834  257.586576  87403.2346
 990.00   15.0000    0.0000   15.0000  267.8141  267.8141  0.000000       0.00000       0.00000        3551665.0702    0.000000    -0.00068     0.00000    0.000000000    0.000010046    0.000008959  257.593602  87264.2410
1002.00   15.0000    0.0000   15.0000  270.0130  270.0130  0.000000       0.00000       0.00000        3445541.0250    0.000000    -0.00002     0.00000    0.000000000    0.000009806    0.000010162  259.590965  87126.0032
1014.00   15.0000    0.0000   15.0000  270.0910  270.0910  0.000000       0.00000       0.00000         236005.2723    0.000000    -0.00002     0.00000    0.000000000   -0.000000242   -0.000000437  259.548844  86988.5064
1026.00   15.0000    0.0000   15.0000  270.1690  270.1690  0.000000       0.00000       0.00000         235937.1356    0.000000    -0.00002     0.00000    0.000000000   -0.000000242   -0.000000437  259.506689  86851.2043
1038.00   15.0000    0.0000   15.0000  270.2470  270.2470  0.000000       0.00000       0.00000         235869.0383    0.000000    -0.00003     0.00000    0.000000000   -0.000000242   -0.000000437  259.464500  86714.0966
1050.00   15.0000    0.0000   15.0000  270.3250  270.3250  0.000000       0.00000       0.00000         235800.9803    0.000000    -0.00003     0.00000    0.000000000   -0.000000242   -0.000000436  259.422277  86577.1831
1062.00   15.0000    0.0000   15.0000  270.4030  270.4030  0.000000       0.00000       0.00000         235732.9615    0.000000    -0.00003     0.00000    0.000000000   -0.000000242   -0.000000436  259.380021  86440.4636
1074.00   15.0000    0.0000   15.0000  270.4810  270.4810  0.000000       0.00000       0.00000         235664.9820    0.000000    -0.00003     0.00000    0.000000000   -0.000000242   -0.000000436  259.337730  86303.9377
1086.00   15.0000    0.0000   15.0000  270.5590  270.5590  0.000000       0.00000       0.00000         235597.0417    0.000000    -0.00003     0.00000    0.000000000   -0.000000242   -0.000000435  259.295406  86167.6053
1098.00   15.0000    0.0000   15.0000  270.6370  270.6370  0.000000       0.00000       0.00000         235529.1405    0.000000    -0.00003     0.00000    0.000000000   -0.000000242   -0.000000435  259.253048  86031.4660
1110.00   15.0000    0.0000   15.0000  270.7150  270.7150  0.000000       0.00000       0.00000         235461.2785    0.000000    -0.00003     0.00000    0.000000000   -0.000000242   -0.000000435  259.210657  85895.5196
1122.00   15.0000    0.0000   15.0000  270.7930  270.7930  0.000000       0.00000       0.00000         235393.4555    0.000000    -0.00003     0.00000    0.000000000   -0.000000242   -0.000000434  259.168232  85759.7658
1134.00   15.0000    0.0000   15.0000  270.8710  270.8710  0.000000       0.00000       0.00000         235325.6716    0.000000    -0.00003     0.00000    0.000000000   -0.000000242   -0.000000434  259.125773  85624.2044
1146.00   15.0000    0.0000   15.0000  270.9490  270.9490  0.000000       0.00000       0.00000         235257.9268    0.000000    -0.00003     0.00000    0.000000000   -0.000000242   -0.000000434  259.083280  85488.8351
1158.00   15.0000    0.0000   15.0000  271.0270  271.0270  0.000000       0.00000       0.00000         235190.2209    0.000000    -0.00003     0.00000    0.000000000   -0.000000242   -0.000000433  259.040753  85353.6576
1170.00   15.0000    0.0000   15.0000  271.1050  271.1050  0.000000       0.00000       0.00000         235122.5540    0.000000    -0.00003     0.00000    0.000000000   -0.000000242   -0.000000433  258.998193  85218.6718
1182.00   15.0000    0.0000   15.0000  271.1830  271.1830  0.000000       0.00000       0.00000         235054.9260    0.000000    -0.00003     0.00000    0.000000000   -0.000000242   -0.000000433  258.955599  85083.8773
1194.00   15.0000    0.0000   15.0000  271.2610  271.2610  0.000000       0.00000       0.00000         234987.3369    0.000000    -0.00003     0.00000    0.000000000   -0.000000242   -0.000000432  258.912972  84949.2738
1206.00   15.0000    0.0000   15.0000  271.3390  271.3390  0.000000       0.00000       0.00000         234919.7867    0.000000    -0.00003     0.00000    0.000000000   -0.000000242   -0.000000432  258.870311  84814.8612
1218.00   15.0000    0.0000   15.0000  271.4170  271.4170  0.000000       0.00000       0.00000         234852.2753    0.000000    -0.00003     0.00000    0.000000000   -0.000000242   -0.000000432  258.827616  84680.6392
1230.00   15.0000    0.0000   15.0000  271.4950  271.4950  0.000000       0.00000       0.00000         234784.8027    0.000000    -0.00003     0.00000    0.000000000   -0.000000242   -0.000000431  258.784887  84546.6075
1242.00   15.0000    0.0000   15.0000  271.5730  271.5730  0.000000       0.00000       0.00000         234717.3688    0.000000    -0.00003     0.00000    0.000000000   -0.000000242   -0.000000431  258.742125  84412.7658
1254.00   15.0000    0.0000   15.0000  271.6510  271.6510  0.000000       0.00000       0.00000         234649.9737    0.000000    -0.00003     0.00000    0.000000000   -0.000000242   -0.000000431  258.699329  84279.1139
1266.00   15.0000    0.0000   15.0000  271.7290  271.7290  0.000000       0.00000       0.00000         234582.6172    0.000000    -0.00003     0.00000    0.000000000   -0.000000242   -0.000000430  258.656500  84145.6516
1278.00   15.0000    0.0000   15.0000  271.8070  271.8070  0.000000       0.00000       0.00000         234515.2995    0.000000    -0.00003     0.00000    0.000000000   -0.000000242   -0.000000430  258.613637  84012.3786
1290.00   15.0000    0.0000   15.0000  271.8850  271.8850  0.000000       0.00000       0.00000         234448.0203    0.000000    -0.00003     0.00000    0.000000000   -0.000000242   -0.000000429  258.570740  83879.2946
1302.00   15.0000    0.0000   15.0000  271.9630  271.9630  0.000000       0.00000       0.00000         234380.7797    0.000000    -0.00003     0.00000    0.000000000   -0.000000242   -0.000000429  258.527810  83746.3994
1314.00   15.0000    0.0000   15.0000  272.0410  272.0410  0.000000       0.00000       0.00000         234313.5777    0.000000    -0.00003     0.00000    0.000000000   -0.000000242   -0.000000429  258.484846  83613.6927
1326.00   15.0000    0.0000   15.0000  272.1190  272.1190  0.000000       0.00000       0.00000         234246.4143    0.000000    -0.00003     0.00000    0.000000000   -0.000000242   -0.000000428  258.441849  83481.1743
1338.00   15.0000    0.0000   15.0000  272.1970  272.1970  0.000000       0.00000       0.00000         234179.2893    0.000000    -0.00003     0.00000    0.000000000   -0.000000242   -0.000000428  258.398818  83348.8439
1350.00   15.0000    0.0000   15.0000  272.2750  272.2750  0.000000       0.00000       0.00000         234112.2027    0.000000    -0.00003     0.00000    0.000000000   -0.000000242   -0.000000428  258.355754  83216.7012
1362.00   15.0000    0.0000   15.0000  272.3530  272.3530  0.000000       0.00000       0.00000         234045.1546    0.000000    -0.00003     0.00000    0.000000000   -0.000000242   -0.000000427  258.312656  83084.7461
1374.00   15.0000    0.0000   15.0000  272.4310  272.4310  0.000000       0.00000       0.00000         233978.1449    0.000000    -0.00003     0.00000    0.000000000   -0.000000242   -0.000000427  258.269524  82952.9783
1386.00   15.0000    0.0000   15.0000  272.5090  272.5090  0.000000       0.00000       0.00000         233911.1736    0.000000    -0.00003     0.00000    0.000000000   -0.000000242   -0.000000427  258.226359  82821.3975
1398.00   15.0000    0.0000   15.0000  272.5870  272.5870  0.000000       0.00000       0.00000         233844.2406    0.000000    -0.00003     0.00000    0.000000000   -0.000000242   -0.000000426  258.183160  82690.0034
1410.00   15.0000    0.0000   15.0000  272.6650  272.6650  0.000000       0.00000       0.00000         233777.3458    0.000000    -0.00003     0.00000    0.000000000   -0.000000242   -0.000000426  258.139928  82558.7959
1422.00   15.0000    0.0000   15.0000  272.7430  272.7430  0.000000       0.00000       0.00000         233710.4894    0.000000    -0.00003     0.00000    0.000000000   -0.000000242   -0.000000425  258.096663  82427.7746
1434.00   15.0000    0.0000   15.0000  272.8210  272.8210  0.000000       0.00000       0.00000         233643.6711    0.000000    -0.00003     0.00000    0.000000000   -0.000000242   -0.000000425  258.053364  82296.9393
1446.00   15.0000    0.0000   15.0000  272.8990  272.8990  0.000000       0.00000       0.00000         233576.8911    0.000000    -0.00004     0.00000    0.000000000   -0.000000242   -0.000000425  258.010031  82166.2898
1458.00   15.0000    0.0000   15.0000  272.9770  272.9770  0.000000       0.00000       0.00000         233510.1492    0.000000    -0.00004     0.00000    0.000000000   -0.000000242   -0.000000424  257.966665  82035.8257
1470.00   15.0000    0.0000   15.0000  273.0550  273.0550  0.000000       0.00000       0.00000         233443.4455    0.000000    -0.00004     0.00000    0.000000000   -0.000000242   -0.000000424  257.923265  81905.5470
1482.00   15.0000    0.0000   15.0000  273.1330  273.1330  0.000000       0.00000       0.00000         233376.7798    0.000000    -0.00004     0.00000    0.000000000   -0.000000242   -0.000000423  257.879833  81775.4532
1494.00   15.0000    0.0000   15.0000  273.2110  273.2110  0.000000       0.00000       0.00000         233310.1522    0.000000    -0.00004     0.00000    0.000000000   -0.000000242   -0.000000423  257.836366  81645.5443
1506.00   15.0000    0.0000   15.0000  273.2890  273.2890  0.000000       0.00000       0.00000         233243.5627    0.000000    -0.00004     0.00000    0.000000000   -0.000000242   -0.000000423  257.792866  81515.8198
1518.00   15.0000    0.0000   15.0000  273.3670  273.3670  0.000000       0.00000       0.00000         233177.0111    0.000000    -0.00004     0.00000    0.000000000   -0.000000242   -0.000000422  257.749333  81386.2796
1530.00   15.0000    0.0000   15.0000  273.4450  273.4450  0.000000       0.00000       0.00000         233110.4975    0.000000    -0.00004     0.00000    0.000000000   -0.000000242   -0.000000422  257.705766  81256.9234
1542.00   15.0000    0.0000   15.0000  273.5230  273.5230  0.000000       0.00000       0.00000         233044.0219    0.000000    -0.00004     0.00000    0.000000000   -0.000000242   -0.000000421  257.662166  81127.7510
1554.00   15.0000    0.0000   15.0000  273.6010  273.6010  0.000000       0.00000       0.00000         232977.5841    0.000000    -0.00004     0.00000    0.000000000   -0.000000242   -0.000000421  257.618533  80998.7622
1566.00   15.0000    0.0000   15.0000  273.6790  273.6790  0.000000       0.00000       0.00000         232911.1843    0.000000    -0.00004     0.00000    0.000000000   -0.000000242   -0.000000421  257.574866  80869.9566
1578.00   15.0000    0.0000   15.0000  273.7570  273.7570  0.000000       0.00000       0.00000         232844.8222    0.000000    -0.00004     0.00000    0.000000000   -0.000000242   -0.000000420  257.531166  80741.3340
1590.00   15.0000    0.0000   15.0000  273.8350  273.8350  0.000000       0.00000       0.00000         232778.4980    0.000000    -0.00004     0.00000    0.000000000   -0.000000242   -0.000000420  257.487432  80612.8943
1602.00   15.0000    0.0000   15.0000  273.9130  273.9130  0.000000       0.00000       0.00000         232712.2115    0.000000    -0.00004     0.00000    0.000000000   -0.000000242   -0.000000419  257.443666  80484.6370
1614.00   15.0000    0.0000   15.0000  273.9910  273.9910  0.000000       0.00000       0.00000         232645.9628    0.000000    -0.00004     0.00000    0.000000000   -0.000000242   -0.000000419  257.399865  80356.5621
1626.00   15.0000    0.0000   15.0000  274.0690  274.0690  0.000000       0.00000       0.00000         232579.7518    0.000000    -0.00004     0.00000    0.000000000   -0.000000242   -0.000000419  257.356032  80228.6692
1638.00   15.0000    0.0000   15.0000  274.1470  274.1470  0.000000       0.00000       0.00000         232513.5785    0.000000    -0.00004     0.00000    0.000000000   -0.000000242   -0.000000418  257.312165  80100.9582
1650.00   15.0000    0.0000   15.0000  274.2250  274.2250  0.000000       0.00000       0.00000         232447.4428    0.000000    -0.00004     0.00000    0.000000000   -0.000000242   -0.000000418  257.268265  79973.4287
1662.00   15.0000    0.0000   15.0000  274.3030  274.3030  0.000000       0.00000       0.00000         232381.3447    0.000000    -0.00004     0.00000    0.000000000   -0.000000242   -0.000000417  257.224331  79846.0805
1674.00   15.0000    0.0000   15.0000  274.3810  274.3810  0.000000       0.00000       0.00000         232315.2842    0.000000    -0.00004     0.00000    0.000000000   -0.000000242   -0.000000417  257.180364  79718.9134
1686.00   15.0000    0.0000   15.0000  274.4590  274.4590  0.000000       0.00000       0.00000         232249.2613    0.000000    -0.00004     0.00000    0.000000000   -0.000000242   -0.000000417  257.136364  79591.9271
1698.00   15.0000    0.0000   15.0000  274.5370  274.5370  0.000000       0.00000       0.00000         232183.2758    0.000000    -0.00004     0.00000    0.000000000   -0.000000241   -0.000000416  257.092331  79465.1215
1710.00   15.0000    0.0000   15.0000  274.6150  274.6150  0.000000       0.00000       0.00000         232117.3279    0.000000    -0.00004     0.00000    0.000000000   -0.000000241   -0.000000416  257.048264  79338.4961
1722.00   15.0000    0.0000   15.0000  274.6930  274.6930  0.000000       0.00000       0.00000         232051.4174    0.000000    -0.00004     0.00000    0.000000000   -0.000000241   -0.000000415  257.004164  79212.0509
1734.00   15.0000    0.0000   15.0000  274.7710  274.7710  0.000000       0.00000       0.00000         231985.5443    0.000000    -0.00004     0.00000    0.000000000   -0.000000241   -0.000000415  256.960031  79085.7856
1746.00   15.0000    0.0000   15.0000  274.8490  274.8490  0.000000       0.00000       0.00000         231919.7086    0.000000    -0.00004     0.00000    0.000000000   -0.000000241   -0.000000415  256.915865  78959.6998
1758.00   15.0000    0.0000   15.0000  274.9270  274.9270  0.000000       0.00000       0.00000         231853.9103    0.000000    -0.00004     0.00000    0.000000000   -0.000000241   -0.000000414  256.871665  78833.7935
1770.00   15.0000    0.0000   15.0000  275.0050  275.0050  0.000000       0.00000       0.00000         231788.1493    0.000000    -0.00004     0.00000    0.000000000   -0.000000241   -0.000000414  256.827432  78708.0663
1782.00   15.0000    0.0000   15.0000  275.0830  275.0830  0.000000       0.00000       0.00000         231722.4256    0.000000    -0.00004     0.00000    0.000000000   -0.000000241   -0.000000413  256.783166  78582.5180
1794.00   15.0000    0.0000   15.0000  275.1610  275.1610  0.000000       0.00000       0.00000         231656.7391    0.000000    -0.00004     0.00000    0.000000000   -0.000000241   -0.000000413  256.738867  78457.1484
1806.00   15.0000    0.0000   15.0000  275.2390  275.2390  0.000000       0.00000       0.00000         231591.0899    0.000000    -0.00004     0.00000    0.000000000   -0.000000241   -0.000000412  256.694534  78331.9572
1818.00   15.0000    0.0000   15.0000  275.3170  275.3170  0.000000       0.00000       0.00000         231525.4779    0.000000    -0.00004     0.00000    0.000000000   -0.000000241   -0.000000412  256.650169  78206.9441
1830.00   15.0000    0.0000   15.0000  275.3950  275.3950  0.000000       0.00000       0.00000         231459.9030    0.000000    -0.00004     0.00000    0.000000000   -0.000000241   -0.000000412  256.605770  78082.1091
1842.00   15.0000    0.0000   15.0000  275.4730  275.4730  0.000000       0.00000       0.00000         231394.3653    0.000000    -0.00004     0.00000    0.000000000   -0.000000241   -0.000000411  256.561338  77957.4517
1854.00   15.0000    0.0000   15.0000  275.5510  275.5510  0.000000       0.00000       0.00000         231328.8647    0.000000    -0.00005     0.00000    0.000000000   -0.000000241   -0.000000411  256.516873  77832.9718
1866.00   15.0000    0.0000   15.0000  275.6290  275.6290  0.000000       0.00000       0.00000         231263.4012    0.000000    -0.00005     0.00000    0.000000000   -0.000000241   -0.000000410  256.472375  77708.6691
1878.00   15.0000    0.0000   15.0000  275.7070  275.7070  0.000000       0.00000       0.00000         231197.9747    0.000000    -0.00005     0.00000    0.000000000   -0.000000241   -0.000000410  256.427843  77584.5434
1890.00   15.0000    0.0000   15.0000  275.7850  275.7850  0.000000       0.00000       0.00000         231132.5852    0.000000    -0.00005     0.00000    0.000000000   -0.000000241   -0.000000409  256.383279  77460.5945
1902.00   15.0000    0.0000   15.0000  275.8630  275.8630  0.000000       0.00000       0.00000         231067.2326    0.000000    -0.00005     0.00000    0.000000000   -0.000000240   -0.000000409  256.338681  77336.8221
1914.00   15.0000    0.0000   15.0000  275.9410  275.9410  0.000000       0.00000       0.00000         231001.9171    0.000000    -0.00005     0.00000    0.000000000   -0.000000240   -0.000000409  256.294050  77213.2259
1926.00   15.0000    0.0000   15.0000  276.0190  276.0190  0.000000       0.00000       0.00000         230936.6384    0.000000    -0.00005     0.00000    0.000000000   -0.000000240   -0.000000408  256.249386  77089.8058
1938.00   15.0000    0.0000   15.0000  276.0970  276.0970  0.000000       0.00000       0.00000         230871.3966    0.000000    -0.00005     0.00000    0.000000000   -0.000000240   -0.000000408  256.204689  76966.5616
1950.00   15.0000    0.0000   15.0000  276.1750  276.1750  0.000000       0.00000       0.00000         230806.1917    0.000000    -0.00005     0.00000    0.000000000   -0.000000240   -0.000000407  256.159959  76843.4928
1962.00   15.0000    0.0000   15.0000  276.2530  276.2530  0.000000       0.00000       0.00000         230741.0236    0.000000    -0.00005     0.00000    0.000000000   -0.000000240   -0.000000407  256.115196  76720.5995
1974.00   15.0000    0.0000   15.0000  276.3310  276.3310  0.000000       0.00000       0.00000         230675.8923    0.000000    -0.00005     0.00000    0.000000000   -0.000000240   -0.000000406  256.070400  76597.8812
1986.00   15.0000    0.0000   15.0000  276.4090  276.4090  0.000000       0.00000       0.00000         230610.7978    0.000000    -0.00005     0.00000    0.000000000   -0.000000240   -0.000000406  256.025571  76475.3378
1998.00   15.0000    0.0000   15.0000  276.4870  276.4870  0.000000       0.00000       0.00000         230545.7399    0.000000    -0.00005     0.00000    0.000000000   -0.000000240   -0.000000405  255.980708  76352.9690
2010.00   15.0000    0.0000   15.0000  276.5650  276.5650  0.000000       0.00000       0.00000         230480.7188    0.000000    -0.00005     0.00000    0.000000000   -0.000000240   -0.000000405  255.935813  76230.7747
2022.00   15.0000    0.0000   15.0000  276.6430  276.6430  0.000000       0.00000       0.00000         230415.7344    0.000000    -0.00005     0.00000    0.000000000   -0.000000240   -0.000000405  255.890885  76108.7545
2034.00   15.0000    0.0000   15.0000  276.7210  276.7210  0.000000       0.00000       0.00000         230350.7865    0.000000    -0.00005     0.00000    0.000000000   -0.000000240   -0.000000404  255.845924  75986.9082
2046.00   15.0000    0.0000   15.0000  276.7990  276.7990  0.000000       0.00000       0.00000         230285.8753    0.000000    -0.00005     0.00000    0.000000000   -0.000000240   -0.000000404  255.800929  75865.2356
2058.00   15.0000    0.0000   15.0000  276.8770  276.8770  0.000000       0.00000       0.00000         230221.0007    0.000000    -0.00005     0.00000    0.000000000   -0.000000239   -0.000000403  255.755902  75743.7365
2070.00   15.0000    0.0000   15.0000  276.9550  276.9550  0.000000       0.00000       0.00000         230156.1626    0.000000    -0.00005     0.00000    0.000000000   -0.000000239   -0.000000403  255.710842  75622.4106
2082.00   15.0000    0.0000   15.0000  277.0330  277.0330  0.000000       0.00000       0.00000         230091.3610    0.000000    -0.00005     0.00000    0.000000000   -0.000000239   -0.000000402  255.665748  75501.2578
2094.00   15.0000    0.0000   15.0000  277.1110  277.1110  0.000000       0.00000       0.00000         230026.5958    0.000000    -0.00005     0.00000    0.000000000   -0.000000239   -0.000000402  255.620622  75380.2777
2106.00   15.0000    0.0000   15.0000  277.1890  277.1890  0.000000       0.00000       0.00000         229961.8672    0.000000    -0.00005     0.00000    0.000000000   -0.000000239   -0.000000401  255.575463  75259.4701
2118.00   15.0000    0.0000   15.0000  277.2670  277.2670  0.000000       0.00000       0.00000         229897.1749    0.000000    -0.00005     0.00000    0.000000000   -0.000000239   -0.000000401  255.530271  75138.8348
2130.00   15.0000    0.0000   15.0000  277.3450  277.3450  0.000000       0.00000       0.00000         229832.5191    0.000000    -0.00005     0.00000    0.000000000   -0.000000239   -0.000000400  255.485045  75018.3717
2142.00   15.0000    0.0000   15.0000  277.4230  277.4230  0.000000       0.00000       0.00000         229767.8996    0.000000    -0.00005     0.00000    0.000000000   -0.000000239   -0.000000400  255.439787  74898.0803
2154.00   15.0000    0.0000   15.0000  277.5010  277.5010  0.000000       0.00000       0.00000         229703.3164    0.000000    -0.00005     0.00000    0.000000000   -0.000000239   -0.000000399  255.394496  74777.9606
2166.00   15.0000    0.0000   15.0000  277.5790  277.5790  0.000000       0.00000       0.00000         229638.7695    0.000000    -0.00005     0.00000    0.000000000   -0.000000239   -0.000000399  255.349172  74658.0123
2178.00   15.0000    0.0000   15.0000  277.6570  277.6570  0.000000       0.00000       0.00000         229574.2589    0.000000    -0.00005     0.00000    0.000000000   -0.000000238   -0.000000399  255.303816  74538.2351
2190.00   15.0000    0.0000   15.0000  277.7350  277.7350  0.000000       0.00000       0.00000         229509.7845    0.000000    -0.00005     0.00000    0.000000000   -0.000000238   -0.000000398  255.258426  74418.6288
2202.00   15.0000    0.0000   15.0000  277.8130  277.8130  0.000000       0.00000       0.00000         229445.3463    0.000000    -0.00005     0.00000    0.000000000   -0.000000238   -0.000000398  255.213003  74299.1933
2214.00   15.0000    0.0000   15.0000  277.8910  277.8910  0.000000       0.00000       0.00000         229380.9443    0.000000    -0.00005     0.00000    0.000000000   -0.000000238   -0.000000397  255.167548  74179.9282
2226.00   15.0000    0.0000   15.0000  277.9690  277.9690  0.000000       0.00000       0.00000         229316.5785    0.000000    -0.00005     0.00000    0.000000000   -0.000000238   -0.000000397  255.122060  74060.8333
2238.00   15.0000    0.0000   15.0000  278.0470  278.0470  0.000000       0.00000       0.00000         229252.2487    0.000000    -0.00005     0.00000    0.000000000   -0.000000238   -0.000000396  255.076539  73941.9085
2250.00   15.0000    0.0000   15.0000  278.1250  278.1250  0.000000       0.00000       0.00000         229187.9551    0.000000    -0.00005     0.00000    0.000000000   -0.000000238   -0.000000396  255.030985  73823.1534
2262.00   15.0000    0.0000   15.0000  278.2030  278.2030  0.000000       0.00000       0.00000         229123.6974    0.000000    -0.00006     0.00000    0.000000000   -0.000000238   -0.000000395  254.985398  73704.5679
2274.00   15.0000    0.0000   15.0000  278.2810  278.2810  0.000000       0.00000       0.00000         229059.4759    0.000000    -0.00006     0.00000    0.000000000   -0.000000238   -0.000000395  254.939778  73586.1518
2286.00   15.0000    0.0000   15.0000  278.3590  278.3590  0.000000       0.00000       0.00000         228995.2903    0.000000    -0.00006     0.00000    0.000000000   -0.000000237   -0.000000394  254.894125  73467.9047
2298.00   15.0000    0.0000   15.0000  278.4370  278.4370  0.000000       0.00000       0.00000         228931.1406    0.000000    -0.00006     0.00000    0.000000000   -0.000000237   -0.000000394  254.848440  73349.8265
2310.00   15.0000    0.0000   15.0000  278.5150  278.5150  0.000000       0.00000       0.00000         228867.0269    0.000000    -0.00006     0.00000    0.000000000   -0.000000237   -0.000000393  254.802722  73231.9170
2322.00   15.0000    0.0000   15.0000  278.5930  278.5930  0.000000       0.00000       0.00000         228802.9491    0.000000    -0.00006     0.00000    0.000000000   -0.000000237   -0.000000393  254.756971  73114.1759
2334.00   15.0000    0.0000   15.0000  278.6710  278.6710  0.000000       0.00000       0.00000         228738.9072    0.000000    -0.00006     0.00000    0.000000000   -0.000000237   -0.000000392  254.711187  72996.6029
2346.00   15.0000    0.0000   15.0000  278.7490  278.7490  0.000000       0.00000       0.00000         228674.9011    0.000000    -0.00006     0.00000    0.000000000   -0.000000237   -0.000000392  254.665371  72879.1980
2358.00   15.0000    0.0000   15.0000  278.8270  278.8270  0.000000       0.00000       0.00000         228610.9308    0.000000    -0.00006     0.00000    0.000000000   -0.000000237   -0.000000391  254.619522  72761.9608
2370.00   15.0000    0.0000   15.0000  278.9050  278.9050  0.000000       0.00000       0.00000         228546.9963    0.000000    -0.00006     0.00000    0.000000000   -0.000000237   -0.000000391  254.573640  72644.8911
2382.00   15.0000    0.0000   15.0000  278.9830  278.9830  0.000000       0.00000       0.00000              0.0000    0.000000    -0.00006     0.00000    0.000000000    0.000000000    0.000000000  254.527725  72527.9888
2394.00   15.0000    0.0000   15.0000  279.0610  279.0610  0.000000       0.00000       0.00000              0.0000    0.000000     0.00000     0.00000    0.000000000    0.000000000    0.000000000  254.481777  72411.2535
