   0.00    0.0000    0.0000    0.0000  242.8166  242.8166  0.000000       0.00000       0.00000              0.0000    0.000000     0.00000     0.00000    0.000000000    0.000000000    0.000000000    0.000000      0.0000
   6.00    7.6168    3.5442    8.4010  244.5343  244.5343  0.000000       0.69242       0.69242              0.0000    0.000000     0.00000     0.00000   -0.000018264    0.000000000    0.000000000  244.446525  99874.3757
  18.00    8.6855    3.9540    9.5432  244.6766  244.6766  0.000000       2.04199       2.04199              0.0653    0.000000    -0.00000     0.00000   -0.000032960    0.000000000    0.000000000  244.442389  99665.1760
  30.00    9.3828    4.1711   10.2681  244.7726  244.7726  0.000000       1.91483       1.91483              0.0930    0.000000    -0.00000     0.00000   -0.000038549   -0.000000015   -0.000000063  244.421148  99498.1578
  42.00   10.0299    4.3276   10.9236  244.8648  244.8648  0.000000       2.08130       2.08130              0.1085    0.000000    -0.00000     0.00000   -0.000041428   -0.000000028   -0.000000075  244.396140  99331.4037
  54.00   10.6157    4.4296   11.5028  244.9517  244.9517  0.000000       2.02476       2.02476              0.1249    0.000000    -0.00000     0.00000   -0.000043674   -0.000000036   -0.000000083  244.365724  99164.9102
  66.00   11.1725    4.4891   12.0406  245.0380  245.0380  0.000000       1.96225       1.96225              0.1393    0.000000    -0.00000     0.00000   -0.000045661   -0.000000036   -0.000000083  244.334705  98998.6749
  78.00   11.7052    4.5095   12.5439  245.1248  245.1248  0.000000       1.85097       1.85097              0.1535    0.000000    -0.00000     0.00000   -0.000047558   -0.000000033   -0.000000080  244.304128  98832.6974
  90.00   12.2203    4.4931   13.0201  245.2135  245.2135  0.000000       1.72368       1.72368              0.1675    0.000000    -0.00000     0.00000   -0.000049445   -0.000000026   -0.000000073  244.275463  98666.9781
 102.00   12.7197    4.4407   13.4726  245.3052  245.3052  0.000000       1.58175       1.58175              0.1817    0.000000    -0.00000     0.00000   -0.000051377   -0.000000017   -0.000000064  244.249664  98501.5182
 114.00   13.2046    4.3522   13.9033  245.4008  245.4008  0.000000       1.43329       1.43329              0.1964    0.000000    -0.00000     0.00000   -0.000053376   -0.000000005   -0.000000053  244.227724  98336.3197
 126.00   13.6746    4.2272   14.3131  245.5013  245.5013  0.000000       1.28165       1.28165              0.2120    0.000000    -0.00000     0.00000   -0.000055496    0.000000010   -0.000000038  244.210617  98171.3850
 138.00   14.1285    4.0647   14.7016  245.6078  245.6078  0.000000       1.13010       1.13010              0.2286    0.000000    -0.00000     0.00000   -0.000057782    0.000000029   -0.000000020  244.199435  98006.7175
 150.00   14.5641    3.8638   15.0679  245.7216  245.7216  0.000000       0.98078       0.98078              0.2469    0.000000    -0.00001     0.00000   -0.000060377    0.000000051    0.000000001  244.195455  97842.3211
 162.00   14.9784    3.6231   15.4103  245.8442  245.8442  0.000000       0.83554       0.83554              0.2673    0.000000    -0.00001     0.00000   -0.000063179    0.000000079    0.000000028  244.200244  97678.2006
 174.00   15.3671    3.3410   15.7261  245.9779  245.9779  0.000000       0.69515       0.69515              0.2908    0.000000    -0.00001     0.00000   -0.000066410    0.000000114    0.000000061  244.215901  97514.3624
 186.00   15.7247    3.0161   16.0113  246.1255  246.1255  0.000000       0.56178       0.56178              0.3185    0.000000    -0.00001     0.00000   -0.000070072    0.000000160    0.000000105  244.245291  97350.8140
 198.00   16.0440    2.6456   16.2607  246.2916  246.2916  0.000000       0.43331       0.43331              0.3532    0.000000    -0.00001     0.00000   -0.000074451    0.000000223    0.000000165  244.293015  97187.5656
 210.00   16.3133    2.2280   16.4647  246.4831  246.4831  0.000000       0.31791       0.31791              0.3977    0.000000    -0.00002     0.00000   -0.000079783    0.000000320    0.000000259  244.365833  97024.6312
 222.00   16.5174    1.7532   16.6102  246.7167  246.7167  0.000000       0.19971       0.19971              0.4677    0.000000    -0.00002     0.00000   -0.000087203    0.000000478    0.000000409  244.480224  96862.0321
 234.00   16.6146    1.2310   16.6602  247.0149  247.0149  0.000000       0.12147       0.12147              0.5647    0.000000    -0.00004     0.00000   -0.000103931    0.000000893    0.000000801  244.658560  96699.8026
 246.00   16.4889    0.5878   16.4994  247.5221  247.5221  0.000000       0.00831       0.00831              1.3564    0.000000    -0.00004     0.00000   -0.000079205    0.000009095    0.000007270  245.043758  96538.0308
 258.00   15.1980   -0.0559   15.1981  252.2399  252.2399  0.000000       0.00081       0.00081              2.3826    0.000000     0.00000     0.00000   -0.000144256    0.000012542    0.000013447  249.596226  96378.1260
 270.00   15.0015   -0.0016   15.0015  254.0581  254.0581  0.000000       0.00000       0.00000             67.0964    0.000000    -0.00010     0.00000   -0.000005133    0.000007080    0.000006930  251.277760  96220.4837
 282.00   15.0000   -0.0000   15.0000  255.3061  255.3061  0.000000       0.00000       0.00000         348499.9608    0.000000    -0.00006     0.00000   -0.000000000    0.000004817    0.000004677  252.394656  96063.9741
 294.00   15.0000   -0.0000   15.0000  256.0393  256.0393  0.000000       0.00000       0.00000        2200583.7754    0.000000    -0.00006     0.00000    0.000000000    0.000003402    0.000003216  253.002240  95908.2524
 306.00   15.0000   -0.0000   15.0000  256.6850  256.6850  0.000000       0.00000       0.00000        1877857.4239    0.000000    -0.00005     0.00000    0.000000000    0.000002945    0.000002769  253.523047  95753.1293
 318.00   15.0000   -0.0000   15.0000  257.2190  257.2190  0.000000       0.00000       0.00000        1603519.2884    0.000000    -0.00005     0.00000    0.000000000    0.000002520    0.000002346  253.933204  95598.5412
 330.00   15.0000   -0.0000   15.0000  257.6944  257.6944  0.000000       0.00000       0.00000        1429978.0250    0.000000    -0.00004     0.00000    0.000000000    0.000002248    0.000002077  254.285394  95444.4339
 342.00   15.0000    0.0000   15.0000  258.1208  258.1208  0.000000       0.00000       0.00000        1297577.5045    0.000000    -0.00004     0.00000    0.000000000    0.000002036    0.000001866  254.588932  95290.7732
 354.00   15.0000    0.0000   15.0000  258.5141  258.5141  0.000000       0.00000       0.00000        1194566.2756    0.000000    -0.00004     0.00000    0.000000000    0.000001866    0.000001698  254.859687  95137.5327
 366.00   15.0000    0.0000   15.0000  258.8766  258.8766  0.000000       0.00000       0.00000        1116031.1175    0.000000    -0.00004     0.00000    0.000000000    0.000001737    0.000001569  255.099834  94984.6918
 378.00   15.0000    0.0000   15.0000  259.2212  259.2212  0.000000       0.00000       0.00000        1043694.4164    0.000000    -0.00004     0.00000    0.000000000    0.000001611    0.000001445  255.322257  94832.2347
 390.00   15.0000    0.0000   15.0000  259.5387  259.5387  0.000000       0.00000       0.00000         987535.4265    0.000000    -0.00004     0.00000    0.000000000    0.000001515    0.000001347  255.517813  94680.1467
 402.00   15.0000    0.0000   15.0000  259.8485  259.8485  0.000000       0.00000       0.00000         931329.1192    0.000000    -0.00004     0.00000    0.000000000    0.000001411    0.000001245  255.705613  94528.4164
 414.00   15.0000    0.0000   15.0000  260.1310  260.1310  0.000000       0.00000       0.00000         883363.4573    0.000000    -0.00004     0.00000    0.000000000    0.000001322    0.000001155  255.866454  94377.0324
 426.00   15.0000    0.0000   15.0000  260.4108  260.4108  0.000000       0.00000       0.00000         845894.7680    0.000000    -0.00003     0.00000    0.000000000    0.000001253    0.000001086  256.024580  94225.9850
 438.00   15.0000    0.0000   15.0000  260.6701  260.6701  0.000000       0.00000       0.00000         805964.4574    0.000000    -0.00003     0.00000    0.000000000    0.000001175    0.000001008  256.162290  94075.2663
 450.00   15.0000    0.0000   15.0000  260.9250  260.9250  0.000000       0.00000       0.00000         778274.0489    0.000000    -0.00003     0.00000    0.000000000    0.000001122    0.000000955  256.295664  93924.8683
 462.00   15.0000    0.0000   15.0000  261.1670  261.1670  0.000000       0.00000       0.00000         747971.4388    0.000000    -0.00003     0.00000    0.000000000    0.000001062    0.000000894  256.416270  93774.7850
 474.00   15.0000    0.0000   15.0000  261.4031  261.4031  0.000000       0.00000       0.00000         725283.4633    0.000000    -0.00003     0.00000    0.000000000    0.000001018    0.000000850  256.530856  93625.0103
 486.00   15.0000    0.0000   15.0000  261.6310  261.6310  0.000000       0.00000       0.00000         701814.5737    0.000000    -0.00003     0.00000    0.000000000    0.000000970    0.000000801  256.637429  93475.5391
 498.00   15.0000    0.0000   15.0000  261.8524  261.8524  0.000000       0.00000       0.00000         679393.5474    0.000000    -0.00003     0.00000    0.000000000    0.000000923    0.000000754  256.737463  93326.3665
 510.00   15.0000    0.0000   15.0000  262.0664  262.0664  0.000000       0.00000       0.00000         658107.3225    0.000000    -0.00003     0.00000    0.000000000    0.000000878    0.000000709  256.830121  93177.4879
 522.00   15.0000    0.0000   15.0000  262.2745  262.2745  0.000000       0.00000       0.00000         638924.2566    0.000000    -0.00003     0.00000    0.000000000    0.000000837    0.000000667  256.916930  93028.8987
 534.00   15.0000    0.0000   15.0000  262.4765  262.4765  0.000000       0.00000       0.00000         621772.3905    0.000000    -0.00003     0.00000    0.000000000    0.000000799    0.000000629  256.997665  92880.5947
 546.00   15.0000    0.0000   15.0000  262.6739  262.6739  0.000000       0.00000       0.00000         604289.6087    0.000000    -0.00003     0.00000    0.000000000    0.000000760    0.000000590  257.073812  92732.5723
 558.00   15.0000    0.0000   15.0000  262.8650  262.8650  0.000000       0.00000       0.00000         588716.2187    0.000000    -0.00003     0.00000    0.000000000    0.000000725    0.000000555  257.143665  92584.8277
 570.00   15.0000    0.0000   15.0000  263.0527  263.0527  0.000000       0.00000       0.00000         571890.7192    0.000000    -0.00003     0.00000    0.000000000    0.000000686    0.000000515  257.210114  92437.3576
 582.00   15.0000    0.0000   15.0000  263.2332  263.2332  0.000000       0.00000       0.00000         556510.1868    0.000000    -0.00003     0.00000    0.000000000    0.000000650    0.000000479  257.269472  92290.1584
 594.00   15.0000    0.0000   15.0000  263.4112  263.4112  0.000000       0.00000       0.00000         541549.9149    0.000000    -0.00003     0.00000    0.000000000    0.000000614    0.000000443  257.326319  92143.2267
 606.00   15.0000    0.0000   15.0000  263.5823  263.5823  0.000000       0.00000       0.00000         525446.2990    0.000000    -0.00003     0.00000    0.000000000    0.000000575    0.000000404  257.376334  91996.5594
 618.00   15.0000    0.0000   15.0000  263.7501  263.7501  0.000000       0.00000       0.00000         512467.0360    0.000000    -0.00003     0.00000    0.000000000    0.000000543    0.000000372  257.423103  91850.1530
 630.00   15.0000    0.0000   15.0000  263.9131  263.9131  0.000000       0.00000       0.00000         498932.8466    0.000000    -0.00003     0.00000    0.000000000    0.000000509    0.000000338  257.465001  91704.0048
 642.00   15.0000    0.0000   15.0000  264.0724  264.0724  0.000000       0.00000       0.00000         487546.0787    0.000000    -0.00003     0.00000    0.000000000    0.000000481    0.000000309  257.503295  91558.1118
 654.00   15.0000    0.0000   15.0000  264.2282  264.2282  0.000000       0.00000       0.00000         476757.2655    0.000000    -0.00003     0.00000    0.000000000    0.000000453    0.000000282  257.538064  91412.4716
 666.00   15.0000    0.0000   15.0000  264.3807  264.3807  0.000000       0.00000       0.00000         467290.7938    0.000000    -0.00003     0.00000    0.000000000    0.000000429    0.000000257  257.569599  91267.0818
 678.00   15.0000    0.0000   15.0000  264.5305  264.5305  0.000000       0.00000       0.00000         458383.7186    0.000000    -0.00003     0.00000    0.000000000    0.000000406    0.000000235  257.598438  91121.9402
 690.00   15.0000    0.0000   15.0000  264.6774  264.6774  0.000000       0.00000       0.00000         449734.7164    0.000000    -0.00003     0.00000    0.000000000    0.000000384    0.000000212  257.624391  90977.0448
 702.00   15.0000    0.0000   15.0000  264.8218  264.8218  0.000000       0.00000       0.00000         442070.1517    0.000000    -0.00003     0.00000    0.000000000    0.000000364    0.000000192  257.647805  90832.3937
 714.00   15.0000    0.0000   15.0000  264.9639  264.9639  0.000000       0.00000       0.00000         435539.7925    0.000000    -0.00003     0.00000    0.000000000    0.000000347    0.000000175  257.668951  90687.9850
 726.00   15.0000    0.0000   15.0000  265.1043  265.1043  0.000000       0.00000       0.00000         430006.3794    0.000000    -0.00003     0.00000    0.000000000    0.000000333    0.000000160  257.688270  90543.8172
 738.00   15.0000    0.0000   15.0000  265.2429  265.2429  0.000000       0.00000       0.00000         425201.6686    0.000000    -0.00003     0.00000    0.000000000    0.000000321    0.000000148  257.705947  90399.8890
 750.00   15.0000    0.0000   15.0000  265.3803  265.3803  0.000000       0.00000       0.00000         420917.8719    0.000000    -0.00003     0.00000    0.000000000    0.000000310    0.000000137  257.722254  90256.1990
 762.00   15.0000    0.0000   15.0000  265.5163  265.5163  0.000000       0.00000       0.00000         417448.6824    0.000000    -0.00003     0.00000    0.000000000    0.000000301    0.000000127  257.737246  90112.7461
 774.00   15.0000    0.0000   15.0000  265.6515  265.6515  0.000000       0.00000       0.00000         414345.6412    0.000000    -0.00003     0.00000    0.000000000    0.000000293    0.000000119  257.751380  89969.5293
 786.00   15.0000    0.0000   15.0000  265.7857  265.7857  0.000000       0.00000       0.00000         412196.6177    0.000000    -0.00003     0.00000    0.000000000    0.000000288    0.000000114  257.764429  89826.5476
 798.00   15.0000    0.0000   15.0000  265.9196  265.9196  0.000000       0.00000       0.00000         410898.9511    0.000000    -0.00003     0.00000    0.000000000    0.000000285    0.000000110  257.777221  89683.8003
 810.00   15.0000    0.0000   15.0000  266.0531  266.0531  0.000000       0.00000       0.00000         410803.3403    0.000000    -0.00003     0.00000    0.000000000    0.000000285    0.000000110  257.789464  89541.2868
 822.00   15.0000    0.0000   15.0000  266.1871  266.1871  0.000000       0.00000       0.00000         411595.2541    0.000000    -0.00003     0.00000    0.000000000    0.000000288    0.000000113  257.802208  89399.0067
 834.00   15.0000    0.0000   15.0000  266.3212  266.3212  0.000000       0.00000       0.00000         412711.5560    0.000000    -0.00004     0.00000    0.000000000    0.000000292    0.000000116  257.814963  89256.9596
 846.00   15.0000    0.0000   15.0000  266.4561  266.4561  0.000000       0.00000       0.00000         415217.1434    0.000000    -0.00004     0.00000    0.000000000    0.000000300    0.000000124  257.828424  89115.1454
 858.00   15.0000    0.0000   15.0000  266.5920  266.5920  0.000000       0.00000       0.00000         419756.2310    0.000000    -0.00004     0.00000    0.000000000    0.000000314    0.000000137  257.842774  88973.5642
 870.00   15.0000    0.0000   15.0000  266.7300  266.7300  0.000000       0.00000       0.00000         427258.9928    0.000000    -0.00004     0.00000    0.000000000    0.000000337    0.000000159  257.859113  88832.2164
 882.00   15.0000    0.0000   15.0000  266.8709  266.8709  0.000000       0.00000       0.00000         436873.8713    0.000000    -0.00004     0.00000    0.000000000    0.000000366    0.000000187  257.878215  88691.1027
 894.00   15.0000    0.0000   15.0000  267.0153  267.0153  0.000000       0.00000       0.00000         451211.5735    0.000000    -0.00004     0.00000    0.000000000    0.000000409    0.000000228  257.900642  88550.2246
 906.00   15.0000    0.0000   15.0000  267.1658  267.1658  0.000000       0.00000       0.00000         467445.8984    0.000000    -0.00004     0.00000    0.000000000    0.000000458    0.000000275  257.928816  88409.5840
 918.00   15.0000    0.0000   15.0000  267.3210  267.3210  0.000000       0.00000       0.00000         499931.5766    0.000000    -0.00005     0.00000    0.000000000    0.000000555    0.000000370  257.961523  88269.1834
 930.00   15.0000    0.0000   15.0000  267.4928  267.4928  0.000000       0.00000       0.00000         519265.5244    0.000000    -0.00005     0.00000    0.000000000    0.000000615    0.000000428  258.010241  88129.0278
 942.00   15.0000    0.0000   15.0000  267.6609  267.6609  0.000000       0.00000       0.00000         613466.1373    0.000000    -0.00007     0.00000    0.000000000    0.000000899    0.000000703  258.055219  87989.1202
 954.00   15.0000    0.0000   15.0000  267.8947  267.8947  0.000000       0.00000       0.00000         613724.2996    0.000000    -0.00005     0.00000    0.000000000    0.000000905    0.000000712  258.163471  87849.4760
 966.00   15.0000    0.0000   15.0000  268.0633  268.0633  0.000000       0.00000       0.00000         912321.9885    0.000000    -0.00013     0.00000    0.000000000    0.000001826    0.000001594  258.208804  87710.0950
 978.00   15.0000    0.0000   15.0000  268.4932  268.4932  0.000000       0.00000       0.00000         846730.2428    0.000000    -0.00004     0.00000    0.000000000    0.000001636    0.000001438  258.505743  87571.0271
 990.00   15.0000    0.0000   15.0000  268.6196  268.6196  0.000000       0.00000       0.00000        2311806.5183    0.000000    -0.00043     0.00000    0.000000000    0.000006461    0.000005870  258.510366  87432.2607
1002.00   15.0000    0.0000   15.0000  270.0130  270.0130  0.000000       0.00000       0.00000        2226561.5463    0.000000    -0.00002     0.00000    0.000000000    0.000006224    0.000006193  259.733868  87294.0413
1014.00   15.0000    0.0000   15.0000  270.0910  270.0910  0.000000       0.00000       0.00000         236005.2723    0.000000    -0.00002     0.00000    0.000000000   -0.000000243   -0.000000441  259.691788  87156.3550
1026.00   15.0000    0.0000   15.0000  270.1690  270.1690  0.000000       0.00000       0.00000         235937.1356    0.000000    -0.00002     0.00000    0.000000000   -0.000000243   -0.000000440  259.649675  87018.8636
1038.00   15.0000    0.0000   15.0000  270.2470  270.2470  0.000000       0.00000       0.00000         235869.0383    0.000000    -0.00003     0.00000    0.000000000   -0.000000243   -0.000000440  259.607527  86881.5669
1050.00   15.0000    0.0000   15.0000  270.3250  270.3250  0.000000       0.00000       0.00000         235800.9803    0.000000    -0.00003     0.00000    0.000000000   -0.000000243   -0.000000440  259.565345  86744.4645
1062.00   15.0000    0.0000   15.0000  270.4030  270.4030  0.000000       0.00000       0.00000         235732.9615    0.000000    -0.00003     0.00000    0.000000000   -0.000000243   -0.000000439  259.523130  86607.5563
1074.00   15.0000    0.0000   15.0000  270.4810  270.4810  0.000000       0.00000       0.00000         235664.9820    0.000000    -0.00003     0.00000    0.000000000   -0.000000243   -0.000000439  259.480881  86470.8419
1086.00   15.0000    0.0000   15.0000  270.5590  270.5590  0.000000       0.00000       0.00000         235597.0417    0.000000    -0.00003     0.00000    0.000000000   -0.000000243   -0.000000439  259.438598  86334.3211
1098.00   15.0000    0.0000   15.0000  270.6370  270.6370  0.000000       0.00000       0.00000         235529.1405    0.000000    -0.00003     0.00000    0.000000000   -0.000000243   -0.000000438  259.396282  86197.9937
1110.00   15.0000    0.0000   15.0000  270.7150  270.7150  0.000000       0.00000       0.00000         235461.2785    0.000000    -0.00003     0.00000    0.000000000   -0.000000243   -0.000000438  259.353932  86061.8593
1122.00   15.0000    0.0000   15.0000  270.7930  270.7930  0.000000       0.00000       0.00000         235393.4555    0.000000    -0.00003     0.00000    0.000000000   -0.000000244   -0.000000438  259.311548  85925.9177
1134.00   15.0000    0.0000   15.0000  270.8710  270.8710  0.000000       0.00000       0.00000         235325.6716    0.000000    -0.00003     0.00000    0.000000000   -0.000000244   -0.000000437  259.269130  85790.1686
1146.00   15.0000    0.0000   15.0000  270.9490  270.9490  0.000000       0.00000       0.00000         235257.9268    0.000000    -0.00003     0.00000    0.000000000   -0.000000244   -0.000000437  259.226678  85654.6119
1158.00   15.0000    0.0000   15.0000  271.0270  271.0270  0.000000       0.00000       0.00000         235190.2209    0.000000    -0.00003     0.00000    0.000000000   -0.000000244   -0.000000437  259.184193  85519.2472
1170.00   15.0000    0.0000   15.0000  271.1050  271.1050  0.000000       0.00000       0.00000         235122.5540    0.000000    -0.00003     0.00000    0.000000000   -0.000000244   -0.000000436  259.141674  85384.0743
1182.00   15.0000    0.0000   15.0000  271.1830  271.1830  0.000000       0.00000       0.00000         235054.9260    0.000000    -0.00003     0.00000    0.000000000   -0.000000244   -0.000000436  259.099122  85249.0929
1194.00   15.0000    0.0000   15.0000  271.2610  271.2610  0.000000       0.00000       0.00000         234987.3369    0.000000    -0.00003     0.00000    0.000000000   -0.000000244   -0.000000436  259.056536  85114.3028
1206.00   15.0000    0.0000   15.0000  271.3390  271.3390  0.000000       0.00000       0.00000         234919.7867    0.000000    -0.00003     0.00000    0.000000000   -0.000000244   -0.000000435  259.013916  84979.7036
1218.00   15.0000    0.0000   15.0000  271.4170  271.4170  0.000000       0.00000       0.00000         234852.2753    0.000000    -0.00003     0.00000    0.000000000   -0.000000244   -0.000000435  258.971262  84845.2952
1230.00   15.0000    0.0000   15.0000  271.4950  271.4950  0.000000       0.00000       0.00000         234784.8027    0.000000    -0.00003     0.00000    0.000000000   -0.000000244   -0.000000435  258.928575  84711.0773
1242.00   15.0000    0.0000   15.0000  271.5730  271.5730  0.000000       0.00000       0.00000         234717.3688    0.000000    -0.00003     0.00000    0.000000000   -0.000000244   -0.000000434  258.885854  84577.0497
1254.00   15.0000    0.0000   15.0000  271.6510  271.6510  0.000000       0.00000       0.00000         234649.9737    0.000000    -0.00003     0.00000    0.000000000   -0.000000244   -0.000000434  258.843099  84443.2120
1266.00   15.0000    0.0000   15.0000  271.7290  271.7290  0.000000       0.00000       0.00000         234582.6172    0.000000    -0.00003     0.00000    0.000000000   -0.000000244   -0.000000434  258.800311  84309.5641
1278.00   15.0000    0.0000   15.0000  271.8070  271.8070  0.000000       0.00000       0.00000         234515.2995    0.000000    -0.00003     0.00000    0.000000000   -0.000000244   -0.000000433  258.757490  84176.1056
1290.00   15.0000    0.0000   15.0000  271.8850  271.8850  0.000000       0.00000       0.00000         234448.0203    0.000000    -0.00003     0.00000    0.000000000   -0.000000244   -0.000000433  258.714634  84042.8363
1302.00   15.0000    0.0000   15.0000  271.9630  271.9630  0.000000       0.00000       0.00000         234380.7797    0.000000    -0.00003     0.00000    0.000000000   -0.000000244   -0.000000433  258.671745  83909.7560
1314.00   15.0000    0.0000   15.0000  272.0410  272.0410  0.000000       0.00000       0.00000         234313.5777    0.000000    -0.00003     0.00000    0.000000000   -0.000000244   -0.000000432  258.628823  83776.8644
1326.00   15.0000    0.0000   15.0000  272.1190  272.1190  0.000000       0.00000       0.00000         234246.4143    0.000000    -0.00003     0.00000    0.000000000   -0.000000244   -0.000000432  258.585867  83644.1613
1338.00   15.0000    0.0000   15.0000  272.1970  272.1970  0.000000       0.00000       0.00000         234179.2893    0.000000    -0.00003     0.00000    0.000000000   -0.000000244   -0.000000431  258.542877  83511.6463
1350.00   15.0000    0.0000   15.0000  272.2750  272.2750  0.000000       0.00000       0.00000         234112.2027    0.000000    -0.00003     0.00000    0.000000000   -0.000000244   -0.000000431  258.499854  83379.3193
1362.00   15.0000    0.0000   15.0000  272.3530  272.3530  0.000000       0.00000       0.00000         234045.1546    0.000000    -0.00003     0.00000    0.000000000   -0.000000244   -0.000000431  258.456797  83247.1800
1374.00   15.0000    0.0000   15.0000  272.4310  272.4310  0.000000       0.00000       0.00000         233978.1449    0.000000    -0.00003     0.00000    0.000000000   -0.000000244   -0.000000430  258.413707  83115.2281
1386.00   15.0000    0.0000   15.0000  272.5090  272.5090  0.000000       0.00000       0.00000         233911.1736    0.000000    -0.00003     0.00000    0.000000000   -0.000000244   -0.000000430  258.370583  82983.4635
1398.00   15.0000    0.0000   15.0000  272.5870  272.5870  0.000000       0.00000       0.00000         233844.2406    0.000000    -0.00003     0.00000    0.000000000   -0.000000244   -0.000000430  258.327426  82851.8857
1410.00   15.0000    0.0000   15.0000  272.6650  272.6650  0.000000       0.00000       0.00000         233777.3458    0.000000    -0.00003     0.00000    0.000000000   -0.000000244   -0.000000429  258.284235  82720.4947
1422.00   15.0000    0.0000   15.0000  272.7430  272.7430  0.000000       0.00000       0.00000         233710.4894    0.000000    -0.00003     0.00000    0.000000000   -0.000000244   -0.000000429  258.241011  82589.2901
1434.00   15.0000    0.0000   15.0000  272.8210  272.8210  0.000000       0.00000       0.00000         233643.6711    0.000000    -0.00003     0.00000    0.000000000   -0.000000244   -0.000000428  258.197753  82458.2717
1446.00   15.0000    0.0000   15.0000  272.8990  272.8990  0.000000       0.00000       0.00000         233576.8911    0.000000    -0.00004     0.00000    0.000000000   -0.000000244   -0.000000428  258.154462  82327.4392
1458.00   15.0000    0.0000   15.0000  272.9770  272.9770  0.000000       0.00000       0.00000         233510.1492    0.000000    -0.00004     0.00000    0.000000000   -0.000000244   -0.000000428  258.111137  82196.7924
1470.00   15.0000    0.0000   15.0000  273.0550  273.0550  0.000000       0.00000       0.00000         233443.4455    0.000000    -0.00004     0.00000    0.000000000   -0.000000244   -0.000000427  258.067779  82066.3310
1482.00   15.0000    0.0000   15.0000  273.1330  273.1330  0.000000       0.00000       0.00000         233376.7798    0.000000    -0.00004     0.00000    0.000000000   -0.000000244   -0.000000427  258.024387  81936.0549
1494.00   15.0000    0.0000   15.0000  273.2110  273.2110  0.000000       0.00000       0.00000         233310.1522    0.000000    -0.00004     0.00000    0.000000000   -0.000000244   -0.000000426  257.980962  81805.9636
1506.00   15.0000    0.0000   15.0000  273.2890  273.2890  0.000000       0.00000       0.00000         233243.5627    0.000000    -0.00004     0.00000    0.000000000   -0.000000244   -0.000000426  257.937503  81676.0571
1518.00   15.0000    0.0000   15.0000  273.3670  273.3670  0.000000       0.00000       0.00000         233177.0111    0.000000    -0.00004     0.00000    0.000000000   -0.000000244   -0.000000426  257.894011  81546.3350
1530.00   15.0000    0.0000   15.0000  273.4450  273.4450  0.000000       0.00000       0.00000         233110.4975    0.000000    -0.00004     0.00000    0.000000000   -0.000000244   -0.000000425  257.850486  81416.7971
1542.00   15.0000    0.0000   15.0000  273.5230  273.5230  0.000000       0.00000       0.00000         233044.0219    0.000000    -0.00004     0.00000    0.000000000   -0.000000244   -0.000000425  257.806927  81287.4432
1554.00   15.0000    0.0000   15.0000  273.6010  273.6010  0.000000       0.00000       0.00000         232977.5841    0.000000    -0.00004     0.00000    0.000000000   -0.000000244   -0.000000424  257.763335  81158.2729
1566.00   15.0000    0.0000   15.0000  273.6790  273.6790  0.000000       0.00000       0.00000         232911.1843    0.000000    -0.00004     0.00000    0.000000000   -0.000000243   -0.000000424  257.719710  81029.2861
1578.00   15.0000    0.0000   15.0000  273.7570  273.7570  0.000000       0.00000       0.00000         232844.8222    0.000000    -0.00004     0.00000    0.000000000   -0.000000243   -0.000000424  257.676051  80900.4826
1590.00   15.0000    0.0000   15.0000  273.8350  273.8350  0.000000       0.00000       0.00000         232778.4980    0.000000    -0.00004     0.00000    0.000000000   -0.000000243   -0.000000423  257.632358  80771.8620
1602.00   15.0000    0.0000   15.0000  273.9130  273.9130  0.000000       0.00000       0.00000         232712.2115    0.000000    -0.00004     0.00000    0.000000000   -0.000000243   -0.000000423  257.588633  80643.4241
1614.00   15.0000    0.0000   15.0000  273.9910  273.9910  0.000000       0.00000       0.00000         232645.9628    0.000000    -0.00004     0.00000    0.000000000   -0.000000243   -0.000000422  257.544874  80515.1686
1626.00   15.0000    0.0000   15.0000  274.0690  274.0690  0.000000       0.00000       0.00000         232579.7518    0.000000    -0.00004     0.00000    0.000000000   -0.000000243   -0.000000422  257.501082  80387.0954
1638.00   15.0000    0.0000   15.0000  274.1470  274.1470  0.000000       0.00000       0.00000         232513.5785    0.000000    -0.00004     0.00000    0.000000000   -0.000000243   -0.000000422  257.457256  80259.2042
1650.00   15.0000    0.0000   15.0000  274.2250  274.2250  0.000000       0.00000       0.00000         232447.4428    0.000000    -0.00004     0.00000    0.000000000   -0.000000243   -0.000000421  257.413397  80131.4947
1662.00   15.0000    0.0000   15.0000  274.3030  274.3030  0.000000       0.00000       0.00000         232381.3447    0.000000    -0.00004     0.00000    0.000000000   -0.000000243   -0.000000421  257.369505  80003.9668
1674.00   15.0000    0.0000   15.0000  274.3810  274.3810  0.000000       0.00000       0.00000         232315.2842    0.000000    -0.00004     0.00000    0.000000000   -0.000000243   -0.000000420  257.325579  79876.6200
1686.00   15.0000    0.0000   15.0000  274.4590  274.4590  0.000000       0.00000       0.00000         232249.2613    0.000000    -0.00004     0.00000    0.000000000   -0.000000243   -0.000000420  257.281620  79749.4543
1698.00   15.0000    0.0000   15.0000  274.5370  274.5370  0.000000       0.00000       0.00000         232183.2758    0.000000    -0.00004     0.00000    0.000000000   -0.000000243   -0.000000420  257.237628  79622.4694
1710.00   15.0000    0.0000   15.0000  274.6150  274.6150  0.000000       0.00000       0.00000         232117.3279    0.000000    -0.00004     0.00000    0.000000000   -0.000000243   -0.000000419  257.193603  79495.6649
1722.00   15.0000    0.0000   15.0000  274.6930  274.6930  0.000000       0.00000       0.00000         232051.4174    0.000000    -0.00004     0.00000    0.000000000   -0.000000243   -0.000000419  257.149544  79369.0408
1734.00   15.0000    0.0000   15.0000  274.7710  274.7710  0.000000       0.00000       0.00000         231985.5443    0.000000    -0.00004     0.00000    0.000000000   -0.000000243   -0.000000418  257.105452  79242.5967
1746.00   15.0000    0.0000   15.0000  274.8490  274.8490  0.000000       0.00000       0.00000         231919.7086    0.000000    -0.00004     0.00000    0.000000000   -0.000000243   -0.000000418  257.061327  79116.3324
1758.00   15.0000    0.0000   15.0000  274.9270  274.9270  0.000000       0.00000       0.00000         231853.9103    0.000000    -0.00004     0.00000    0.000000000   -0.000000243   -0.000000418  257.017169  78990.2476
1770.00   15.0000    0.0000   15.0000  275.0050  275.0050  0.000000       0.00000       0.00000         231788.1493    0.000000    -0.00004     0.00000    0.000000000   -0.000000243   -0.000000417  256.972977  78864.3422
1782.00   15.0000    0.0000   15.0000  275.0830  275.0830  0.000000       0.00000       0.00000         231722.4256    0.000000    -0.00004     0.00000    0.000000000   -0.000000243   -0.000000417  256.928753  78738.6158
1794.00   15.0000    0.0000   15.0000  275.1610  275.1610  0.000000       0.00000       0.00000         231656.7391    0.000000    -0.00004     0.00000    0.000000000   -0.000000243   -0.000000416  256.884495  78613.0683
1806.00   15.0000    0.0000   15.0000  275.2390  275.2390  0.000000       0.00000       0.00000         231591.0899    0.000000    -0.00004     0.00000    0.000000000   -0.000000243   -0.000000416  256.840203  78487.6993
1818.00   15.0000    0.0000   15.0000  275.3170  275.3170  0.000000       0.00000       0.00000         231525.4779    0.000000    -0.00004     0.00000    0.000000000   -0.000000243   -0.000000415  256.795879  78362.5088
1830.00   15.0000    0.0000   15.0000  275.3950  275.3950  0.000000       0.00000       0.00000         231459.9030    0.000000    -0.00004     0.00000    0.000000000   -0.000000243   -0.000000415  256.751521  78237.4963
1842.00   15.0000    0.0000   15.0000  275.4730  275.4730  0.000000       0.00000       0.00000         231394.3653    0.000000    -0.00004     0.00000    0.000000000   -0.000000242   -0.000000415  256.707131  78112.6617
1854.00   15.0000    0.0000   15.0000  275.5510  275.5510  0.000000       0.00000       0.00000         231328.8647    0.000000    -0.00005     0.00000    0.000000000   -0.000000242   -0.000000414  256.662707  77988.0048
1866.00   15.0000    0.0000   15.0000  275.6290  275.6290  0.000000       0.00000       0.00000         231263.4012    0.000000    -0.00005     0.00000    0.000000000   -0.000000242   -0.000000414  256.618250  77863.5252
1878.00   15.0000    0.0000   15.0000  275.7070  275.7070  0.000000       0.00000       0.00000         231197.9747    0.000000    -0.00005     0.00000    0.000000000   -0.000000242   -0.000000413  256.573760  77739.2229
1890.00   15.0000    0.0000   15.0000  275.7850  275.7850  0.000000       0.00000       0.00000         231132.5852    0.000000    -0.00005     0.00000    0.000000000   -0.000000242   -0.000000413  256.529237  77615.0974
1902.00   15.0000    0.0000   15.0000  275.8630  275.8630  0.000000       0.00000       0.00000         231067.2326    0.000000    -0.00005     0.00000    0.000000000   -0.000000242   -0.000000412  256.484680  77491.1486
1914.00   15.0000    0.0000   15.0000  275.9410  275.9410  0.000000       0.00000       0.00000         231001.9171    0.000000    -0.00005     0.00000    0.000000000   -0.000000242   -0.000000412  256.440091  77367.3763
1926.00   15.0000    0.0000   15.0000  276.0190  276.0190  0.000000       0.00000       0.00000         230936.6384    0.000000    -0.00005     0.00000    0.000000000   -0.000000242   -0.000000411  256.395468  77243.7802
1938.00   15.0000    0.0000   15.0000  276.0970  276.0970  0.000000       0.00000       0.00000         230871.3966    0.000000    -0.00005     0.00000    0.000000000   -0.000000242   -0.000000411  256.350812  77120.3601
1950.00   15.0000    0.0000   15.0000  276.1750  276.1750  0.000000       0.00000       0.00000         230806.1917    0.000000    -0.00005     0.00000    0.000000000   -0.000000242   -0.000000411  256.306124  76997.1157
1962.00   15.0000    0.0000   15.0000  276.2530  276.2530  0.000000       0.00000       0.00000         230741.0236    0.000000    -0.00005     0.00000    0.000000000   -0.000000242   -0.000000410  256.261402  76874.0468
1974.00   15.0000    0.0000   15.0000  276.3310  276.3310  0.000000       0.00000       0.00000         230675.8923    0.000000    -0.00005     0.00000    0.000000000   -0.000000242   -0.000000410  256.216647  76751.1532
1986.00   15.0000    0.0000   15.0000  276.4090  276.4090  0.000000       0.00000       0.00000         230610.7978    0.000000    -0.00005     0.00000    0.000000000   -0.000000242   -0.000000409  256.171859  76628.4347
1998.00   15.0000    0.0000   15.0000  276.4870  276.4870  0.000000       0.00000       0.00000         230545.7399    0.000000    -0.00005     0.00000    0.000000000   -0.000000242   -0.000000409  256.127038  76505.8909
2010.00   15.0000    0.0000   15.0000  276.5650  276.5650  0.000000       0.00000       0.00000         230480.7188    0.000000    -0.00005     0.00000    0.000000000   -0.000000241   -0.000000408  256.082184  76383.5217
2022.00   15.0000    0.0000   15.0000  276.6430  276.6430  0.000000       0.00000       0.00000         230415.7344    0.000000    -0.00005     0.00000    0.000000000   -0.000000241   -0.000000408  256.037297  76261.3269
2034.00   15.0000    0.0000   15.0000  276.7210  276.7210  0.000000       0.00000       0.00000         230350.7865    0.000000    -0.00005     0.00000    0.000000000   -0.000000241   -0.000000407  255.992377  76139.3061
2046.00   15.0000    0.0000   15.0000  276.7990  276.7990  0.000000       0.00000       0.00000         230285.8753    0.000000    -0.00005     0.00000    0.000000000   -0.000000241   -0.000000407  255.947424  76017.4592
2058.00   15.0000    0.0000   15.0000  276.8770  276.8770  0.000000       0.00000       0.00000         230221.0007    0.000000    -0.00005     0.00000    0.000000000   -0.000000241   -0.000000407  255.902438  75895.7860
2070.00   15.0000    0.0000   15.0000  276.9550  276.9550  0.000000       0.00000       0.00000         230156.1626    0.000000    -0.00005     0.00000    0.000000000   -0.000000241   -0.000000406  255.857419  75774.2861
2082.00   15.0000    0.0000   15.0000  277.0330  277.0330  0.000000       0.00000       0.00000         230091.3610    0.000000    -0.00005     0.00000    0.000000000   -0.000000241   -0.000000406  255.812367  75652.9594
2094.00   15.0000    0.0000   15.0000  277.1110  277.1110  0.000000       0.00000       0.00000         230026.5958    0.000000    -0.00005     0.00000    0.000000000   -0.000000241   -0.000000405  255.767282  75531.8057
2106.00   15.0000    0.0000   15.0000  277.1890  277.1890  0.000000       0.00000       0.00000         229961.8672    0.000000    -0.00005     0.00000    0.000000000   -0.000000241   -0.000000405  255.722164  75410.8246
2118.00   15.0000    0.0000   15.0000  277.2670  277.2670  0.000000       0.00000       0.00000         229897.1749    0.000000    -0.00005     0.00000    0.000000000   -0.000000241   -0.000000404  255.677013  75290.0161
2130.00   15.0000    0.0000   15.0000  277.3450  277.3450  0.000000       0.00000       0.00000         229832.5191    0.000000    -0.00005     0.00000    0.000000000   -0.000000241   -0.000000404  255.631829  75169.3798
2142.00   15.0000    0.0000   15.0000  277.4230  277.4230  0.000000       0.00000       0.00000         229767.8996    0.000000    -0.00005     0.00000    0.000000000   -0.000000240   -0.000000403  255.586612  75048.9155
2154.00   15.0000    0.0000   15.0000  277.5010  277.5010  0.000000       0.00000       0.00000         229703.3164    0.000000    -0.00005     0.00000    0.000000000   -0.000000240   -0.000000403  255.541363  74928.6229
2166.00   15.0000    0.0000   15.0000  277.5790  277.5790  0.000000       0.00000       0.00000         229638.7695    0.000000    -0.00005     0.00000    0.000000000   -0.000000240   -0.000000402  255.496080  74808.5020
2178.00   15.0000    0.0000   15.0000  277.6570  277.6570  0.000000       0.00000       0.00000         229574.2589    0.000000    -0.00005     0.00000    0.000000000   -0.000000240   -0.000000402  255.450764  74688.5523
2190.00   15.0000    0.0000   15.0000  277.7350  277.7350  0.000000       0.00000       0.00000         229509.7845    0.000000    -0.00005     0.00000    0.000000000   -0.000000240   -0.000000401  255.405416  74568.7738
2202.00   15.0000    0.0000   15.0000  277.8130  277.8130  0.000000       0.00000       0.00000         229445.3463    0.000000    -0.00005     0.00000    0.000000000   -0.000000240   -0.000000401  255.360035  74449.1661
2214.00   15.0000    0.0000   15.0000  277.8910  277.8910  0.000000       0.00000       0.00000         229380.9443    0.000000    -0.00005     0.00000    0.000000000   -0.000000240   -0.000000400  255.314621  74329.7290
2226.00   15.0000    0.0000   15.0000  277.9690  277.9690  0.000000       0.00000       0.00000         229316.5785    0.000000    -0.00005     0.00000    0.000000000   -0.000000240   -0.000000400  255.269174  74210.4623
2238.00   15.0000    0.0000   15.0000  278.0470  278.0470  0.000000       0.00000       0.00000         229252.2487    0.000000    -0.00005     0.00000    0.000000000   -0.000000240   -0.000000400  255.223694  74091.3659
2250.00   15.0000    0.0000   15.0000  278.1250  278.1250  0.000000       0.00000       0.00000         229187.9551    0.000000    -0.00005     0.00000    0.000000000   -0.000000239   -0.000000399  255.178181  73972.4394
2262.00   15.0000    0.0000   15.0000  278.2030  278.2030  0.000000       0.00000       0.00000         229123.6974    0.000000    -0.00006     0.00000    0.000000000   -0.000000239   -0.000000399  255.132635  73853.6826
2274.00   15.0000    0.0000   15.0000  278.2810  278.2810  0.000000       0.00000       0.00000         229059.4759    0.000000    -0.00006     0.00000    0.000000000   -0.000000239   -0.000000398  255.087057  73735.0953
2286.00   15.0000    0.0000   15.0000  278.3590  278.3590  0.000000       0.00000       0.00000         228995.2903    0.000000    -0.00006     0.00000    0.000000000   -0.000000239   -0.000000398  255.041446  73616.6772
2298.00   15.0000    0.0000   15.0000  278.4370  278.4370  0.000000       0.00000       0.00000         228931.1406    0.000000    -0.00006     0.00000    0.000000000   -0.000000239   -0.000000397  254.995802  73498.4282
2310.00   15.0000    0.0000   15.0000  278.5150  278.5150  0.000000       0.00000       0.00000         228867.0269    0.000000    -0.00006     0.00000    0.000000000   -0.000000239   -0.000000397  254.950125  73380.3481
2322.00   15.0000    0.0000   15.0000  278.5930  278.5930  0.000000       0.00000       0.00000         228802.9491    0.000000    -0.00006     0.00000    0.000000000   -0.000000239   -0.000000396  254.904415  73262.4365
2334.00   15.0000    0.0000   15.0000  278.6710  278.6710  0.000000       0.00000       0.00000         228738.9072    0.000000    -0.00006     0.00000    0.000000000   -0.000000239   -0.000000396  254.858673  73144.6932
2346.00   15.0000    0.0000   15.0000  278.7490  278.7490  0.000000       0.00000       0.00000         228674.9011    0.000000    -0.00006     0.00000    0.000000000   -0.000000239   -0.000000395  254.812898  73027.1182
2358.00   15.0000    0.0000   15.0000  278.8270  278.8270  0.000000       0.00000       0.00000         228610.9308    0.000000    -0.00006     0.00000    0.000000000   -0.000000238   -0.000000395  254.767090  72909.7110
2370.00   15.0000    0.0000   15.0000  278.9050  278.9050  0.000000       0.00000       0.00000         228546.9963    0.000000    -0.00006     0.00000    0.000000000   -0.000000238   -0.000000394  254.721249  72792.4715
2382.00   15.0000    0.0000   15.0000  278.9830  278.9830  0.000000       0.00000       0.00000              0.0000    0.000000    -0.00006     0.00000    0.000000000    0.000000000    0.000000000  254.675375  72675.3995
2394.00   15.0000    0.0000   15.0000  279.0610  279.0610  0.000000       0.00000       0.00000              0.0000    0.000000     0.00000     0.00000    0.000000000    0.000000000    0.000000000  254.629469  72558.4947
