   0.00    0.0000    0.0000    0.0000  252.5421  252.5421  0.000000       0.00000       0.00000              0.0000    0.000000     0.00000     0.00000    0.000000000    0.000000000    0.000000000    0.000000      0.0000
   6.00    7.1354    1.2071    7.2367  255.3023  255.3023  0.000000       0.47741       0.47741              0.0000    0.000000     0.00000     0.00000   -0.000277862    0.000000000    0.000000000  255.214865  99879.6699
  18.00    8.4147    1.3131    8.5165  255.6383  255.6383  0.000000       1.19355       1.19355              0.1119    0.000000    -0.00000     0.00000   -0.000240191    0.000000000    0.000000000  255.404209  99679.3399
  30.00    9.2620    1.3258    9.3564  255.8540  255.8540  0.000000       1.08931       1.08931              0.1436    0.000000    -0.00000     0.00000   -0.000220975    0.000000705    0.000000563  255.502494  99519.4992
  42.00   10.0219    1.2920   10.1048  256.0417  256.0417  0.000000       1.19436       1.19436              0.1579    0.000000    -0.00000     0.00000   -0.000195251    0.000000512    0.000000374  255.572769  99359.9674
  54.00   10.6776    1.2282   10.7480  256.1999  256.1999  0.000000       1.15989       1.15989              0.1734    0.000000    -0.00000     0.00000   -0.000173074    0.000000353    0.000000217  255.613512  99200.7259
  66.00   11.2718    1.1421   11.3295  256.3408  256.3408  0.000000       1.12914       1.12914              0.1859    0.000000    -0.00000     0.00000   -0.000153510    0.000000246    0.000000112  255.636964  99041.7596
  78.00   11.8127    1.0404   11.8584  256.4679  256.4679  0.000000       1.06108       1.06108              0.1987    0.000000    -0.00000     0.00000   -0.000136655    0.000000164    0.000000032  255.646571  98883.0582
  90.00   12.3122    0.9266   12.3471  256.5853  256.5853  0.000000       0.97574       0.97574              0.2118    0.000000    -0.00000     0.00000   -0.000122555    0.000000106   -0.000000025  255.646409  98724.6141
 102.00   12.7769    0.8038   12.8022  256.6956  256.6956  0.000000       0.87103       0.87103              0.2267    0.000000    -0.00000     0.00000   -0.000111208    0.000000067   -0.000000063  255.639193  98566.4216
 114.00   13.2132    0.6737   13.2303  256.8017  256.8017  0.000000       0.74648       0.74648              0.2447    0.000000    -0.00000     0.00000   -0.000102306    0.000000046   -0.000000083  255.627785  98408.4769
 126.00   13.6245    0.5382   13.6352  256.9062  256.9062  0.000000       0.61461       0.61461              0.2671    0.000000    -0.00000     0.00000   -0.000097294    0.000000052   -0.000000078  255.614699  98250.7777
 138.00   14.0203    0.3963   14.0259  257.0141  257.0141  0.000000       0.44439       0.44439              0.3025    0.000000    -0.00000     0.00000   -0.000094303    0.000000083   -0.000000048  255.604905  98093.3241
 150.00   14.3916    0.2532   14.3938  257.1274  257.1274  0.000000       0.32410       0.32410              0.3466    0.000000    -0.00001     0.00000   -0.000106861    0.000000246    0.000000111  255.600502  97936.1185
 162.00   14.8020    0.0843   14.8022  257.2823  257.2823  0.000000       0.03973       0.03973              0.6161    0.000000    -0.00001     0.00000   -0.000176956    0.000000319    0.000000182  255.637347  97779.1748
 174.00   14.9968    0.0014   14.9968  257.4165  257.4165  0.000000       0.00001       0.00001              3.7876    0.000000    -0.00001     0.00000   -0.000018539   -0.000000024   -0.000000153  255.653415  97622.4988
 186.00   15.0000    0.0000   15.0000  257.4734  257.4734  0.000000       0.00000       0.00000           8459.3674    0.000000     0.00000     0.00000   -0.000000003   -0.000000279   -0.000000402  255.592813  97466.0603
 198.00   15.0000    0.0000   15.0000  257.5344  257.5344  0.000000       0.00000       0.00000         537467.7068    0.000000    -0.00002     0.00000    0.000000000    0.000000494    0.000000349  255.536311  97309.8367
 210.00   15.0000    0.0000   15.0000  257.8121  257.8121  0.000000       0.00000       0.00000         964544.9277    0.000000    -0.00002     0.00000    0.000000000    0.000001450    0.000001282  255.694699  97153.8945
 222.00   15.0000    0.0000   15.0000  258.1430  258.1430  0.000000       0.00000       0.00000        1052109.0415    0.000000    -0.00002     0.00000    0.000000000    0.000001673    0.000001501  255.905694  96998.3145
 234.00   15.0000    0.0000   15.0000  258.4768  258.4768  0.000000       0.00000       0.00000        1059061.3853    0.000000    -0.00002     0.00000    0.000000000    0.000001722    0.000001546  256.119432  96843.1124
 246.00   15.0000    0.0000   15.0000  258.8130  258.8130  0.000000       0.00000       0.00000        1062857.9853    0.000000    -0.00003     0.00000    0.000000000    0.000001764    0.000001585  256.335335  96688.2884
 258.00   15.0000    0.0000   15.0000  259.1500  259.1500  0.000000       0.00000       0.00000        1063852.8650    0.000000    -0.00003     0.00000    0.000000000    0.000001800    0.000001619  256.552015  96533.8422
 270.00   15.0000    0.0000   15.0000  259.4877  259.4877  0.000000       0.00000       0.00000        1063865.6744    0.000000    -0.00003     0.00000    0.000000000    0.000001835    0.000001651  256.769107  96379.7729
 282.00   15.0000    0.0000   15.0000  259.8256  259.8256  0.000000       0.00000       0.00000        1063247.9784    0.000000    -0.00003     0.00000    0.000000000    0.000001869    0.000001681  256.986360  96226.0795
 294.00   15.0000    0.0000   15.0000  260.1638  260.1638  0.000000       0.00000       0.00000        1062253.6390    0.000000    -0.00003     0.00000    0.000000000    0.000001903    0.000001712  257.203628  96072.7607
 306.00   15.0000    0.0000   15.0000  260.5020  260.5020  0.000000       0.00000       0.00000        1060995.6944    0.000000    -0.00003     0.00000    0.000000000    0.000001936    0.000001742  257.420821  95919.8153
 318.00   15.0000    0.0000   15.0000  260.8402  260.8402  0.000000       0.00000       0.00000        1059460.8088    0.000000    -0.00003     0.00000    0.000000000    0.000001969    0.000001772  257.637862  95767.2421
 330.00   15.0000    0.0000   15.0000  261.1783  261.1783  0.000000       0.00000       0.00000        1057600.7627    0.000000    -0.00003     0.00000    0.000000000    0.000002002    0.000001802  257.854650  95615.0396
 342.00   15.0000    0.0000   15.0000  261.5162  261.5162  0.000000       0.00000       0.00000        1055336.7507    0.000000    -0.00004     0.00000    0.000000000    0.000002034    0.000001831  258.071079  95463.2065
 354.00   15.0000    0.0000   15.0000  261.8537  261.8537  0.000000       0.00000       0.00000        1052430.5663    0.000000    -0.00004     0.00000    0.000000000    0.000002065    0.000001858  258.286998  95311.7414
 366.00   15.0000    0.0000   15.0000  262.1906  262.1906  0.000000       0.00000       0.00000        1047888.3510    0.000000    -0.00004     0.00000    0.000000000    0.000002091    0.000001881  258.502148  95160.6426
 378.00   15.0000    0.0000   15.0000  262.5261  262.5261  0.000000       0.00000       0.00000        1039929.0878    0.000000    -0.00004     0.00000    0.000000000    0.000002107    0.000001895  258.715747  95009.9083
 390.00   15.0000    0.0000   15.0000  262.8588  262.8588  0.000000       0.00000       0.00000        1002642.5790    0.000000    -0.00004     0.00000    0.000000000    0.000002035    0.000001823  258.926406  94859.5360
 402.00   15.0000    0.0000   15.0000  263.1711  263.1711  0.000000       0.00000       0.00000         798927.6144    0.000000    -0.00003     0.00000    0.000000000    0.000001457    0.000001258  259.116918  94709.5179
 414.00   15.0000    0.0000   15.0000  263.3733  263.3733  0.000000       0.00000       0.00000         629244.7414    0.000000    -0.00003     0.00000    0.000000000    0.000000965    0.000000767  259.198879  94559.8158
 426.00   15.0000    0.0000   15.0000  263.5767  263.5767  0.000000       0.00000       0.00000         625355.0170    0.000000    -0.00003     0.00000    0.000000000    0.000000961    0.000000762  259.281889  94410.3978
 438.00   15.0000    0.0000   15.0000  263.7767  263.7767  0.000000       0.00000       0.00000         618277.1282    0.000000    -0.00003     0.00000    0.000000000    0.000000947    0.000000748  259.361510  94261.2627
 450.00   15.0000    0.0000   15.0000  263.9758  263.9758  0.000000       0.00000       0.00000         615507.8428    0.000000    -0.00003     0.00000    0.000000000    0.000000946    0.000000745  259.440149  94112.4085
 462.00   15.0000    0.0000   15.0000  264.1744  264.1744  0.000000       0.00000       0.00000         613549.5687    0.000000    -0.00003     0.00000    0.000000000    0.000000948    0.000000745  259.518131  93963.8342
 474.00   15.0000    0.0000   15.0000  264.3725  264.3725  0.000000       0.00000       0.00000         612021.7144    0.000000    -0.00003     0.00000    0.000000000    0.000000951    0.000000747  259.595643  93815.5389
 486.00   15.0000    0.0000   15.0000  264.5704  264.5704  0.000000       0.00000       0.00000         610707.7520    0.000000    -0.00003     0.00000    0.000000000    0.000000954    0.000000749  259.672771  93667.5217
 498.00   15.0000    0.0000   15.0000  264.7679  264.7679  0.000000       0.00000       0.00000         609500.8236    0.000000    -0.00003     0.00000    0.000000000    0.000000958    0.000000751  259.749564  93519.7817
 510.00   15.0000    0.0000   15.0000  264.9653  264.9653  0.000000       0.00000       0.00000         608320.6565    0.000000    -0.00003     0.00000    0.000000000    0.000000962    0.000000753  259.826039  93372.3183
 522.00   15.0000    0.0000   15.0000  265.1624  265.1624  0.000000       0.00000       0.00000         607149.1373    0.000000    -0.00003     0.00000    0.000000000    0.000000965    0.000000756  259.902195  93225.1306
 534.00   15.0000    0.0000   15.0000  265.3593  265.3593  0.000000       0.00000       0.00000         605910.7146    0.000000    -0.00003     0.00000    0.000000000    0.000000969    0.000000758  259.978039  93078.2178
 546.00   15.0000    0.0000   15.0000  265.5559  265.5559  0.000000       0.00000       0.00000         604457.4978    0.000000    -0.00003     0.00000    0.000000000    0.000000972    0.000000759  260.053520  92931.5792
 558.00   15.0000    0.0000   15.0000  265.7521  265.7521  0.000000       0.00000       0.00000         602583.8018    0.000000    -0.00003     0.00000    0.000000000    0.000000973    0.000000759  260.128551  92785.2140
 570.00   15.0000    0.0000   15.0000  265.9478  265.9478  0.000000       0.00000       0.00000         598777.8044    0.000000    -0.00003     0.00000    0.000000000    0.000000968    0.000000753  260.202950  92639.1212
 582.00   15.0000    0.0000   15.0000  266.1419  266.1419  0.000000       0.00000       0.00000         595560.4106    0.000000    -0.00004     0.00000    0.000000000    0.000000964    0.000000748  260.275667  92493.2996
 594.00   15.0000    0.0000   15.0000  266.3357  266.3357  0.000000       0.00000       0.00000         529157.0513    0.000000    -0.00003     0.00000    0.000000000    0.000000747    0.000000534  260.348123  92347.7482
 606.00   15.0000    0.0000   15.0000  266.4868  266.4868  0.000000       0.00000       0.00000         406573.2581    0.000000    -0.00002     0.00000    0.000000000    0.000000337    0.000000130  260.378646  92202.4545
 618.00   15.0000    0.0000   15.0000  266.6009  266.6009  0.000000       0.00000       0.00000         345617.3229    0.000000    -0.00002     0.00000    0.000000000    0.000000131   -0.000000073  260.373026  92057.3963
 630.00   15.0000    0.0000   15.0000  266.7123  266.7123  0.000000       0.00000       0.00000         339405.0503    0.000000    -0.00002     0.00000    0.000000000    0.000000111   -0.000000093  260.364693  91912.5625
 642.00   15.0000    0.0000   15.0000  266.8224  266.8224  0.000000       0.00000       0.00000         336555.7356    0.000000    -0.00002     0.00000    0.000000000    0.000000101   -0.000000103  260.355107  91767.9516
 654.00   15.0000    0.0000   15.0000  266.9320  266.9320  0.000000       0.00000       0.00000         335089.1932    0.000000    -0.00002     0.00000    0.000000000    0.000000096   -0.000000108  260.344951  91623.5627
 666.00   15.0000    0.0000   15.0000  267.0413  267.0413  0.000000       0.00000       0.00000         334088.4786    0.000000    -0.00002     0.00000    0.000000000    0.000000093   -0.000000112  260.334422  91479.3953
 678.00   15.0000    0.0000   15.0000  267.1504  267.1504  0.000000       0.00000       0.00000         333333.4529    0.000000    -0.00002     0.00000    0.000000000    0.000000090   -0.000000114  260.323619  91335.4489
 690.00   15.0000    0.0000   15.0000  267.2593  267.2593  0.000000       0.00000       0.00000         332754.6741    0.000000    -0.00002     0.00000    0.000000000    0.000000088   -0.000000116  260.312600  91191.7229
 702.00   15.0000    0.0000   15.0000  267.3680  267.3680  0.000000       0.00000       0.00000         332253.1342    0.000000    -0.00002     0.00000    0.000000000    0.000000086   -0.000000118  260.301420  91048.2170
 714.00   15.0000    0.0000   15.0000  267.4767  267.4767  0.000000       0.00000       0.00000         331770.2655    0.000000    -0.00002     0.00000    0.000000000    0.000000085   -0.000000120  260.290073  90904.9307
 726.00   15.0000    0.0000   15.0000  267.5852  267.5852  0.000000       0.00000       0.00000         331342.4282    0.000000    -0.00002     0.00000    0.000000000    0.000000083   -0.000000121  260.278576  90761.8637
 738.00   15.0000    0.0000   15.0000  267.6937  267.6937  0.000000       0.00000       0.00000         330951.1934    0.000000    -0.00002     0.00000    0.000000000    0.000000082   -0.000000123  260.266946  90619.0154
 750.00   15.0000    0.0000   15.0000  267.8020  267.8020  0.000000       0.00000       0.00000         330567.5526    0.000000    -0.00003     0.00000    0.000000000    0.000000081   -0.000000124  260.255191  90476.3856
 762.00   15.0000    0.0000   15.0000  267.9103  267.9103  0.000000       0.00000       0.00000         330172.9644    0.000000    -0.00003     0.00000    0.000000000    0.000000079   -0.000000126  260.243308  90333.9738
 774.00   15.0000    0.0000   15.0000  268.0185  268.0185  0.000000       0.00000       0.00000         329612.0366    0.000000    -0.00003     0.00000    0.000000000    0.000000077   -0.000000128  260.231291  90191.7797
 786.00   15.0000    0.0000   15.0000  268.1265  268.1265  0.000000       0.00000       0.00000         329206.8453    0.000000    -0.00003     0.00000    0.000000000    0.000000076   -0.000000129  260.219041  90049.8027
 798.00   15.0000    0.0000   15.0000  268.2345  268.2345  0.000000       0.00000       0.00000         322089.3219    0.000000    -0.00003     0.00000    0.000000000    0.000000052   -0.000000153  260.206756  89908.0426
 810.00   15.0000    0.0000   15.0000  268.3380  268.3380  0.000000       0.00000       0.00000         313640.2523    0.000000    -0.00003     0.00000    0.000000000    0.000000023   -0.000000182  260.189965  89766.4978
 822.00   15.0000    0.0000   15.0000  268.4405  268.4405  0.000000       0.00000       0.00000         311959.8463    0.000000    -0.00003     0.00000    0.000000000    0.000000017   -0.000000188  260.172286  89625.1664
 834.00   15.0000    0.0000   15.0000  268.5429  268.5429  0.000000       0.00000       0.00000         311474.2379    0.000000    -0.00003     0.00000    0.000000000    0.000000015   -0.000000189  260.154411  89484.0479
 846.00   15.0000    0.0000   15.0000  268.6452  268.6452  0.000000       0.00000       0.00000         311133.4652    0.000000    -0.00003     0.00000    0.000000000    0.000000014   -0.000000191  260.136409  89343.1419
 858.00   15.0000    0.0000   15.0000  268.7475  268.7475  0.000000       0.00000       0.00000         310850.1852    0.000000    -0.00003     0.00000    0.000000000    0.000000013   -0.000000192  260.118303  89202.4480
 870.00   15.0000    0.0000   15.0000  268.8497  268.8497  0.000000       0.00000       0.00000         310593.6311    0.000000    -0.00003     0.00000    0.000000000    0.000000012   -0.000000193  260.100108  89061.9659
 882.00   15.0000    0.0000   15.0000  268.9518  268.9518  0.000000       0.00000       0.00000         310346.6175    0.000000    -0.00003     0.00000    0.000000000    0.000000011   -0.000000194  260.081825  88921.6952
 894.00   15.0000    0.0000   15.0000  269.0539  269.0539  0.000000       0.00000       0.00000         310105.1038    0.000000    -0.00003     0.00000    0.000000000    0.000000010   -0.000000195  260.063458  88781.6356
 906.00   15.0000    0.0000   15.0000  269.1560  269.1560  0.000000       0.00000       0.00000         309862.1697    0.000000    -0.00003     0.00000    0.000000000    0.000000009   -0.000000195  260.045007  88641.7867
 918.00   15.0000    0.0000   15.0000  269.2580  269.2580  0.000000       0.00000       0.00000         309613.6279    0.000000    -0.00003     0.00000    0.000000000    0.000000008   -0.000000196  260.026472  88502.1481
 930.00   15.0000    0.0000   15.0000  269.3600  269.3600  0.000000       0.00000       0.00000         309352.8234    0.000000    -0.00003     0.00000    0.000000000    0.000000007   -0.000000197  260.007849  88362.7196
 942.00   15.0000    0.0000   15.0000  269.4620  269.4620  0.000000       0.00000       0.00000         309072.0721    0.000000    -0.00003     0.00000    0.000000000    0.000000006   -0.000000198  259.989133  88223.5007
 954.00   15.0000    0.0000   15.0000  269.5639  269.5639  0.000000       0.00000       0.00000         308767.2132    0.000000    -0.00003     0.00000    0.000000000    0.000000005   -0.000000200  259.970318  88084.4912
 966.00   15.0000    0.0000   15.0000  269.6657  269.6657  0.000000       0.00000       0.00000         308666.1101    0.000000    -0.00003     0.00000    0.000000000    0.000000004   -0.000000200  259.951394  87945.6906
 978.00   15.0000    0.0000   15.0000  269.7676  269.7676  0.000000       0.00000       0.00000         307785.7279    0.000000    -0.00003     0.00000    0.000000000    0.000000001   -0.000000203  259.932500  87807.0987
 990.00   15.0000    0.0000   15.0000  269.8689  269.8689  0.000000       0.00000       0.00000         371588.7118    0.000000    -0.00004     0.00000    0.000000000    0.000000220    0.000000012  259.913002  87668.7149
1002.00   15.0000    0.0000   15.0000  270.0130  270.0130  0.000000       0.00000       0.00000         336113.5623    0.000000    -0.00002     0.00000    0.000000000    0.000000099   -0.000000108  259.934668  87530.5499
1014.00   15.0000    0.0000   15.0000  270.0910  270.0910  0.000000       0.00000       0.00000         236005.2723    0.000000    -0.00002     0.00000    0.000000000   -0.000000245   -0.000000446  259.892646  87392.5971
1026.00   15.0000    0.0000   15.0000  270.1690  270.1690  0.000000       0.00000       0.00000         235937.1356    0.000000    -0.00002     0.00000    0.000000000   -0.000000245   -0.000000445  259.850590  87254.8396
1038.00   15.0000    0.0000   15.0000  270.2470  270.2470  0.000000       0.00000       0.00000         235869.0383    0.000000    -0.00003     0.00000    0.000000000   -0.000000245   -0.000000445  259.808500  87117.2769
1050.00   15.0000    0.0000   15.0000  270.3250  270.3250  0.000000       0.00000       0.00000         235800.9803    0.000000    -0.00003     0.00000    0.000000000   -0.000000245   -0.000000445  259.766377  86979.9089
1062.00   15.0000    0.0000   15.0000  270.4030  270.4030  0.000000       0.00000       0.00000         235732.9615    0.000000    -0.00003     0.00000    0.000000000   -0.000000245   -0.000000444  259.724220  86842.7352
1074.00   15.0000    0.0000   15.0000  270.4810  270.4810  0.000000       0.00000       0.00000         235664.9820    0.000000    -0.00003     0.00000    0.000000000   -0.000000245   -0.000000444  259.682029  86705.7557
1086.00   15.0000    0.0000   15.0000  270.5590  270.5590  0.000000       0.00000       0.00000         235597.0417    0.000000    -0.00003     0.00000    0.000000000   -0.000000246   -0.000000444  259.639804  86568.9700
1098.00   15.0000    0.0000   15.0000  270.6370  270.6370  0.000000       0.00000       0.00000         235529.1405    0.000000    -0.00003     0.00000    0.000000000   -0.000000246   -0.000000443  259.597545  86432.3778
1110.00   15.0000    0.0000   15.0000  270.7150  270.7150  0.000000       0.00000       0.00000         235461.2785    0.000000    -0.00003     0.00000    0.000000000   -0.000000246   -0.000000443  259.555253  86295.9790
1122.00   15.0000    0.0000   15.0000  270.7930  270.7930  0.000000       0.00000       0.00000         235393.4555    0.000000    -0.00003     0.00000    0.000000000   -0.000000246   -0.000000443  259.512927  86159.7733
1134.00   15.0000    0.0000   15.0000  270.8710  270.8710  0.000000       0.00000       0.00000         235325.6716    0.000000    -0.00003     0.00000    0.000000000   -0.000000246   -0.000000442  259.470567  86023.7604
1146.00   15.0000    0.0000   15.0000  270.9490  270.9490  0.000000       0.00000       0.00000         235257.9268    0.000000    -0.00003     0.00000    0.000000000   -0.000000246   -0.000000442  259.428174  85887.9400
1158.00   15.0000    0.0000   15.0000  271.0270  271.0270  0.000000       0.00000       0.00000         235190.2209    0.000000    -0.00003     0.00000    0.000000000   -0.000000246   -0.000000442  259.385747  85752.3120
1170.00   15.0000    0.0000   15.0000  271.1050  271.1050  0.000000       0.00000       0.00000         235122.5540    0.000000    -0.00003     0.00000    0.000000000   -0.000000246   -0.000000441  259.343286  85616.8759
1182.00   15.0000    0.0000   15.0000  271.1830  271.1830  0.000000       0.00000       0.00000         235054.9260    0.000000    -0.00003     0.00000    0.000000000   -0.000000246   -0.000000441  259.300791  85481.6317
1194.00   15.0000    0.0000   15.0000  271.2610  271.2610  0.000000       0.00000       0.00000         234987.3369    0.000000    -0.00003     0.00000    0.000000000   -0.000000246   -0.000000441  259.258263  85346.5789
1206.00   15.0000    0.0000   15.0000  271.3390  271.3390  0.000000       0.00000       0.00000         234919.7867    0.000000    -0.00003     0.00000    0.000000000   -0.000000246   -0.000000440  259.215701  85211.7174
1218.00   15.0000    0.0000   15.0000  271.4170  271.4170  0.000000       0.00000       0.00000         234852.2753    0.000000    -0.00003     0.00000    0.000000000   -0.000000246   -0.000000440  259.173106  85077.0469
1230.00   15.0000    0.0000   15.0000  271.4950  271.4950  0.000000       0.00000       0.00000         234784.8027    0.000000    -0.00003     0.00000    0.000000000   -0.000000246   -0.000000439  259.130476  84942.5672
1242.00   15.0000    0.0000   15.0000  271.5730  271.5730  0.000000       0.00000       0.00000         234717.3688    0.000000    -0.00003     0.00000    0.000000000   -0.000000246   -0.000000439  259.087814  84808.2779
1254.00   15.0000    0.0000   15.0000  271.6510  271.6510  0.000000       0.00000       0.00000         234649.9737    0.000000    -0.00003     0.00000    0.000000000   -0.000000246   -0.000000439  259.045117  84674.1789
1266.00   15.0000    0.0000   15.0000  271.7290  271.7290  0.000000       0.00000       0.00000         234582.6172    0.000000    -0.00003     0.00000    0.000000000   -0.000000246   -0.000000438  259.002387  84540.2698
1278.00   15.0000    0.0000   15.0000  271.8070  271.8070  0.000000       0.00000       0.00000         234515.2995    0.000000    -0.00003     0.00000    0.000000000   -0.000000246   -0.000000438  258.959623  84406.5505
1290.00   15.0000    0.0000   15.0000  271.8850  271.8850  0.000000       0.00000       0.00000         234448.0203    0.000000    -0.00003     0.00000    0.000000000   -0.000000246   -0.000000438  258.916826  84273.0206
1302.00   15.0000    0.0000   15.0000  271.9630  271.9630  0.000000       0.00000       0.00000         234380.7797    0.000000    -0.00003     0.00000    0.000000000   -0.000000246   -0.000000437  258.873995  84139.6800
1314.00   15.0000    0.0000   15.0000  272.0410  272.0410  0.000000       0.00000       0.00000         234313.5777    0.000000    -0.00003     0.00000    0.000000000   -0.000000246   -0.000000437  258.831130  84006.5283
1326.00   15.0000    0.0000   15.0000  272.1190  272.1190  0.000000       0.00000       0.00000         234246.4143    0.000000    -0.00003     0.00000    0.000000000   -0.000000246   -0.000000437  258.788232  83873.5653
1338.00   15.0000    0.0000   15.0000  272.1970  272.1970  0.000000       0.00000       0.00000         234179.2893    0.000000    -0.00003     0.00000    0.000000000   -0.000000246   -0.000000436  258.745301  83740.7908
1350.00   15.0000    0.0000   15.0000  272.2750  272.2750  0.000000       0.00000       0.00000         234112.2027    0.000000    -0.00003     0.00000    0.000000000   -0.000000246   -0.000000436  258.702336  83608.2044
1362.00   15.0000    0.0000   15.0000  272.3530  272.3530  0.000000       0.00000       0.00000         234045.1546    0.000000    -0.00003     0.00000    0.000000000   -0.000000246   -0.000000435  258.659337  83475.8060
1374.00   15.0000    0.0000   15.0000  272.4310  272.4310  0.000000       0.00000       0.00000         233978.1449    0.000000    -0.00003     0.00000    0.000000000   -0.000000246   -0.000000435  258.616305  83343.5953
1386.00   15.0000    0.0000   15.0000  272.5090  272.5090  0.000000       0.00000       0.00000         233911.1736    0.000000    -0.00003     0.00000    0.000000000   -0.000000246   -0.000000435  258.573239  83211.5721
1398.00   15.0000    0.0000   15.0000  272.5870  272.5870  0.000000       0.00000       0.00000         233844.2406    0.000000    -0.00003     0.00000    0.000000000   -0.000000246   -0.000000434  258.530139  83079.7360
1410.00   15.0000    0.0000   15.0000  272.6650  272.6650  0.000000       0.00000       0.00000         233777.3458    0.000000    -0.00003     0.00000    0.000000000   -0.000000246   -0.000000434  258.487007  82948.0869
1422.00   15.0000    0.0000   15.0000  272.7430  272.7430  0.000000       0.00000       0.00000         233710.4894    0.000000    -0.00003     0.00000    0.000000000   -0.000000246   -0.000000434  258.443840  82816.6244
1434.00   15.0000    0.0000   15.0000  272.8210  272.8210  0.000000       0.00000       0.00000         233643.6711    0.000000    -0.00003     0.00000    0.000000000   -0.000000246   -0.000000433  258.400641  82685.3484
1446.00   15.0000    0.0000   15.0000  272.8990  272.8990  0.000000       0.00000       0.00000         233576.8911    0.000000    -0.00004     0.00000    0.000000000   -0.000000246   -0.000000433  258.357407  82554.2586
1458.00   15.0000    0.0000   15.0000  272.9770  272.9770  0.000000       0.00000       0.00000         233510.1492    0.000000    -0.00004     0.00000    0.000000000   -0.000000246   -0.000000432  258.314141  82423.3547
1470.00   15.0000    0.0000   15.0000  273.0550  273.0550  0.000000       0.00000       0.00000         233443.4455    0.000000    -0.00004     0.00000    0.000000000   -0.000000246   -0.000000432  258.270840  82292.6365
1482.00   15.0000    0.0000   15.0000  273.1330  273.1330  0.000000       0.00000       0.00000         233376.7798    0.000000    -0.00004     0.00000    0.000000000   -0.000000246   -0.000000432  258.227507  82162.1037
1494.00   15.0000    0.0000   15.0000  273.2110  273.2110  0.000000       0.00000       0.00000         233310.1522    0.000000    -0.00004     0.00000    0.000000000   -0.000000246   -0.000000431  258.184140  82031.7562
1506.00   15.0000    0.0000   15.0000  273.2890  273.2890  0.000000       0.00000       0.00000         233243.5627    0.000000    -0.00004     0.00000    0.000000000   -0.000000246   -0.000000431  258.140739  81901.5935
1518.00   15.0000    0.0000   15.0000  273.3670  273.3670  0.000000       0.00000       0.00000         233177.0111    0.000000    -0.00004     0.00000    0.000000000   -0.000000246   -0.000000430  258.097305  81771.6156
1530.00   15.0000    0.0000   15.0000  273.4450  273.4450  0.000000       0.00000       0.00000         233110.4975    0.000000    -0.00004     0.00000    0.000000000   -0.000000246   -0.000000430  258.053838  81641.8221
1542.00   15.0000    0.0000   15.0000  273.5230  273.5230  0.000000       0.00000       0.00000         233044.0219    0.000000    -0.00004     0.00000    0.000000000   -0.000000246   -0.000000430  258.010337  81512.2128
1554.00   15.0000    0.0000   15.0000  273.6010  273.6010  0.000000       0.00000       0.00000         232977.5841    0.000000    -0.00004     0.00000    0.000000000   -0.000000246   -0.000000429  257.966803  81382.7874
1566.00   15.0000    0.0000   15.0000  273.6790  273.6790  0.000000       0.00000       0.00000         232911.1843    0.000000    -0.00004     0.00000    0.000000000   -0.000000246   -0.000000429  257.923235  81253.5458
1578.00   15.0000    0.0000   15.0000  273.7570  273.7570  0.000000       0.00000       0.00000         232844.8222    0.000000    -0.00004     0.00000    0.000000000   -0.000000246   -0.000000428  257.879634  81124.4876
1590.00   15.0000    0.0000   15.0000  273.8350  273.8350  0.000000       0.00000       0.00000         232778.4980    0.000000    -0.00004     0.00000    0.000000000   -0.000000246   -0.000000428  257.836000  80995.6126
1602.00   15.0000    0.0000   15.0000  273.9130  273.9130  0.000000       0.00000       0.00000         232712.2115    0.000000    -0.00004     0.00000    0.000000000   -0.000000246   -0.000000428  257.792333  80866.9206
1614.00   15.0000    0.0000   15.0000  273.9910  273.9910  0.000000       0.00000       0.00000         232645.9628    0.000000    -0.00004     0.00000    0.000000000   -0.000000246   -0.000000427  257.748632  80738.4113
1626.00   15.0000    0.0000   15.0000  274.0690  274.0690  0.000000       0.00000       0.00000         232579.7518    0.000000    -0.00004     0.00000    0.000000000   -0.000000246   -0.000000427  257.704897  80610.0844
1638.00   15.0000    0.0000   15.0000  274.1470  274.1470  0.000000       0.00000       0.00000         232513.5785    0.000000    -0.00004     0.00000    0.000000000   -0.000000246   -0.000000426  257.661130  80481.9398
1650.00   15.0000    0.0000   15.0000  274.2250  274.2250  0.000000       0.00000       0.00000         232447.4428    0.000000    -0.00004     0.00000    0.000000000   -0.000000246   -0.000000426  257.617329  80353.9772
1662.00   15.0000    0.0000   15.0000  274.3030  274.3030  0.000000       0.00000       0.00000         232381.3447    0.000000    -0.00004     0.00000    0.000000000   -0.000000245   -0.000000426  257.573495  80226.1963
1674.00   15.0000    0.0000   15.0000  274.3810  274.3810  0.000000       0.00000       0.00000         232315.2842    0.000000    -0.00004     0.00000    0.000000000   -0.000000245   -0.000000425  257.529627  80098.5969
1686.00   15.0000    0.0000   15.0000  274.4590  274.4590  0.000000       0.00000       0.00000         232249.2613    0.000000    -0.00004     0.00000    0.000000000   -0.000000245   -0.000000425  257.485726  79971.1788
1698.00   15.0000    0.0000   15.0000  274.5370  274.5370  0.000000       0.00000       0.00000         232183.2758    0.000000    -0.00004     0.00000    0.000000000   -0.000000245   -0.000000424  257.441792  79843.9417
1710.00   15.0000    0.0000   15.0000  274.6150  274.6150  0.000000       0.00000       0.00000         232117.3279    0.000000    -0.00004     0.00000    0.000000000   -0.000000245   -0.000000424  257.397825  79716.8853
1722.00   15.0000    0.0000   15.0000  274.6930  274.6930  0.000000       0.00000       0.00000         232051.4174    0.000000    -0.00004     0.00000    0.000000000   -0.000000245   -0.000000424  257.353824  79590.0095
1734.00   15.0000    0.0000   15.0000  274.7710  274.7710  0.000000       0.00000       0.00000         231985.5443    0.000000    -0.00004     0.00000    0.000000000   -0.000000245   -0.000000423  257.309790  79463.3139
1746.00   15.0000    0.0000   15.0000  274.8490  274.8490  0.000000       0.00000       0.00000         231919.7086    0.000000    -0.00004     0.00000    0.000000000   -0.000000245   -0.000000423  257.265723  79336.7984
1758.00   15.0000    0.0000   15.0000  274.9270  274.9270  0.000000       0.00000       0.00000         231853.9103    0.000000    -0.00004     0.00000    0.000000000   -0.000000245   -0.000000422  257.221623  79210.4627
1770.00   15.0000    0.0000   15.0000  275.0050  275.0050  0.000000       0.00000       0.00000         231788.1493    0.000000    -0.00004     0.00000    0.000000000   -0.000000245   -0.000000422  257.177489  79084.3066
1782.00   15.0000    0.0000   15.0000  275.0830  275.0830  0.000000       0.00000       0.00000         231722.4256    0.000000    -0.00004     0.00000    0.000000000   -0.000000245   -0.000000421  257.133322  78958.3297
1794.00   15.0000    0.0000   15.0000  275.1610  275.1610  0.000000       0.00000       0.00000         231656.7391    0.000000    -0.00004     0.00000    0.000000000   -0.000000245   -0.000000421  257.089122  78832.5320
1806.00   15.0000    0.0000   15.0000  275.2390  275.2390  0.000000       0.00000       0.00000         231591.0899    0.000000    -0.00004     0.00000    0.000000000   -0.000000245   -0.000000421  257.044889  78706.9131
1818.00   15.0000    0.0000   15.0000  275.3170  275.3170  0.000000       0.00000       0.00000         231525.4779    0.000000    -0.00004     0.00000    0.000000000   -0.000000245   -0.000000420  257.000623  78581.4727
1830.00   15.0000    0.0000   15.0000  275.3950  275.3950  0.000000       0.00000       0.00000         231459.9030    0.000000    -0.00004     0.00000    0.000000000   -0.000000245   -0.000000420  256.956323  78456.2108
1842.00   15.0000    0.0000   15.0000  275.4730  275.4730  0.000000       0.00000       0.00000         231394.3653    0.000000    -0.00004     0.00000    0.000000000   -0.000000245   -0.000000419  256.911991  78331.1269
1854.00   15.0000    0.0000   15.0000  275.5510  275.5510  0.000000       0.00000       0.00000         231328.8647    0.000000    -0.00005     0.00000    0.000000000   -0.000000245   -0.000000419  256.867625  78206.2210
1866.00   15.0000    0.0000   15.0000  275.6290  275.6290  0.000000       0.00000       0.00000         231263.4012    0.000000    -0.00005     0.00000    0.000000000   -0.000000245   -0.000000418  256.823226  78081.4927
1878.00   15.0000    0.0000   15.0000  275.7070  275.7070  0.000000       0.00000       0.00000         231197.9747    0.000000    -0.00005     0.00000    0.000000000   -0.000000245   -0.000000418  256.778794  77956.9417
1890.00   15.0000    0.0000   15.0000  275.7850  275.7850  0.000000       0.00000       0.00000         231132.5852    0.000000    -0.00005     0.00000    0.000000000   -0.000000245   -0.000000418  256.734328  77832.5680
1902.00   15.0000    0.0000   15.0000  275.8630  275.8630  0.000000       0.00000       0.00000         231067.2326    0.000000    -0.00005     0.00000    0.000000000   -0.000000244   -0.000000417  256.689830  77708.3712
1914.00   15.0000    0.0000   15.0000  275.9410  275.9410  0.000000       0.00000       0.00000         231001.9171    0.000000    -0.00005     0.00000    0.000000000   -0.000000244   -0.000000417  256.645299  77584.3510
1926.00   15.0000    0.0000   15.0000  276.0190  276.0190  0.000000       0.00000       0.00000         230936.6384    0.000000    -0.00005     0.00000    0.000000000   -0.000000244   -0.000000416  256.600734  77460.5073
1938.00   15.0000    0.0000   15.0000  276.0970  276.0970  0.000000       0.00000       0.00000         230871.3966    0.000000    -0.00005     0.00000    0.000000000   -0.000000244   -0.000000416  256.556136  77336.8399
1950.00   15.0000    0.0000   15.0000  276.1750  276.1750  0.000000       0.00000       0.00000         230806.1917    0.000000    -0.00005     0.00000    0.000000000   -0.000000244   -0.000000415  256.511506  77213.3484
1962.00   15.0000    0.0000   15.0000  276.2530  276.2530  0.000000       0.00000       0.00000         230741.0236    0.000000    -0.00005     0.00000    0.000000000   -0.000000244   -0.000000415  256.466842  77090.0327
1974.00   15.0000    0.0000   15.0000  276.3310  276.3310  0.000000       0.00000       0.00000         230675.8923    0.000000    -0.00005     0.00000    0.000000000   -0.000000244   -0.000000414  256.422145  76966.8925
1986.00   15.0000    0.0000   15.0000  276.4090  276.4090  0.000000       0.00000       0.00000         230610.7978    0.000000    -0.00005     0.00000    0.000000000   -0.000000244   -0.000000414  256.377415  76843.9275
1998.00   15.0000    0.0000   15.0000  276.4870  276.4870  0.000000       0.00000       0.00000         230545.7399    0.000000    -0.00005     0.00000    0.000000000   -0.000000244   -0.000000414  256.332652  76721.1376
2010.00   15.0000    0.0000   15.0000  276.5650  276.5650  0.000000       0.00000       0.00000         230480.7188    0.000000    -0.00005     0.00000    0.000000000   -0.000000244   -0.000000413  256.287856  76598.5225
2022.00   15.0000    0.0000   15.0000  276.6430  276.6430  0.000000       0.00000       0.00000         230415.7344    0.000000    -0.00005     0.00000    0.000000000   -0.000000244   -0.000000413  256.243027  76476.0820
2034.00   15.0000    0.0000   15.0000  276.7210  276.7210  0.000000       0.00000       0.00000         230350.7865    0.000000    -0.00005     0.00000    0.000000000   -0.000000244   -0.000000412  256.198165  76353.8158
2046.00   15.0000    0.0000   15.0000  276.7990  276.7990  0.000000       0.00000       0.00000         230285.8753    0.000000    -0.00005     0.00000    0.000000000   -0.000000244   -0.000000412  256.153270  76231.7237
2058.00   15.0000    0.0000   15.0000  276.8770  276.8770  0.000000       0.00000       0.00000         230221.0007    0.000000    -0.00005     0.00000    0.000000000   -0.000000243   -0.000000411  256.108342  76109.8055
2070.00   15.0000    0.0000   15.0000  276.9550  276.9550  0.000000       0.00000       0.00000         230156.1626    0.000000    -0.00005     0.00000    0.000000000   -0.000000243   -0.000000411  256.063381  75988.0609
2082.00   15.0000    0.0000   15.0000  277.0330  277.0330  0.000000       0.00000       0.00000         230091.3610    0.000000    -0.00005     0.00000    0.000000000   -0.000000243   -0.000000410  256.018387  75866.4898
2094.00   15.0000    0.0000   15.0000  277.1110  277.1110  0.000000       0.00000       0.00000         230026.5958    0.000000    -0.00005     0.00000    0.000000000   -0.000000243   -0.000000410  255.973360  75745.0918
2106.00   15.0000    0.0000   15.0000  277.1890  277.1890  0.000000       0.00000       0.00000         229961.8672    0.000000    -0.00005     0.00000    0.000000000   -0.000000243   -0.000000409  255.928300  75623.8668
2118.00   15.0000    0.0000   15.0000  277.2670  277.2670  0.000000       0.00000       0.00000         229897.1749    0.000000    -0.00005     0.00000    0.000000000   -0.000000243   -0.000000409  255.883207  75502.8144
2130.00   15.0000    0.0000   15.0000  277.3450  277.3450  0.000000       0.00000       0.00000         229832.5191    0.000000    -0.00005     0.00000    0.000000000   -0.000000243   -0.000000409  255.838081  75381.9346
2142.00   15.0000    0.0000   15.0000  277.4230  277.4230  0.000000       0.00000       0.00000         229767.8996    0.000000    -0.00005     0.00000    0.000000000   -0.000000243   -0.000000408  255.792922  75261.2270
2154.00   15.0000    0.0000   15.0000  277.5010  277.5010  0.000000       0.00000       0.00000         229703.3164    0.000000    -0.00005     0.00000    0.000000000   -0.000000243   -0.000000408  255.747731  75140.6914
2166.00   15.0000    0.0000   15.0000  277.5790  277.5790  0.000000       0.00000       0.00000         229638.7695    0.000000    -0.00005     0.00000    0.000000000   -0.000000243   -0.000000407  255.702506  75020.3276
2178.00   15.0000    0.0000   15.0000  277.6570  277.6570  0.000000       0.00000       0.00000         229574.2589    0.000000    -0.00005     0.00000    0.000000000   -0.000000243   -0.000000407  255.657248  74900.1353
2190.00   15.0000    0.0000   15.0000  277.7350  277.7350  0.000000       0.00000       0.00000         229509.7845    0.000000    -0.00005     0.00000    0.000000000   -0.000000242   -0.000000406  255.611958  74780.1144
2202.00   15.0000    0.0000   15.0000  277.8130  277.8130  0.000000       0.00000       0.00000         229445.3463    0.000000    -0.00005     0.00000    0.000000000   -0.000000242   -0.000000406  255.566635  74660.2646
2214.00   15.0000    0.0000   15.0000  277.8910  277.8910  0.000000       0.00000       0.00000         229380.9443    0.000000    -0.00005     0.00000    0.000000000   -0.000000242   -0.000000405  255.521279  74540.5856
2226.00   15.0000    0.0000   15.0000  277.9690  277.9690  0.000000       0.00000       0.00000         229316.5785    0.000000    -0.00005     0.00000    0.000000000   -0.000000242   -0.000000405  255.475890  74421.0773
2238.00   15.0000    0.0000   15.0000  278.0470  278.0470  0.000000       0.00000       0.00000         229252.2487    0.000000    -0.00005     0.00000    0.000000000   -0.000000242   -0.000000404  255.430468  74301.7394
2250.00   15.0000    0.0000   15.0000  278.1250  278.1250  0.000000       0.00000       0.00000         229187.9551    0.000000    -0.00005     0.00000    0.000000000   -0.000000242   -0.000000404  255.385013  74182.5717
2262.00   15.0000    0.0000   15.0000  278.2030  278.2030  0.000000       0.00000       0.00000         229123.6974    0.000000    -0.00006     0.00000    0.000000000   -0.000000242   -0.000000403  255.339525  74063.5740
2274.00   15.0000    0.0000   15.0000  278.2810  278.2810  0.000000       0.00000       0.00000         229059.4759    0.000000    -0.00006     0.00000    0.000000000   -0.000000242   -0.000000403  255.294005  73944.7460
2286.00   15.0000    0.0000   15.0000  278.3590  278.3590  0.000000       0.00000       0.00000         228995.2903    0.000000    -0.00006     0.00000    0.000000000   -0.000000242   -0.000000402  255.248452  73826.0874
2298.00   15.0000    0.0000   15.0000  278.4370  278.4370  0.000000       0.00000       0.00000         228931.1406    0.000000    -0.00006     0.00000    0.000000000   -0.000000241   -0.000000402  255.202866  73707.5982
2310.00   15.0000    0.0000   15.0000  278.5150  278.5150  0.000000       0.00000       0.00000         228867.0269    0.000000    -0.00006     0.00000    0.000000000   -0.000000241   -0.000000401  255.157247  73589.2780
2322.00   15.0000    0.0000   15.0000  278.5930  278.5930  0.000000       0.00000       0.00000         228802.9491    0.000000    -0.00006     0.00000    0.000000000   -0.000000241   -0.000000401  255.111595  73471.1266
2334.00   15.0000    0.0000   15.0000  278.6710  278.6710  0.000000       0.00000       0.00000         228738.9072    0.000000    -0.00006     0.00000    0.000000000   -0.000000241   -0.000000400  255.065911  73353.1438
2346.00   15.0000    0.0000   15.0000  278.7490  278.7490  0.000000       0.00000       0.00000         228674.9011    0.000000    -0.00006     0.00000    0.000000000   -0.000000241   -0.000000400  255.020194  73235.3294
2358.00   15.0000    0.0000   15.0000  278.8270  278.8270  0.000000       0.00000       0.00000         228610.9308    0.000000    -0.00006     0.00000    0.000000000   -0.000000241   -0.000000399  254.974444  73117.6832
2370.00   15.0000    0.0000   15.0000  278.9050  278.9050  0.000000       0.00000       0.00000         228546.9963    0.000000    -0.00006     0.00000    0.000000000   -0.000000241   -0.000000399  254.928661  73000.2048
2382.00   15.0000    0.0000   15.0000  278.9830  278.9830  0.000000       0.00000       0.00000              0.0000    0.000000    -0.00006     0.00000    0.000000000    0.000000000    0.000000000  254.882846  72882.8942
2394.00   15.0000    0.0000   15.0000  279.0610  279.0610  0.000000       0.00000       0.00000              0.0000    0.000000     0.00000     0.00000    0.000000000    0.000000000    0.000000000  254.836997  72765.7510
