   0.00    0.0000    0.0000    0.0000  247.4944  247.4944  0.000000       0.00000       0.00000              0.0000    0.000000     0.00000     0.00000    0.000000000    0.000000000    0.000000000    0.000000      0.0000
   6.00    7.1635    3.5827    8.0095  249.7641  249.7641  0.000000       0.60152       0.60152              0.0000    0.000000     0.00000     0.00000   -0.000058999    0.000000000    0.000000000  249.676437  99877.0039
  18.00    8.3310    4.0522    9.2643  250.0130  250.0130  0.000000       1.57530       1.57530              0.0912    0.000000    -0.00000     0.00000   -0.000065457    0.000000000    0.000000000  249.778722  99672.2121
  30.00    9.1294    4.3039   10.0931  250.1889  250.1889  0.000000       1.39636       1.39636              0.1258    0.000000    -0.00000     0.00000   -0.000077033    0.000000334    0.000000245  249.837380  99508.7739
  42.00    9.8906    4.4800   10.8579  250.3628  250.3628  0.000000       1.48292       1.48292              0.1450    0.000000    -0.00000     0.00000   -0.000081518    0.000000313    0.000000225  249.893884  99345.6413
  54.00   10.5874    4.5836   11.5370  250.5288  250.5288  0.000000       1.39120       1.39120              0.1660    0.000000    -0.00000     0.00000   -0.000084798    0.000000301    0.000000213  249.942464  99182.8103
  66.00   11.2566    4.6271   12.1705  250.6964  250.6964  0.000000       1.31130       1.31130              0.1844    0.000000    -0.00000     0.00000   -0.000087552    0.000000312    0.000000223  249.992469  99020.2782
  78.00   11.8987    4.6134   12.7618  250.8668  250.8668  0.000000       1.19798       1.19798              0.2031    0.000000    -0.00000     0.00000   -0.000089973    0.000000333    0.000000243  250.045237  98858.0458
  90.00   12.5192    4.5437   13.3183  251.0430  251.0430  0.000000       1.08041       1.08041              0.2218    0.000000    -0.00001     0.00000   -0.000092228    0.000000366    0.000000274  250.103796  98696.1152
 102.00   13.1172    4.4177   13.8411  251.2271  251.2271  0.000000       0.95718       0.95718              0.2414    0.000000    -0.00001     0.00000   -0.000094364    0.000000408    0.000000315  250.170037  98534.4902
 114.00   13.6906    4.2340   14.3303  251.4212  251.4212  0.000000       0.83489       0.83489              0.2620    0.000000    -0.00001     0.00000   -0.000096417    0.000000463    0.000000367  250.246200  98373.1757
 126.00   14.2349    3.9912   14.7838  251.6277  251.6277  0.000000       0.71551       0.71551              0.2844    0.000000    -0.00001     0.00000   -0.000098413    0.000000529    0.000000431  250.334561  98212.1781
 138.00   14.7436    3.6876   15.1977  251.8492  251.8492  0.000000       0.60148       0.60148              0.3092    0.000000    -0.00001     0.00000   -0.000100410    0.000000612    0.000000510  250.437814  98051.5056
 150.00   15.2077    3.3217   15.5662  252.0891  252.0891  0.000000       0.49430       0.49430              0.3371    0.000000    -0.00001     0.00000   -0.000102429    0.000000715    0.000000609  250.559189  97891.1677
 162.00   15.6153    2.8932   15.8811  252.3514  252.3514  0.000000       0.39507       0.39507              0.3694    0.000000    -0.00001     0.00000   -0.000104498    0.000000844    0.000000733  250.702809  97731.1766
 174.00   15.9510    2.4036   16.1311  252.6418  252.6418  0.000000       0.30494       0.30494              0.4078    0.000000    -0.00002     0.00000   -0.000106689    0.000001012    0.000000894  250.874099  97571.5471
 186.00   16.1947    1.8573   16.3008  252.9681  252.9681  0.000000       0.22383       0.22383              0.4555    0.000000    -0.00002     0.00000   -0.000109144    0.000001235    0.000001108  251.080912  97412.2983
 198.00   16.3192    1.2663   16.3683  253.3414  253.3414  0.000000       0.15404       0.15404              0.5173    0.000000    -0.00003     0.00000   -0.000112143    0.000001555    0.000001416  251.334321  97253.4549
 210.00   16.2884    0.6505   16.3014  253.7839  253.7839  0.000000       0.09184       0.09184              0.6090    0.000000    -0.00003     0.00000   -0.000116457    0.000002027    0.000001869  251.656071  97095.0517
 222.00   16.0535    0.0730   16.0536  254.3228  254.3228  0.000000       0.04779       0.04779              0.7490    0.000000    -0.00004     0.00000   -0.000126158    0.000003067    0.000002855  252.073233  96937.1382
 234.00   15.4988   -0.3630   15.5031  255.1196  255.1196  0.000000       0.00104       0.00104              2.0264    0.000000     0.00000     0.00000   -0.000127476    0.000008039    0.000007325  252.745761  96779.8213
 246.00   14.9133   -0.0807   14.9135  257.2302  257.2302  0.000000       0.00000       0.00000              7.3409    0.000000    -0.00007     0.00000   -0.000007627    0.000009018    0.000009057  254.719019  96623.5756
 258.00   14.9987   -0.0003   14.9987  258.1818  258.1818  0.000000       0.00000       0.00000             91.3109    0.000000    -0.00004     0.00000   -0.000000012    0.000004151    0.000003999  255.544048  96468.4391
 270.00   15.0000   -0.0000   15.0000  258.6358  258.6358  0.000000       0.00000       0.00000         338595.0846    0.000000    -0.00004     0.00000   -0.000000000    0.000002480    0.000002291  255.876258  96313.9023
 282.00   15.0000   -0.0000   15.0000  259.0704  259.0704  0.000000       0.00000       0.00000        1266139.8547    0.000000    -0.00003     0.00000    0.000000000    0.000002222    0.000002039  256.189012  96159.8073
 294.00   15.0000   -0.0000   15.0000  259.4386  259.4386  0.000000       0.00000       0.00000        1130994.3804    0.000000    -0.00003     0.00000    0.000000000    0.000001952    0.000001769  256.435929  96006.1267
 306.00   15.0000   -0.0000   15.0000  259.7885  259.7885  0.000000       0.00000       0.00000        1076737.0687    0.000000    -0.00003     0.00000    0.000000000    0.000001860    0.000001676  256.664622  95852.8339
 318.00   15.0000   -0.0000   15.0000  260.1232  260.1232  0.000000       0.00000       0.00000        1035979.5332    0.000000    -0.00003     0.00000    0.000000000    0.000001795    0.000001610  256.878090  95699.9174
 330.00   15.0000    0.0000   15.0000  260.4481  260.4481  0.000000       0.00000       0.00000        1007121.4421    0.000000    -0.00003     0.00000    0.000000000    0.000001755    0.000001568  257.081722  95547.3688
 342.00   15.0000    0.0000   15.0000  260.7652  260.7652  0.000000       0.00000       0.00000         982538.6405    0.000000    -0.00003     0.00000    0.000000000    0.000001723    0.000001534  257.277549  95395.1814
 354.00   15.0000    0.0000   15.0000  261.0751  261.0751  0.000000       0.00000       0.00000         956795.7141    0.000000    -0.00003     0.00000    0.000000000    0.000001685    0.000001495  257.466185  95243.3499
 366.00   15.0000    0.0000   15.0000  261.3765  261.3765  0.000000       0.00000       0.00000         931466.0345    0.000000    -0.00003     0.00000    0.000000000    0.000001645    0.000001454  257.646245  95091.8685
 378.00   15.0000    0.0000   15.0000  261.6709  261.6709  0.000000       0.00000       0.00000         892006.4847    0.000000    -0.00003     0.00000    0.000000000    0.000001564    0.000001373  257.819331  94940.7315
 390.00   15.0000    0.0000   15.0000  261.9477  261.9477  0.000000       0.00000       0.00000         863355.6577    0.000000    -0.00003     0.00000    0.000000000    0.000001509    0.000001316  257.974890  94789.9309
 402.00   15.0000    0.0000   15.0000  262.2244  262.2244  0.000000       0.00000       0.00000         791246.3152    0.000000    -0.00003     0.00000    0.000000000    0.000001329    0.000001140  258.130223  94639.4603
 414.00   15.0000    0.0000   15.0000  262.4555  262.4555  0.000000       0.00000       0.00000         729280.8894    0.000000    -0.00003     0.00000    0.000000000    0.000001172    0.000000982  258.240567  94489.3059
 426.00   15.0000    0.0000   15.0000  262.6928  262.6928  0.000000       0.00000       0.00000         708843.4742    0.000000    -0.00003     0.00000    0.000000000    0.000001126    0.000000937  258.356940  94339.4555
 438.00   15.0000    0.0000   15.0000  262.9112  262.9112  0.000000       0.00000       0.00000         674110.3389    0.000000    -0.00003     0.00000    0.000000000    0.000001039    0.000000849  258.454575  94189.9046
 450.00   15.0000    0.0000   15.0000  263.1266  263.1266  0.000000       0.00000       0.00000         658289.7275    0.000000    -0.00003     0.00000    0.000000000    0.000001003    0.000000812  258.549144  94040.6462
 462.00   15.0000    0.0000   15.0000  263.3351  263.3351  0.000000       0.00000       0.00000         641320.2769    0.000000    -0.00003     0.00000    0.000000000    0.000000963    0.000000772  258.636926  93891.6769
 474.00   15.0000    0.0000   15.0000  263.5399  263.5399  0.000000       0.00000       0.00000         629175.4912    0.000000    -0.00003     0.00000    0.000000000    0.000000935    0.000000743  258.720894  93742.9929
 486.00   15.0000    0.0000   15.0000  263.7409  263.7409  0.000000       0.00000       0.00000         617965.5907    0.000000    -0.00003     0.00000    0.000000000    0.000000910    0.000000717  258.801118  93594.5914
 498.00   15.0000    0.0000   15.0000  263.9388  263.9388  0.000000       0.00000       0.00000         607814.4481    0.000000    -0.00003     0.00000    0.000000000    0.000000887    0.000000694  258.878110  93446.4698
 510.00   15.0000    0.0000   15.0000  264.1335  264.1335  0.000000       0.00000       0.00000         598423.7939    0.000000    -0.00003     0.00000    0.000000000    0.000000866    0.000000671  258.952018  93298.6257
 522.00   15.0000    0.0000   15.0000  264.3256  264.3256  0.000000       0.00000       0.00000         589353.5847    0.000000    -0.00003     0.00000    0.000000000    0.000000845    0.000000650  259.023169  93151.0568
 534.00   15.0000    0.0000   15.0000  264.5148  264.5148  0.000000       0.00000       0.00000         580158.6444    0.000000    -0.00003     0.00000    0.000000000    0.000000823    0.000000627  259.091432  93003.7609
 546.00   15.0000    0.0000   15.0000  264.7012  264.7012  0.000000       0.00000       0.00000         569209.5429    0.000000    -0.00003     0.00000    0.000000000    0.000000796    0.000000599  259.156850  92856.7359
 558.00   15.0000    0.0000   15.0000  264.8835  264.8835  0.000000       0.00000       0.00000         558307.8369    0.000000    -0.00003     0.00000    0.000000000    0.000000768    0.000000570  259.218262  92709.9791
 570.00   15.0000    0.0000   15.0000  265.0631  265.0631  0.000000       0.00000       0.00000         540421.9811    0.000000    -0.00003     0.00000    0.000000000    0.000000717    0.000000520  259.276850  92563.4882
 582.00   15.0000    0.0000   15.0000  265.2341  265.2341  0.000000       0.00000       0.00000         524425.0280    0.000000    -0.00003     0.00000    0.000000000    0.000000672    0.000000474  259.326994  92417.2594
 594.00   15.0000    0.0000   15.0000  265.4035  265.4035  0.000000       0.00000       0.00000         496710.4347    0.000000    -0.00003     0.00000    0.000000000    0.000000589    0.000000392  259.375494  92271.2893
 606.00   15.0000    0.0000   15.0000  265.5567  265.5567  0.000000       0.00000       0.00000         456624.3347    0.000000    -0.00003     0.00000    0.000000000    0.000000466    0.000000270  259.408111  92125.5726
 618.00   15.0000    0.0000   15.0000  265.7003  265.7003  0.000000       0.00000       0.00000         432284.8216    0.000000    -0.00003     0.00000    0.000000000    0.000000391    0.000000196  259.431200  91980.1016
 630.00   15.0000    0.0000   15.0000  265.8378  265.8378  0.000000       0.00000       0.00000         413938.2323    0.000000    -0.00003     0.00000    0.000000000    0.000000334    0.000000140  259.448388  91834.8716
 642.00   15.0000    0.0000   15.0000  265.9696  265.9696  0.000000       0.00000       0.00000         399476.2096    0.000000    -0.00003     0.00000    0.000000000    0.000000289    0.000000095  259.459846  91689.8789
 654.00   15.0000    0.0000   15.0000  266.0979  266.0979  0.000000       0.00000       0.00000         389384.4747    0.000000    -0.00003     0.00000    0.000000000    0.000000258    0.000000064  259.467862  91545.1205
 666.00   15.0000    0.0000   15.0000  266.2232  266.2232  0.000000       0.00000       0.00000         381225.8669    0.000000    -0.00003     0.00000    0.000000000    0.000000233    0.000000039  259.472920  91400.5943
 678.00   15.0000    0.0000   15.0000  266.3462  266.3462  0.000000       0.00000       0.00000         374871.5869    0.000000    -0.00003     0.00000    0.000000000    0.000000213    0.000000019  259.475760  91256.2985
 690.00   15.0000    0.0000   15.0000  266.4675  266.4675  0.000000       0.00000       0.00000         369633.3745    0.000000    -0.00003     0.00000    0.000000000    0.000000196    0.000000003  259.476785  91112.2315
 702.00   15.0000    0.0000   15.0000  266.5873  266.5873  0.000000       0.00000       0.00000         365005.0189    0.000000    -0.00003     0.00000    0.000000000    0.000000182   -0.000000012  259.476300  90968.3922
 714.00   15.0000    0.0000   15.0000  266.7056  266.7056  0.000000       0.00000       0.00000         361030.5944    0.000000    -0.00003     0.00000    0.000000000    0.000000169   -0.000000024  259.474385  90824.7793
 726.00   15.0000    0.0000   15.0000  266.8229  266.8229  0.000000       0.00000       0.00000         357701.7149    0.000000    -0.00003     0.00000    0.000000000    0.000000159   -0.000000035  259.471374  90681.3917
 738.00   15.0000    0.0000   15.0000  266.9392  266.9392  0.000000       0.00000       0.00000         354670.6556    0.000000    -0.00003     0.00000    0.000000000    0.000000149   -0.000000044  259.467343  90538.2285
 750.00   15.0000    0.0000   15.0000  267.0546  267.0546  0.000000       0.00000       0.00000         351782.5134    0.000000    -0.00003     0.00000    0.000000000    0.000000140   -0.000000054  259.462403  90395.2889
 762.00   15.0000    0.0000   15.0000  267.1691  267.1691  0.000000       0.00000       0.00000         349241.4277    0.000000    -0.00003     0.00000    0.000000000    0.000000132   -0.000000062  259.456534  90252.5720
 774.00   15.0000    0.0000   15.0000  267.2830  267.2830  0.000000       0.00000       0.00000         346164.0787    0.000000    -0.00003     0.00000    0.000000000    0.000000122   -0.000000072  259.449976  90110.0770
 786.00   15.0000    0.0000   15.0000  267.3956  267.3956  0.000000       0.00000       0.00000         343969.9679    0.000000    -0.00003     0.00000    0.000000000    0.000000116   -0.000000079  259.442147  89967.8031
 798.00   15.0000    0.0000   15.0000  267.5081  267.5081  0.000000       0.00000       0.00000         340448.3876    0.000000    -0.00003     0.00000    0.000000000    0.000000104   -0.000000090  259.434189  89825.7495
 810.00   15.0000    0.0000   15.0000  267.6185  267.6185  0.000000       0.00000       0.00000         336800.5942    0.000000    -0.00003     0.00000    0.000000000    0.000000092   -0.000000102  259.424118  89683.9152
 822.00   15.0000    0.0000   15.0000  267.7287  267.7287  0.000000       0.00000       0.00000         335060.9106    0.000000    -0.00003     0.00000    0.000000000    0.000000087   -0.000000107  259.413835  89542.2993
 834.00   15.0000    0.0000   15.0000  267.8380  267.8380  0.000000       0.00000       0.00000         333281.4240    0.000000    -0.00003     0.00000    0.000000000    0.000000081   -0.000000113  259.402652  89400.9013
 846.00   15.0000    0.0000   15.0000  267.9471  267.9471  0.000000       0.00000       0.00000         332101.4520    0.000000    -0.00003     0.00000    0.000000000    0.000000077   -0.000000117  259.391230  89259.7203
 858.00   15.0000    0.0000   15.0000  268.0558  268.0558  0.000000       0.00000       0.00000         331141.2894    0.000000    -0.00003     0.00000    0.000000000    0.000000074   -0.000000120  259.379288  89118.7560
 870.00   15.0000    0.0000   15.0000  268.1644  268.1644  0.000000       0.00000       0.00000         331053.5120    0.000000    -0.00003     0.00000    0.000000000    0.000000074   -0.000000120  259.367247  88978.0078
 882.00   15.0000    0.0000   15.0000  268.2731  268.2731  0.000000       0.00000       0.00000         331436.7351    0.000000    -0.00003     0.00000    0.000000000    0.000000075   -0.000000119  259.355239  88837.4753
 894.00   15.0000    0.0000   15.0000  268.3820  268.3820  0.000000       0.00000       0.00000         332491.1416    0.000000    -0.00003     0.00000    0.000000000    0.000000079   -0.000000116  259.343431  88697.1584
 906.00   15.0000    0.0000   15.0000  268.4914  268.4914  0.000000       0.00000       0.00000         334719.7361    0.000000    -0.00003     0.00000    0.000000000    0.000000086   -0.000000109  259.332083  88557.0568
 918.00   15.0000    0.0000   15.0000  268.6019  268.6019  0.000000       0.00000       0.00000         338465.2840    0.000000    -0.00003     0.00000    0.000000000    0.000000098   -0.000000097  259.321681  88417.1707
 930.00   15.0000    0.0000   15.0000  268.7139  268.7139  0.000000       0.00000       0.00000         344508.5319    0.000000    -0.00003     0.00000    0.000000000    0.000000118   -0.000000078  259.312701  88277.5004
 942.00   15.0000    0.0000   15.0000  268.8285  268.8285  0.000000       0.00000       0.00000         357631.2083    0.000000    -0.00004     0.00000    0.000000000    0.000000161   -0.000000036  259.306126  88138.0465
 954.00   15.0000    0.0000   15.0000  268.9492  268.9492  0.000000       0.00000       0.00000         373957.3157    0.000000    -0.00004     0.00000    0.000000000    0.000000214    0.000000016  259.305468  87998.8109
 966.00   15.0000    0.0000   15.0000  269.0746  269.0746  0.000000       0.00000       0.00000         447273.0172    0.000000    -0.00005     0.00000    0.000000000    0.000000454    0.000000251  259.309253  87859.7962
 978.00   15.0000    0.0000   15.0000  269.2438  269.2438  0.000000       0.00000       0.00000         442899.4733    0.000000    -0.00004     0.00000    0.000000000    0.000000441    0.000000238  259.355118  87721.0143
 990.00   15.0000    0.0000   15.0000  269.3665  269.3665  0.000000       0.00000       0.00000        1166859.8653    0.000000    -0.00020     0.00000    0.000000000    0.000002875    0.000002574  259.356197  87582.4642
1002.00   15.0000    0.0000   15.0000  270.0130  270.0130  0.000000       0.00000       0.00000        1096412.5160    0.000000    -0.00002     0.00000    0.000000000    0.000002648    0.000002447  259.861458  87444.2674
1014.00   15.0000    0.0000   15.0000  270.0910  270.0910  0.000000       0.00000       0.00000         236005.2723    0.000000    -0.00002     0.00000    0.000000000   -0.000000245   -0.000000444  259.819415  87306.4119
1026.00   15.0000    0.0000   15.0000  270.1690  270.1690  0.000000       0.00000       0.00000         235937.1356    0.000000    -0.00002     0.00000    0.000000000   -0.000000245   -0.000000444  259.777338  87168.7514
1038.00   15.0000    0.0000   15.0000  270.2470  270.2470  0.000000       0.00000       0.00000         235869.0383    0.000000    -0.00003     0.00000    0.000000000   -0.000000245   -0.000000443  259.735227  87031.2858
1050.00   15.0000    0.0000   15.0000  270.3250  270.3250  0.000000       0.00000       0.00000         235800.9803    0.000000    -0.00003     0.00000    0.000000000   -0.000000245   -0.000000443  259.693082  86894.0146
1062.00   15.0000    0.0000   15.0000  270.4030  270.4030  0.000000       0.00000       0.00000         235732.9615    0.000000    -0.00003     0.00000    0.000000000   -0.000000245   -0.000000443  259.650904  86756.9378
1074.00   15.0000    0.0000   15.0000  270.4810  270.4810  0.000000       0.00000       0.00000         235664.9820    0.000000    -0.00003     0.00000    0.000000000   -0.000000245   -0.000000442  259.608692  86620.0549
1086.00   15.0000    0.0000   15.0000  270.5590  270.5590  0.000000       0.00000       0.00000         235597.0417    0.000000    -0.00003     0.00000    0.000000000   -0.000000245   -0.000000442  259.566446  86483.3658
1098.00   15.0000    0.0000   15.0000  270.6370  270.6370  0.000000       0.00000       0.00000         235529.1405    0.000000    -0.00003     0.00000    0.000000000   -0.000000245   -0.000000442  259.524166  86346.8702
1110.00   15.0000    0.0000   15.0000  270.7150  270.7150  0.000000       0.00000       0.00000         235461.2785    0.000000    -0.00003     0.00000    0.000000000   -0.000000245   -0.000000441  259.481853  86210.5679
1122.00   15.0000    0.0000   15.0000  270.7930  270.7930  0.000000       0.00000       0.00000         235393.4555    0.000000    -0.00003     0.00000    0.000000000   -0.000000245   -0.000000441  259.439505  86074.4585
1134.00   15.0000    0.0000   15.0000  270.8710  270.8710  0.000000       0.00000       0.00000         235325.6716    0.000000    -0.00003     0.00000    0.000000000   -0.000000245   -0.000000440  259.397125  85938.5418
1146.00   15.0000    0.0000   15.0000  270.9490  270.9490  0.000000       0.00000       0.00000         235257.9268    0.000000    -0.00003     0.00000    0.000000000   -0.000000245   -0.000000440  259.354710  85802.8176
1158.00   15.0000    0.0000   15.0000  271.0270  271.0270  0.000000       0.00000       0.00000         235190.2209    0.000000    -0.00003     0.00000    0.000000000   -0.000000245   -0.000000440  259.312262  85667.2856
1170.00   15.0000    0.0000   15.0000  271.1050  271.1050  0.000000       0.00000       0.00000         235122.5540    0.000000    -0.00003     0.00000    0.000000000   -0.000000245   -0.000000439  259.269780  85531.9455
1182.00   15.0000    0.0000   15.0000  271.1830  271.1830  0.000000       0.00000       0.00000         235054.9260    0.000000    -0.00003     0.00000    0.000000000   -0.000000245   -0.000000439  259.227264  85396.7971
1194.00   15.0000    0.0000   15.0000  271.2610  271.2610  0.000000       0.00000       0.00000         234987.3369    0.000000    -0.00003     0.00000    0.000000000   -0.000000245   -0.000000439  259.184715  85261.8402
1206.00   15.0000    0.0000   15.0000  271.3390  271.3390  0.000000       0.00000       0.00000         234919.7867    0.000000    -0.00003     0.00000    0.000000000   -0.000000245   -0.000000438  259.142132  85127.0744
1218.00   15.0000    0.0000   15.0000  271.4170  271.4170  0.000000       0.00000       0.00000         234852.2753    0.000000    -0.00003     0.00000    0.000000000   -0.000000245   -0.000000438  259.099515  84992.4995
1230.00   15.0000    0.0000   15.0000  271.4950  271.4950  0.000000       0.00000       0.00000         234784.8027    0.000000    -0.00003     0.00000    0.000000000   -0.000000245   -0.000000438  259.056864  84858.1152
1242.00   15.0000    0.0000   15.0000  271.5730  271.5730  0.000000       0.00000       0.00000         234717.3688    0.000000    -0.00003     0.00000    0.000000000   -0.000000245   -0.000000437  259.014180  84723.9214
1254.00   15.0000    0.0000   15.0000  271.6510  271.6510  0.000000       0.00000       0.00000         234649.9737    0.000000    -0.00003     0.00000    0.000000000   -0.000000245   -0.000000437  258.971463  84589.9177
1266.00   15.0000    0.0000   15.0000  271.7290  271.7290  0.000000       0.00000       0.00000         234582.6172    0.000000    -0.00003     0.00000    0.000000000   -0.000000245   -0.000000437  258.928712  84456.1039
1278.00   15.0000    0.0000   15.0000  271.8070  271.8070  0.000000       0.00000       0.00000         234515.2995    0.000000    -0.00003     0.00000    0.000000000   -0.000000245   -0.000000436  258.885927  84322.4797
1290.00   15.0000    0.0000   15.0000  271.8850  271.8850  0.000000       0.00000       0.00000         234448.0203    0.000000    -0.00003     0.00000    0.000000000   -0.000000245   -0.000000436  258.843108  84189.0449
1302.00   15.0000    0.0000   15.0000  271.9630  271.9630  0.000000       0.00000       0.00000         234380.7797    0.000000    -0.00003     0.00000    0.000000000   -0.000000245   -0.000000436  258.800256  84055.7992
1314.00   15.0000    0.0000   15.0000  272.0410  272.0410  0.000000       0.00000       0.00000         234313.5777    0.000000    -0.00003     0.00000    0.000000000   -0.000000245   -0.000000435  258.757370  83922.7423
1326.00   15.0000    0.0000   15.0000  272.1190  272.1190  0.000000       0.00000       0.00000         234246.4143    0.000000    -0.00003     0.00000    0.000000000   -0.000000245   -0.000000435  258.714451  83789.8741
1338.00   15.0000    0.0000   15.0000  272.1970  272.1970  0.000000       0.00000       0.00000         234179.2893    0.000000    -0.00003     0.00000    0.000000000   -0.000000245   -0.000000434  258.671498  83657.1943
1350.00   15.0000    0.0000   15.0000  272.2750  272.2750  0.000000       0.00000       0.00000         234112.2027    0.000000    -0.00003     0.00000    0.000000000   -0.000000245   -0.000000434  258.628512  83524.7025
1362.00   15.0000    0.0000   15.0000  272.3530  272.3530  0.000000       0.00000       0.00000         234045.1546    0.000000    -0.00003     0.00000    0.000000000   -0.000000245   -0.000000434  258.585492  83392.3986
1374.00   15.0000    0.0000   15.0000  272.4310  272.4310  0.000000       0.00000       0.00000         233978.1449    0.000000    -0.00003     0.00000    0.000000000   -0.000000245   -0.000000433  258.542439  83260.2823
1386.00   15.0000    0.0000   15.0000  272.5090  272.5090  0.000000       0.00000       0.00000         233911.1736    0.000000    -0.00003     0.00000    0.000000000   -0.000000245   -0.000000433  258.499352  83128.3534
1398.00   15.0000    0.0000   15.0000  272.5870  272.5870  0.000000       0.00000       0.00000         233844.2406    0.000000    -0.00003     0.00000    0.000000000   -0.000000245   -0.000000433  258.456231  82996.6115
1410.00   15.0000    0.0000   15.0000  272.6650  272.6650  0.000000       0.00000       0.00000         233777.3458    0.000000    -0.00003     0.00000    0.000000000   -0.000000245   -0.000000432  258.413077  82865.0565
1422.00   15.0000    0.0000   15.0000  272.7430  272.7430  0.000000       0.00000       0.00000         233710.4894    0.000000    -0.00003     0.00000    0.000000000   -0.000000245   -0.000000432  258.369890  82733.6881
1434.00   15.0000    0.0000   15.0000  272.8210  272.8210  0.000000       0.00000       0.00000         233643.6711    0.000000    -0.00003     0.00000    0.000000000   -0.000000245   -0.000000431  258.326669  82602.5061
1446.00   15.0000    0.0000   15.0000  272.8990  272.8990  0.000000       0.00000       0.00000         233576.8911    0.000000    -0.00004     0.00000    0.000000000   -0.000000245   -0.000000431  258.283415  82471.5101
1458.00   15.0000    0.0000   15.0000  272.9770  272.9770  0.000000       0.00000       0.00000         233510.1492    0.000000    -0.00004     0.00000    0.000000000   -0.000000245   -0.000000431  258.240127  82340.7000
1470.00   15.0000    0.0000   15.0000  273.0550  273.0550  0.000000       0.00000       0.00000         233443.4455    0.000000    -0.00004     0.00000    0.000000000   -0.000000245   -0.000000430  258.196805  82210.0755
1482.00   15.0000    0.0000   15.0000  273.1330  273.1330  0.000000       0.00000       0.00000         233376.7798    0.000000    -0.00004     0.00000    0.000000000   -0.000000245   -0.000000430  258.153451  82079.6363
1494.00   15.0000    0.0000   15.0000  273.2110  273.2110  0.000000       0.00000       0.00000         233310.1522    0.000000    -0.00004     0.00000    0.000000000   -0.000000245   -0.000000430  258.110062  81949.3822
1506.00   15.0000    0.0000   15.0000  273.2890  273.2890  0.000000       0.00000       0.00000         233243.5627    0.000000    -0.00004     0.00000    0.000000000   -0.000000245   -0.000000429  258.066641  81819.3130
1518.00   15.0000    0.0000   15.0000  273.3670  273.3670  0.000000       0.00000       0.00000         233177.0111    0.000000    -0.00004     0.00000    0.000000000   -0.000000245   -0.000000429  258.023186  81689.4283
1530.00   15.0000    0.0000   15.0000  273.4450  273.4450  0.000000       0.00000       0.00000         233110.4975    0.000000    -0.00004     0.00000    0.000000000   -0.000000245   -0.000000428  257.979697  81559.7281
1542.00   15.0000    0.0000   15.0000  273.5230  273.5230  0.000000       0.00000       0.00000         233044.0219    0.000000    -0.00004     0.00000    0.000000000   -0.000000245   -0.000000428  257.936175  81430.2119
1554.00   15.0000    0.0000   15.0000  273.6010  273.6010  0.000000       0.00000       0.00000         232977.5841    0.000000    -0.00004     0.00000    0.000000000   -0.000000245   -0.000000428  257.892620  81300.8796
1566.00   15.0000    0.0000   15.0000  273.6790  273.6790  0.000000       0.00000       0.00000         232911.1843    0.000000    -0.00004     0.00000    0.000000000   -0.000000245   -0.000000427  257.849031  81171.7309
1578.00   15.0000    0.0000   15.0000  273.7570  273.7570  0.000000       0.00000       0.00000         232844.8222    0.000000    -0.00004     0.00000    0.000000000   -0.000000245   -0.000000427  257.805409  81042.7656
1590.00   15.0000    0.0000   15.0000  273.8350  273.8350  0.000000       0.00000       0.00000         232778.4980    0.000000    -0.00004     0.00000    0.000000000   -0.000000245   -0.000000426  257.761754  80913.9834
1602.00   15.0000    0.0000   15.0000  273.9130  273.9130  0.000000       0.00000       0.00000         232712.2115    0.000000    -0.00004     0.00000    0.000000000   -0.000000245   -0.000000426  257.718065  80785.3840
1614.00   15.0000    0.0000   15.0000  273.9910  273.9910  0.000000       0.00000       0.00000         232645.9628    0.000000    -0.00004     0.00000    0.000000000   -0.000000245   -0.000000426  257.674343  80656.9673
1626.00   15.0000    0.0000   15.0000  274.0690  274.0690  0.000000       0.00000       0.00000         232579.7518    0.000000    -0.00004     0.00000    0.000000000   -0.000000245   -0.000000425  257.630587  80528.7330
1638.00   15.0000    0.0000   15.0000  274.1470  274.1470  0.000000       0.00000       0.00000         232513.5785    0.000000    -0.00004     0.00000    0.000000000   -0.000000245   -0.000000425  257.586799  80400.6808
1650.00   15.0000    0.0000   15.0000  274.2250  274.2250  0.000000       0.00000       0.00000         232447.4428    0.000000    -0.00004     0.00000    0.000000000   -0.000000245   -0.000000424  257.542977  80272.8105
1662.00   15.0000    0.0000   15.0000  274.3030  274.3030  0.000000       0.00000       0.00000         232381.3447    0.000000    -0.00004     0.00000    0.000000000   -0.000000245   -0.000000424  257.499121  80145.1219
1674.00   15.0000    0.0000   15.0000  274.3810  274.3810  0.000000       0.00000       0.00000         232315.2842    0.000000    -0.00004     0.00000    0.000000000   -0.000000245   -0.000000423  257.455233  80017.6146
1686.00   15.0000    0.0000   15.0000  274.4590  274.4590  0.000000       0.00000       0.00000         232249.2613    0.000000    -0.00004     0.00000    0.000000000   -0.000000245   -0.000000423  257.411311  79890.2886
1698.00   15.0000    0.0000   15.0000  274.5370  274.5370  0.000000       0.00000       0.00000         232183.2758    0.000000    -0.00004     0.00000    0.000000000   -0.000000245   -0.000000423  257.367355  79763.1434
1710.00   15.0000    0.0000   15.0000  274.6150  274.6150  0.000000       0.00000       0.00000         232117.3279    0.000000    -0.00004     0.00000    0.000000000   -0.000000244   -0.000000422  257.323367  79636.1790
1722.00   15.0000    0.0000   15.0000  274.6930  274.6930  0.000000       0.00000       0.00000         232051.4174    0.000000    -0.00004     0.00000    0.000000000   -0.000000244   -0.000000422  257.279345  79509.3949
1734.00   15.0000    0.0000   15.0000  274.7710  274.7710  0.000000       0.00000       0.00000         231985.5443    0.000000    -0.00004     0.00000    0.000000000   -0.000000244   -0.000000421  257.235290  79382.7911
1746.00   15.0000    0.0000   15.0000  274.8490  274.8490  0.000000       0.00000       0.00000         231919.7086    0.000000    -0.00004     0.00000    0.000000000   -0.000000244   -0.000000421  257.191202  79256.3672
1758.00   15.0000    0.0000   15.0000  274.9270  274.9270  0.000000       0.00000       0.00000         231853.9103    0.000000    -0.00004     0.00000    0.000000000   -0.000000244   -0.000000421  257.147080  79130.1230
1770.00   15.0000    0.0000   15.0000  275.0050  275.0050  0.000000       0.00000       0.00000         231788.1493    0.000000    -0.00004     0.00000    0.000000000   -0.000000244   -0.000000420  257.102926  79004.0583
1782.00   15.0000    0.0000   15.0000  275.0830  275.0830  0.000000       0.00000       0.00000         231722.4256    0.000000    -0.00004     0.00000    0.000000000   -0.000000244   -0.000000420  257.058738  78878.1728
1794.00   15.0000    0.0000   15.0000  275.1610  275.1610  0.000000       0.00000       0.00000         231656.7391    0.000000    -0.00004     0.00000    0.000000000   -0.000000244   -0.000000419  257.014516  78752.4663
1806.00   15.0000    0.0000   15.0000  275.2390  275.2390  0.000000       0.00000       0.00000         231591.0899    0.000000    -0.00004     0.00000    0.000000000   -0.000000244   -0.000000419  256.970262  78626.9386
1818.00   15.0000    0.0000   15.0000  275.3170  275.3170  0.000000       0.00000       0.00000         231525.4779    0.000000    -0.00004     0.00000    0.000000000   -0.000000244   -0.000000418  256.925975  78501.5894
1830.00   15.0000    0.0000   15.0000  275.3950  275.3950  0.000000       0.00000       0.00000         231459.9030    0.000000    -0.00004     0.00000    0.000000000   -0.000000244   -0.000000418  256.881654  78376.4184
1842.00   15.0000    0.0000   15.0000  275.4730  275.4730  0.000000       0.00000       0.00000         231394.3653    0.000000    -0.00004     0.00000    0.000000000   -0.000000244   -0.000000418  256.837300  78251.4255
1854.00   15.0000    0.0000   15.0000  275.5510  275.5510  0.000000       0.00000       0.00000         231328.8647    0.000000    -0.00005     0.00000    0.000000000   -0.000000244   -0.000000417  256.792913  78126.6103
1866.00   15.0000    0.0000   15.0000  275.6290  275.6290  0.000000       0.00000       0.00000         231263.4012    0.000000    -0.00005     0.00000    0.000000000   -0.000000244   -0.000000417  256.748493  78001.9727
1878.00   15.0000    0.0000   15.0000  275.7070  275.7070  0.000000       0.00000       0.00000         231197.9747    0.000000    -0.00005     0.00000    0.000000000   -0.000000244   -0.000000416  256.704040  77877.5125
1890.00   15.0000    0.0000   15.0000  275.7850  275.7850  0.000000       0.00000       0.00000         231132.5852    0.000000    -0.00005     0.00000    0.000000000   -0.000000244   -0.000000416  256.659553  77753.2293
1902.00   15.0000    0.0000   15.0000  275.8630  275.8630  0.000000       0.00000       0.00000         231067.2326    0.000000    -0.00005     0.00000    0.000000000   -0.000000244   -0.000000415  256.615034  77629.1229
1914.00   15.0000    0.0000   15.0000  275.9410  275.9410  0.000000       0.00000       0.00000         231001.9171    0.000000    -0.00005     0.00000    0.000000000   -0.000000244   -0.000000415  256.570481  77505.1932
1926.00   15.0000    0.0000   15.0000  276.0190  276.0190  0.000000       0.00000       0.00000         230936.6384    0.000000    -0.00005     0.00000    0.000000000   -0.000000243   -0.000000415  256.525895  77381.4398
1938.00   15.0000    0.0000   15.0000  276.0970  276.0970  0.000000       0.00000       0.00000         230871.3966    0.000000    -0.00005     0.00000    0.000000000   -0.000000243   -0.000000414  256.481277  77257.8626
1950.00   15.0000    0.0000   15.0000  276.1750  276.1750  0.000000       0.00000       0.00000         230806.1917    0.000000    -0.00005     0.00000    0.000000000   -0.000000243   -0.000000414  256.436625  77134.4612
1962.00   15.0000    0.0000   15.0000  276.2530  276.2530  0.000000       0.00000       0.00000         230741.0236    0.000000    -0.00005     0.00000    0.000000000   -0.000000243   -0.000000413  256.391940  77011.2355
1974.00   15.0000    0.0000   15.0000  276.3310  276.3310  0.000000       0.00000       0.00000         230675.8923    0.000000    -0.00005     0.00000    0.000000000   -0.000000243   -0.000000413  256.347222  76888.1853
1986.00   15.0000    0.0000   15.0000  276.4090  276.4090  0.000000       0.00000       0.00000         230610.7978    0.000000    -0.00005     0.00000    0.000000000   -0.000000243   -0.000000412  256.302471  76765.3102
1998.00   15.0000    0.0000   15.0000  276.4870  276.4870  0.000000       0.00000       0.00000         230545.7399    0.000000    -0.00005     0.00000    0.000000000   -0.000000243   -0.000000412  256.257686  76642.6100
2010.00   15.0000    0.0000   15.0000  276.5650  276.5650  0.000000       0.00000       0.00000         230480.7188    0.000000    -0.00005     0.00000    0.000000000   -0.000000243   -0.000000411  256.212869  76520.0846
2022.00   15.0000    0.0000   15.0000  276.6430  276.6430  0.000000       0.00000       0.00000         230415.7344    0.000000    -0.00005     0.00000    0.000000000   -0.000000243   -0.000000411  256.168019  76397.7337
2034.00   15.0000    0.0000   15.0000  276.7210  276.7210  0.000000       0.00000       0.00000         230350.7865    0.000000    -0.00005     0.00000    0.000000000   -0.000000243   -0.000000410  256.123136  76275.5570
2046.00   15.0000    0.0000   15.0000  276.7990  276.7990  0.000000       0.00000       0.00000         230285.8753    0.000000    -0.00005     0.00000    0.000000000   -0.000000243   -0.000000410  256.078220  76153.5544
2058.00   15.0000    0.0000   15.0000  276.8770  276.8770  0.000000       0.00000       0.00000         230221.0007    0.000000    -0.00005     0.00000    0.000000000   -0.000000243   -0.000000410  256.033271  76031.7255
2070.00   15.0000    0.0000   15.0000  276.9550  276.9550  0.000000       0.00000       0.00000         230156.1626    0.000000    -0.00005     0.00000    0.000000000   -0.000000242   -0.000000409  255.988288  75910.0702
2082.00   15.0000    0.0000   15.0000  277.0330  277.0330  0.000000       0.00000       0.00000         230091.3610    0.000000    -0.00005     0.00000    0.000000000   -0.000000242   -0.000000409  255.943273  75788.5882
2094.00   15.0000    0.0000   15.0000  277.1110  277.1110  0.000000       0.00000       0.00000         230026.5958    0.000000    -0.00005     0.00000    0.000000000   -0.000000242   -0.000000408  255.898225  75667.2793
2106.00   15.0000    0.0000   15.0000  277.1890  277.1890  0.000000       0.00000       0.00000         229961.8672    0.000000    -0.00005     0.00000    0.000000000   -0.000000242   -0.000000408  255.853144  75546.1433
2118.00   15.0000    0.0000   15.0000  277.2670  277.2670  0.000000       0.00000       0.00000         229897.1749    0.000000    -0.00005     0.00000    0.000000000   -0.000000242   -0.000000407  255.808030  75425.1799
2130.00   15.0000    0.0000   15.0000  277.3450  277.3450  0.000000       0.00000       0.00000         229832.5191    0.000000    -0.00005     0.00000    0.000000000   -0.000000242   -0.000000407  255.762883  75304.3888
2142.00   15.0000    0.0000   15.0000  277.4230  277.4230  0.000000       0.00000       0.00000         229767.8996    0.000000    -0.00005     0.00000    0.000000000   -0.000000242   -0.000000406  255.717703  75183.7700
2154.00   15.0000    0.0000   15.0000  277.5010  277.5010  0.000000       0.00000       0.00000         229703.3164    0.000000    -0.00005     0.00000    0.000000000   -0.000000242   -0.000000406  255.672490  75063.3230
2166.00   15.0000    0.0000   15.0000  277.5790  277.5790  0.000000       0.00000       0.00000         229638.7695    0.000000    -0.00005     0.00000    0.000000000   -0.000000242   -0.000000405  255.627244  74943.0478
2178.00   15.0000    0.0000   15.0000  277.6570  277.6570  0.000000       0.00000       0.00000         229574.2589    0.000000    -0.00005     0.00000    0.000000000   -0.000000242   -0.000000405  255.581966  74822.9440
2190.00   15.0000    0.0000   15.0000  277.7350  277.7350  0.000000       0.00000       0.00000         229509.7845    0.000000    -0.00005     0.00000    0.000000000   -0.000000242   -0.000000404  255.536654  74703.0115
2202.00   15.0000    0.0000   15.0000  277.8130  277.8130  0.000000       0.00000       0.00000         229445.3463    0.000000    -0.00005     0.00000    0.000000000   -0.000000241   -0.000000404  255.491310  74583.2500
2214.00   15.0000    0.0000   15.0000  277.8910  277.8910  0.000000       0.00000       0.00000         229380.9443    0.000000    -0.00005     0.00000    0.000000000   -0.000000241   -0.000000403  255.445932  74463.6593
2226.00   15.0000    0.0000   15.0000  277.9690  277.9690  0.000000       0.00000       0.00000         229316.5785    0.000000    -0.00005     0.00000    0.000000000   -0.000000241   -0.000000403  255.400522  74344.2391
2238.00   15.0000    0.0000   15.0000  278.0470  278.0470  0.000000       0.00000       0.00000         229252.2487    0.000000    -0.00005     0.00000    0.000000000   -0.000000241   -0.000000403  255.355079  74224.9893
2250.00   15.0000    0.0000   15.0000  278.1250  278.1250  0.000000       0.00000       0.00000         229187.9551    0.000000    -0.00005     0.00000    0.000000000   -0.000000241   -0.000000402  255.309603  74105.9095
2262.00   15.0000    0.0000   15.0000  278.2030  278.2030  0.000000       0.00000       0.00000         229123.6974    0.000000    -0.00006     0.00000    0.000000000   -0.000000241   -0.000000402  255.264095  73986.9997
2274.00   15.0000    0.0000   15.0000  278.2810  278.2810  0.000000       0.00000       0.00000         229059.4759    0.000000    -0.00006     0.00000    0.000000000   -0.000000241   -0.000000401  255.218553  73868.2594
2286.00   15.0000    0.0000   15.0000  278.3590  278.3590  0.000000       0.00000       0.00000         228995.2903    0.000000    -0.00006     0.00000    0.000000000   -0.000000241   -0.000000401  255.172979  73749.6886
2298.00   15.0000    0.0000   15.0000  278.4370  278.4370  0.000000       0.00000       0.00000         228931.1406    0.000000    -0.00006     0.00000    0.000000000   -0.000000241   -0.000000400  255.127372  73631.2870
2310.00   15.0000    0.0000   15.0000  278.5150  278.5150  0.000000       0.00000       0.00000         228867.0269    0.000000    -0.00006     0.00000    0.000000000   -0.000000240   -0.000000400  255.081732  73513.0544
2322.00   15.0000    0.0000   15.0000  278.5930  278.5930  0.000000       0.00000       0.00000         228802.9491    0.000000    -0.00006     0.00000    0.000000000   -0.000000240   -0.000000399  255.036059  73394.9904
2334.00   15.0000    0.0000   15.0000  278.6710  278.6710  0.000000       0.00000       0.00000         228738.9072    0.000000    -0.00006     0.00000    0.000000000   -0.000000240   -0.000000399  254.990353  73277.0950
2346.00   15.0000    0.0000   15.0000  278.7490  278.7490  0.000000       0.00000       0.00000         228674.9011    0.000000    -0.00006     0.00000    0.000000000   -0.000000240   -0.000000398  254.944615  73159.3679
2358.00   15.0000    0.0000   15.0000  278.8270  278.8270  0.000000       0.00000       0.00000         228610.9308    0.000000    -0.00006     0.00000    0.000000000   -0.000000240   -0.000000398  254.898844  73041.8089
2370.00   15.0000    0.0000   15.0000  278.9050  278.9050  0.000000       0.00000       0.00000         228546.9963    0.000000    -0.00006     0.00000    0.000000000   -0.000000240   -0.000000397  254.853040  72924.4177
2382.00   15.0000    0.0000   15.0000  278.9830  278.9830  0.000000       0.00000       0.00000              0.0000    0.000000    -0.00006     0.00000    0.000000000    0.000000000    0.000000000  254.807203  72807.1940
2394.00   15.0000    0.0000   15.0000  279.0610  279.0610  0.000000       0.00000       0.00000              0.0000    0.000000     0.00000     0.00000    0.000000000    0.000000000    0.000000000  254.761334  72690.1378
