   0.00    0.0000    0.0000    0.0000  242.9387  242.9387  0.000000       0.00000       0.00000              0.0000    0.000000     0.00000     0.00000    0.000000000    0.000000000    0.000000000    0.000000      0.0000
   6.00    7.5987    3.5496    8.3869  244.6706  244.6706  0.000000       0.68958       0.68958              0.0000    0.000000     0.00000     0.00000   -0.000018291    0.000000000    0.000000000  244.582886  99874.4457
  18.00    8.6697    3.9616    9.5320  244.8156  244.8156  0.000000       2.02542       2.02542              0.0661    0.000000    -0.00000     0.00000   -0.000033169    0.000000000    0.000000000  244.581355  99665.3632
  30.00    9.3698    4.1799   10.2599  244.9135  244.9135  0.000000       1.89468       1.89468              0.0940    0.000000    -0.00000     0.00000   -0.000038817   -0.000000009   -0.000000058  244.562097  99498.4402
  42.00   10.0204    4.3372   10.9188  245.0079  245.0079  0.000000       2.05701       2.05701              0.1097    0.000000    -0.00000     0.00000   -0.000041717   -0.000000022   -0.000000070  244.539181  99331.7824
  54.00   10.6098    4.4395   11.5012  245.0969  245.0969  0.000000       1.99774       1.99774              0.1264    0.000000    -0.00000     0.00000   -0.000043981   -0.000000031   -0.000000078  244.510869  99165.3863
  66.00   11.1705    4.4984   12.0423  245.1854  245.1854  0.000000       1.93342       1.93342              0.1409    0.000000    -0.00000     0.00000   -0.000045986   -0.000000030   -0.000000078  244.482090  98999.2496
  78.00   11.7073    4.5176   12.5487  245.2746  245.2746  0.000000       1.82106       1.82106              0.1553    0.000000    -0.00000     0.00000   -0.000047912   -0.000000026   -0.000000074  244.453906  98833.3719
  90.00   12.2266    4.4992   13.0281  245.3659  245.3659  0.000000       1.69341       1.69341              0.1695    0.000000    -0.00000     0.00000   -0.000049835   -0.000000019   -0.000000067  244.427836  98667.7538
 102.00   12.7302    4.4439   13.4835  245.4604  245.4604  0.000000       1.55177       1.55177              0.1840    0.000000    -0.00000     0.00000   -0.000051832   -0.000000009   -0.000000057  244.404867  98502.3966
 114.00   13.2191    4.3515   13.9169  245.5591  245.5591  0.000000       1.40423       1.40423              0.1989    0.000000    -0.00000     0.00000   -0.000053911    0.000000004   -0.000000044  244.386029  98337.3025
 126.00   13.6929    4.2215   14.3288  245.6631  245.6631  0.000000       1.25407       1.25407              0.2147    0.000000    -0.00000     0.00000   -0.000056148    0.000000021   -0.000000029  244.372331  98172.4741
 138.00   14.1500    4.0529   14.7190  245.7733  245.7733  0.000000       1.10464       1.10464              0.2316    0.000000    -0.00000     0.00000   -0.000058657    0.000000040   -0.000000010  244.364892  98007.9149
 150.00   14.5881    3.8447   15.0862  245.8912  245.8912  0.000000       0.95793       0.95793              0.2501    0.000000    -0.00001     0.00000   -0.000061388    0.000000064    0.000000013  244.364995  97843.6290
 162.00   15.0036    3.5956   15.4284  246.0183  246.0183  0.000000       0.81581       0.81581              0.2707    0.000000    -0.00001     0.00000   -0.000064560    0.000000093    0.000000041  244.374213  97679.6216
 174.00   15.3921    3.3042   15.7427  246.1568  246.1568  0.000000       0.67893       0.67893              0.2943    0.000000    -0.00001     0.00000   -0.000068196    0.000000129    0.000000075  244.394583  97515.8991
 186.00   15.7473    2.9695   16.0249  246.3092  246.3092  0.000000       0.54956       0.54956              0.3219    0.000000    -0.00001     0.00000   -0.000072410    0.000000176    0.000000120  244.428794  97352.4692
 198.00   16.0619    2.5895   16.2693  246.4800  246.4800  0.000000       0.42482       0.42482              0.3562    0.000000    -0.00001     0.00000   -0.000077523    0.000000238    0.000000179  244.481139  97189.3421
 210.00   16.3234    2.1642   16.4662  246.6750  246.6750  0.000000       0.31416       0.31416              0.3995    0.000000    -0.00002     0.00000   -0.000083863    0.000000332    0.000000269  244.557390  97026.5310
 222.00   16.5173    1.6851   16.6030  246.9093  246.9093  0.000000       0.19768       0.19768              0.4677    0.000000    -0.00002     0.00000   -0.000092780    0.000000472    0.000000402  244.672536  96864.0563
 234.00   16.6033    1.1714   16.6445  247.1971  247.1971  0.000000       0.12621       0.12621              0.5538    0.000000    -0.00002     0.00000   -0.000113180    0.000000816    0.000000729  244.840559  96701.9473
 246.00   16.4759    0.5535   16.4851  247.6550  247.6550  0.000000       0.00612       0.00612              1.4666    0.000000     0.00000     0.00000   -0.000089698    0.000010003    0.000007855  245.176931  96540.2760
 258.00   15.1441   -0.0441   15.1442  252.7628  252.7628  0.000000       0.00069       0.00069              2.4769    0.000000    -0.00012     0.00000   -0.000117152    0.000012855    0.000014181  250.115368  96380.5754
 270.00   15.0009   -0.0009   15.0009  254.2598  254.2598  0.000000       0.00000       0.00000            110.5057    0.000000    -0.00010     0.00000   -0.000003579    0.000006372    0.000006159  251.479171  96223.1560
 282.00   15.0000   -0.0000   15.0000  255.4740  255.4740  0.000000       0.00000       0.00000         872402.0791    0.000000    -0.00006     0.00000   -0.000000000    0.000004744    0.000004601  252.562737  96066.7568
 294.00   15.0000   -0.0000   15.0000  256.1900  256.1900  0.000000       0.00000       0.00000        2146169.9693    0.000000    -0.00006     0.00000    0.000000000    0.000003345    0.000003160  253.153315  95911.1288
 306.00   15.0000   -0.0000   15.0000  256.8196  256.8196  0.000000       0.00000       0.00000        1836440.3404    0.000000    -0.00005     0.00000    0.000000000    0.000002899    0.000002723  253.658229  95756.0887
 318.00   15.0000   -0.0000   15.0000  257.3442  257.3442  0.000000       0.00000       0.00000        1575560.0693    0.000000    -0.00005     0.00000    0.000000000    0.000002491    0.000002316  254.059188  95601.5752
 330.00   15.0000   -0.0000   15.0000  257.8119  257.8119  0.000000       0.00000       0.00000        1407516.7312    0.000000    -0.00004     0.00000    0.000000000    0.000002225    0.000002053  254.403686  95447.5370
 342.00   15.0000    0.0000   15.0000  258.2323  258.2323  0.000000       0.00000       0.00000        1279903.0253    0.000000    -0.00004     0.00000    0.000000000    0.000002017    0.000001847  254.701345  95293.9409
 354.00   15.0000    0.0000   15.0000  258.6208  258.6208  0.000000       0.00000       0.00000        1180285.8187    0.000000    -0.00004     0.00000    0.000000000    0.000001852    0.000001683  254.967318  95140.7614
 366.00   15.0000    0.0000   15.0000  258.9794  258.9794  0.000000       0.00000       0.00000        1104456.6349    0.000000    -0.00004     0.00000    0.000000000    0.000001727    0.000001558  255.203650  94987.9787
 378.00   15.0000    0.0000   15.0000  259.3208  259.3208  0.000000       0.00000       0.00000        1033568.5623    0.000000    -0.00004     0.00000    0.000000000    0.000001602    0.000001435  255.422943  94835.5772
 390.00   15.0000    0.0000   15.0000  259.6353  259.6353  0.000000       0.00000       0.00000         978622.0574    0.000000    -0.00004     0.00000    0.000000000    0.000001507    0.000001338  255.615557  94683.5429
 402.00   15.0000    0.0000   15.0000  259.9426  259.9426  0.000000       0.00000       0.00000         923291.3976    0.000000    -0.00003     0.00000    0.000000000    0.000001404    0.000001237  255.800959  94531.8644
 414.00   15.0000    0.0000   15.0000  260.2227  260.2227  0.000000       0.00000       0.00000         876064.3199    0.000000    -0.00004     0.00000    0.000000000    0.000001315    0.000001147  255.959384  94380.5305
 426.00   15.0000    0.0000   15.0000  260.5006  260.5006  0.000000       0.00000       0.00000         839496.1542    0.000000    -0.00003     0.00000    0.000000000    0.000001247    0.000001080  256.115554  94229.5317
 438.00   15.0000    0.0000   15.0000  260.7579  260.7579  0.000000       0.00000       0.00000         800051.3568    0.000000    -0.00003     0.00000    0.000000000    0.000001169    0.000001001  256.251397  94078.8603
 450.00   15.0000    0.0000   15.0000  261.0111  261.0111  0.000000       0.00000       0.00000         773001.0489    0.000000    -0.00003     0.00000    0.000000000    0.000001118    0.000000950  256.383106  93928.5083
 462.00   15.0000    0.0000   15.0000  261.2517  261.2517  0.000000       0.00000       0.00000         743229.9392    0.000000    -0.00003     0.00000    0.000000000    0.000001058    0.000000889  256.502235  93778.4699
 474.00   15.0000    0.0000   15.0000  261.4863  261.4863  0.000000       0.00000       0.00000         720980.5764    0.000000    -0.00003     0.00000    0.000000000    0.000001014    0.000000845  256.615479  93628.7390
 486.00   15.0000    0.0000   15.0000  261.7131  261.7131  0.000000       0.00000       0.00000         697605.4872    0.000000    -0.00003     0.00000    0.000000000    0.000000966    0.000000797  256.720842  93479.3108
 498.00   15.0000    0.0000   15.0000  261.9331  261.9331  0.000000       0.00000       0.00000         675325.6904    0.000000    -0.00003     0.00000    0.000000000    0.000000919    0.000000750  256.819585  93330.1803
 510.00   15.0000    0.0000   15.0000  262.1460  262.1460  0.000000       0.00000       0.00000         654508.2906    0.000000    -0.00003     0.00000    0.000000000    0.000000875    0.000000705  256.911113  93181.3428
 522.00   15.0000    0.0000   15.0000  262.3530  262.3530  0.000000       0.00000       0.00000         635690.4646    0.000000    -0.00003     0.00000    0.000000000    0.000000834    0.000000663  256.996919  93032.7939
 534.00   15.0000    0.0000   15.0000  262.5541  262.5541  0.000000       0.00000       0.00000         618797.2723    0.000000    -0.00003     0.00000    0.000000000    0.000000797    0.000000626  257.076749  92884.5296
 546.00   15.0000    0.0000   15.0000  262.7507  262.7507  0.000000       0.00000       0.00000         601496.2091    0.000000    -0.00003     0.00000    0.000000000    0.000000758    0.000000587  257.152050  92736.5462
 558.00   15.0000    0.0000   15.0000  262.9409  262.9409  0.000000       0.00000       0.00000         586072.8208    0.000000    -0.00003     0.00000    0.000000000    0.000000723    0.000000552  257.221106  92588.8400
 570.00   15.0000    0.0000   15.0000  263.1278  263.1278  0.000000       0.00000       0.00000         569269.8383    0.000000    -0.00003     0.00000    0.000000000    0.000000684    0.000000512  257.286799  92441.4076
 582.00   15.0000    0.0000   15.0000  263.3075  263.3075  0.000000       0.00000       0.00000         553920.0085    0.000000    -0.00003     0.00000    0.000000000    0.000000647    0.000000475  257.345370  92294.2455
 594.00   15.0000    0.0000   15.0000  263.4847  263.4847  0.000000       0.00000       0.00000         538865.0988    0.000000    -0.00003     0.00000    0.000000000    0.000000611    0.000000439  257.401476  92147.3504
 606.00   15.0000    0.0000   15.0000  263.6550  263.6550  0.000000       0.00000       0.00000         522573.0917    0.000000    -0.00003     0.00000    0.000000000    0.000000571    0.000000399  257.450640  92000.7191
 618.00   15.0000    0.0000   15.0000  263.8219  263.8219  0.000000       0.00000       0.00000         509574.1934    0.000000    -0.00003     0.00000    0.000000000    0.000000538    0.000000366  257.496546  91854.3481
 630.00   15.0000    0.0000   15.0000  263.9840  263.9840  0.000000       0.00000       0.00000         495977.0118    0.000000    -0.00003     0.00000    0.000000000    0.000000504    0.000000332  257.537577  91708.2346
 642.00   15.0000    0.0000   15.0000  264.1424  264.1424  0.000000       0.00000       0.00000         484577.6324    0.000000    -0.00003     0.00000    0.000000000    0.000000475    0.000000303  257.574963  91562.3757
 654.00   15.0000    0.0000   15.0000  264.2972  264.2972  0.000000       0.00000       0.00000         473846.7101    0.000000    -0.00003     0.00000    0.000000000    0.000000448    0.000000276  257.608854  91416.7690
 666.00   15.0000    0.0000   15.0000  264.4489  264.4489  0.000000       0.00000       0.00000         464309.6199    0.000000    -0.00003     0.00000    0.000000000    0.000000424    0.000000251  257.639515  91271.4120
 678.00   15.0000    0.0000   15.0000  264.5977  264.5977  0.000000       0.00000       0.00000         455197.4138    0.000000    -0.00003     0.00000    0.000000000    0.000000400    0.000000227  257.667428  91126.3026
 690.00   15.0000    0.0000   15.0000  264.7436  264.7436  0.000000       0.00000       0.00000         446521.3468    0.000000    -0.00003     0.00000    0.000000000    0.000000378    0.000000205  257.692375  90981.4387
 702.00   15.0000    0.0000   15.0000  264.8870  264.8870  0.000000       0.00000       0.00000         438989.6137    0.000000    -0.00003     0.00000    0.000000000    0.000000358    0.000000185  257.714844  90836.8185
 714.00   15.0000    0.0000   15.0000  265.0282  265.0282  0.000000       0.00000       0.00000         432516.5230    0.000000    -0.00003     0.00000    0.000000000    0.000000341    0.000000168  257.735064  90692.4401
 726.00   15.0000    0.0000   15.0000  265.1676  265.1676  0.000000       0.00000       0.00000         427014.4067    0.000000    -0.00003     0.00000    0.000000000    0.000000327    0.000000153  257.753472  90548.3019
 738.00   15.0000    0.0000   15.0000  265.3053  265.3053  0.000000       0.00000       0.00000         422219.5836    0.000000    -0.00003     0.00000    0.000000000    0.000000314    0.000000141  257.770241  90404.4027
 750.00   15.0000    0.0000   15.0000  265.4417  265.4417  0.000000       0.00000       0.00000         417935.0395    0.000000    -0.00003     0.00000    0.000000000    0.000000303    0.000000129  257.785642  90260.7411
 762.00   15.0000    0.0000   15.0000  265.5768  265.5768  0.000000       0.00000       0.00000         414449.7493    0.000000    -0.00003     0.00000    0.000000000    0.000000294    0.000000120  257.799724  90117.3159
 774.00   15.0000    0.0000   15.0000  265.7111  265.7111  0.000000       0.00000       0.00000         411303.7165    0.000000    -0.00003     0.00000    0.000000000    0.000000286    0.000000112  257.812940  89974.1263
 786.00   15.0000    0.0000   15.0000  265.8443  265.8443  0.000000       0.00000       0.00000         409102.1636    0.000000    -0.00003     0.00000    0.000000000    0.000000280    0.000000106  257.825050  89831.1712
 798.00   15.0000    0.0000   15.0000  265.9773  265.9773  0.000000       0.00000       0.00000         407727.1382    0.000000    -0.00003     0.00000    0.000000000    0.000000277    0.000000102  257.836889  89688.4498
 810.00   15.0000    0.0000   15.0000  266.1097  266.1097  0.000000       0.00000       0.00000         407500.3540    0.000000    -0.00003     0.00000    0.000000000    0.000000277    0.000000102  257.848144  89545.9616
 822.00   15.0000    0.0000   15.0000  266.2427  266.2427  0.000000       0.00000       0.00000         408193.3402    0.000000    -0.00003     0.00000    0.000000000    0.000000280    0.000000104  257.859850  89403.7061
 834.00   15.0000    0.0000   15.0000  266.3757  266.3757  0.000000       0.00000       0.00000         409183.4840    0.000000    -0.00003     0.00000    0.000000000    0.000000284    0.000000107  257.871554  89261.6830
 846.00   15.0000    0.0000   15.0000  266.5094  266.5094  0.000000       0.00000       0.00000         411636.7169    0.000000    -0.00004     0.00000    0.000000000    0.000000292    0.000000115  257.883897  89119.8921
 858.00   15.0000    0.0000   15.0000  266.6442  266.6442  0.000000       0.00000       0.00000         415965.6194    0.000000    -0.00004     0.00000    0.000000000    0.000000305    0.000000127  257.897162  88978.3335
 870.00   15.0000    0.0000   15.0000  266.7808  266.7808  0.000000       0.00000       0.00000         422908.9857    0.000000    -0.00004     0.00000    0.000000000    0.000000326    0.000000147  257.912250  88837.0075
 882.00   15.0000    0.0000   15.0000  266.9203  266.9203  0.000000       0.00000       0.00000         432063.4542    0.000000    -0.00004     0.00000    0.000000000    0.000000354    0.000000174  257.929912  88695.9149
 894.00   15.0000    0.0000   15.0000  267.0631  267.0631  0.000000       0.00000       0.00000         445787.6792    0.000000    -0.00004     0.00000    0.000000000    0.000000395    0.000000214  257.950798  88555.0569
 906.00   15.0000    0.0000   15.0000  267.2116  267.2116  0.000000       0.00000       0.00000         461644.7259    0.000000    -0.00004     0.00000    0.000000000    0.000000443    0.000000260  257.977145  88414.4355
 918.00   15.0000    0.0000   15.0000  267.3650  267.3650  0.000000       0.00000       0.00000         492789.3416    0.000000    -0.00005     0.00000    0.000000000    0.000000537    0.000000351  258.008071  88274.0530
 930.00   15.0000    0.0000   15.0000  267.5341  267.5341  0.000000       0.00000       0.00000         512130.7148    0.000000    -0.00005     0.00000    0.000000000    0.000000596    0.000000409  258.054117  88133.9142
 942.00   15.0000    0.0000   15.0000  267.7003  267.7003  0.000000       0.00000       0.00000         602974.4799    0.000000    -0.00007     0.00000    0.000000000    0.000000871    0.000000675  258.097317  87994.0221
 954.00   15.0000    0.0000   15.0000  267.9291  267.9291  0.000000       0.00000       0.00000         604366.4813    0.000000    -0.00005     0.00000    0.000000000    0.000000880    0.000000686  258.200785  87854.3916
 966.00   15.0000    0.0000   15.0000  268.0966  268.0966  0.000000       0.00000       0.00000         896773.8867    0.000000    -0.00013     0.00000    0.000000000    0.000001783    0.000001553  258.245044  87715.0226
 978.00   15.0000    0.0000   15.0000  268.5175  268.5175  0.000000       0.00000       0.00000         830722.4841    0.000000    -0.00004     0.00000    0.000000000    0.000001591    0.000001393  258.533313  87575.9641
 990.00   15.0000    0.0000   15.0000  268.6425  268.6425  0.000000       0.00000       0.00000        2274632.8173    0.000000    -0.00042     0.00000    0.000000000    0.000006349    0.000005770  258.536533  87437.2043
1002.00   15.0000    0.0000   15.0000  270.0130  270.0130  0.000000       0.00000       0.00000        2191980.1116    0.000000    -0.00002     0.00000    0.000000000    0.000006118    0.000006080  259.738070  87298.9852
1014.00   15.0000    0.0000   15.0000  270.0910  270.0910  0.000000       0.00000       0.00000         236005.2723    0.000000    -0.00002     0.00000    0.000000000   -0.000000243   -0.000000441  259.695991  87161.2933
1026.00   15.0000    0.0000   15.0000  270.1690  270.1690  0.000000       0.00000       0.00000         235937.1356    0.000000    -0.00002     0.00000    0.000000000   -0.000000243   -0.000000441  259.653878  87023.7964
1038.00   15.0000    0.0000   15.0000  270.2470  270.2470  0.000000       0.00000       0.00000         235869.0383    0.000000    -0.00003     0.00000    0.000000000   -0.000000243   -0.000000440  259.611732  86886.4941
1050.00   15.0000    0.0000   15.0000  270.3250  270.3250  0.000000       0.00000       0.00000         235800.9803    0.000000    -0.00003     0.00000    0.000000000   -0.000000243   -0.000000440  259.569552  86749.3862
1062.00   15.0000    0.0000   15.0000  270.4030  270.4030  0.000000       0.00000       0.00000         235732.9615    0.000000    -0.00003     0.00000    0.000000000   -0.000000243   -0.000000440  259.527338  86612.4724
1074.00   15.0000    0.0000   15.0000  270.4810  270.4810  0.000000       0.00000       0.00000         235664.9820    0.000000    -0.00003     0.00000    0.000000000   -0.000000243   -0.000000439  259.485090  86475.7524
1086.00   15.0000    0.0000   15.0000  270.5590  270.5590  0.000000       0.00000       0.00000         235597.0417    0.000000    -0.00003     0.00000    0.000000000   -0.000000243   -0.000000439  259.442808  86339.2261
1098.00   15.0000    0.0000   15.0000  270.6370  270.6370  0.000000       0.00000       0.00000         235529.1405    0.000000    -0.00003     0.00000    0.000000000   -0.000000244   -0.000000439  259.400493  86202.8931
1110.00   15.0000    0.0000   15.0000  270.7150  270.7150  0.000000       0.00000       0.00000         235461.2785    0.000000    -0.00003     0.00000    0.000000000   -0.000000244   -0.000000438  259.358144  86066.7532
1122.00   15.0000    0.0000   15.0000  270.7930  270.7930  0.000000       0.00000       0.00000         235393.4555    0.000000    -0.00003     0.00000    0.000000000   -0.000000244   -0.000000438  259.315761  85930.8061
1134.00   15.0000    0.0000   15.0000  270.8710  270.8710  0.000000       0.00000       0.00000         235325.6716    0.000000    -0.00003     0.00000    0.000000000   -0.000000244   -0.000000438  259.273345  85795.0515
1146.00   15.0000    0.0000   15.0000  270.9490  270.9490  0.000000       0.00000       0.00000         235257.9268    0.000000    -0.00003     0.00000    0.000000000   -0.000000244   -0.000000437  259.230894  85659.4893
1158.00   15.0000    0.0000   15.0000  271.0270  271.0270  0.000000       0.00000       0.00000         235190.2209    0.000000    -0.00003     0.00000    0.000000000   -0.000000244   -0.000000437  259.188410  85524.1191
1170.00   15.0000    0.0000   15.0000  271.1050  271.1050  0.000000       0.00000       0.00000         235122.5540    0.000000    -0.00003     0.00000    0.000000000   -0.000000244   -0.000000437  259.145893  85388.9407
1182.00   15.0000    0.0000   15.0000  271.1830  271.1830  0.000000       0.00000       0.00000         235054.9260    0.000000    -0.00003     0.00000    0.000000000   -0.000000244   -0.000000436  259.103341  85253.9538
1194.00   15.0000    0.0000   15.0000  271.2610  271.2610  0.000000       0.00000       0.00000         234987.3369    0.000000    -0.00003     0.00000    0.000000000   -0.000000244   -0.000000436  259.060756  85119.1581
1206.00   15.0000    0.0000   15.0000  271.3390  271.3390  0.000000       0.00000       0.00000         234919.7867    0.000000    -0.00003     0.00000    0.000000000   -0.000000244   -0.000000435  259.018138  84984.5535
1218.00   15.0000    0.0000   15.0000  271.4170  271.4170  0.000000       0.00000       0.00000         234852.2753    0.000000    -0.00003     0.00000    0.000000000   -0.000000244   -0.000000435  258.975485  84850.1397
1230.00   15.0000    0.0000   15.0000  271.4950  271.4950  0.000000       0.00000       0.00000         234784.8027    0.000000    -0.00003     0.00000    0.000000000   -0.000000244   -0.000000435  258.932799  84715.9163
1242.00   15.0000    0.0000   15.0000  271.5730  271.5730  0.000000       0.00000       0.00000         234717.3688    0.000000    -0.00003     0.00000    0.000000000   -0.000000244   -0.000000434  258.890080  84581.8832
1254.00   15.0000    0.0000   15.0000  271.6510  271.6510  0.000000       0.00000       0.00000         234649.9737    0.000000    -0.00003     0.00000    0.000000000   -0.000000244   -0.000000434  258.847326  84448.0400
1266.00   15.0000    0.0000   15.0000  271.7290  271.7290  0.000000       0.00000       0.00000         234582.6172    0.000000    -0.00003     0.00000    0.000000000   -0.000000244   -0.000000434  258.804539  84314.3866
1278.00   15.0000    0.0000   15.0000  271.8070  271.8070  0.000000       0.00000       0.00000         234515.2995    0.000000    -0.00003     0.00000    0.000000000   -0.000000244   -0.000000433  258.761719  84180.9227
1290.00   15.0000    0.0000   15.0000  271.8850  271.8850  0.000000       0.00000       0.00000         234448.0203    0.000000    -0.00003     0.00000    0.000000000   -0.000000244   -0.000000433  258.718865  84047.6479
1302.00   15.0000    0.0000   15.0000  271.9630  271.9630  0.000000       0.00000       0.00000         234380.7797    0.000000    -0.00003     0.00000    0.000000000   -0.000000244   -0.000000433  258.675977  83914.5622
1314.00   15.0000    0.0000   15.0000  272.0410  272.0410  0.000000       0.00000       0.00000         234313.5777    0.000000    -0.00003     0.00000    0.000000000   -0.000000244   -0.000000432  258.633056  83781.6652
1326.00   15.0000    0.0000   15.0000  272.1190  272.1190  0.000000       0.00000       0.00000         234246.4143    0.000000    -0.00003     0.00000    0.000000000   -0.000000244   -0.000000432  258.590101  83648.9566
1338.00   15.0000    0.0000   15.0000  272.1970  272.1970  0.000000       0.00000       0.00000         234179.2893    0.000000    -0.00003     0.00000    0.000000000   -0.000000244   -0.000000432  258.547113  83516.4362
1350.00   15.0000    0.0000   15.0000  272.2750  272.2750  0.000000       0.00000       0.00000         234112.2027    0.000000    -0.00003     0.00000    0.000000000   -0.000000244   -0.000000431  258.504091  83384.1038
1362.00   15.0000    0.0000   15.0000  272.3530  272.3530  0.000000       0.00000       0.00000         234045.1546    0.000000    -0.00003     0.00000    0.000000000   -0.000000244   -0.000000431  258.461035  83251.9591
1374.00   15.0000    0.0000   15.0000  272.4310  272.4310  0.000000       0.00000       0.00000         233978.1449    0.000000    -0.00003     0.00000    0.000000000   -0.000000244   -0.000000430  258.417946  83120.0018
1386.00   15.0000    0.0000   15.0000  272.5090  272.5090  0.000000       0.00000       0.00000         233911.1736    0.000000    -0.00003     0.00000    0.000000000   -0.000000244   -0.000000430  258.374823  82988.2317
1398.00   15.0000    0.0000   15.0000  272.5870  272.5870  0.000000       0.00000       0.00000         233844.2406    0.000000    -0.00003     0.00000    0.000000000   -0.000000244   -0.000000430  258.331667  82856.6486
1410.00   15.0000    0.0000   15.0000  272.6650  272.6650  0.000000       0.00000       0.00000         233777.3458    0.000000    -0.00003     0.00000    0.000000000   -0.000000244   -0.000000429  258.288478  82725.2521
1422.00   15.0000    0.0000   15.0000  272.7430  272.7430  0.000000       0.00000       0.00000         233710.4894    0.000000    -0.00003     0.00000    0.000000000   -0.000000244   -0.000000429  258.245255  82594.0421
1434.00   15.0000    0.0000   15.0000  272.8210  272.8210  0.000000       0.00000       0.00000         233643.6711    0.000000    -0.00003     0.00000    0.000000000   -0.000000244   -0.000000428  258.201998  82463.0183
1446.00   15.0000    0.0000   15.0000  272.8990  272.8990  0.000000       0.00000       0.00000         233576.8911    0.000000    -0.00004     0.00000    0.000000000   -0.000000244   -0.000000428  258.158708  82332.1805
1458.00   15.0000    0.0000   15.0000  272.9770  272.9770  0.000000       0.00000       0.00000         233510.1492    0.000000    -0.00004     0.00000    0.000000000   -0.000000244   -0.000000428  258.115384  82201.5283
1470.00   15.0000    0.0000   15.0000  273.0550  273.0550  0.000000       0.00000       0.00000         233443.4455    0.000000    -0.00004     0.00000    0.000000000   -0.000000244   -0.000000427  258.072027  82071.0616
1482.00   15.0000    0.0000   15.0000  273.1330  273.1330  0.000000       0.00000       0.00000         233376.7798    0.000000    -0.00004     0.00000    0.000000000   -0.000000244   -0.000000427  258.028637  81940.7800
1494.00   15.0000    0.0000   15.0000  273.2110  273.2110  0.000000       0.00000       0.00000         233310.1522    0.000000    -0.00004     0.00000    0.000000000   -0.000000244   -0.000000427  257.985213  81810.6834
1506.00   15.0000    0.0000   15.0000  273.2890  273.2890  0.000000       0.00000       0.00000         233243.5627    0.000000    -0.00004     0.00000    0.000000000   -0.000000244   -0.000000426  257.941756  81680.7715
1518.00   15.0000    0.0000   15.0000  273.3670  273.3670  0.000000       0.00000       0.00000         233177.0111    0.000000    -0.00004     0.00000    0.000000000   -0.000000244   -0.000000426  257.898265  81551.0441
1530.00   15.0000    0.0000   15.0000  273.4450  273.4450  0.000000       0.00000       0.00000         233110.4975    0.000000    -0.00004     0.00000    0.000000000   -0.000000244   -0.000000425  257.854741  81421.5009
1542.00   15.0000    0.0000   15.0000  273.5230  273.5230  0.000000       0.00000       0.00000         233044.0219    0.000000    -0.00004     0.00000    0.000000000   -0.000000244   -0.000000425  257.811183  81292.1416
1554.00   15.0000    0.0000   15.0000  273.6010  273.6010  0.000000       0.00000       0.00000         232977.5841    0.000000    -0.00004     0.00000    0.000000000   -0.000000244   -0.000000425  257.767592  81162.9660
1566.00   15.0000    0.0000   15.0000  273.6790  273.6790  0.000000       0.00000       0.00000         232911.1843    0.000000    -0.00004     0.00000    0.000000000   -0.000000244   -0.000000424  257.723968  81033.9739
1578.00   15.0000    0.0000   15.0000  273.7570  273.7570  0.000000       0.00000       0.00000         232844.8222    0.000000    -0.00004     0.00000    0.000000000   -0.000000244   -0.000000424  257.680310  80905.1650
1590.00   15.0000    0.0000   15.0000  273.8350  273.8350  0.000000       0.00000       0.00000         232778.4980    0.000000    -0.00004     0.00000    0.000000000   -0.000000243   -0.000000423  257.636619  80776.5391
1602.00   15.0000    0.0000   15.0000  273.9130  273.9130  0.000000       0.00000       0.00000         232712.2115    0.000000    -0.00004     0.00000    0.000000000   -0.000000243   -0.000000423  257.592895  80648.0958
1614.00   15.0000    0.0000   15.0000  273.9910  273.9910  0.000000       0.00000       0.00000         232645.9628    0.000000    -0.00004     0.00000    0.000000000   -0.000000243   -0.000000423  257.549137  80519.8351
1626.00   15.0000    0.0000   15.0000  274.0690  274.0690  0.000000       0.00000       0.00000         232579.7518    0.000000    -0.00004     0.00000    0.000000000   -0.000000243   -0.000000422  257.505346  80391.7566
1638.00   15.0000    0.0000   15.0000  274.1470  274.1470  0.000000       0.00000       0.00000         232513.5785    0.000000    -0.00004     0.00000    0.000000000   -0.000000243   -0.000000422  257.461522  80263.8601
1650.00   15.0000    0.0000   15.0000  274.2250  274.2250  0.000000       0.00000       0.00000         232447.4428    0.000000    -0.00004     0.00000    0.000000000   -0.000000243   -0.000000421  257.417664  80136.1453
1662.00   15.0000    0.0000   15.0000  274.3030  274.3030  0.000000       0.00000       0.00000         232381.3447    0.000000    -0.00004     0.00000    0.000000000   -0.000000243   -0.000000421  257.373773  80008.6121
1674.00   15.0000    0.0000   15.0000  274.3810  274.3810  0.000000       0.00000       0.00000         232315.2842    0.000000    -0.00004     0.00000    0.000000000   -0.000000243   -0.000000421  257.329849  79881.2601
1686.00   15.0000    0.0000   15.0000  274.4590  274.4590  0.000000       0.00000       0.00000         232249.2613    0.000000    -0.00004     0.00000    0.000000000   -0.000000243   -0.000000420  257.285891  79754.0891
1698.00   15.0000    0.0000   15.0000  274.5370  274.5370  0.000000       0.00000       0.00000         232183.2758    0.000000    -0.00004     0.00000    0.000000000   -0.000000243   -0.000000420  257.241900  79627.0988
1710.00   15.0000    0.0000   15.0000  274.6150  274.6150  0.000000       0.00000       0.00000         232117.3279    0.000000    -0.00004     0.00000    0.000000000   -0.000000243   -0.000000419  257.197876  79500.2891
1722.00   15.0000    0.0000   15.0000  274.6930  274.6930  0.000000       0.00000       0.00000         232051.4174    0.000000    -0.00004     0.00000    0.000000000   -0.000000243   -0.000000419  257.153818  79373.6597
1734.00   15.0000    0.0000   15.0000  274.7710  274.7710  0.000000       0.00000       0.00000         231985.5443    0.000000    -0.00004     0.00000    0.000000000   -0.000000243   -0.000000418  257.109728  79247.2104
1746.00   15.0000    0.0000   15.0000  274.8490  274.8490  0.000000       0.00000       0.00000         231919.7086    0.000000    -0.00004     0.00000    0.000000000   -0.000000243   -0.000000418  257.065604  79120.9408
1758.00   15.0000    0.0000   15.0000  274.9270  274.9270  0.000000       0.00000       0.00000         231853.9103    0.000000    -0.00004     0.00000    0.000000000   -0.000000243   -0.000000418  257.021447  78994.8508
1770.00   15.0000    0.0000   15.0000  275.0050  275.0050  0.000000       0.00000       0.00000         231788.1493    0.000000    -0.00004     0.00000    0.000000000   -0.000000243   -0.000000417  256.977256  78868.9401
1782.00   15.0000    0.0000   15.0000  275.0830  275.0830  0.000000       0.00000       0.00000         231722.4256    0.000000    -0.00004     0.00000    0.000000000   -0.000000243   -0.000000417  256.933033  78743.2085
1794.00   15.0000    0.0000   15.0000  275.1610  275.1610  0.000000       0.00000       0.00000         231656.7391    0.000000    -0.00004     0.00000    0.000000000   -0.000000243   -0.000000416  256.888776  78617.6557
1806.00   15.0000    0.0000   15.0000  275.2390  275.2390  0.000000       0.00000       0.00000         231591.0899    0.000000    -0.00004     0.00000    0.000000000   -0.000000243   -0.000000416  256.844486  78492.2816
1818.00   15.0000    0.0000   15.0000  275.3170  275.3170  0.000000       0.00000       0.00000         231525.4779    0.000000    -0.00004     0.00000    0.000000000   -0.000000243   -0.000000415  256.800163  78367.0858
1830.00   15.0000    0.0000   15.0000  275.3950  275.3950  0.000000       0.00000       0.00000         231459.9030    0.000000    -0.00004     0.00000    0.000000000   -0.000000243   -0.000000415  256.755807  78242.0681
1842.00   15.0000    0.0000   15.0000  275.4730  275.4730  0.000000       0.00000       0.00000         231394.3653    0.000000    -0.00004     0.00000    0.000000000   -0.000000242   -0.000000415  256.711417  78117.2283
1854.00   15.0000    0.0000   15.0000  275.5510  275.5510  0.000000       0.00000       0.00000         231328.8647    0.000000    -0.00005     0.00000    0.000000000   -0.000000242   -0.000000414  256.666995  77992.5661
1866.00   15.0000    0.0000   15.0000  275.6290  275.6290  0.000000       0.00000       0.00000         231263.4012    0.000000    -0.00005     0.00000    0.000000000   -0.000000242   -0.000000414  256.622539  77868.0814
1878.00   15.0000    0.0000   15.0000  275.7070  275.7070  0.000000       0.00000       0.00000         231197.9747    0.000000    -0.00005     0.00000    0.000000000   -0.000000242   -0.000000413  256.578050  77743.7738
1890.00   15.0000    0.0000   15.0000  275.7850  275.7850  0.000000       0.00000       0.00000         231132.5852    0.000000    -0.00005     0.00000    0.000000000   -0.000000242   -0.000000413  256.533528  77619.6432
1902.00   15.0000    0.0000   15.0000  275.8630  275.8630  0.000000       0.00000       0.00000         231067.2326    0.000000    -0.00005     0.00000    0.000000000   -0.000000242   -0.000000412  256.488973  77495.6892
1914.00   15.0000    0.0000   15.0000  275.9410  275.9410  0.000000       0.00000       0.00000         231001.9171    0.000000    -0.00005     0.00000    0.000000000   -0.000000242   -0.000000412  256.444384  77371.9117
1926.00   15.0000    0.0000   15.0000  276.0190  276.0190  0.000000       0.00000       0.00000         230936.6384    0.000000    -0.00005     0.00000    0.000000000   -0.000000242   -0.000000412  256.399763  77248.3104
1938.00   15.0000    0.0000   15.0000  276.0970  276.0970  0.000000       0.00000       0.00000         230871.3966    0.000000    -0.00005     0.00000    0.000000000   -0.000000242   -0.000000411  256.355108  77124.8851
1950.00   15.0000    0.0000   15.0000  276.1750  276.1750  0.000000       0.00000       0.00000         230806.1917    0.000000    -0.00005     0.00000    0.000000000   -0.000000242   -0.000000411  256.310421  77001.6356
1962.00   15.0000    0.0000   15.0000  276.2530  276.2530  0.000000       0.00000       0.00000         230741.0236    0.000000    -0.00005     0.00000    0.000000000   -0.000000242   -0.000000410  256.265700  76878.5616
1974.00   15.0000    0.0000   15.0000  276.3310  276.3310  0.000000       0.00000       0.00000         230675.8923    0.000000    -0.00005     0.00000    0.000000000   -0.000000242   -0.000000410  256.220947  76755.6628
1986.00   15.0000    0.0000   15.0000  276.4090  276.4090  0.000000       0.00000       0.00000         230610.7978    0.000000    -0.00005     0.00000    0.000000000   -0.000000242   -0.000000409  256.176160  76632.9391
1998.00   15.0000    0.0000   15.0000  276.4870  276.4870  0.000000       0.00000       0.00000         230545.7399    0.000000    -0.00005     0.00000    0.000000000   -0.000000242   -0.000000409  256.131340  76510.3902
2010.00   15.0000    0.0000   15.0000  276.5650  276.5650  0.000000       0.00000       0.00000         230480.7188    0.000000    -0.00005     0.00000    0.000000000   -0.000000241   -0.000000408  256.086487  76388.0159
2022.00   15.0000    0.0000   15.0000  276.6430  276.6430  0.000000       0.00000       0.00000         230415.7344    0.000000    -0.00005     0.00000    0.000000000   -0.000000241   -0.000000408  256.041602  76265.8159
2034.00   15.0000    0.0000   15.0000  276.7210  276.7210  0.000000       0.00000       0.00000         230350.7865    0.000000    -0.00005     0.00000    0.000000000   -0.000000241   -0.000000408  255.996683  76143.7900
2046.00   15.0000    0.0000   15.0000  276.7990  276.7990  0.000000       0.00000       0.00000         230285.8753    0.000000    -0.00005     0.00000    0.000000000   -0.000000241   -0.000000407  255.951731  76021.9380
2058.00   15.0000    0.0000   15.0000  276.8770  276.8770  0.000000       0.00000       0.00000         230221.0007    0.000000    -0.00005     0.00000    0.000000000   -0.000000241   -0.000000407  255.906746  75900.2596
2070.00   15.0000    0.0000   15.0000  276.9550  276.9550  0.000000       0.00000       0.00000         230156.1626    0.000000    -0.00005     0.00000    0.000000000   -0.000000241   -0.000000406  255.861728  75778.7546
2082.00   15.0000    0.0000   15.0000  277.0330  277.0330  0.000000       0.00000       0.00000         230091.3610    0.000000    -0.00005     0.00000    0.000000000   -0.000000241   -0.000000406  255.816677  75657.4228
2094.00   15.0000    0.0000   15.0000  277.1110  277.1110  0.000000       0.00000       0.00000         230026.5958    0.000000    -0.00005     0.00000    0.000000000   -0.000000241   -0.000000405  255.771594  75536.2640
2106.00   15.0000    0.0000   15.0000  277.1890  277.1890  0.000000       0.00000       0.00000         229961.8672    0.000000    -0.00005     0.00000    0.000000000   -0.000000241   -0.000000405  255.726477  75415.2778
2118.00   15.0000    0.0000   15.0000  277.2670  277.2670  0.000000       0.00000       0.00000         229897.1749    0.000000    -0.00005     0.00000    0.000000000   -0.000000241   -0.000000404  255.681327  75294.4642
2130.00   15.0000    0.0000   15.0000  277.3450  277.3450  0.000000       0.00000       0.00000         229832.5191    0.000000    -0.00005     0.00000    0.000000000   -0.000000241   -0.000000404  255.636145  75173.8227
2142.00   15.0000    0.0000   15.0000  277.4230  277.4230  0.000000       0.00000       0.00000         229767.8996    0.000000    -0.00005     0.00000    0.000000000   -0.000000240   -0.000000403  255.590929  75053.3533
2154.00   15.0000    0.0000   15.0000  277.5010  277.5010  0.000000       0.00000       0.00000         229703.3164    0.000000    -0.00005     0.00000    0.000000000   -0.000000240   -0.000000403  255.545680  74933.0557
2166.00   15.0000    0.0000   15.0000  277.5790  277.5790  0.000000       0.00000       0.00000         229638.7695    0.000000    -0.00005     0.00000    0.000000000   -0.000000240   -0.000000402  255.500399  74812.9297
2178.00   15.0000    0.0000   15.0000  277.6570  277.6570  0.000000       0.00000       0.00000         229574.2589    0.000000    -0.00005     0.00000    0.000000000   -0.000000240   -0.000000402  255.455085  74692.9750
2190.00   15.0000    0.0000   15.0000  277.7350  277.7350  0.000000       0.00000       0.00000         229509.7845    0.000000    -0.00005     0.00000    0.000000000   -0.000000240   -0.000000402  255.409738  74573.1913
2202.00   15.0000    0.0000   15.0000  277.8130  277.8130  0.000000       0.00000       0.00000         229445.3463    0.000000    -0.00005     0.00000    0.000000000   -0.000000240   -0.000000401  255.364358  74453.5786
2214.00   15.0000    0.0000   15.0000  277.8910  277.8910  0.000000       0.00000       0.00000         229380.9443    0.000000    -0.00005     0.00000    0.000000000   -0.000000240   -0.000000401  255.318945  74334.1365
2226.00   15.0000    0.0000   15.0000  277.9690  277.9690  0.000000       0.00000       0.00000         229316.5785    0.000000    -0.00005     0.00000    0.000000000   -0.000000240   -0.000000400  255.273499  74214.8648
2238.00   15.0000    0.0000   15.0000  278.0470  278.0470  0.000000       0.00000       0.00000         229252.2487    0.000000    -0.00005     0.00000    0.000000000   -0.000000240   -0.000000400  255.228020  74095.7632
2250.00   15.0000    0.0000   15.0000  278.1250  278.1250  0.000000       0.00000       0.00000         229187.9551    0.000000    -0.00005     0.00000    0.000000000   -0.000000240   -0.000000399  255.182509  73976.8317
2262.00   15.0000    0.0000   15.0000  278.2030  278.2030  0.000000       0.00000       0.00000         229123.6974    0.000000    -0.00006     0.00000    0.000000000   -0.000000239   -0.000000399  255.136964  73858.0698
2274.00   15.0000    0.0000   15.0000  278.2810  278.2810  0.000000       0.00000       0.00000         229059.4759    0.000000    -0.00006     0.00000    0.000000000   -0.000000239   -0.000000398  255.091387  73739.4775
2286.00   15.0000    0.0000   15.0000  278.3590  278.3590  0.000000       0.00000       0.00000         228995.2903    0.000000    -0.00006     0.00000    0.000000000   -0.000000239   -0.000000398  255.045777  73621.0544
2298.00   15.0000    0.0000   15.0000  278.4370  278.4370  0.000000       0.00000       0.00000         228931.1406    0.000000    -0.00006     0.00000    0.000000000   -0.000000239   -0.000000397  255.000134  73502.8004
2310.00   15.0000    0.0000   15.0000  278.5150  278.5150  0.000000       0.00000       0.00000         228867.0269    0.000000    -0.00006     0.00000    0.000000000   -0.000000239   -0.000000397  254.954459  73384.7152
2322.00   15.0000    0.0000   15.0000  278.5930  278.5930  0.000000       0.00000       0.00000         228802.9491    0.000000    -0.00006     0.00000    0.000000000   -0.000000239   -0.000000396  254.908750  73266.7986
2334.00   15.0000    0.0000   15.0000  278.6710  278.6710  0.000000       0.00000       0.00000         228738.9072    0.000000    -0.00006     0.00000    0.000000000   -0.000000239   -0.000000396  254.863009  73149.0504
2346.00   15.0000    0.0000   15.0000  278.7490  278.7490  0.000000       0.00000       0.00000         228674.9011    0.000000    -0.00006     0.00000    0.000000000   -0.000000239   -0.000000395  254.817235  73031.4703
2358.00   15.0000    0.0000   15.0000  278.8270  278.8270  0.000000       0.00000       0.00000         228610.9308    0.000000    -0.00006     0.00000    0.000000000   -0.000000238   -0.000000395  254.771428  72914.0582
2370.00   15.0000    0.0000   15.0000  278.9050  278.9050  0.000000       0.00000       0.00000         228546.9963    0.000000    -0.00006     0.00000    0.000000000   -0.000000238   -0.000000394  254.725589  72796.8137
2382.00   15.0000    0.0000   15.0000  278.9830  278.9830  0.000000       0.00000       0.00000              0.0000    0.000000    -0.00006     0.00000    0.000000000    0.000000000    0.000000000  254.679716  72679.7367
2394.00   15.0000    0.0000   15.0000  279.0610  279.0610  0.000000       0.00000       0.00000              0.0000    0.000000     0.00000     0.00000    0.000000000    0.000000000    0.000000000  254.633811  72562.8269
