   0.00    0.0000    0.0000    0.0000  247.0038  247.0038  0.000000       0.00000       0.00000              0.0000    0.000000     0.00000     0.00000    0.000000000    0.000000000    0.000000000    0.000000      0.0000
   6.00    7.1971    3.6232    8.0577  249.2107  249.2107  0.000000       0.61194       0.61194              0.0000    0.000000     0.00000     0.00000   -0.000053681    0.000000000    0.000000000  249.123031  99876.7310
  18.00    8.3514    4.0932    9.3006  249.4464  249.4464  0.000000       1.62140       1.62140              0.0884    0.000000    -0.00000     0.00000   -0.000059930    0.000000000    0.000000000  249.212180  99671.4810
  30.00    9.1377    4.3463   10.1187  249.6126  249.6126  0.000000       1.44269       1.44269              0.1225    0.000000    -0.00000     0.00000   -0.000071206    0.000000277    0.000000195  249.261071  99507.6696
  42.00    9.8865    4.5255   10.8730  249.7768  249.7768  0.000000       1.53383       1.53383              0.1414    0.000000    -0.00000     0.00000   -0.000075753    0.000000259    0.000000176  249.307873  99344.1588
  54.00   10.5720    4.6340   11.5430  249.9337  249.9337  0.000000       1.44160       1.44160              0.1621    0.000000    -0.00000     0.00000   -0.000079176    0.000000248    0.000000165  249.347339  99180.9448
  66.00   11.2307    4.6841   12.1684  250.0922  250.0922  0.000000       1.35998       1.35998              0.1803    0.000000    -0.00000     0.00000   -0.000082129    0.000000259    0.000000175  249.388323  99018.0253
  78.00   11.8635    4.6788   12.7528  250.2536  250.2536  0.000000       1.24355       1.24355              0.1988    0.000000    -0.00000     0.00000   -0.000084789    0.000000279    0.000000194  249.432193  98855.4011
  90.00   12.4762    4.6190   13.3038  250.4210  250.4210  0.000000       1.12209       1.12209              0.2173    0.000000    -0.00000     0.00000   -0.000087330    0.000000309    0.000000223  249.481879  98693.0743
 102.00   13.0680    4.5043   13.8225  250.5962  250.5962  0.000000       0.99443       0.99443              0.2367    0.000000    -0.00001     0.00000   -0.000089823    0.000000350    0.000000262  249.539272  98531.0489
 114.00   13.6374    4.3332   14.3093  250.7814  250.7814  0.000000       0.86743       0.86743              0.2573    0.000000    -0.00001     0.00000   -0.000092282    0.000000401    0.000000311  249.606604  98369.3298
 126.00   14.1800    4.1038   14.7619  250.9790  250.9790  0.000000       0.74328       0.74328              0.2796    0.000000    -0.00001     0.00000   -0.000094755    0.000000464    0.000000371  249.686174  98207.9237
 138.00   14.6896    3.8140   15.1766  251.1918  251.1918  0.000000       0.62456       0.62456              0.3042    0.000000    -0.00001     0.00000   -0.000097294    0.000000542    0.000000446  249.780710  98046.8384
 150.00   15.1574    3.4619   15.5477  251.4230  251.4230  0.000000       0.51297       0.51297              0.3321    0.000000    -0.00001     0.00000   -0.000099919    0.000000639    0.000000540  249.893486  97886.0841
 162.00   15.5717    3.0464   15.8669  251.6769  251.6769  0.000000       0.40966       0.40966              0.3643    0.000000    -0.00001     0.00000   -0.000102659    0.000000762    0.000000657  250.028673  97725.6729
 174.00   15.9168    2.5681   16.1226  251.9589  251.9589  0.000000       0.31616       0.31616              0.4025    0.000000    -0.00002     0.00000   -0.000105556    0.000000920    0.000000809  250.191661  97565.6199
 186.00   16.1723    2.0306   16.2993  252.2769  252.2769  0.000000       0.23191       0.23191              0.4500    0.000000    -0.00002     0.00000   -0.000108758    0.000001128    0.000001008  250.390246  97405.9443
 198.00   16.3106    1.4459   16.3745  252.6411  252.6411  0.000000       0.16064       0.16064              0.5103    0.000000    -0.00003     0.00000   -0.000112504    0.000001423    0.000001292  250.634507  97246.6708
 210.00   16.2958    0.8316   16.3170  253.0727  253.0727  0.000000       0.09545       0.09545              0.6005    0.000000    -0.00003     0.00000   -0.000117597    0.000001826    0.000001679  250.945569  97087.8337
 222.00   16.0845    0.2576   16.0865  253.5858  253.5858  0.000000       0.05401       0.05401              0.7197    0.000000    -0.00004     0.00000   -0.000130787    0.000002611    0.000002425  251.337140  96929.4776
 234.00   15.5727   -0.1977   15.5739  254.2998  254.2998  0.000000       0.00064       0.00064              2.3068    0.000000     0.00000     0.00000   -0.000129449    0.000009208    0.000008175  251.927506  96771.6878
 246.00   14.9394    0.0126   14.9394  257.0037  257.0037  0.000000       0.00000       0.00000              8.9185    0.000000    -0.00007     0.00000   -0.000006013    0.000010212    0.000010534  254.488375  96615.1300
 258.00   14.9995    0.0005   14.9995  257.8819  257.8819  0.000000       0.00000       0.00000            332.1392    0.000000    -0.00004     0.00000   -0.000000005    0.000004041    0.000003871  255.240764  96459.8448
 270.00   15.0000    0.0000   15.0000  258.3986  258.3986  0.000000       0.00000       0.00000         776447.2776    0.000000    -0.00004     0.00000    0.000000000    0.000002771    0.000002580  255.634910  96305.1572
 282.00   15.0000   -0.0000   15.0000  258.8667  258.8667  0.000000       0.00000       0.00000        1348260.0577    0.000000    -0.00003     0.00000    0.000000000    0.000002372    0.000002189  255.980830  96150.9409
 294.00   15.0000   -0.0000   15.0000  259.2528  259.2528  0.000000       0.00000       0.00000        1180879.8122    0.000000    -0.00003     0.00000    0.000000000    0.000002039    0.000001856  256.245385  95997.1549
 306.00   15.0000   -0.0000   15.0000  259.6160  259.6160  0.000000       0.00000       0.00000        1110808.7482    0.000000    -0.00003     0.00000    0.000000000    0.000001915    0.000001732  256.487198  95843.7664
 318.00   15.0000   -0.0000   15.0000  259.9585  259.9585  0.000000       0.00000       0.00000        1056706.4249    0.000000    -0.00003     0.00000    0.000000000    0.000001821    0.000001637  256.708467  95690.7612
 330.00   15.0000    0.0000   15.0000  260.2883  260.2883  0.000000       0.00000       0.00000        1019580.2384    0.000000    -0.00003     0.00000    0.000000000    0.000001763    0.000001577  256.916890  95538.1278
 342.00   15.0000    0.0000   15.0000  260.6080  260.6080  0.000000       0.00000       0.00000         989244.9959    0.000000    -0.00003     0.00000    0.000000000    0.000001717    0.000001531  257.115354  95385.8585
 354.00   15.0000    0.0000   15.0000  260.9192  260.9192  0.000000       0.00000       0.00000         958760.8677    0.000000    -0.00003     0.00000    0.000000000    0.000001668    0.000001480  257.305183  95233.9465
 366.00   15.0000    0.0000   15.0000  261.2203  261.2203  0.000000       0.00000       0.00000         930288.6854    0.000000    -0.00003     0.00000    0.000000000    0.000001621    0.000001432  257.484911  95082.3853
 378.00   15.0000    0.0000   15.0000  261.5139  261.5139  0.000000       0.00000       0.00000         888795.4357    0.000000    -0.00003     0.00000    0.000000000    0.000001535    0.000001347  257.657219  94931.1686
 390.00   15.0000    0.0000   15.0000  261.7891  261.7891  0.000000       0.00000       0.00000         859756.7216    0.000000    -0.00003     0.00000    0.000000000    0.000001480    0.000001289  257.811178  94780.2879
 402.00   15.0000    0.0000   15.0000  262.0648  262.0648  0.000000       0.00000       0.00000         794839.3949    0.000000    -0.00003     0.00000    0.000000000    0.000001321    0.000001134  257.965495  94629.7369
 414.00   15.0000    0.0000   15.0000  262.2989  262.2989  0.000000       0.00000       0.00000         738818.1491    0.000000    -0.00003     0.00000    0.000000000    0.000001183    0.000000995  258.078803  94479.5030
 426.00   15.0000    0.0000   15.0000  262.5390  262.5390  0.000000       0.00000       0.00000         717552.3347    0.000000    -0.00003     0.00000    0.000000000    0.000001136    0.000000948  258.197947  94329.5751
 438.00   15.0000    0.0000   15.0000  262.7599  262.7599  0.000000       0.00000       0.00000         682522.1937    0.000000    -0.00003     0.00000    0.000000000    0.000001050    0.000000861  258.298038  94179.9486
 450.00   15.0000    0.0000   15.0000  262.9779  262.9779  0.000000       0.00000       0.00000         665708.3994    0.000000    -0.00003     0.00000    0.000000000    0.000001012    0.000000823  258.395210  94030.6164
 462.00   15.0000    0.0000   15.0000  263.1884  263.1884  0.000000       0.00000       0.00000         647052.1745    0.000000    -0.00003     0.00000    0.000000000    0.000000967    0.000000778  258.484832  93881.5749
 474.00   15.0000    0.0000   15.0000  263.3947  263.3947  0.000000       0.00000       0.00000         633759.4510    0.000000    -0.00003     0.00000    0.000000000    0.000000937    0.000000747  258.570347  93732.8199
 486.00   15.0000    0.0000   15.0000  263.5969  263.5969  0.000000       0.00000       0.00000         621435.9723    0.000000    -0.00003     0.00000    0.000000000    0.000000909    0.000000718  258.651693  93584.3485
 498.00   15.0000    0.0000   15.0000  263.7956  263.7956  0.000000       0.00000       0.00000         610163.2944    0.000000    -0.00003     0.00000    0.000000000    0.000000883    0.000000692  258.729533  93436.1579
 510.00   15.0000    0.0000   15.0000  263.9908  263.9908  0.000000       0.00000       0.00000         599625.5388    0.000000    -0.00003     0.00000    0.000000000    0.000000859    0.000000667  258.803860  93288.2454
 522.00   15.0000    0.0000   15.0000  264.1830  264.1830  0.000000       0.00000       0.00000         589587.5868    0.000000    -0.00003     0.00000    0.000000000    0.000000836    0.000000642  258.875137  93140.6086
 534.00   15.0000    0.0000   15.0000  264.3720  264.3720  0.000000       0.00000       0.00000         579543.2751    0.000000    -0.00003     0.00000    0.000000000    0.000000812    0.000000618  258.943209  92993.2450
 546.00   15.0000    0.0000   15.0000  264.5580  264.5580  0.000000       0.00000       0.00000         567733.5761    0.000000    -0.00003     0.00000    0.000000000    0.000000782    0.000000587  259.008218  92846.1524
 558.00   15.0000    0.0000   15.0000  264.7396  264.7396  0.000000       0.00000       0.00000         556259.6386    0.000000    -0.00003     0.00000    0.000000000    0.000000752    0.000000557  259.068896  92699.3280
 570.00   15.0000    0.0000   15.0000  264.9184  264.9184  0.000000       0.00000       0.00000         538281.3607    0.000000    -0.00003     0.00000    0.000000000    0.000000702    0.000000507  259.126715  92552.7694
 582.00   15.0000    0.0000   15.0000  265.0886  265.0886  0.000000       0.00000       0.00000         522174.9043    0.000000    -0.00003     0.00000    0.000000000    0.000000656    0.000000461  259.176072  92406.4726
 594.00   15.0000    0.0000   15.0000  265.2571  265.2571  0.000000       0.00000       0.00000         497192.1769    0.000000    -0.00003     0.00000    0.000000000    0.000000583    0.000000388  259.223738  92260.4344
 606.00   15.0000    0.0000   15.0000  265.4113  265.4113  0.000000       0.00000       0.00000         461934.7758    0.000000    -0.00003     0.00000    0.000000000    0.000000476    0.000000283  259.257310  92114.6499
 618.00   15.0000    0.0000   15.0000  265.5572  265.5572  0.000000       0.00000       0.00000         439664.7255    0.000000    -0.00003     0.00000    0.000000000    0.000000409    0.000000216  259.282645  91969.1123
 630.00   15.0000    0.0000   15.0000  265.6971  265.6971  0.000000       0.00000       0.00000         421503.4337    0.000000    -0.00003     0.00000    0.000000000    0.000000353    0.000000161  259.302113  91823.8171
 642.00   15.0000    0.0000   15.0000  265.8313  265.8313  0.000000       0.00000       0.00000         407058.1463    0.000000    -0.00003     0.00000    0.000000000    0.000000309    0.000000117  259.315944  91678.7608
 654.00   15.0000    0.0000   15.0000  265.9619  265.9619  0.000000       0.00000       0.00000         396591.7362    0.000000    -0.00003     0.00000    0.000000000    0.000000277    0.000000085  259.326258  91533.9403
 666.00   15.0000    0.0000   15.0000  266.0894  266.0894  0.000000       0.00000       0.00000         387987.1081    0.000000    -0.00003     0.00000    0.000000000    0.000000251    0.000000059  259.333457  91389.3536
 678.00   15.0000    0.0000   15.0000  266.2146  266.2146  0.000000       0.00000       0.00000         381134.5685    0.000000    -0.00003     0.00000    0.000000000    0.000000230    0.000000038  259.338317  91244.9985
 690.00   15.0000    0.0000   15.0000  266.3377  266.3377  0.000000       0.00000       0.00000         375285.6087    0.000000    -0.00003     0.00000    0.000000000    0.000000212    0.000000020  259.341171  91100.8736
 702.00   15.0000    0.0000   15.0000  266.4592  266.4592  0.000000       0.00000       0.00000         370381.8495    0.000000    -0.00003     0.00000    0.000000000    0.000000196    0.000000004  259.342322  90956.9775
 714.00   15.0000    0.0000   15.0000  266.5793  266.5793  0.000000       0.00000       0.00000         366111.7133    0.000000    -0.00003     0.00000    0.000000000    0.000000183   -0.000000009  259.342064  90813.3089
 726.00   15.0000    0.0000   15.0000  266.6980  266.6980  0.000000       0.00000       0.00000         362327.4040    0.000000    -0.00003     0.00000    0.000000000    0.000000171   -0.000000021  259.340504  90669.8668
 738.00   15.0000    0.0000   15.0000  266.8157  266.8157  0.000000       0.00000       0.00000         359042.1927    0.000000    -0.00003     0.00000    0.000000000    0.000000161   -0.000000031  259.337843  90526.6500
 750.00   15.0000    0.0000   15.0000  266.9325  266.9325  0.000000       0.00000       0.00000         355893.9371    0.000000    -0.00003     0.00000    0.000000000    0.000000151   -0.000000041  259.334196  90383.6577
 762.00   15.0000    0.0000   15.0000  267.0482  267.0482  0.000000       0.00000       0.00000         353156.0452    0.000000    -0.00003     0.00000    0.000000000    0.000000143   -0.000000049  259.329533  90240.8890
 774.00   15.0000    0.0000   15.0000  267.1633  267.1633  0.000000       0.00000       0.00000         349928.5000    0.000000    -0.00003     0.00000    0.000000000    0.000000133   -0.000000060  259.324144  90098.3431
 786.00   15.0000    0.0000   15.0000  267.2770  267.2770  0.000000       0.00000       0.00000         347617.4708    0.000000    -0.00003     0.00000    0.000000000    0.000000125   -0.000000067  259.317429  89956.0190
 798.00   15.0000    0.0000   15.0000  267.3907  267.3907  0.000000       0.00000       0.00000         344375.1280    0.000000    -0.00003     0.00000    0.000000000    0.000000115   -0.000000077  259.310567  89813.9160
 810.00   15.0000    0.0000   15.0000  267.5024  267.5024  0.000000       0.00000       0.00000         341098.3948    0.000000    -0.00003     0.00000    0.000000000    0.000000105   -0.000000088  259.301789  89672.0332
 822.00   15.0000    0.0000   15.0000  267.6140  267.6140  0.000000       0.00000       0.00000         339419.3984    0.000000    -0.00003     0.00000    0.000000000    0.000000099   -0.000000093  259.292840  89530.3698
 834.00   15.0000    0.0000   15.0000  267.7247  267.7247  0.000000       0.00000       0.00000         337699.1286    0.000000    -0.00003     0.00000    0.000000000    0.000000094   -0.000000099  259.282989  89388.9250
 846.00   15.0000    0.0000   15.0000  267.8353  267.8353  0.000000       0.00000       0.00000         336600.9737    0.000000    -0.00003     0.00000    0.000000000    0.000000090   -0.000000102  259.272940  89247.6982
 858.00   15.0000    0.0000   15.0000  267.9453  267.9453  0.000000       0.00000       0.00000         335805.5817    0.000000    -0.00003     0.00000    0.000000000    0.000000088   -0.000000105  259.262384  89106.6890
 870.00   15.0000    0.0000   15.0000  268.0555  268.0555  0.000000       0.00000       0.00000         336039.6221    0.000000    -0.00003     0.00000    0.000000000    0.000000089   -0.000000104  259.251821  88965.8968
 882.00   15.0000    0.0000   15.0000  268.1658  268.1658  0.000000       0.00000       0.00000         336851.5191    0.000000    -0.00003     0.00000    0.000000000    0.000000091   -0.000000102  259.241405  88825.3214
 894.00   15.0000    0.0000   15.0000  268.2765  268.2765  0.000000       0.00000       0.00000         338530.8748    0.000000    -0.00003     0.00000    0.000000000    0.000000097   -0.000000097  259.231349  88684.9626
 906.00   15.0000    0.0000   15.0000  268.3880  268.3880  0.000000       0.00000       0.00000         341747.3038    0.000000    -0.00003     0.00000    0.000000000    0.000000107   -0.000000086  259.221990  88544.8203
 918.00   15.0000    0.0000   15.0000  268.5010  268.5010  0.000000       0.00000       0.00000         346775.6880    0.000000    -0.00003     0.00000    0.000000000    0.000000123   -0.000000071  259.213967  88404.8948
 930.00   15.0000    0.0000   15.0000  268.6159  268.6159  0.000000       0.00000       0.00000         355264.7288    0.000000    -0.00003     0.00000    0.000000000    0.000000151   -0.000000044  259.207790  88265.1866
 942.00   15.0000    0.0000   15.0000  268.7346  268.7346  0.000000       0.00000       0.00000         372176.5187    0.000000    -0.00004     0.00000    0.000000000    0.000000206    0.000000010  259.205147  88125.6969
 954.00   15.0000    0.0000   15.0000  268.8607  268.8607  0.000000       0.00000       0.00000         388464.7030    0.000000    -0.00004     0.00000    0.000000000    0.000000259    0.000000061  259.209695  87986.4280
 966.00   15.0000    0.0000   15.0000  268.9902  268.9902  0.000000       0.00000       0.00000         480779.5821    0.000000    -0.00006     0.00000    0.000000000    0.000000560    0.000000355  259.217390  87847.3826
 978.00   15.0000    0.0000   15.0000  269.1772  269.1772  0.000000       0.00000       0.00000         471984.2310    0.000000    -0.00004     0.00000    0.000000000    0.000000533    0.000000330  259.280498  87708.5758
 990.00   15.0000    0.0000   15.0000  269.3011  269.3011  0.000000       0.00000       0.00000        1268138.2017    0.000000    -0.00022     0.00000    0.000000000    0.000003204    0.000002884  259.282711  87570.0058
1002.00   15.0000    0.0000   15.0000  270.0130  270.0130  0.000000       0.00000       0.00000        1195350.9611    0.000000    -0.00002     0.00000    0.000000000    0.000002971    0.000002778  259.850880  87431.8063
1014.00   15.0000    0.0000   15.0000  270.0910  270.0910  0.000000       0.00000       0.00000         236005.2723    0.000000    -0.00002     0.00000    0.000000000   -0.000000244   -0.000000444  259.808834  87293.9648
1026.00   15.0000    0.0000   15.0000  270.1690  270.1690  0.000000       0.00000       0.00000         235937.1356    0.000000    -0.00002     0.00000    0.000000000   -0.000000244   -0.000000443  259.766754  87156.3183
1038.00   15.0000    0.0000   15.0000  270.2470  270.2470  0.000000       0.00000       0.00000         235869.0383    0.000000    -0.00003     0.00000    0.000000000   -0.000000245   -0.000000443  259.724640  87018.8667
1050.00   15.0000    0.0000   15.0000  270.3250  270.3250  0.000000       0.00000       0.00000         235800.9803    0.000000    -0.00003     0.00000    0.000000000   -0.000000245   -0.000000443  259.682492  86881.6095
1062.00   15.0000    0.0000   15.0000  270.4030  270.4030  0.000000       0.00000       0.00000         235732.9615    0.000000    -0.00003     0.00000    0.000000000   -0.000000245   -0.000000442  259.640311  86744.5467
1074.00   15.0000    0.0000   15.0000  270.4810  270.4810  0.000000       0.00000       0.00000         235664.9820    0.000000    -0.00003     0.00000    0.000000000   -0.000000245   -0.000000442  259.598096  86607.6778
1086.00   15.0000    0.0000   15.0000  270.5590  270.5590  0.000000       0.00000       0.00000         235597.0417    0.000000    -0.00003     0.00000    0.000000000   -0.000000245   -0.000000442  259.555847  86471.0027
1098.00   15.0000    0.0000   15.0000  270.6370  270.6370  0.000000       0.00000       0.00000         235529.1405    0.000000    -0.00003     0.00000    0.000000000   -0.000000245   -0.000000441  259.513564  86334.5210
1110.00   15.0000    0.0000   15.0000  270.7150  270.7150  0.000000       0.00000       0.00000         235461.2785    0.000000    -0.00003     0.00000    0.000000000   -0.000000245   -0.000000441  259.471248  86198.2326
1122.00   15.0000    0.0000   15.0000  270.7930  270.7930  0.000000       0.00000       0.00000         235393.4555    0.000000    -0.00003     0.00000    0.000000000   -0.000000245   -0.000000441  259.428897  86062.1371
1134.00   15.0000    0.0000   15.0000  270.8710  270.8710  0.000000       0.00000       0.00000         235325.6716    0.000000    -0.00003     0.00000    0.000000000   -0.000000245   -0.000000440  259.386513  85926.2343
1146.00   15.0000    0.0000   15.0000  270.9490  270.9490  0.000000       0.00000       0.00000         235257.9268    0.000000    -0.00003     0.00000    0.000000000   -0.000000245   -0.000000440  259.344096  85790.5240
1158.00   15.0000    0.0000   15.0000  271.0270  271.0270  0.000000       0.00000       0.00000         235190.2209    0.000000    -0.00003     0.00000    0.000000000   -0.000000245   -0.000000440  259.301644  85655.0059
1170.00   15.0000    0.0000   15.0000  271.1050  271.1050  0.000000       0.00000       0.00000         235122.5540    0.000000    -0.00003     0.00000    0.000000000   -0.000000245   -0.000000439  259.259159  85519.6797
1182.00   15.0000    0.0000   15.0000  271.1830  271.1830  0.000000       0.00000       0.00000         235054.9260    0.000000    -0.00003     0.00000    0.000000000   -0.000000245   -0.000000439  259.216641  85384.5451
1194.00   15.0000    0.0000   15.0000  271.2610  271.2610  0.000000       0.00000       0.00000         234987.3369    0.000000    -0.00003     0.00000    0.000000000   -0.000000245   -0.000000439  259.174088  85249.6020
1206.00   15.0000    0.0000   15.0000  271.3390  271.3390  0.000000       0.00000       0.00000         234919.7867    0.000000    -0.00003     0.00000    0.000000000   -0.000000245   -0.000000438  259.131502  85114.8500
1218.00   15.0000    0.0000   15.0000  271.4170  271.4170  0.000000       0.00000       0.00000         234852.2753    0.000000    -0.00003     0.00000    0.000000000   -0.000000245   -0.000000438  259.088882  84980.2889
1230.00   15.0000    0.0000   15.0000  271.4950  271.4950  0.000000       0.00000       0.00000         234784.8027    0.000000    -0.00003     0.00000    0.000000000   -0.000000245   -0.000000437  259.046229  84845.9185
1242.00   15.0000    0.0000   15.0000  271.5730  271.5730  0.000000       0.00000       0.00000         234717.3688    0.000000    -0.00003     0.00000    0.000000000   -0.000000245   -0.000000437  259.003542  84711.7384
1254.00   15.0000    0.0000   15.0000  271.6510  271.6510  0.000000       0.00000       0.00000         234649.9737    0.000000    -0.00003     0.00000    0.000000000   -0.000000245   -0.000000437  258.960821  84577.7485
1266.00   15.0000    0.0000   15.0000  271.7290  271.7290  0.000000       0.00000       0.00000         234582.6172    0.000000    -0.00003     0.00000    0.000000000   -0.000000245   -0.000000436  258.918067  84443.9484
1278.00   15.0000    0.0000   15.0000  271.8070  271.8070  0.000000       0.00000       0.00000         234515.2995    0.000000    -0.00003     0.00000    0.000000000   -0.000000245   -0.000000436  258.875279  84310.3380
1290.00   15.0000    0.0000   15.0000  271.8850  271.8850  0.000000       0.00000       0.00000         234448.0203    0.000000    -0.00003     0.00000    0.000000000   -0.000000245   -0.000000436  258.832457  84176.9169
1302.00   15.0000    0.0000   15.0000  271.9630  271.9630  0.000000       0.00000       0.00000         234380.7797    0.000000    -0.00003     0.00000    0.000000000   -0.000000245   -0.000000435  258.789602  84043.6849
1314.00   15.0000    0.0000   15.0000  272.0410  272.0410  0.000000       0.00000       0.00000         234313.5777    0.000000    -0.00003     0.00000    0.000000000   -0.000000245   -0.000000435  258.746714  83910.6418
1326.00   15.0000    0.0000   15.0000  272.1190  272.1190  0.000000       0.00000       0.00000         234246.4143    0.000000    -0.00003     0.00000    0.000000000   -0.000000245   -0.000000435  258.703791  83777.7872
1338.00   15.0000    0.0000   15.0000  272.1970  272.1970  0.000000       0.00000       0.00000         234179.2893    0.000000    -0.00003     0.00000    0.000000000   -0.000000245   -0.000000434  258.660835  83645.1211
1350.00   15.0000    0.0000   15.0000  272.2750  272.2750  0.000000       0.00000       0.00000         234112.2027    0.000000    -0.00003     0.00000    0.000000000   -0.000000245   -0.000000434  258.617846  83512.6430
1362.00   15.0000    0.0000   15.0000  272.3530  272.3530  0.000000       0.00000       0.00000         234045.1546    0.000000    -0.00003     0.00000    0.000000000   -0.000000245   -0.000000433  258.574823  83380.3527
1374.00   15.0000    0.0000   15.0000  272.4310  272.4310  0.000000       0.00000       0.00000         233978.1449    0.000000    -0.00003     0.00000    0.000000000   -0.000000245   -0.000000433  258.531767  83248.2501
1386.00   15.0000    0.0000   15.0000  272.5090  272.5090  0.000000       0.00000       0.00000         233911.1736    0.000000    -0.00003     0.00000    0.000000000   -0.000000245   -0.000000433  258.488677  83116.3347
1398.00   15.0000    0.0000   15.0000  272.5870  272.5870  0.000000       0.00000       0.00000         233844.2406    0.000000    -0.00003     0.00000    0.000000000   -0.000000245   -0.000000432  258.445553  82984.6065
1410.00   15.0000    0.0000   15.0000  272.6650  272.6650  0.000000       0.00000       0.00000         233777.3458    0.000000    -0.00003     0.00000    0.000000000   -0.000000245   -0.000000432  258.402396  82853.0651
1422.00   15.0000    0.0000   15.0000  272.7430  272.7430  0.000000       0.00000       0.00000         233710.4894    0.000000    -0.00003     0.00000    0.000000000   -0.000000245   -0.000000432  258.359206  82721.7103
1434.00   15.0000    0.0000   15.0000  272.8210  272.8210  0.000000       0.00000       0.00000         233643.6711    0.000000    -0.00003     0.00000    0.000000000   -0.000000245   -0.000000431  258.315982  82590.5418
1446.00   15.0000    0.0000   15.0000  272.8990  272.8990  0.000000       0.00000       0.00000         233576.8911    0.000000    -0.00004     0.00000    0.000000000   -0.000000245   -0.000000431  258.272724  82459.5594
1458.00   15.0000    0.0000   15.0000  272.9770  272.9770  0.000000       0.00000       0.00000         233510.1492    0.000000    -0.00004     0.00000    0.000000000   -0.000000245   -0.000000430  258.229433  82328.7628
1470.00   15.0000    0.0000   15.0000  273.0550  273.0550  0.000000       0.00000       0.00000         233443.4455    0.000000    -0.00004     0.00000    0.000000000   -0.000000245   -0.000000430  258.186109  82198.1518
1482.00   15.0000    0.0000   15.0000  273.1330  273.1330  0.000000       0.00000       0.00000         233376.7798    0.000000    -0.00004     0.00000    0.000000000   -0.000000245   -0.000000430  258.142751  82067.7262
1494.00   15.0000    0.0000   15.0000  273.2110  273.2110  0.000000       0.00000       0.00000         233310.1522    0.000000    -0.00004     0.00000    0.000000000   -0.000000245   -0.000000429  258.099360  81937.4856
1506.00   15.0000    0.0000   15.0000  273.2890  273.2890  0.000000       0.00000       0.00000         233243.5627    0.000000    -0.00004     0.00000    0.000000000   -0.000000245   -0.000000429  258.055935  81807.4299
1518.00   15.0000    0.0000   15.0000  273.3670  273.3670  0.000000       0.00000       0.00000         233177.0111    0.000000    -0.00004     0.00000    0.000000000   -0.000000245   -0.000000428  258.012477  81677.5587
1530.00   15.0000    0.0000   15.0000  273.4450  273.4450  0.000000       0.00000       0.00000         233110.4975    0.000000    -0.00004     0.00000    0.000000000   -0.000000245   -0.000000428  257.968985  81547.8719
1542.00   15.0000    0.0000   15.0000  273.5230  273.5230  0.000000       0.00000       0.00000         233044.0219    0.000000    -0.00004     0.00000    0.000000000   -0.000000245   -0.000000428  257.925460  81418.3692
1554.00   15.0000    0.0000   15.0000  273.6010  273.6010  0.000000       0.00000       0.00000         232977.5841    0.000000    -0.00004     0.00000    0.000000000   -0.000000245   -0.000000427  257.881902  81289.0503
1566.00   15.0000    0.0000   15.0000  273.6790  273.6790  0.000000       0.00000       0.00000         232911.1843    0.000000    -0.00004     0.00000    0.000000000   -0.000000245   -0.000000427  257.838310  81159.9151
1578.00   15.0000    0.0000   15.0000  273.7570  273.7570  0.000000       0.00000       0.00000         232844.8222    0.000000    -0.00004     0.00000    0.000000000   -0.000000245   -0.000000426  257.794685  81030.9631
1590.00   15.0000    0.0000   15.0000  273.8350  273.8350  0.000000       0.00000       0.00000         232778.4980    0.000000    -0.00004     0.00000    0.000000000   -0.000000245   -0.000000426  257.751027  80902.1943
1602.00   15.0000    0.0000   15.0000  273.9130  273.9130  0.000000       0.00000       0.00000         232712.2115    0.000000    -0.00004     0.00000    0.000000000   -0.000000245   -0.000000426  257.707335  80773.6084
1614.00   15.0000    0.0000   15.0000  273.9910  273.9910  0.000000       0.00000       0.00000         232645.9628    0.000000    -0.00004     0.00000    0.000000000   -0.000000245   -0.000000425  257.663610  80645.2051
1626.00   15.0000    0.0000   15.0000  274.0690  274.0690  0.000000       0.00000       0.00000         232579.7518    0.000000    -0.00004     0.00000    0.000000000   -0.000000245   -0.000000425  257.619851  80516.9841
1638.00   15.0000    0.0000   15.0000  274.1470  274.1470  0.000000       0.00000       0.00000         232513.5785    0.000000    -0.00004     0.00000    0.000000000   -0.000000245   -0.000000424  257.576059  80388.9453
1650.00   15.0000    0.0000   15.0000  274.2250  274.2250  0.000000       0.00000       0.00000         232447.4428    0.000000    -0.00004     0.00000    0.000000000   -0.000000245   -0.000000424  257.532234  80261.0883
1662.00   15.0000    0.0000   15.0000  274.3030  274.3030  0.000000       0.00000       0.00000         232381.3447    0.000000    -0.00004     0.00000    0.000000000   -0.000000245   -0.000000424  257.488376  80133.4130
1674.00   15.0000    0.0000   15.0000  274.3810  274.3810  0.000000       0.00000       0.00000         232315.2842    0.000000    -0.00004     0.00000    0.000000000   -0.000000245   -0.000000423  257.444484  80005.9191
1686.00   15.0000    0.0000   15.0000  274.4590  274.4590  0.000000       0.00000       0.00000         232249.2613    0.000000    -0.00004     0.00000    0.000000000   -0.000000244   -0.000000423  257.400559  79878.6063
1698.00   15.0000    0.0000   15.0000  274.5370  274.5370  0.000000       0.00000       0.00000         232183.2758    0.000000    -0.00004     0.00000    0.000000000   -0.000000244   -0.000000422  257.356601  79751.4744
1710.00   15.0000    0.0000   15.0000  274.6150  274.6150  0.000000       0.00000       0.00000         232117.3279    0.000000    -0.00004     0.00000    0.000000000   -0.000000244   -0.000000422  257.312609  79624.5232
1722.00   15.0000    0.0000   15.0000  274.6930  274.6930  0.000000       0.00000       0.00000         232051.4174    0.000000    -0.00004     0.00000    0.000000000   -0.000000244   -0.000000422  257.268584  79497.7525
1734.00   15.0000    0.0000   15.0000  274.7710  274.7710  0.000000       0.00000       0.00000         231985.5443    0.000000    -0.00004     0.00000    0.000000000   -0.000000244   -0.000000421  257.224526  79371.1619
1746.00   15.0000    0.0000   15.0000  274.8490  274.8490  0.000000       0.00000       0.00000         231919.7086    0.000000    -0.00004     0.00000    0.000000000   -0.000000244   -0.000000421  257.180435  79244.7512
1758.00   15.0000    0.0000   15.0000  274.9270  274.9270  0.000000       0.00000       0.00000         231853.9103    0.000000    -0.00004     0.00000    0.000000000   -0.000000244   -0.000000420  257.136310  79118.5203
1770.00   15.0000    0.0000   15.0000  275.0050  275.0050  0.000000       0.00000       0.00000         231788.1493    0.000000    -0.00004     0.00000    0.000000000   -0.000000244   -0.000000420  257.092152  78992.4688
1782.00   15.0000    0.0000   15.0000  275.0830  275.0830  0.000000       0.00000       0.00000         231722.4256    0.000000    -0.00004     0.00000    0.000000000   -0.000000244   -0.000000419  257.047961  78866.5965
1794.00   15.0000    0.0000   15.0000  275.1610  275.1610  0.000000       0.00000       0.00000         231656.7391    0.000000    -0.00004     0.00000    0.000000000   -0.000000244   -0.000000419  257.003737  78740.9032
1806.00   15.0000    0.0000   15.0000  275.2390  275.2390  0.000000       0.00000       0.00000         231591.0899    0.000000    -0.00004     0.00000    0.000000000   -0.000000244   -0.000000419  256.959480  78615.3886
1818.00   15.0000    0.0000   15.0000  275.3170  275.3170  0.000000       0.00000       0.00000         231525.4779    0.000000    -0.00004     0.00000    0.000000000   -0.000000244   -0.000000418  256.915189  78490.0525
1830.00   15.0000    0.0000   15.0000  275.3950  275.3950  0.000000       0.00000       0.00000         231459.9030    0.000000    -0.00004     0.00000    0.000000000   -0.000000244   -0.000000418  256.870866  78364.8947
1842.00   15.0000    0.0000   15.0000  275.4730  275.4730  0.000000       0.00000       0.00000         231394.3653    0.000000    -0.00004     0.00000    0.000000000   -0.000000244   -0.000000417  256.826509  78239.9149
1854.00   15.0000    0.0000   15.0000  275.5510  275.5510  0.000000       0.00000       0.00000         231328.8647    0.000000    -0.00005     0.00000    0.000000000   -0.000000244   -0.000000417  256.782119  78115.1129
1866.00   15.0000    0.0000   15.0000  275.6290  275.6290  0.000000       0.00000       0.00000         231263.4012    0.000000    -0.00005     0.00000    0.000000000   -0.000000244   -0.000000416  256.737695  77990.4884
1878.00   15.0000    0.0000   15.0000  275.7070  275.7070  0.000000       0.00000       0.00000         231197.9747    0.000000    -0.00005     0.00000    0.000000000   -0.000000244   -0.000000416  256.693239  77866.0412
1890.00   15.0000    0.0000   15.0000  275.7850  275.7850  0.000000       0.00000       0.00000         231132.5852    0.000000    -0.00005     0.00000    0.000000000   -0.000000244   -0.000000416  256.648750  77741.7711
1902.00   15.0000    0.0000   15.0000  275.8630  275.8630  0.000000       0.00000       0.00000         231067.2326    0.000000    -0.00005     0.00000    0.000000000   -0.000000243   -0.000000415  256.604227  77617.6778
1914.00   15.0000    0.0000   15.0000  275.9410  275.9410  0.000000       0.00000       0.00000         231001.9171    0.000000    -0.00005     0.00000    0.000000000   -0.000000243   -0.000000415  256.559671  77493.7611
1926.00   15.0000    0.0000   15.0000  276.0190  276.0190  0.000000       0.00000       0.00000         230936.6384    0.000000    -0.00005     0.00000    0.000000000   -0.000000243   -0.000000414  256.515083  77370.0208
1938.00   15.0000    0.0000   15.0000  276.0970  276.0970  0.000000       0.00000       0.00000         230871.3966    0.000000    -0.00005     0.00000    0.000000000   -0.000000243   -0.000000414  256.470461  77246.4566
1950.00   15.0000    0.0000   15.0000  276.1750  276.1750  0.000000       0.00000       0.00000         230806.1917    0.000000    -0.00005     0.00000    0.000000000   -0.000000243   -0.000000413  256.425806  77123.0683
1962.00   15.0000    0.0000   15.0000  276.2530  276.2530  0.000000       0.00000       0.00000         230741.0236    0.000000    -0.00005     0.00000    0.000000000   -0.000000243   -0.000000413  256.381118  76999.8556
1974.00   15.0000    0.0000   15.0000  276.3310  276.3310  0.000000       0.00000       0.00000         230675.8923    0.000000    -0.00005     0.00000    0.000000000   -0.000000243   -0.000000412  256.336397  76876.8183
1986.00   15.0000    0.0000   15.0000  276.4090  276.4090  0.000000       0.00000       0.00000         230610.7978    0.000000    -0.00005     0.00000    0.000000000   -0.000000243   -0.000000412  256.291643  76753.9562
1998.00   15.0000    0.0000   15.0000  276.4870  276.4870  0.000000       0.00000       0.00000         230545.7399    0.000000    -0.00005     0.00000    0.000000000   -0.000000243   -0.000000412  256.246855  76631.2690
2010.00   15.0000    0.0000   15.0000  276.5650  276.5650  0.000000       0.00000       0.00000         230480.7188    0.000000    -0.00005     0.00000    0.000000000   -0.000000243   -0.000000411  256.202035  76508.7566
2022.00   15.0000    0.0000   15.0000  276.6430  276.6430  0.000000       0.00000       0.00000         230415.7344    0.000000    -0.00005     0.00000    0.000000000   -0.000000243   -0.000000411  256.157182  76386.4186
2034.00   15.0000    0.0000   15.0000  276.7210  276.7210  0.000000       0.00000       0.00000         230350.7865    0.000000    -0.00005     0.00000    0.000000000   -0.000000243   -0.000000410  256.112296  76264.2549
2046.00   15.0000    0.0000   15.0000  276.7990  276.7990  0.000000       0.00000       0.00000         230285.8753    0.000000    -0.00005     0.00000    0.000000000   -0.000000243   -0.000000410  256.067376  76142.2651
2058.00   15.0000    0.0000   15.0000  276.8770  276.8770  0.000000       0.00000       0.00000         230221.0007    0.000000    -0.00005     0.00000    0.000000000   -0.000000242   -0.000000409  256.022424  76020.4492
2070.00   15.0000    0.0000   15.0000  276.9550  276.9550  0.000000       0.00000       0.00000         230156.1626    0.000000    -0.00005     0.00000    0.000000000   -0.000000242   -0.000000409  255.977439  75898.8068
2082.00   15.0000    0.0000   15.0000  277.0330  277.0330  0.000000       0.00000       0.00000         230091.3610    0.000000    -0.00005     0.00000    0.000000000   -0.000000242   -0.000000408  255.932421  75777.3376
2094.00   15.0000    0.0000   15.0000  277.1110  277.1110  0.000000       0.00000       0.00000         230026.5958    0.000000    -0.00005     0.00000    0.000000000   -0.000000242   -0.000000408  255.887369  75656.0416
2106.00   15.0000    0.0000   15.0000  277.1890  277.1890  0.000000       0.00000       0.00000         229961.8672    0.000000    -0.00005     0.00000    0.000000000   -0.000000242   -0.000000407  255.842285  75534.9184
2118.00   15.0000    0.0000   15.0000  277.2670  277.2670  0.000000       0.00000       0.00000         229897.1749    0.000000    -0.00005     0.00000    0.000000000   -0.000000242   -0.000000407  255.797168  75413.9678
2130.00   15.0000    0.0000   15.0000  277.3450  277.3450  0.000000       0.00000       0.00000         229832.5191    0.000000    -0.00005     0.00000    0.000000000   -0.000000242   -0.000000407  255.752018  75293.1896
2142.00   15.0000    0.0000   15.0000  277.4230  277.4230  0.000000       0.00000       0.00000         229767.8996    0.000000    -0.00005     0.00000    0.000000000   -0.000000242   -0.000000406  255.706835  75172.5836
2154.00   15.0000    0.0000   15.0000  277.5010  277.5010  0.000000       0.00000       0.00000         229703.3164    0.000000    -0.00005     0.00000    0.000000000   -0.000000242   -0.000000406  255.661619  75052.1495
2166.00   15.0000    0.0000   15.0000  277.5790  277.5790  0.000000       0.00000       0.00000         229638.7695    0.000000    -0.00005     0.00000    0.000000000   -0.000000242   -0.000000405  255.616371  74931.8870
2178.00   15.0000    0.0000   15.0000  277.6570  277.6570  0.000000       0.00000       0.00000         229574.2589    0.000000    -0.00005     0.00000    0.000000000   -0.000000242   -0.000000405  255.571089  74811.7960
2190.00   15.0000    0.0000   15.0000  277.7350  277.7350  0.000000       0.00000       0.00000         229509.7845    0.000000    -0.00005     0.00000    0.000000000   -0.000000241   -0.000000404  255.525774  74691.8763
2202.00   15.0000    0.0000   15.0000  277.8130  277.8130  0.000000       0.00000       0.00000         229445.3463    0.000000    -0.00005     0.00000    0.000000000   -0.000000241   -0.000000404  255.480427  74572.1275
2214.00   15.0000    0.0000   15.0000  277.8910  277.8910  0.000000       0.00000       0.00000         229380.9443    0.000000    -0.00005     0.00000    0.000000000   -0.000000241   -0.000000403  255.435046  74452.5496
2226.00   15.0000    0.0000   15.0000  277.9690  277.9690  0.000000       0.00000       0.00000         229316.5785    0.000000    -0.00005     0.00000    0.000000000   -0.000000241   -0.000000403  255.389633  74333.1421
2238.00   15.0000    0.0000   15.0000  278.0470  278.0470  0.000000       0.00000       0.00000         229252.2487    0.000000    -0.00005     0.00000    0.000000000   -0.000000241   -0.000000402  255.344187  74213.9050
2250.00   15.0000    0.0000   15.0000  278.1250  278.1250  0.000000       0.00000       0.00000         229187.9551    0.000000    -0.00005     0.00000    0.000000000   -0.000000241   -0.000000402  255.298708  74094.8380
2262.00   15.0000    0.0000   15.0000  278.2030  278.2030  0.000000       0.00000       0.00000         229123.6974    0.000000    -0.00006     0.00000    0.000000000   -0.000000241   -0.000000401  255.253196  73975.9408
2274.00   15.0000    0.0000   15.0000  278.2810  278.2810  0.000000       0.00000       0.00000         229059.4759    0.000000    -0.00006     0.00000    0.000000000   -0.000000241   -0.000000401  255.207652  73857.2132
2286.00   15.0000    0.0000   15.0000  278.3590  278.3590  0.000000       0.00000       0.00000         228995.2903    0.000000    -0.00006     0.00000    0.000000000   -0.000000241   -0.000000400  255.162074  73738.6551
2298.00   15.0000    0.0000   15.0000  278.4370  278.4370  0.000000       0.00000       0.00000         228931.1406    0.000000    -0.00006     0.00000    0.000000000   -0.000000240   -0.000000400  255.116464  73620.2662
2310.00   15.0000    0.0000   15.0000  278.5150  278.5150  0.000000       0.00000       0.00000         228867.0269    0.000000    -0.00006     0.00000    0.000000000   -0.000000240   -0.000000399  255.070821  73502.0461
2322.00   15.0000    0.0000   15.0000  278.5930  278.5930  0.000000       0.00000       0.00000         228802.9491    0.000000    -0.00006     0.00000    0.000000000   -0.000000240   -0.000000399  255.025145  73383.9949
2334.00   15.0000    0.0000   15.0000  278.6710  278.6710  0.000000       0.00000       0.00000         228738.9072    0.000000    -0.00006     0.00000    0.000000000   -0.000000240   -0.000000398  254.979437  73266.1121
2346.00   15.0000    0.0000   15.0000  278.7490  278.7490  0.000000       0.00000       0.00000         228674.9011    0.000000    -0.00006     0.00000    0.000000000   -0.000000240   -0.000000398  254.933695  73148.3976
2358.00   15.0000    0.0000   15.0000  278.8270  278.8270  0.000000       0.00000       0.00000         228610.9308    0.000000    -0.00006     0.00000    0.000000000   -0.000000240   -0.000000397  254.887921  73030.8511
2370.00   15.0000    0.0000   15.0000  278.9050  278.9050  0.000000       0.00000       0.00000         228546.9963    0.000000    -0.00006     0.00000    0.000000000   -0.000000240   -0.000000397  254.842114  72913.4725
2382.00   15.0000    0.0000   15.0000  278.9830  278.9830  0.000000       0.00000       0.00000              0.0000    0.000000    -0.00006     0.00000    0.000000000    0.000000000    0.000000000  254.796275  72796.2614
2394.00   15.0000    0.0000   15.0000  279.0610  279.0610  0.000000       0.00000       0.00000              0.0000    0.000000     0.00000     0.00000    0.000000000    0.000000000    0.000000000  254.750402  72679.2178
