  15.00    0.0184    0.1251    0.1164    0.0457
  27.00    0.0179    0.1149    0.1095    0.0346
  39.00    0.0173    0.1052    0.1022    0.0247
  51.00    0.0167    0.0959    0.0945    0.0161
  63.00    0.0160    0.0871    0.0867    0.0085
  75.00    0.0153    0.0787    0.0787    0.0020
  87.00    0.0146    0.0707    0.0706   -0.0036
  99.00    0.0138    0.0630    0.0625   -0.0082
 111.00    0.0130    0.0558    0.0545   -0.0118
 123.00    0.0122    0.0489    0.0467   -0.0145
 135.00    0.0114    0.0424    0.0392   -0.0162
 147.00    0.0105    0.0363    0.0319   -0.0171
 159.00    0.0096    0.0304    0.0251   -0.0172
 171.00    0.0087    0.0250    0.0188   -0.0164
 183.00    0.0077    0.0199    0.0131   -0.0149
 195.00    0.0067    0.0151    0.0082   -0.0128
 207.00    0.0057    0.0108    0.0041   -0.0100
 219.00    0.0046    0.0069    0.0010   -0.0068
 231.00    0.0034    0.0036   -0.0009   -0.0034
 243.00    0.0023    0.0010   -0.0009   -0.0005
 255.00    0.0001    0.0000   -0.0000    0.0000
 267.00    0.0000    0.0000   -0.0000    0.0000
 279.00    0.0000    0.0000   -0.0000    0.0000
 291.00    0.0000    0.0000   -0.0000    0.0000
 303.00    0.0000    0.0000   -0.0000    0.0000
 315.00    0.0000    0.0000   -0.0000    0.0000
 327.00    0.0000    0.0000   -0.0000    0.0000
 339.00    0.0000    0.0000   -0.0000    0.0000
 351.00    0.0000    0.0000   -0.0000    0.0000
 363.00    0.0000    0.0000   -0.0000    0.0000
 375.00    0.0000    0.0000   -0.0000    0.0000
 387.00    0.0000    0.0000   -0.0000    0.0000
 399.00    0.0000    0.0000   -0.0000    0.0000
 411.00    0.0000    0.0000   -0.0000    0.0000
 423.00    0.0000    0.0000   -0.0000    0.0000
 435.00    0.0000    0.0000   -0.0000    0.0000
 447.00    0.0000    0.0000   -0.0000    0.0000
 459.00    0.0000    0.0000   -0.0000    0.0000
 471.00    0.0000    0.0000   -0.0000    0.0000
 483.00    0.0000    0.0000   -0.0000    0.0000
 495.00    0.0000    0.0000   -0.0000    0.0000
 507.00    0.0000    0.0000   -0.0000    0.0000
 519.00    0.0000    0.0000   -0.0000    0.0000
 531.00    0.0000    0.0000   -0.0000    0.0000
 543.00    0.0000    0.0000   -0.0000    0.0000
 555.00    0.0000    0.0000   -0.0000    0.0000
 567.00    0.0000    0.0000   -0.0000    0.0000
 579.00    0.0000    0.0000   -0.0000    0.0000
 591.00    0.0000    0.0000   -0.0000    0.0000
 603.00    0.0000    0.0000   -0.0000    0.0000
 615.00    0.0000    0.0000   -0.0000    0.0000
 627.00    0.0000    0.0000   -0.0000    0.0000
 639.00    0.0000    0.0000   -0.0000    0.0000
 651.00    0.0000    0.0000   -0.0000    0.0000
 663.00    0.0000    0.0000   -0.0000    0.0000
 675.00    0.0000    0.0000   -0.0000    0.0000
 687.00    0.0000    0.0000   -0.0000    0.0000
 699.00    0.0000    0.0000   -0.0000    0.0000
 711.00    0.0000    0.0000   -0.0000    0.0000
 723.00    0.0000    0.0000   -0.0000    0.0000
 735.00    0.0000    0.0000   -0.0000    0.0000
 747.00    0.0000    0.0000   -0.0000    0.0000
 759.00    0.0000    0.0000   -0.0000    0.0000
 771.00    0.0000    0.0000   -0.0000    0.0000
 783.00    0.0000    0.0000   -0.0000    0.0000
 795.00    0.0000    0.0000   -0.0000    0.0000
 807.00    0.0000    0.0000   -0.0000    0.0000
 819.00    0.0000    0.0000   -0.0000    0.0000
 831.00    0.0000    0.0000   -0.0000    0.0000
 843.00    0.0000    0.0000   -0.0000    0.0000
 855.00    0.0000    0.0000   -0.0000    0.0000
 867.00    0.0000    0.0000   -0.0000    0.0000
 879.00    0.0000    0.0000   -0.0000    0.0000
 891.00    0.0000    0.0000   -0.0000    0.0000
 903.00    0.0000    0.0000   -0.0000    0.0000
 915.00    0.0000    0.0000   -0.0000    0.0000
 927.00    0.0000    0.0000   -0.0000    0.0000
 939.00    0.0000    0.0000   -0.0000    0.0000
 951.00    0.0000    0.0000   -0.0000    0.0000
 963.00    0.0000    0.0000   -0.0000    0.0000
 975.00    0.0000    0.0000   -0.0000    0.0000
 987.00    0.0000    0.0000   -0.0000    0.0000
 999.00    0.0000    0.0000   -0.0000    0.0000
1011.00    0.0000    0.0000   -0.0000    0.0000
1023.00    0.0000    0.0000   -0.0000    0.0000
1035.00    0.0000    0.0000   -0.0000    0.0000
1047.00    0.0000    0.0000   -0.0000    0.0000
1059.00    0.0000    0.0000   -0.0000    0.0000
1071.00    0.0000    0.0000   -0.0000    0.0000
1083.00    0.0000    0.0000   -0.0000    0.0000
1095.00    0.0000    0.0000   -0.0000    0.0000
1107.00    0.0000    0.0000   -0.0000    0.0000
1119.00    0.0000    0.0000   -0.0000    0.0000
1131.00    0.0000    0.0000   -0.0000    0.0000
1143.00    0.0000    0.0000   -0.0000    0.0000
1155.00    0.0000    0.0000   -0.0000    0.0000
1167.00    0.0000    0.0000   -0.0000    0.0000
1179.00    0.0000    0.0000   -0.0000    0.0000
1191.00    0.0000    0.0000   -0.0000    0.0000
1203.00    0.0000    0.0000   -0.0000    0.0000
1215.00    0.0000    0.0000   -0.0000    0.0000
1227.00    0.0000    0.0000   -0.0000    0.0000
1239.00    0.0000    0.0000   -0.0000    0.0000
1251.00    0.0000    0.0000   -0.0000    0.0000
1263.00    0.0000    0.0000   -0.0000    0.0000
1275.00    0.0000    0.0000   -0.0000    0.0000
1287.00    0.0000    0.0000   -0.0000    0.0000
1299.00    0.0000    0.0000   -0.0000    0.0000
1311.00    0.0000    0.0000   -0.0000    0.0000
1323.00    0.0000    0.0000   -0.0000    0.0000
1335.00    0.0000    0.0000   -0.0000    0.0000
1347.00    0.0000    0.0000   -0.0000    0.0000
1359.00    0.0000    0.0000   -0.0000    0.0000
1371.00    0.0000    0.0000   -0.0000    0.0000
1383.00    0.0000    0.0000   -0.0000    0.0000
1395.00    0.0000    0.0000   -0.0000    0.0000
1407.00    0.0000    0.0000   -0.0000    0.0000
1419.00    0.0000    0.0000   -0.0000    0.0000
1431.00    0.0000    0.0000   -0.0000    0.0000
1443.00    0.0000    0.0000   -0.0000    0.0000
1455.00    0.0000    0.0000   -0.0000    0.0000
1467.00    0.0000    0.0000   -0.0000    0.0000
1479.00    0.0000    0.0000   -0.0000    0.0000
1491.00    0.0000    0.0000   -0.0000    0.0000
1503.00    0.0000    0.0000   -0.0000    0.0000
1515.00    0.0000    0.0000   -0.0000    0.0000
1527.00    0.0000    0.0000   -0.0000    0.0000
1539.00    0.0000    0.0000   -0.0000    0.0000
1551.00    0.0000    0.0000   -0.0000    0.0000
1563.00    0.0000    0.0000   -0.0000    0.0000
1575.00    0.0000    0.0000   -0.0000    0.0000
1587.00    0.0000    0.0000   -0.0000    0.0000
1599.00    0.0000    0.0000   -0.0000    0.0000
1611.00    0.0000    0.0000   -0.0000    0.0000
1623.00    0.0000    0.0000   -0.0000    0.0000
1635.00    0.0000    0.0000   -0.0000    0.0000
1647.00    0.0000    0.0000   -0.0000    0.0000
1659.00    0.0000    0.0000   -0.0000    0.0000
1671.00    0.0000    0.0000   -0.0000    0.0000
1683.00    0.0000    0.0000   -0.0000    0.0000
1695.00    0.0000    0.0000   -0.0000    0.0000
1707.00    0.0000    0.0000   -0.0000    0.0000
1719.00    0.0000    0.0000   -0.0000    0.0000
1731.00    0.0000    0.0000   -0.0000    0.0000
1743.00    0.0000    0.0000   -0.0000    0.0000
1755.00    0.0000    0.0000   -0.0000    0.0000
1767.00    0.0000    0.0000   -0.0000    0.0000
1779.00    0.0000    0.0000   -0.0000    0.0000
1791.00    0.0000    0.0000   -0.0000    0.0000
1803.00    0.0000    0.0000   -0.0000    0.0000
1815.00    0.0000    0.0000   -0.0000    0.0000
1827.00    0.0000    0.0000   -0.0000    0.0000
1839.00    0.0000    0.0000   -0.0000    0.0000
1851.00    0.0000    0.0000   -0.0000    0.0000
1863.00    0.0000    0.0000   -0.0000    0.0000
1875.00    0.0000    0.0000   -0.0000    0.0000
1887.00    0.0000    0.0000   -0.0000    0.0000
1899.00    0.0000    0.0000   -0.0000    0.0000
1911.00    0.0000    0.0000   -0.0000    0.0000
1923.00    0.0000    0.0000   -0.0000    0.0000
1935.00    0.0000    0.0000   -0.0000    0.0000
1947.00    0.0000    0.0000   -0.0000    0.0000
1959.00    0.0000    0.0000   -0.0000    0.0000
1971.00    0.0000    0.0000   -0.0000    0.0000
1983.00    0.0000    0.0000   -0.0000    0.0000
1995.00    0.0000    0.0000   -0.0000    0.0000
2007.00    0.0000    0.0000   -0.0000    0.0000
2019.00    0.0000    0.0000   -0.0000    0.0000
2031.00    0.0000    0.0000   -0.0000    0.0000
2043.00    0.0000    0.0000   -0.0000    0.0000
2055.00    0.0000    0.0000   -0.0000    0.0000
2067.00    0.0000    0.0000   -0.0000    0.0000
2079.00    0.0000    0.0000   -0.0000    0.0000
2091.00    0.0000    0.0000   -0.0000    0.0000
2103.00    0.0000    0.0000   -0.0000    0.0000
2115.00    0.0000    0.0000   -0.0000    0.0000
2127.00    0.0000    0.0000   -0.0000    0.0000
2139.00    0.0000    0.0000   -0.0000    0.0000
2151.00    0.0000    0.0000   -0.0000    0.0000
2163.00    0.0000    0.0000   -0.0000    0.0000
2175.00    0.0000    0.0000   -0.0000    0.0000
2187.00    0.0000    0.0000   -0.0000    0.0000
2199.00    0.0000    0.0000   -0.0000    0.0000
2211.00    0.0000    0.0000   -0.0000    0.0000
2223.00    0.0000    0.0000   -0.0000    0.0000
2235.00    0.0000    0.0000   -0.0000    0.0000
2247.00    0.0000    0.0000   -0.0000    0.0000
2259.00    0.0000    0.0000   -0.0000    0.0000
2271.00    0.0000    0.0000   -0.0000    0.0000
2283.00    0.0000    0.0000   -0.0000    0.0000
2295.00    0.0000    0.0000   -0.0000    0.0000
2307.00    0.0000    0.0000   -0.0000    0.0000
2319.00    0.0000    0.0000   -0.0000    0.0000
2331.00    0.0000    0.0000   -0.0000    0.0000
2343.00    0.0000    0.0000   -0.0000    0.0000
2355.00    0.0000    0.0000   -0.0000    0.0000
2367.00    0.0000    0.0000   -0.0000    0.0000
2379.00    0.0000    0.0000   -0.0000    0.0000
2391.00    0.0000    0.0000   -0.0000    0.0000
