     0.010    247.13
     0.030    248.21
     0.050    249.22
     0.070    250.16
     0.090    251.05
     0.110    251.88
     0.130    252.65
     0.150    253.38
     0.170    254.06
     0.190    254.72
     0.210    255.34
     0.230    255.94
     0.250    256.52
     0.270    257.10
     0.290    257.67
     0.340    258.07
     0.420    258.34
     0.500    258.66
     0.580    259.03
     0.660    259.45
     0.740    259.92
     0.820    260.43
     0.900    260.97
     0.980    261.53
     1.060    262.10
     1.140    262.69
     1.220    263.28
     1.300    263.88
     1.380    264.48
     1.460    265.08
     1.540    265.68
     1.620    266.28
     1.700    266.87
     1.780    267.46
     1.860    268.04
     1.940    268.62
     2.020    269.19
     2.100    269.76
     2.180    270.32
     2.260    270.87
