     0.010    240.85
     0.030    242.16
     0.050    243.44
     0.070    244.71
     0.090    245.96
     0.110    247.18
     0.130    248.40
     0.150    249.59
     0.170    250.77
     0.190    251.94
     0.210    253.10
     0.230    254.26
     0.250    255.40
     0.270    256.54
     0.290    257.67
     0.340    258.46
     0.420    258.89
     0.500    259.32
     0.580    259.76
     0.660    260.20
     0.740    260.65
     0.820    261.12
     0.900    261.59
     0.980    262.08
     1.060    262.57
     1.140    263.08
     1.220    263.60
     1.300    264.13
     1.380    264.66
     1.460    265.21
     1.540    265.76
     1.620    266.31
     1.700    266.87
     1.780    267.44
     1.860    268.00
     1.940    268.57
     2.020    269.15
     2.100    269.72
     2.180    270.29
     2.260    270.86
