     0.010    250.34
     0.030    251.33
     0.050    252.22
     0.070    253.01
     0.090    253.70
     0.110    254.29
     0.130    254.79
     0.150    255.22
     0.170    255.58
     0.190    255.89
     0.210    256.17
     0.230    256.43
     0.250    256.69
     0.270    256.96
     0.290    257.25
     0.340    257.46
     0.420    257.72
     0.500    258.09
     0.580    258.56
     0.660    259.09
     0.740    259.66
     0.820    260.25
     0.900    260.85
     0.980    261.46
     1.060    262.06
     1.140    262.67
     1.220    263.27
     1.300    263.88
     1.380    264.48
     1.460    265.09
     1.540    265.70
     1.620    266.30
     1.700    266.91
     1.780    267.51
     1.860    268.11
     1.940    268.69
     2.020    269.27
     2.100    269.83
     2.180    270.37
     2.260    270.89
