     0.010    249.78
     0.030    250.76
     0.050    251.64
     0.070    252.44
     0.090    253.16
     0.110    253.79
     0.130    254.35
     0.150    254.85
     0.170    255.29
     0.190    255.68
     0.210    256.04
     0.230    256.38
     0.250    256.71
     0.270    257.04
     0.290    257.37
     0.340    257.62
     0.420    257.86
     0.500    258.21
     0.580    258.64
     0.660    259.15
     0.740    259.69
     0.820    260.27
     0.900    260.86
     0.980    261.46
     1.060    262.06
     1.140    262.67
     1.220    263.27
     1.300    263.88
     1.380    264.48
     1.460    265.09
     1.540    265.69
     1.620    266.30
     1.700    266.90
     1.780    267.50
     1.860    268.09
     1.940    268.68
     2.020    269.25
     2.100    269.81
     2.180    270.35
     2.260    270.89
