     0.010    242.54
     0.030    243.78
     0.050    244.99
     0.070    246.17
     0.090    247.32
     0.110    248.45
     0.130    249.55
     0.150    250.63
     0.170    251.68
     0.190    252.72
     0.210    253.75
     0.230    254.76
     0.250    255.76
     0.270    256.76
     0.290    257.76
     0.340    258.44
     0.420    258.82
     0.500    259.22
     0.580    259.62
     0.660    260.04
     0.740    260.48
     0.820    260.94
     0.900    261.41
     0.980    261.90
     1.060    262.41
     1.140    262.93
     1.220    263.46
     1.300    264.01
     1.380    264.56
     1.460    265.13
     1.540    265.69
     1.620    266.27
     1.700    266.84
     1.780    267.41
     1.860    267.99
     1.940    268.56
     2.020    269.14
     2.100    269.71
     2.180    270.29
     2.260    270.86
