     0.010    241.45
     0.030    242.74
     0.050    244.00
     0.070    245.23
     0.090    246.45
     0.110    247.64
     0.130    248.81
     0.150    249.96
     0.170    251.10
     0.190    252.23
     0.210    253.34
     0.230    254.44
     0.250    255.54
     0.270    256.62
     0.290    257.71
     0.340    258.46
     0.420    258.87
     0.500    259.29
     0.580    259.72
     0.660    260.15
     0.740    260.60
     0.820    261.06
     0.900    261.53
     0.980    262.01
     1.060    262.51
     1.140    263.02
     1.220    263.55
     1.300    264.08
     1.380    264.62
     1.460    265.17
     1.540    265.73
     1.620    266.29
     1.700    266.86
     1.780    267.42
     1.860    268.00
     1.940    268.57
     2.020    269.14
     2.100    269.71
     2.180    270.29
     2.260    270.86
