     0.010    243.32
     0.030    244.53
     0.050    245.70
     0.070    246.84
     0.090    247.94
     0.110    249.02
     0.130    250.07
     0.150    251.09
     0.170    252.09
     0.190    253.07
     0.210    254.03
     0.230    254.98
     0.250    255.91
     0.270    256.85
     0.290    257.77
     0.340    258.41
     0.420    258.77
     0.500    259.15
     0.580    259.54
     0.660    259.96
     0.740    260.39
     0.820    260.85
     0.900    261.32
     0.980    261.82
     1.060    262.34
     1.140    262.87
     1.220    263.41
     1.300    263.97
     1.380    264.53
     1.460    265.11
     1.540    265.68
     1.620    266.26
     1.700    266.84
     1.780    267.41
     1.860    267.99
     1.940    268.57
     2.020    269.14
     2.100    269.72
     2.180    270.29
     2.260    270.86
