     0.010    244.19
     0.030    245.37
     0.050    246.51
     0.070    247.61
     0.090    248.66
     0.110    249.68
     0.130    250.67
     0.150    251.63
     0.170    252.56
     0.190    253.46
     0.210    254.35
     0.230    255.22
     0.250    256.08
     0.270    256.93
     0.290    257.78
     0.340    258.36
     0.420    258.70
     0.500    259.06
     0.580    259.44
     0.660    259.85
     0.740    260.28
     0.820    260.74
     0.900    261.23
     0.980    261.74
     1.060    262.27
     1.140    262.81
     1.220    263.37
     1.300    263.93
     1.380    264.51
     1.460    265.09
     1.540    265.67
     1.620    266.26
     1.700    266.84
     1.780    267.42
     1.860    268.00
     1.940    268.58
     2.020    269.15
     2.100    269.72
     2.180    270.30
     2.260    270.87
