   0.00    0.0000    0.0000    0.0000  238.5484  238.5484  0.000000       0.00000       0.00000              0.0000    0.000000     0.00000     0.00000    0.000000000    0.000000000    0.000000000    0.000000      0.0000
   6.00    8.0376    3.4838    8.7601  239.8651  239.8651  0.000000       0.77093       0.77093              0.0000    0.000000     0.00000     0.00000   -0.000003124    0.000000000    0.000000000  239.777286  99871.9326
  18.00    9.0316    3.8462    9.8165  239.9424  239.9424  0.000000       2.53026       2.53026              0.0430    0.000000    -0.00000     0.00000   -0.000012702    0.000000000    0.000000000  239.708145  99658.6446
  30.00    9.6487    4.0341   10.4580  239.9921  239.9921  0.000000       2.52736       2.52736              0.0638    0.000000    -0.00000     0.00000   -0.000016284   -0.000000096   -0.000000123  239.640721  99488.3252
  42.00   10.2020    4.1707   11.0216  240.0383  240.0383  0.000000       2.80821       2.80821              0.0761    0.000000    -0.00000     0.00000   -0.000018062   -0.000000102   -0.000000128  239.569806  99318.2479
  54.00   10.6950    4.2649   11.5140  240.0812  240.0812  0.000000       2.82545       2.82545              0.0888    0.000000    -0.00000     0.00000   -0.000019369   -0.000000106   -0.000000132  239.495503  99148.4099
  66.00   11.1565    4.3277   11.9665  240.1232  240.1232  0.000000       2.80353       2.80353              0.1001    0.000000    -0.00000     0.00000   -0.000020440   -0.000000106   -0.000000132  239.420227  98978.8094
  78.00   11.5945    4.3630   12.3883  240.1649  240.1649  0.000000       2.71207       2.71207              0.1112    0.000000    -0.00000     0.00000   -0.000021371   -0.000000106   -0.000000131  239.344725  98809.4458
  90.00   12.0158    4.3734   12.7870  240.2072  240.2072  0.000000       2.58561       2.58561              0.1220    0.000000    -0.00000     0.00000   -0.000022234   -0.000000104   -0.000000129  239.269755  98640.3188
 102.00   12.4239    4.3599   13.1667  240.2505  240.2505  0.000000       2.43076       2.43076              0.1330    0.000000    -0.00000     0.00000   -0.000023043   -0.000000101   -0.000000126  239.195854  98471.4289
 114.00   12.8211    4.3230   13.5303  240.2955  240.2955  0.000000       2.25786       2.25786              0.1442    0.000000    -0.00000     0.00000   -0.000023814   -0.000000097   -0.000000122  239.123541  98302.7766
 126.00   13.2089    4.2625   13.8796  240.3426  240.3426  0.000000       2.07283       2.07283              0.1560    0.000000    -0.00000     0.00000   -0.000024583   -0.000000092   -0.000000118  239.053329  98134.3630
 138.00   13.5877    4.1779   14.2155  240.3925  240.3925  0.000000       1.88081       1.88081              0.1684    0.000000    -0.00000     0.00000   -0.000025359   -0.000000087   -0.000000112  238.985782  97966.1896
 150.00   13.9579    4.0684   14.5387  240.4457  240.4457  0.000000       1.68566       1.68566              0.1819    0.000000    -0.00000     0.00000   -0.000026150   -0.000000080   -0.000000105  238.921552  97798.2580
 162.00   14.3189    3.9325   14.8491  240.5030  240.5030  0.000000       1.49057       1.49057              0.1966    0.000000    -0.00000     0.00000   -0.000026968   -0.000000071   -0.000000097  238.861433  97630.5708
 174.00   14.6698    3.7686   15.1461  240.5655  240.5655  0.000000       1.29821       1.29821              0.2130    0.000000    -0.00000     0.00000   -0.000027811   -0.000000061   -0.000000087  238.806431  97463.1308
 186.00   15.0090    3.5746   15.4288  240.6346  240.6346  0.000000       1.11089       1.11089              0.2316    0.000000    -0.00000     0.00000   -0.000028694   -0.000000048   -0.000000074  238.757880  97295.9417
 198.00   15.3341    3.3474   15.6953  240.7121  240.7121  0.000000       0.93071       0.93071              0.2530    0.000000    -0.00001     0.00000   -0.000029682   -0.000000031   -0.000000058  238.717612  97129.0084
 210.00   15.6416    3.0837   15.9427  240.8005  240.8005  0.000000       0.75975       0.75975              0.2784    0.000000    -0.00001     0.00000   -0.000030803   -0.000000008   -0.000000037  238.688243  96962.3372
 222.00   15.9261    2.7786   16.1667  240.9040  240.9040  0.000000       0.59995       0.59995              0.3092    0.000000    -0.00001     0.00000   -0.000032299    0.000000023   -0.000000007  238.673695  96795.9368
 234.00   16.1790    2.4263   16.3599  241.0287  241.0287  0.000000       0.45397       0.45397              0.3479    0.000000    -0.00001     0.00000   -0.000034070    0.000000069    0.000000037  238.680093  96629.8190
 246.00   16.3866    2.0187   16.5105  241.1853  241.1853  0.000000       0.32260       0.32260              0.3989    0.000000    -0.00002     0.00000   -0.000037005    0.000000142    0.000000106  238.718004  96464.0017
 258.00   16.5239    1.5482   16.5962  241.3925  241.3925  0.000000       0.21265       0.21265              0.4686    0.000000    -0.00002     0.00000   -0.000042510    0.000000269    0.000000227  238.805988  96298.5126
 270.00   16.5449    1.0051   16.5754  241.6911  241.6911  0.000000       0.11786       0.11786              0.5774    0.000000    -0.00002     0.00000   -0.000054700    0.000000501    0.000000445  238.984218  96133.3992
 282.00   16.3639    0.4297   16.3695  242.1494  242.1494  0.000000       0.06310       0.06310              0.7268    0.000000     0.00000     0.00000   -0.000095660    0.000001065    0.000000968  239.320220  95968.7460
 294.00   15.7925   -0.0972   15.7928  243.0229  243.0229  0.000000       0.00030       0.00030              3.0311    0.000000    -0.00050     0.00000   -0.000186438    0.000007571    0.000005832  240.066318  95804.7450
 306.00   15.0017   -0.0042   15.0017  248.5459  248.5459  0.000000       0.00000       0.00000             10.1271    0.000000    -0.00012     0.00000   -0.000005839    0.000008802    0.000009955  245.403526  95643.0537
 318.00   15.0000   -0.0000   15.0000  249.8410  249.8410  0.000000       0.00000       0.00000         106368.6798    0.000000    -0.00011     0.00000   -0.000000007    0.000003739    0.000003576  246.564873  95483.7852
 330.00   15.0000   -0.0000   15.0000  250.9232  250.9232  0.000000       0.00000       0.00000        3169008.9328    0.000000    -0.00009     0.00000    0.000000000    0.000003245    0.000003096  247.515518  95325.4614
 342.00   15.0000   -0.0000   15.0000  251.7871  251.7871  0.000000       0.00000       0.00000        2567870.0051    0.000000    -0.00008     0.00000    0.000000000    0.000002739    0.000002593  248.250371  95167.9373
 354.00   15.0000   -0.0000   15.0000  252.5055  252.5055  0.000000       0.00000       0.00000        2179114.3973    0.000000    -0.00007     0.00000    0.000000000    0.000002391    0.000002248  248.841476  95011.0929
 366.00   15.0000   -0.0000   15.0000  253.1337  253.1337  0.000000       0.00000       0.00000        1922527.1020    0.000000    -0.00006     0.00000    0.000000000    0.000002156    0.000002016  249.343280  94854.8503
 378.00   15.0000    0.0000   15.0000  253.6965  253.6965  0.000000       0.00000       0.00000        1723100.5823    0.000000    -0.00006     0.00000    0.000000000    0.000001963    0.000001826  249.780479  94699.1578
 390.00   15.0000    0.0000   15.0000  254.2035  254.2035  0.000000       0.00000       0.00000        1572700.3095    0.000000    -0.00006     0.00000    0.000000000    0.000001815    0.000001678  250.162429  94543.9755
 402.00   15.0000    0.0000   15.0000  254.6749  254.6749  0.000000       0.00000       0.00000        1448886.7628    0.000000    -0.00005     0.00000    0.000000000    0.000001687    0.000001552  250.509154  94389.2727
 414.00   15.0000    0.0000   15.0000  255.1066  255.1066  0.000000       0.00000       0.00000        1343331.3236    0.000000    -0.00005     0.00000    0.000000000    0.000001573    0.000001438  250.816533  94235.0245
 426.00   15.0000    0.0000   15.0000  255.5136  255.5136  0.000000       0.00000       0.00000        1255567.9815    0.000000    -0.00005     0.00000    0.000000000    0.000001475    0.000001342  251.099551  94081.2094
 438.00   15.0000    0.0000   15.0000  255.8917  255.8917  0.000000       0.00000       0.00000        1180141.9404    0.000000    -0.00005     0.00000    0.000000000    0.000001388    0.000001255  251.353928  93927.8094
 450.00   15.0000    0.0000   15.0000  256.2527  256.2527  0.000000       0.00000       0.00000        1117984.4790    0.000000    -0.00005     0.00000    0.000000000    0.000001316    0.000001183  251.591327  93774.8092
 462.00   15.0000    0.0000   15.0000  256.5928  256.5928  0.000000       0.00000       0.00000        1062827.3141    0.000000    -0.00005     0.00000    0.000000000    0.000001250    0.000001117  251.808119  93622.1960
 474.00   15.0000    0.0000   15.0000  256.9201  256.9201  0.000000       0.00000       0.00000        1016456.5937    0.000000    -0.00005     0.00000    0.000000000    0.000001194    0.000001062  252.012118  93469.9583
 486.00   15.0000    0.0000   15.0000  257.2320  257.2320  0.000000       0.00000       0.00000         971827.2821    0.000000    -0.00005     0.00000    0.000000000    0.000001138    0.000001005  252.200842  93318.0864
 498.00   15.0000    0.0000   15.0000  257.5319  257.5319  0.000000       0.00000       0.00000         931847.4815    0.000000    -0.00004     0.00000    0.000000000    0.000001086    0.000000953  252.377764  93166.5711
 510.00   15.0000    0.0000   15.0000  257.8193  257.8193  0.000000       0.00000       0.00000         895648.8717    0.000000    -0.00004     0.00000    0.000000000    0.000001038    0.000000905  252.542215  93015.4040
 522.00   15.0000    0.0000   15.0000  258.0970  258.0970  0.000000       0.00000       0.00000         863591.3167    0.000000    -0.00004     0.00000    0.000000000    0.000000995    0.000000862  252.697138  92864.5774
 534.00   15.0000    0.0000   15.0000  258.3648  258.3648  0.000000       0.00000       0.00000         834421.3031    0.000000    -0.00004     0.00000    0.000000000    0.000000955    0.000000821  252.842103  92714.0847
 546.00   15.0000    0.0000   15.0000  258.6246  258.6246  0.000000       0.00000       0.00000         807333.6284    0.000000    -0.00004     0.00000    0.000000000    0.000000917    0.000000783  252.979283  92563.9197
 558.00   15.0000    0.0000   15.0000  258.8757  258.8757  0.000000       0.00000       0.00000         783179.1903    0.000000    -0.00004     0.00000    0.000000000    0.000000883    0.000000749  253.107758  92414.0765
 570.00   15.0000    0.0000   15.0000  259.1208  259.1208  0.000000       0.00000       0.00000         761410.0920    0.000000    -0.00004     0.00000    0.000000000    0.000000852    0.000000717  253.230228  92264.5499
 582.00   15.0000    0.0000   15.0000  259.3586  259.3586  0.000000       0.00000       0.00000         741930.7887    0.000000    -0.00004     0.00000    0.000000000    0.000000824    0.000000689  253.345447  92115.3353
 594.00   15.0000    0.0000   15.0000  259.5918  259.5918  0.000000       0.00000       0.00000         724511.1902    0.000000    -0.00004     0.00000    0.000000000    0.000000799    0.000000663  253.456054  91966.4283
 606.00   15.0000    0.0000   15.0000  259.8189  259.8189  0.000000       0.00000       0.00000         708559.7121    0.000000    -0.00004     0.00000    0.000000000    0.000000776    0.000000639  253.560668  91817.8251
 618.00   15.0000    0.0000   15.0000  260.0423  260.0423  0.000000       0.00000       0.00000         694069.0895    0.000000    -0.00004     0.00000    0.000000000    0.000000755    0.000000618  253.661562  91669.5221
 630.00   15.0000    0.0000   15.0000  260.2606  260.2606  0.000000       0.00000       0.00000         678994.0055    0.000000    -0.00004     0.00000    0.000000000    0.000000732    0.000000594  253.757356  91521.5159
 642.00   15.0000    0.0000   15.0000  260.4748  260.4748  0.000000       0.00000       0.00000         665403.5697    0.000000    -0.00004     0.00000    0.000000000    0.000000711    0.000000573  253.849050  91373.8033
 654.00   15.0000    0.0000   15.0000  260.6848  260.6848  0.000000       0.00000       0.00000         653125.3793    0.000000    -0.00004     0.00000    0.000000000    0.000000692    0.000000554  253.936553  91226.3810
 666.00   15.0000    0.0000   15.0000  260.8915  260.8915  0.000000       0.00000       0.00000         642569.6355    0.000000    -0.00004     0.00000    0.000000000    0.000000676    0.000000538  254.020759  91079.2464
 678.00   15.0000    0.0000   15.0000  261.0950  261.0950  0.000000       0.00000       0.00000         633006.9953    0.000000    -0.00004     0.00000    0.000000000    0.000000662    0.000000523  254.101834  90932.3967
 690.00   15.0000    0.0000   15.0000  261.2960  261.2960  0.000000       0.00000       0.00000         624845.2554    0.000000    -0.00004     0.00000    0.000000000    0.000000651    0.000000510  254.180221  90785.8298
 702.00   15.0000    0.0000   15.0000  261.4946  261.4946  0.000000       0.00000       0.00000         617725.1836    0.000000    -0.00004     0.00000    0.000000000    0.000000641    0.000000500  254.256341  90639.5436
 714.00   15.0000    0.0000   15.0000  261.6913  261.6913  0.000000       0.00000       0.00000         611938.9181    0.000000    -0.00004     0.00000    0.000000000    0.000000634    0.000000492  254.330413  90493.5362
 726.00   15.0000    0.0000   15.0000  261.8865  261.8865  0.000000       0.00000       0.00000         607758.2136    0.000000    -0.00004     0.00000    0.000000000    0.000000630    0.000000487  254.403043  90347.8060
 738.00   15.0000    0.0000   15.0000  262.0808  262.0808  0.000000       0.00000       0.00000         604863.7966    0.000000    -0.00004     0.00000    0.000000000    0.000000628    0.000000485  254.474621  90202.3517
 750.00   15.0000    0.0000   15.0000  262.2745  262.2745  0.000000       0.00000       0.00000         603029.9979    0.000000    -0.00005     0.00000    0.000000000    0.000000629    0.000000485  254.545555  90057.1722
 762.00   15.0000    0.0000   15.0000  262.4679  262.4679  0.000000       0.00000       0.00000         602677.2132    0.000000    -0.00005     0.00000    0.000000000    0.000000633    0.000000488  254.616095  89912.2665
 774.00   15.0000    0.0000   15.0000  262.6616  262.6616  0.000000       0.00000       0.00000         603992.2086    0.000000    -0.00005     0.00000    0.000000000    0.000000641    0.000000495  254.686914  89767.6342
 786.00   15.0000    0.0000   15.0000  262.8561  262.8561  0.000000       0.00000       0.00000         606333.4136    0.000000    -0.00005     0.00000    0.000000000    0.000000651    0.000000504  254.758378  89623.2748
 798.00   15.0000    0.0000   15.0000  263.0517  263.0517  0.000000       0.00000       0.00000         609721.5405    0.000000    -0.00005     0.00000    0.000000000    0.000000664    0.000000515  254.830762  89479.1882
 810.00   15.0000    0.0000   15.0000  263.2487  263.2487  0.000000       0.00000       0.00000         615322.2956    0.000000    -0.00005     0.00000    0.000000000    0.000000682    0.000000532  254.904446  89335.3745
 822.00   15.0000    0.0000   15.0000  263.4481  263.4481  0.000000       0.00000       0.00000         623922.5778    0.000000    -0.00005     0.00000    0.000000000    0.000000707    0.000000555  254.980434  89191.8340
 834.00   15.0000    0.0000   15.0000  263.6509  263.6509  0.000000       0.00000       0.00000         634927.9874    0.000000    -0.00005     0.00000    0.000000000    0.000000738    0.000000585  255.059599  89048.5677
 846.00   15.0000    0.0000   15.0000  263.8578  263.8578  0.000000       0.00000       0.00000         651177.7508    0.000000    -0.00006     0.00000    0.000000000    0.000000783    0.000000627  255.142577  88905.5769
 858.00   15.0000    0.0000   15.0000  264.0714  264.0714  0.000000       0.00000       0.00000         667893.5023    0.000000    -0.00006     0.00000    0.000000000    0.000000829    0.000000671  255.232018  88762.8640
 870.00   15.0000    0.0000   15.0000  264.2894  264.2894  0.000000       0.00000       0.00000         697131.9566    0.000000    -0.00006     0.00000    0.000000000    0.000000907    0.000000745  255.325580  88620.4311
 882.00   15.0000    0.0000   15.0000  264.5223  264.5223  0.000000       0.00000       0.00000         717176.0219    0.000000    -0.00006     0.00000    0.000000000    0.000000964    0.000000800  255.433441  88478.2829
 894.00   15.0000    0.0000   15.0000  264.7537  264.7537  0.000000       0.00000       0.00000         771601.9753    0.000000    -0.00007     0.00000    0.000000000    0.000001107    0.000000937  255.539721  88336.4220
 906.00   15.0000    0.0000   15.0000  265.0223  265.0223  0.000000       0.00000       0.00000         785338.9506    0.000000    -0.00007     0.00000    0.000000000    0.000001153    0.000000983  255.681798  88194.8574
 918.00   15.0000    0.0000   15.0000  265.2631  265.2631  0.000000       0.00000       0.00000         899825.7183    0.000000    -0.00010     0.00000    0.000000000    0.000001456    0.000001271  255.796956  88053.5907
 930.00   15.0000    0.0000   15.0000  265.6064  265.6064  0.000000       0.00000       0.00000         890862.3679    0.000000    -0.00007     0.00000    0.000000000    0.000001450    0.000001274  256.010897  87912.6408
 942.00   15.0000    0.0000   15.0000  265.8422  265.8422  0.000000       0.00000       0.00000        1147405.3358    0.000000    -0.00015     0.00000    0.000000000    0.000002146    0.000001926  256.120956  87772.0055
 954.00   15.0000    0.0000   15.0000  266.3529  266.3529  0.000000       0.00000       0.00000        1084185.4313    0.000000    -0.00006     0.00000    0.000000000    0.000002005    0.000001827  256.495857  87631.7278
 966.00   15.0000    0.0000   15.0000  266.5489  266.5489  0.000000       0.00000       0.00000        1665452.9547    0.000000    -0.00027     0.00000    0.000000000    0.000003673    0.000003345  256.567414  87491.7963
 978.00   15.0000    0.0000   15.0000  267.4394  267.4394  0.000000       0.00000       0.00000        1542668.2076    0.000000    -0.00004     0.00000    0.000000000    0.000003367    0.000003221  257.307264  87352.3081
 990.00   15.0000    0.0000   15.0000  267.5586  267.5586  0.000000       0.00000       0.00000        3930353.3761    0.000000    -0.00076     0.00000    0.000000000    0.000011082    0.000009802  257.304839  87213.2422
1002.00   15.0000    0.0000   15.0000  270.0130  270.0130  0.000000       0.00000       0.00000        3832262.4741    0.000000    -0.00002     0.00000    0.000000000    0.000010887    0.000011406  259.547549  87074.9960
1014.00   15.0000    0.0000   15.0000  270.0910  270.0910  0.000000       0.00000       0.00000         236005.2723    0.000000    -0.00002     0.00000    0.000000000   -0.000000241   -0.000000436  259.505415  86937.5567
1026.00   15.0000    0.0000   15.0000  270.1690  270.1690  0.000000       0.00000       0.00000         235937.1356    0.000000    -0.00002     0.00000    0.000000000   -0.000000241   -0.000000436  259.463247  86800.3120
1038.00   15.0000    0.0000   15.0000  270.2470  270.2470  0.000000       0.00000       0.00000         235869.0383    0.000000    -0.00003     0.00000    0.000000000   -0.000000241   -0.000000436  259.421046  86663.2618
1050.00   15.0000    0.0000   15.0000  270.3250  270.3250  0.000000       0.00000       0.00000         235800.9803    0.000000    -0.00003     0.00000    0.000000000   -0.000000241   -0.000000435  259.378810  86526.4057
1062.00   15.0000    0.0000   15.0000  270.4030  270.4030  0.000000       0.00000       0.00000         235732.9615    0.000000    -0.00003     0.00000    0.000000000   -0.000000241   -0.000000435  259.336541  86389.7434
1074.00   15.0000    0.0000   15.0000  270.4810  270.4810  0.000000       0.00000       0.00000         235664.9820    0.000000    -0.00003     0.00000    0.000000000   -0.000000241   -0.000000435  259.294238  86253.2748
1086.00   15.0000    0.0000   15.0000  270.5590  270.5590  0.000000       0.00000       0.00000         235597.0417    0.000000    -0.00003     0.00000    0.000000000   -0.000000241   -0.000000434  259.251902  86116.9995
1098.00   15.0000    0.0000   15.0000  270.6370  270.6370  0.000000       0.00000       0.00000         235529.1405    0.000000    -0.00003     0.00000    0.000000000   -0.000000242   -0.000000434  259.209532  85980.9174
1110.00   15.0000    0.0000   15.0000  270.7150  270.7150  0.000000       0.00000       0.00000         235461.2785    0.000000    -0.00003     0.00000    0.000000000   -0.000000242   -0.000000434  259.167127  85845.0280
1122.00   15.0000    0.0000   15.0000  270.7930  270.7930  0.000000       0.00000       0.00000         235393.4555    0.000000    -0.00003     0.00000    0.000000000   -0.000000242   -0.000000433  259.124690  85709.3313
1134.00   15.0000    0.0000   15.0000  270.8710  270.8710  0.000000       0.00000       0.00000         235325.6716    0.000000    -0.00003     0.00000    0.000000000   -0.000000242   -0.000000433  259.082218  85573.8268
1146.00   15.0000    0.0000   15.0000  270.9490  270.9490  0.000000       0.00000       0.00000         235257.9268    0.000000    -0.00003     0.00000    0.000000000   -0.000000242   -0.000000433  259.039713  85438.5144
1158.00   15.0000    0.0000   15.0000  271.0270  271.0270  0.000000       0.00000       0.00000         235190.2209    0.000000    -0.00003     0.00000    0.000000000   -0.000000242   -0.000000432  258.997174  85303.3938
1170.00   15.0000    0.0000   15.0000  271.1050  271.1050  0.000000       0.00000       0.00000         235122.5540    0.000000    -0.00003     0.00000    0.000000000   -0.000000242   -0.000000432  258.954601  85168.4648
1182.00   15.0000    0.0000   15.0000  271.1830  271.1830  0.000000       0.00000       0.00000         235054.9260    0.000000    -0.00003     0.00000    0.000000000   -0.000000242   -0.000000432  258.911995  85033.7270
1194.00   15.0000    0.0000   15.0000  271.2610  271.2610  0.000000       0.00000       0.00000         234987.3369    0.000000    -0.00003     0.00000    0.000000000   -0.000000242   -0.000000431  258.869355  84899.1803
1206.00   15.0000    0.0000   15.0000  271.3390  271.3390  0.000000       0.00000       0.00000         234919.7867    0.000000    -0.00003     0.00000    0.000000000   -0.000000242   -0.000000431  258.826681  84764.8243
1218.00   15.0000    0.0000   15.0000  271.4170  271.4170  0.000000       0.00000       0.00000         234852.2753    0.000000    -0.00003     0.00000    0.000000000   -0.000000242   -0.000000431  258.783973  84630.6589
1230.00   15.0000    0.0000   15.0000  271.4950  271.4950  0.000000       0.00000       0.00000         234784.8027    0.000000    -0.00003     0.00000    0.000000000   -0.000000242   -0.000000430  258.741232  84496.6837
1242.00   15.0000    0.0000   15.0000  271.5730  271.5730  0.000000       0.00000       0.00000         234717.3688    0.000000    -0.00003     0.00000    0.000000000   -0.000000242   -0.000000430  258.698458  84362.8985
1254.00   15.0000    0.0000   15.0000  271.6510  271.6510  0.000000       0.00000       0.00000         234649.9737    0.000000    -0.00003     0.00000    0.000000000   -0.000000242   -0.000000430  258.655649  84229.3031
1266.00   15.0000    0.0000   15.0000  271.7290  271.7290  0.000000       0.00000       0.00000         234582.6172    0.000000    -0.00003     0.00000    0.000000000   -0.000000242   -0.000000429  258.612807  84095.8971
1278.00   15.0000    0.0000   15.0000  271.8070  271.8070  0.000000       0.00000       0.00000         234515.2995    0.000000    -0.00003     0.00000    0.000000000   -0.000000242   -0.000000429  258.569932  83962.6804
1290.00   15.0000    0.0000   15.0000  271.8850  271.8850  0.000000       0.00000       0.00000         234448.0203    0.000000    -0.00003     0.00000    0.000000000   -0.000000242   -0.000000428  258.527023  83829.6526
1302.00   15.0000    0.0000   15.0000  271.9630  271.9630  0.000000       0.00000       0.00000         234380.7797    0.000000    -0.00003     0.00000    0.000000000   -0.000000242   -0.000000428  258.484080  83696.8136
1314.00   15.0000    0.0000   15.0000  272.0410  272.0410  0.000000       0.00000       0.00000         234313.5777    0.000000    -0.00003     0.00000    0.000000000   -0.000000242   -0.000000428  258.441104  83564.1631
1326.00   15.0000    0.0000   15.0000  272.1190  272.1190  0.000000       0.00000       0.00000         234246.4143    0.000000    -0.00003     0.00000    0.000000000   -0.000000242   -0.000000427  258.398094  83431.7008
1338.00   15.0000    0.0000   15.0000  272.1970  272.1970  0.000000       0.00000       0.00000         234179.2893    0.000000    -0.00003     0.00000    0.000000000   -0.000000242   -0.000000427  258.355050  83299.4264
1350.00   15.0000    0.0000   15.0000  272.2750  272.2750  0.000000       0.00000       0.00000         234112.2027    0.000000    -0.00003     0.00000    0.000000000   -0.000000242   -0.000000427  258.311973  83167.3398
1362.00   15.0000    0.0000   15.0000  272.3530  272.3530  0.000000       0.00000       0.00000         234045.1546    0.000000    -0.00003     0.00000    0.000000000   -0.000000242   -0.000000426  258.268863  83035.4406
1374.00   15.0000    0.0000   15.0000  272.4310  272.4310  0.000000       0.00000       0.00000         233978.1449    0.000000    -0.00003     0.00000    0.000000000   -0.000000242   -0.000000426  258.225719  82903.7287
1386.00   15.0000    0.0000   15.0000  272.5090  272.5090  0.000000       0.00000       0.00000         233911.1736    0.000000    -0.00003     0.00000    0.000000000   -0.000000242   -0.000000425  258.182541  82772.2037
1398.00   15.0000    0.0000   15.0000  272.5870  272.5870  0.000000       0.00000       0.00000         233844.2406    0.000000    -0.00003     0.00000    0.000000000   -0.000000242   -0.000000425  258.139330  82640.8654
1410.00   15.0000    0.0000   15.0000  272.6650  272.6650  0.000000       0.00000       0.00000         233777.3458    0.000000    -0.00003     0.00000    0.000000000   -0.000000242   -0.000000425  258.096085  82509.7135
1422.00   15.0000    0.0000   15.0000  272.7430  272.7430  0.000000       0.00000       0.00000         233710.4894    0.000000    -0.00003     0.00000    0.000000000   -0.000000242   -0.000000424  258.052807  82378.7479
1434.00   15.0000    0.0000   15.0000  272.8210  272.8210  0.000000       0.00000       0.00000         233643.6711    0.000000    -0.00003     0.00000    0.000000000   -0.000000242   -0.000000424  258.009495  82247.9682
1446.00   15.0000    0.0000   15.0000  272.8990  272.8990  0.000000       0.00000       0.00000         233576.8911    0.000000    -0.00004     0.00000    0.000000000   -0.000000242   -0.000000424  257.966150  82117.3743
1458.00   15.0000    0.0000   15.0000  272.9770  272.9770  0.000000       0.00000       0.00000         233510.1492    0.000000    -0.00004     0.00000    0.000000000   -0.000000242   -0.000000423  257.922772  81986.9657
1470.00   15.0000    0.0000   15.0000  273.0550  273.0550  0.000000       0.00000       0.00000         233443.4455    0.000000    -0.00004     0.00000    0.000000000   -0.000000242   -0.000000423  257.879360  81856.7424
1482.00   15.0000    0.0000   15.0000  273.1330  273.1330  0.000000       0.00000       0.00000         233376.7798    0.000000    -0.00004     0.00000    0.000000000   -0.000000242   -0.000000422  257.835914  81726.7041
1494.00   15.0000    0.0000   15.0000  273.2110  273.2110  0.000000       0.00000       0.00000         233310.1522    0.000000    -0.00004     0.00000    0.000000000   -0.000000242   -0.000000422  257.792435  81596.8505
1506.00   15.0000    0.0000   15.0000  273.2890  273.2890  0.000000       0.00000       0.00000         233243.5627    0.000000    -0.00004     0.00000    0.000000000   -0.000000242   -0.000000422  257.748923  81467.1813
1518.00   15.0000    0.0000   15.0000  273.3670  273.3670  0.000000       0.00000       0.00000         233177.0111    0.000000    -0.00004     0.00000    0.000000000   -0.000000242   -0.000000421  257.705377  81337.6963
1530.00   15.0000    0.0000   15.0000  273.4450  273.4450  0.000000       0.00000       0.00000         233110.4975    0.000000    -0.00004     0.00000    0.000000000   -0.000000242   -0.000000421  257.661798  81208.3953
1542.00   15.0000    0.0000   15.0000  273.5230  273.5230  0.000000       0.00000       0.00000         233044.0219    0.000000    -0.00004     0.00000    0.000000000   -0.000000241   -0.000000420  257.618185  81079.2781
1554.00   15.0000    0.0000   15.0000  273.6010  273.6010  0.000000       0.00000       0.00000         232977.5841    0.000000    -0.00004     0.00000    0.000000000   -0.000000241   -0.000000420  257.574539  80950.3443
1566.00   15.0000    0.0000   15.0000  273.6790  273.6790  0.000000       0.00000       0.00000         232911.1843    0.000000    -0.00004     0.00000    0.000000000   -0.000000241   -0.000000420  257.530860  80821.5937
1578.00   15.0000    0.0000   15.0000  273.7570  273.7570  0.000000       0.00000       0.00000         232844.8222    0.000000    -0.00004     0.00000    0.000000000   -0.000000241   -0.000000419  257.487147  80693.0261
1590.00   15.0000    0.0000   15.0000  273.8350  273.8350  0.000000       0.00000       0.00000         232778.4980    0.000000    -0.00004     0.00000    0.000000000   -0.000000241   -0.000000419  257.443401  80564.6413
1602.00   15.0000    0.0000   15.0000  273.9130  273.9130  0.000000       0.00000       0.00000         232712.2115    0.000000    -0.00004     0.00000    0.000000000   -0.000000241   -0.000000418  257.399622  80436.4389
1614.00   15.0000    0.0000   15.0000  273.9910  273.9910  0.000000       0.00000       0.00000         232645.9628    0.000000    -0.00004     0.00000    0.000000000   -0.000000241   -0.000000418  257.355809  80308.4188
1626.00   15.0000    0.0000   15.0000  274.0690  274.0690  0.000000       0.00000       0.00000         232579.7518    0.000000    -0.00004     0.00000    0.000000000   -0.000000241   -0.000000418  257.311963  80180.5807
1638.00   15.0000    0.0000   15.0000  274.1470  274.1470  0.000000       0.00000       0.00000         232513.5785    0.000000    -0.00004     0.00000    0.000000000   -0.000000241   -0.000000417  257.268083  80052.9243
1650.00   15.0000    0.0000   15.0000  274.2250  274.2250  0.000000       0.00000       0.00000         232447.4428    0.000000    -0.00004     0.00000    0.000000000   -0.000000241   -0.000000417  257.224171  79925.4494
1662.00   15.0000    0.0000   15.0000  274.3030  274.3030  0.000000       0.00000       0.00000         232381.3447    0.000000    -0.00004     0.00000    0.000000000   -0.000000241   -0.000000416  257.180225  79798.1559
1674.00   15.0000    0.0000   15.0000  274.3810  274.3810  0.000000       0.00000       0.00000         232315.2842    0.000000    -0.00004     0.00000    0.000000000   -0.000000241   -0.000000416  257.136245  79671.0433
1686.00   15.0000    0.0000   15.0000  274.4590  274.4590  0.000000       0.00000       0.00000         232249.2613    0.000000    -0.00004     0.00000    0.000000000   -0.000000241   -0.000000416  257.092233  79544.1115
1698.00   15.0000    0.0000   15.0000  274.5370  274.5370  0.000000       0.00000       0.00000         232183.2758    0.000000    -0.00004     0.00000    0.000000000   -0.000000241   -0.000000415  257.048187  79417.3603
1710.00   15.0000    0.0000   15.0000  274.6150  274.6150  0.000000       0.00000       0.00000         232117.3279    0.000000    -0.00004     0.00000    0.000000000   -0.000000241   -0.000000415  257.004108  79290.7894
1722.00   15.0000    0.0000   15.0000  274.6930  274.6930  0.000000       0.00000       0.00000         232051.4174    0.000000    -0.00004     0.00000    0.000000000   -0.000000241   -0.000000414  256.959995  79164.3985
1734.00   15.0000    0.0000   15.0000  274.7710  274.7710  0.000000       0.00000       0.00000         231985.5443    0.000000    -0.00004     0.00000    0.000000000   -0.000000241   -0.000000414  256.915849  79038.1874
1746.00   15.0000    0.0000   15.0000  274.8490  274.8490  0.000000       0.00000       0.00000         231919.7086    0.000000    -0.00004     0.00000    0.000000000   -0.000000241   -0.000000414  256.871670  78912.1559
1758.00   15.0000    0.0000   15.0000  274.9270  274.9270  0.000000       0.00000       0.00000         231853.9103    0.000000    -0.00004     0.00000    0.000000000   -0.000000241   -0.000000413  256.827458  78786.3037
1770.00   15.0000    0.0000   15.0000  275.0050  275.0050  0.000000       0.00000       0.00000         231788.1493    0.000000    -0.00004     0.00000    0.000000000   -0.000000241   -0.000000413  256.783213  78660.6307
1782.00   15.0000    0.0000   15.0000  275.0830  275.0830  0.000000       0.00000       0.00000         231722.4256    0.000000    -0.00004     0.00000    0.000000000   -0.000000241   -0.000000412  256.738934  78535.1364
1794.00   15.0000    0.0000   15.0000  275.1610  275.1610  0.000000       0.00000       0.00000         231656.7391    0.000000    -0.00004     0.00000    0.000000000   -0.000000241   -0.000000412  256.694622  78409.8208
1806.00   15.0000    0.0000   15.0000  275.2390  275.2390  0.000000       0.00000       0.00000         231591.0899    0.000000    -0.00004     0.00000    0.000000000   -0.000000240   -0.000000411  256.650277  78284.6836
1818.00   15.0000    0.0000   15.0000  275.3170  275.3170  0.000000       0.00000       0.00000         231525.4779    0.000000    -0.00004     0.00000    0.000000000   -0.000000240   -0.000000411  256.605899  78159.7245
1830.00   15.0000    0.0000   15.0000  275.3950  275.3950  0.000000       0.00000       0.00000         231459.9030    0.000000    -0.00004     0.00000    0.000000000   -0.000000240   -0.000000411  256.561488  78034.9432
1842.00   15.0000    0.0000   15.0000  275.4730  275.4730  0.000000       0.00000       0.00000         231394.3653    0.000000    -0.00004     0.00000    0.000000000   -0.000000240   -0.000000410  256.517043  77910.3397
1854.00   15.0000    0.0000   15.0000  275.5510  275.5510  0.000000       0.00000       0.00000         231328.8647    0.000000    -0.00005     0.00000    0.000000000   -0.000000240   -0.000000410  256.472566  77785.9135
1866.00   15.0000    0.0000   15.0000  275.6290  275.6290  0.000000       0.00000       0.00000         231263.4012    0.000000    -0.00005     0.00000    0.000000000   -0.000000240   -0.000000409  256.428055  77661.6646
1878.00   15.0000    0.0000   15.0000  275.7070  275.7070  0.000000       0.00000       0.00000         231197.9747    0.000000    -0.00005     0.00000    0.000000000   -0.000000240   -0.000000409  256.383511  77537.5925
1890.00   15.0000    0.0000   15.0000  275.7850  275.7850  0.000000       0.00000       0.00000         231132.5852    0.000000    -0.00005     0.00000    0.000000000   -0.000000240   -0.000000408  256.338934  77413.6972
1902.00   15.0000    0.0000   15.0000  275.8630  275.8630  0.000000       0.00000       0.00000         231067.2326    0.000000    -0.00005     0.00000    0.000000000   -0.000000240   -0.000000408  256.294324  77289.9783
1914.00   15.0000    0.0000   15.0000  275.9410  275.9410  0.000000       0.00000       0.00000         231001.9171    0.000000    -0.00005     0.00000    0.000000000   -0.000000240   -0.000000407  256.249680  77166.4357
1926.00   15.0000    0.0000   15.0000  276.0190  276.0190  0.000000       0.00000       0.00000         230936.6384    0.000000    -0.00005     0.00000    0.000000000   -0.000000240   -0.000000407  256.205004  77043.0691
1938.00   15.0000    0.0000   15.0000  276.0970  276.0970  0.000000       0.00000       0.00000         230871.3966    0.000000    -0.00005     0.00000    0.000000000   -0.000000240   -0.000000407  256.160294  76919.8782
1950.00   15.0000    0.0000   15.0000  276.1750  276.1750  0.000000       0.00000       0.00000         230806.1917    0.000000    -0.00005     0.00000    0.000000000   -0.000000240   -0.000000406  256.115552  76796.8628
1962.00   15.0000    0.0000   15.0000  276.2530  276.2530  0.000000       0.00000       0.00000         230741.0236    0.000000    -0.00005     0.00000    0.000000000   -0.000000240   -0.000000406  256.070776  76674.0227
1974.00   15.0000    0.0000   15.0000  276.3310  276.3310  0.000000       0.00000       0.00000         230675.8923    0.000000    -0.00005     0.00000    0.000000000   -0.000000240   -0.000000405  256.025967  76551.3577
1986.00   15.0000    0.0000   15.0000  276.4090  276.4090  0.000000       0.00000       0.00000         230610.7978    0.000000    -0.00005     0.00000    0.000000000   -0.000000239   -0.000000405  255.981126  76428.8675
1998.00   15.0000    0.0000   15.0000  276.4870  276.4870  0.000000       0.00000       0.00000         230545.7399    0.000000    -0.00005     0.00000    0.000000000   -0.000000239   -0.000000404  255.936251  76306.5518
2010.00   15.0000    0.0000   15.0000  276.5650  276.5650  0.000000       0.00000       0.00000         230480.7188    0.000000    -0.00005     0.00000    0.000000000   -0.000000239   -0.000000404  255.891343  76184.4106
2022.00   15.0000    0.0000   15.0000  276.6430  276.6430  0.000000       0.00000       0.00000         230415.7344    0.000000    -0.00005     0.00000    0.000000000   -0.000000239   -0.000000403  255.846402  76062.4434
2034.00   15.0000    0.0000   15.0000  276.7210  276.7210  0.000000       0.00000       0.00000         230350.7865    0.000000    -0.00005     0.00000    0.000000000   -0.000000239   -0.000000403  255.801428  75940.6501
2046.00   15.0000    0.0000   15.0000  276.7990  276.7990  0.000000       0.00000       0.00000         230285.8753    0.000000    -0.00005     0.00000    0.000000000   -0.000000239   -0.000000403  255.756421  75819.0305
2058.00   15.0000    0.0000   15.0000  276.8770  276.8770  0.000000       0.00000       0.00000         230221.0007    0.000000    -0.00005     0.00000    0.000000000   -0.000000239   -0.000000402  255.711382  75697.5842
2070.00   15.0000    0.0000   15.0000  276.9550  276.9550  0.000000       0.00000       0.00000         230156.1626    0.000000    -0.00005     0.00000    0.000000000   -0.000000239   -0.000000402  255.666309  75576.3112
2082.00   15.0000    0.0000   15.0000  277.0330  277.0330  0.000000       0.00000       0.00000         230091.3610    0.000000    -0.00005     0.00000    0.000000000   -0.000000239   -0.000000401  255.621203  75455.2111
2094.00   15.0000    0.0000   15.0000  277.1110  277.1110  0.000000       0.00000       0.00000         230026.5958    0.000000    -0.00005     0.00000    0.000000000   -0.000000239   -0.000000401  255.576064  75334.2837
2106.00   15.0000    0.0000   15.0000  277.1890  277.1890  0.000000       0.00000       0.00000         229961.8672    0.000000    -0.00005     0.00000    0.000000000   -0.000000239   -0.000000400  255.530892  75213.5288
2118.00   15.0000    0.0000   15.0000  277.2670  277.2670  0.000000       0.00000       0.00000         229897.1749    0.000000    -0.00005     0.00000    0.000000000   -0.000000238   -0.000000400  255.485688  75092.9462
2130.00   15.0000    0.0000   15.0000  277.3450  277.3450  0.000000       0.00000       0.00000         229832.5191    0.000000    -0.00005     0.00000    0.000000000   -0.000000238   -0.000000399  255.440450  74972.5356
2142.00   15.0000    0.0000   15.0000  277.4230  277.4230  0.000000       0.00000       0.00000         229767.8996    0.000000    -0.00005     0.00000    0.000000000   -0.000000238   -0.000000399  255.395179  74852.2968
2154.00   15.0000    0.0000   15.0000  277.5010  277.5010  0.000000       0.00000       0.00000         229703.3164    0.000000    -0.00005     0.00000    0.000000000   -0.000000238   -0.000000398  255.349876  74732.2295
2166.00   15.0000    0.0000   15.0000  277.5790  277.5790  0.000000       0.00000       0.00000         229638.7695    0.000000    -0.00005     0.00000    0.000000000   -0.000000238   -0.000000398  255.304539  74612.3336
2178.00   15.0000    0.0000   15.0000  277.6570  277.6570  0.000000       0.00000       0.00000         229574.2589    0.000000    -0.00005     0.00000    0.000000000   -0.000000238   -0.000000397  255.259170  74492.6088
2190.00   15.0000    0.0000   15.0000  277.7350  277.7350  0.000000       0.00000       0.00000         229509.7845    0.000000    -0.00005     0.00000    0.000000000   -0.000000238   -0.000000397  255.213768  74373.0548
2202.00   15.0000    0.0000   15.0000  277.8130  277.8130  0.000000       0.00000       0.00000         229445.3463    0.000000    -0.00005     0.00000    0.000000000   -0.000000238   -0.000000397  255.168333  74253.6715
2214.00   15.0000    0.0000   15.0000  277.8910  277.8910  0.000000       0.00000       0.00000         229380.9443    0.000000    -0.00005     0.00000    0.000000000   -0.000000238   -0.000000396  255.122865  74134.4587
2226.00   15.0000    0.0000   15.0000  277.9690  277.9690  0.000000       0.00000       0.00000         229316.5785    0.000000    -0.00005     0.00000    0.000000000   -0.000000237   -0.000000396  255.077364  74015.4160
2238.00   15.0000    0.0000   15.0000  278.0470  278.0470  0.000000       0.00000       0.00000         229252.2487    0.000000    -0.00005     0.00000    0.000000000   -0.000000237   -0.000000395  255.031830  73896.5433
2250.00   15.0000    0.0000   15.0000  278.1250  278.1250  0.000000       0.00000       0.00000         229187.9551    0.000000    -0.00005     0.00000    0.000000000   -0.000000237   -0.000000395  254.986264  73777.8403
2262.00   15.0000    0.0000   15.0000  278.2030  278.2030  0.000000       0.00000       0.00000         229123.6974    0.000000    -0.00006     0.00000    0.000000000   -0.000000237   -0.000000394  254.940664  73659.3068
2274.00   15.0000    0.0000   15.0000  278.2810  278.2810  0.000000       0.00000       0.00000         229059.4759    0.000000    -0.00006     0.00000    0.000000000   -0.000000237   -0.000000394  254.895032  73540.9426
2286.00   15.0000    0.0000   15.0000  278.3590  278.3590  0.000000       0.00000       0.00000         228995.2903    0.000000    -0.00006     0.00000    0.000000000   -0.000000237   -0.000000393  254.849367  73422.7474
2298.00   15.0000    0.0000   15.0000  278.4370  278.4370  0.000000       0.00000       0.00000         228931.1406    0.000000    -0.00006     0.00000    0.000000000   -0.000000237   -0.000000393  254.803669  73304.7211
2310.00   15.0000    0.0000   15.0000  278.5150  278.5150  0.000000       0.00000       0.00000         228867.0269    0.000000    -0.00006     0.00000    0.000000000   -0.000000237   -0.000000392  254.757938  73186.8634
2322.00   15.0000    0.0000   15.0000  278.5930  278.5930  0.000000       0.00000       0.00000         228802.9491    0.000000    -0.00006     0.00000    0.000000000   -0.000000237   -0.000000392  254.712175  73069.1740
2334.00   15.0000    0.0000   15.0000  278.6710  278.6710  0.000000       0.00000       0.00000         228738.9072    0.000000    -0.00006     0.00000    0.000000000   -0.000000236   -0.000000391  254.666379  72951.6528
2346.00   15.0000    0.0000   15.0000  278.7490  278.7490  0.000000       0.00000       0.00000         228674.9011    0.000000    -0.00006     0.00000    0.000000000   -0.000000236   -0.000000391  254.620550  72834.2996
2358.00   15.0000    0.0000   15.0000  278.8270  278.8270  0.000000       0.00000       0.00000         228610.9308    0.000000    -0.00006     0.00000    0.000000000   -0.000000236   -0.000000390  254.574688  72717.1140
2370.00   15.0000    0.0000   15.0000  278.9050  278.9050  0.000000       0.00000       0.00000         228546.9963    0.000000    -0.00006     0.00000    0.000000000   -0.000000236   -0.000000390  254.528793  72600.0959
2382.00   15.0000    0.0000   15.0000  278.9830  278.9830  0.000000       0.00000       0.00000              0.0000    0.000000    -0.00006     0.00000    0.000000000    0.000000000    0.000000000  254.482866  72483.2450
2394.00   15.0000    0.0000   15.0000  279.0610  279.0610  0.000000       0.00000       0.00000              0.0000    0.000000     0.00000     0.00000    0.000000000    0.000000000    0.000000000  254.436906  72366.5612
