   0.00    0.0000    0.0000    0.0000  243.0602  243.0602  0.000000       0.00000       0.00000              0.0000    0.000000     0.00000     0.00000    0.000000000    0.000000000    0.000000000    0.000000      0.0000
   6.00    7.5821    3.5588    8.3758  244.8092  244.8092  0.000000       0.68683       0.68683              0.0000    0.000000     0.00000     0.00000   -0.000027281    0.000000000    0.000000000  244.721417  99874.5167
  18.00    8.6545    3.9731    9.5229  244.9559  244.9559  0.000000       2.01281       2.01281              0.0667    0.000000    -0.00000     0.00000   -0.000030523    0.000000000    0.000000000  244.721711  99665.5529
  30.00    9.3566    4.1929   10.2531  245.0556  245.0556  0.000000       1.87681       1.87681              0.0950    0.000000    -0.00000     0.00000   -0.000038257   -0.000000004   -0.000000054  244.704130  99498.7258
  42.00   10.0102    4.3513   10.9150  245.1518  245.1518  0.000000       2.03523       2.03523              0.1108    0.000000    -0.00000     0.00000   -0.000041417   -0.000000017   -0.000000066  244.683111  99332.1648
  54.00   10.6029    4.4541   11.5004  245.2428  245.2428  0.000000       1.97262       1.97262              0.1277    0.000000    -0.00000     0.00000   -0.000043797   -0.000000025   -0.000000073  244.656778  99165.8666
  66.00   11.1673    4.5129   12.0448  245.3335  245.3335  0.000000       1.90594       1.90594              0.1425    0.000000    -0.00000     0.00000   -0.000045886   -0.000000024   -0.000000073  244.630182  98999.8288
  78.00   11.7081    4.5314   12.5544  245.4251  245.4251  0.000000       1.79180       1.79180              0.1572    0.000000    -0.00000     0.00000   -0.000047870   -0.000000019   -0.000000068  244.604403  98834.0513
  90.00   12.2316    4.5114   13.0371  245.5192  245.5192  0.000000       1.66306       1.66306              0.1716    0.000000    -0.00000     0.00000   -0.000049859   -0.000000011   -0.000000060  244.581020  98668.5348
 102.00   12.7397    4.4536   13.4957  245.6167  245.6167  0.000000       1.52091       1.52091              0.1864    0.000000    -0.00000     0.00000   -0.000051932    0.000000000   -0.000000049  244.561069  98503.2808
 114.00   13.2331    4.3576   13.9321  245.7188  245.7188  0.000000       1.37350       1.37350              0.2017    0.000000    -0.00000     0.00000   -0.000054112    0.000000015   -0.000000035  244.545641  98338.2917
 126.00   13.7112    4.2227   14.3467  245.8266  245.8266  0.000000       1.22409       1.22409              0.2178    0.000000    -0.00000     0.00000   -0.000056481    0.000000033   -0.000000018  244.535807  98173.5704
 138.00   14.1723    4.0479   14.7390  245.9413  245.9413  0.000000       1.07604       1.07604              0.2351    0.000000    -0.00001     0.00000   -0.000059162    0.000000054    0.000000003  244.532752  98009.1208
 150.00   14.6136    3.8319   15.1077  246.0642  246.0642  0.000000       0.93134       0.93134              0.2540    0.000000    -0.00001     0.00000   -0.000062122    0.000000080    0.000000028  244.537829  97844.9472
 162.00   15.0313    3.5734   15.4502  246.1970  246.1970  0.000000       0.79187       0.79187              0.2749    0.000000    -0.00001     0.00000   -0.000065600    0.000000112    0.000000058  244.552669  97681.0554
 174.00   15.4203    3.2712   15.7635  246.3417  246.3417  0.000000       0.65819       0.65819              0.2989    0.000000    -0.00001     0.00000   -0.000069659    0.000000151    0.000000095  244.579347  97517.4519
 186.00   15.7738    2.9244   16.0425  246.5012  246.5012  0.000000       0.53272       0.53272              0.3268    0.000000    -0.00001     0.00000   -0.000074453    0.000000200    0.000000142  244.620507  97354.1451
 198.00   16.0835    2.5316   16.2815  246.6795  246.6795  0.000000       0.41192       0.41192              0.3612    0.000000    -0.00001     0.00000   -0.000080350    0.000000264    0.000000203  244.680306  97191.1453
 210.00   16.3363    2.0945   16.4700  246.8817  246.8817  0.000000       0.30638       0.30638              0.4038    0.000000    -0.00002     0.00000   -0.000087791    0.000000357    0.000000293  244.763783  97028.4661
 222.00   16.5175    1.6061   16.5954  247.1221  247.1221  0.000000       0.19278       0.19278              0.4712    0.000000    -0.00002     0.00000   -0.000098348    0.000000485    0.000000415  244.884971  96866.1269
 234.00   16.5879    1.0951   16.6240  247.4072  247.4072  0.000000       0.12880       0.12880              0.5473    0.000000    -0.00002     0.00000   -0.000122308    0.000000772    0.000000687  245.050321  96704.1541
 246.00   16.4502    0.4984   16.4577  247.8306  247.8306  0.000000       0.00451       0.00451              1.5813    0.000000     0.00000     0.00000   -0.000101701    0.000010738    0.000008329  245.352428  96542.6060
 258.00   15.1012   -0.0343   15.1013  253.2111  253.2111  0.000000       0.00054       0.00054              2.6232    0.000000    -0.00010     0.00000   -0.000091943    0.000013115    0.000014770  250.560824  96383.0996
 270.00   15.0004   -0.0004   15.0004  254.4644  254.4644  0.000000       0.00000       0.00000            196.5339    0.000000    -0.00010     0.00000   -0.000002330    0.000005787    0.000005542  251.683619  96225.8801
 282.00   15.0000   -0.0000   15.0000  255.6381  255.6381  0.000000       0.00000       0.00000        1840488.1529    0.000000    -0.00006     0.00000   -0.000000000    0.000004657    0.000004509  252.727057  96069.5907
 294.00   15.0000   -0.0000   15.0000  256.3395  256.3395  0.000000       0.00000       0.00000        2096603.8181    0.000000    -0.00006     0.00000    0.000000000    0.000003295    0.000003110  253.303215  95914.0547
 306.00   15.0000   -0.0000   15.0000  256.9534  256.9534  0.000000       0.00000       0.00000        1795995.6943    0.000000    -0.00005     0.00000    0.000000000    0.000002854    0.000002678  253.792609  95759.0967
 318.00   15.0000   -0.0000   15.0000  257.4689  257.4689  0.000000       0.00000       0.00000        1547954.1033    0.000000    -0.00005     0.00000    0.000000000    0.000002461    0.000002287  254.184569  95604.6573
 330.00   15.0000   -0.0000   15.0000  257.9287  257.9287  0.000000       0.00000       0.00000        1385154.2319    0.000000    -0.00004     0.00000    0.000000000    0.000002200    0.000002028  254.521376  95450.6877
 342.00   15.0000    0.0000   15.0000  258.3432  258.3432  0.000000       0.00000       0.00000        1262455.2602    0.000000    -0.00004     0.00000    0.000000000    0.000001999    0.000001829  254.813202  95297.1557
 354.00   15.0000    0.0000   15.0000  258.7269  258.7269  0.000000       0.00000       0.00000        1166288.7365    0.000000    -0.00004     0.00000    0.000000000    0.000001838    0.000001669  255.074478  95144.0368
 366.00   15.0000    0.0000   15.0000  259.0817  259.0817  0.000000       0.00000       0.00000        1093092.6408    0.000000    -0.00004     0.00000    0.000000000    0.000001716    0.000001547  255.307079  94991.3118
 378.00   15.0000    0.0000   15.0000  259.4200  259.4200  0.000000       0.00000       0.00000        1023603.0023    0.000000    -0.00004     0.00000    0.000000000    0.000001593    0.000001425  255.523282  94838.9658
 390.00   15.0000    0.0000   15.0000  259.7316  259.7316  0.000000       0.00000       0.00000         969872.0984    0.000000    -0.00004     0.00000    0.000000000    0.000001499    0.000001330  255.713007  94686.9848
 402.00   15.0000    0.0000   15.0000  260.0365  260.0365  0.000000       0.00000       0.00000         915398.1380    0.000000    -0.00003     0.00000    0.000000000    0.000001397    0.000001229  255.896056  94535.3578
 414.00   15.0000    0.0000   15.0000  260.3142  260.3142  0.000000       0.00000       0.00000         868893.8629    0.000000    -0.00004     0.00000    0.000000000    0.000001309    0.000001140  256.052105  94384.0738
 426.00   15.0000    0.0000   15.0000  260.5901  260.5901  0.000000       0.00000       0.00000         833200.5724    0.000000    -0.00003     0.00000    0.000000000    0.000001241    0.000001073  256.206356  94233.1234
 438.00   15.0000    0.0000   15.0000  260.8455  260.8455  0.000000       0.00000       0.00000         794219.5585    0.000000    -0.00003     0.00000    0.000000000    0.000001164    0.000000995  256.340357  94082.4991
 450.00   15.0000    0.0000   15.0000  261.0971  261.0971  0.000000       0.00000       0.00000         767804.2424    0.000000    -0.00003     0.00000    0.000000000    0.000001113    0.000000944  256.470423  93932.1929
 462.00   15.0000    0.0000   15.0000  261.3362  261.3362  0.000000       0.00000       0.00000         738574.1468    0.000000    -0.00003     0.00000    0.000000000    0.000001054    0.000000884  256.588099  93782.1992
 474.00   15.0000    0.0000   15.0000  261.5695  261.5695  0.000000       0.00000       0.00000         716687.9028    0.000000    -0.00003     0.00000    0.000000000    0.000001010    0.000000841  256.700029  93632.5120
 486.00   15.0000    0.0000   15.0000  261.7949  261.7949  0.000000       0.00000       0.00000         693388.5590    0.000000    -0.00003     0.00000    0.000000000    0.000000962    0.000000792  256.804158  93483.1266
 498.00   15.0000    0.0000   15.0000  262.0137  262.0137  0.000000       0.00000       0.00000         671345.3074    0.000000    -0.00003     0.00000    0.000000000    0.000000915    0.000000745  256.901627  93334.0380
 510.00   15.0000    0.0000   15.0000  262.2254  262.2254  0.000000       0.00000       0.00000         651008.6724    0.000000    -0.00003     0.00000    0.000000000    0.000000871    0.000000701  256.992063  93185.2415
 522.00   15.0000    0.0000   15.0000  262.4315  262.4315  0.000000       0.00000       0.00000         632537.9565    0.000000    -0.00003     0.00000    0.000000000    0.000000831    0.000000660  257.076889  93036.7329
 534.00   15.0000    0.0000   15.0000  262.6317  262.6317  0.000000       0.00000       0.00000         615903.3813    0.000000    -0.00003     0.00000    0.000000000    0.000000795    0.000000623  257.155839  92888.5081
 546.00   15.0000    0.0000   15.0000  262.8274  262.8274  0.000000       0.00000       0.00000         598781.8101    0.000000    -0.00003     0.00000    0.000000000    0.000000756    0.000000584  257.230319  92740.5636
 558.00   15.0000    0.0000   15.0000  263.0168  263.0168  0.000000       0.00000       0.00000         583505.5118    0.000000    -0.00003     0.00000    0.000000000    0.000000721    0.000000549  257.298603  92592.8956
 570.00   15.0000    0.0000   15.0000  263.2030  263.2030  0.000000       0.00000       0.00000         566720.3296    0.000000    -0.00003     0.00000    0.000000000    0.000000681    0.000000509  257.363562  92445.5010
 582.00   15.0000    0.0000   15.0000  263.3819  263.3819  0.000000       0.00000       0.00000         551391.1601    0.000000    -0.00003     0.00000    0.000000000    0.000000645    0.000000472  257.421368  92298.3760
 594.00   15.0000    0.0000   15.0000  263.5584  263.5584  0.000000       0.00000       0.00000         536215.7344    0.000000    -0.00003     0.00000    0.000000000    0.000000608    0.000000435  257.476749  92151.5174
 606.00   15.0000    0.0000   15.0000  263.7278  263.7278  0.000000       0.00000       0.00000         519733.3973    0.000000    -0.00003     0.00000    0.000000000    0.000000566    0.000000394  257.525068  92004.9221
 618.00   15.0000    0.0000   15.0000  263.8938  263.8938  0.000000       0.00000       0.00000         506716.8634    0.000000    -0.00003     0.00000    0.000000000    0.000000534    0.000000361  257.570124  91858.5864
 630.00   15.0000    0.0000   15.0000  264.0550  264.0550  0.000000       0.00000       0.00000         493033.6433    0.000000    -0.00003     0.00000    0.000000000    0.000000499    0.000000326  257.610296  91712.5076
 642.00   15.0000    0.0000   15.0000  264.2125  264.2125  0.000000       0.00000       0.00000         481617.5908    0.000000    -0.00003     0.00000    0.000000000    0.000000470    0.000000297  257.646774  91566.6829
 654.00   15.0000    0.0000   15.0000  264.3664  264.3664  0.000000       0.00000       0.00000         470949.6344    0.000000    -0.00003     0.00000    0.000000000    0.000000443    0.000000270  257.679792  91421.1096
 666.00   15.0000    0.0000   15.0000  264.5172  264.5172  0.000000       0.00000       0.00000         461266.3908    0.000000    -0.00003     0.00000    0.000000000    0.000000418    0.000000245  257.709582  91275.7854
 678.00   15.0000    0.0000   15.0000  264.6650  264.6650  0.000000       0.00000       0.00000         451976.0970    0.000000    -0.00003     0.00000    0.000000000    0.000000394    0.000000220  257.736526  91130.7082
 690.00   15.0000    0.0000   15.0000  264.8099  264.8099  0.000000       0.00000       0.00000         443351.8570    0.000000    -0.00003     0.00000    0.000000000    0.000000371    0.000000197  257.760486  90985.8759
 702.00   15.0000    0.0000   15.0000  264.9524  264.9524  0.000000       0.00000       0.00000         435936.0217    0.000000    -0.00003     0.00000    0.000000000    0.000000351    0.000000178  257.782016  90841.2865
 714.00   15.0000    0.0000   15.0000  265.0926  265.0926  0.000000       0.00000       0.00000         429517.3208    0.000000    -0.00003     0.00000    0.000000000    0.000000335    0.000000161  257.801322  90696.9383
 726.00   15.0000    0.0000   15.0000  265.2310  265.2310  0.000000       0.00000       0.00000         424041.3407    0.000000    -0.00003     0.00000    0.000000000    0.000000320    0.000000146  257.818823  90552.8298
 738.00   15.0000    0.0000   15.0000  265.3678  265.3678  0.000000       0.00000       0.00000         419261.7534    0.000000    -0.00003     0.00000    0.000000000    0.000000308    0.000000133  257.834691  90408.9596
 750.00   15.0000    0.0000   15.0000  265.5033  265.5033  0.000000       0.00000       0.00000         414978.2588    0.000000    -0.00003     0.00000    0.000000000    0.000000296    0.000000122  257.849193  90265.3263
 762.00   15.0000    0.0000   15.0000  265.6375  265.6375  0.000000       0.00000       0.00000         411475.9320    0.000000    -0.00003     0.00000    0.000000000    0.000000287    0.000000113  257.862373  90121.9290
 774.00   15.0000    0.0000   15.0000  265.7708  265.7708  0.000000       0.00000       0.00000         408290.0000    0.000000    -0.00003     0.00000    0.000000000    0.000000279    0.000000104  257.874677  89978.7665
 786.00   15.0000    0.0000   15.0000  265.9030  265.9030  0.000000       0.00000       0.00000         406042.2244    0.000000    -0.00003     0.00000    0.000000000    0.000000273    0.000000098  257.885859  89835.8380
 798.00   15.0000    0.0000   15.0000  266.0350  266.0350  0.000000       0.00000       0.00000         404589.5645    0.000000    -0.00003     0.00000    0.000000000    0.000000270    0.000000094  257.896756  89693.1426
 810.00   15.0000    0.0000   15.0000  266.1665  266.1665  0.000000       0.00000       0.00000         404230.4284    0.000000    -0.00003     0.00000    0.000000000    0.000000270    0.000000093  257.907032  89550.6797
 822.00   15.0000    0.0000   15.0000  266.2984  266.2984  0.000000       0.00000       0.00000         404821.0867    0.000000    -0.00003     0.00000    0.000000000    0.000000272    0.000000095  257.917712  89408.4488
 834.00   15.0000    0.0000   15.0000  266.4303  266.4303  0.000000       0.00000       0.00000         405673.8905    0.000000    -0.00003     0.00000    0.000000000    0.000000275    0.000000098  257.928372  89266.4498
 846.00   15.0000    0.0000   15.0000  266.5629  266.5629  0.000000       0.00000       0.00000         407902.1875    0.000000    -0.00004     0.00000    0.000000000    0.000000282    0.000000105  257.939601  89124.6822
 858.00   15.0000    0.0000   15.0000  266.6964  266.6964  0.000000       0.00000       0.00000         412130.9871    0.000000    -0.00004     0.00000    0.000000000    0.000000295    0.000000117  257.951678  88983.1462
 870.00   15.0000    0.0000   15.0000  266.8319  266.8319  0.000000       0.00000       0.00000         418815.5445    0.000000    -0.00004     0.00000    0.000000000    0.000000316    0.000000136  257.965588  88841.8421
 882.00   15.0000    0.0000   15.0000  266.9699  266.9699  0.000000       0.00000       0.00000         427404.6868    0.000000    -0.00004     0.00000    0.000000000    0.000000342    0.000000161  257.981900  88700.7706
 894.00   15.0000    0.0000   15.0000  267.1111  267.1111  0.000000       0.00000       0.00000         440403.1572    0.000000    -0.00004     0.00000    0.000000000    0.000000381    0.000000199  258.001249  88559.9329
 906.00   15.0000    0.0000   15.0000  267.2578  267.2578  0.000000       0.00000       0.00000         455869.6342    0.000000    -0.00004     0.00000    0.000000000    0.000000428    0.000000245  258.025788  88419.3307
 918.00   15.0000    0.0000   15.0000  267.4093  267.4093  0.000000       0.00000       0.00000         485688.6595    0.000000    -0.00005     0.00000    0.000000000    0.000000518    0.000000332  258.054931  88278.9663
 930.00   15.0000    0.0000   15.0000  267.5756  267.5756  0.000000       0.00000       0.00000         505006.0964    0.000000    -0.00005     0.00000    0.000000000    0.000000577    0.000000390  258.098332  88138.8445
 942.00   15.0000    0.0000   15.0000  267.7400  267.7400  0.000000       0.00000       0.00000         592491.7822    0.000000    -0.00007     0.00000    0.000000000    0.000000843    0.000000647  258.139732  87998.9680
 954.00   15.0000    0.0000   15.0000  267.9639  267.9639  0.000000       0.00000       0.00000         594950.6253    0.000000    -0.00005     0.00000    0.000000000    0.000000855    0.000000661  258.238440  87859.3513
 966.00   15.0000    0.0000   15.0000  268.1302  268.1302  0.000000       0.00000       0.00000         880919.7242    0.000000    -0.00012     0.00000    0.000000000    0.000001740    0.000001511  258.281563  87719.9945
 978.00   15.0000    0.0000   15.0000  268.5419  268.5419  0.000000       0.00000       0.00000         814745.2219    0.000000    -0.00004     0.00000    0.000000000    0.000001546    0.000001347  258.561029  87580.9453
 990.00   15.0000    0.0000   15.0000  268.6656  268.6656  0.000000       0.00000       0.00000        2237291.3214    0.000000    -0.00042     0.00000    0.000000000    0.000006236    0.000005668  258.562997  87442.1922
1002.00   15.0000    0.0000   15.0000  270.0130  270.0130  0.000000       0.00000       0.00000        2156992.0306    0.000000    -0.00002     0.00000    0.000000000    0.000006011    0.000005965  259.742309  87303.9734
1014.00   15.0000    0.0000   15.0000  270.0910  270.0910  0.000000       0.00000       0.00000         236005.2723    0.000000    -0.00002     0.00000    0.000000000   -0.000000243   -0.000000441  259.700231  87166.2759
1026.00   15.0000    0.0000   15.0000  270.1690  270.1690  0.000000       0.00000       0.00000         235937.1356    0.000000    -0.00002     0.00000    0.000000000   -0.000000243   -0.000000441  259.658120  87028.7733
1038.00   15.0000    0.0000   15.0000  270.2470  270.2470  0.000000       0.00000       0.00000         235869.0383    0.000000    -0.00003     0.00000    0.000000000   -0.000000243   -0.000000440  259.615975  86891.4654
1050.00   15.0000    0.0000   15.0000  270.3250  270.3250  0.000000       0.00000       0.00000         235800.9803    0.000000    -0.00003     0.00000    0.000000000   -0.000000243   -0.000000440  259.573796  86754.3519
1062.00   15.0000    0.0000   15.0000  270.4030  270.4030  0.000000       0.00000       0.00000         235732.9615    0.000000    -0.00003     0.00000    0.000000000   -0.000000243   -0.000000440  259.531583  86617.4325
1074.00   15.0000    0.0000   15.0000  270.4810  270.4810  0.000000       0.00000       0.00000         235664.9820    0.000000    -0.00003     0.00000    0.000000000   -0.000000243   -0.000000439  259.489336  86480.7070
1086.00   15.0000    0.0000   15.0000  270.5590  270.5590  0.000000       0.00000       0.00000         235597.0417    0.000000    -0.00003     0.00000    0.000000000   -0.000000244   -0.000000439  259.447056  86344.1751
1098.00   15.0000    0.0000   15.0000  270.6370  270.6370  0.000000       0.00000       0.00000         235529.1405    0.000000    -0.00003     0.00000    0.000000000   -0.000000244   -0.000000439  259.404742  86207.8365
1110.00   15.0000    0.0000   15.0000  270.7150  270.7150  0.000000       0.00000       0.00000         235461.2785    0.000000    -0.00003     0.00000    0.000000000   -0.000000244   -0.000000438  259.362394  86071.6910
1122.00   15.0000    0.0000   15.0000  270.7930  270.7930  0.000000       0.00000       0.00000         235393.4555    0.000000    -0.00003     0.00000    0.000000000   -0.000000244   -0.000000438  259.320012  85935.7383
1134.00   15.0000    0.0000   15.0000  270.8710  270.8710  0.000000       0.00000       0.00000         235325.6716    0.000000    -0.00003     0.00000    0.000000000   -0.000000244   -0.000000438  259.277597  85799.9782
1146.00   15.0000    0.0000   15.0000  270.9490  270.9490  0.000000       0.00000       0.00000         235257.9268    0.000000    -0.00003     0.00000    0.000000000   -0.000000244   -0.000000437  259.235148  85664.4104
1158.00   15.0000    0.0000   15.0000  271.0270  271.0270  0.000000       0.00000       0.00000         235190.2209    0.000000    -0.00003     0.00000    0.000000000   -0.000000244   -0.000000437  259.192665  85529.0346
1170.00   15.0000    0.0000   15.0000  271.1050  271.1050  0.000000       0.00000       0.00000         235122.5540    0.000000    -0.00003     0.00000    0.000000000   -0.000000244   -0.000000437  259.150149  85393.8506
1182.00   15.0000    0.0000   15.0000  271.1830  271.1830  0.000000       0.00000       0.00000         235054.9260    0.000000    -0.00003     0.00000    0.000000000   -0.000000244   -0.000000436  259.107599  85258.8582
1194.00   15.0000    0.0000   15.0000  271.2610  271.2610  0.000000       0.00000       0.00000         234987.3369    0.000000    -0.00003     0.00000    0.000000000   -0.000000244   -0.000000436  259.065015  85124.0570
1206.00   15.0000    0.0000   15.0000  271.3390  271.3390  0.000000       0.00000       0.00000         234919.7867    0.000000    -0.00003     0.00000    0.000000000   -0.000000244   -0.000000436  259.022397  84989.4469
1218.00   15.0000    0.0000   15.0000  271.4170  271.4170  0.000000       0.00000       0.00000         234852.2753    0.000000    -0.00003     0.00000    0.000000000   -0.000000244   -0.000000435  258.979746  84855.0275
1230.00   15.0000    0.0000   15.0000  271.4950  271.4950  0.000000       0.00000       0.00000         234784.8027    0.000000    -0.00003     0.00000    0.000000000   -0.000000244   -0.000000435  258.937061  84720.7986
1242.00   15.0000    0.0000   15.0000  271.5730  271.5730  0.000000       0.00000       0.00000         234717.3688    0.000000    -0.00003     0.00000    0.000000000   -0.000000244   -0.000000435  258.894343  84586.7599
1254.00   15.0000    0.0000   15.0000  271.6510  271.6510  0.000000       0.00000       0.00000         234649.9737    0.000000    -0.00003     0.00000    0.000000000   -0.000000244   -0.000000434  258.851591  84452.9113
1266.00   15.0000    0.0000   15.0000  271.7290  271.7290  0.000000       0.00000       0.00000         234582.6172    0.000000    -0.00003     0.00000    0.000000000   -0.000000244   -0.000000434  258.808805  84319.2524
1278.00   15.0000    0.0000   15.0000  271.8070  271.8070  0.000000       0.00000       0.00000         234515.2995    0.000000    -0.00003     0.00000    0.000000000   -0.000000244   -0.000000433  258.765986  84185.7829
1290.00   15.0000    0.0000   15.0000  271.8850  271.8850  0.000000       0.00000       0.00000         234448.0203    0.000000    -0.00003     0.00000    0.000000000   -0.000000244   -0.000000433  258.723133  84052.5027
1302.00   15.0000    0.0000   15.0000  271.9630  271.9630  0.000000       0.00000       0.00000         234380.7797    0.000000    -0.00003     0.00000    0.000000000   -0.000000244   -0.000000433  258.680247  83919.4115
1314.00   15.0000    0.0000   15.0000  272.0410  272.0410  0.000000       0.00000       0.00000         234313.5777    0.000000    -0.00003     0.00000    0.000000000   -0.000000244   -0.000000432  258.637327  83786.5089
1326.00   15.0000    0.0000   15.0000  272.1190  272.1190  0.000000       0.00000       0.00000         234246.4143    0.000000    -0.00003     0.00000    0.000000000   -0.000000244   -0.000000432  258.594373  83653.7949
1338.00   15.0000    0.0000   15.0000  272.1970  272.1970  0.000000       0.00000       0.00000         234179.2893    0.000000    -0.00003     0.00000    0.000000000   -0.000000244   -0.000000432  258.551386  83521.2690
1350.00   15.0000    0.0000   15.0000  272.2750  272.2750  0.000000       0.00000       0.00000         234112.2027    0.000000    -0.00003     0.00000    0.000000000   -0.000000244   -0.000000431  258.508365  83388.9311
1362.00   15.0000    0.0000   15.0000  272.3530  272.3530  0.000000       0.00000       0.00000         234045.1546    0.000000    -0.00003     0.00000    0.000000000   -0.000000244   -0.000000431  258.465311  83256.7809
1374.00   15.0000    0.0000   15.0000  272.4310  272.4310  0.000000       0.00000       0.00000         233978.1449    0.000000    -0.00003     0.00000    0.000000000   -0.000000244   -0.000000430  258.422223  83124.8182
1386.00   15.0000    0.0000   15.0000  272.5090  272.5090  0.000000       0.00000       0.00000         233911.1736    0.000000    -0.00003     0.00000    0.000000000   -0.000000244   -0.000000430  258.379101  82993.0427
1398.00   15.0000    0.0000   15.0000  272.5870  272.5870  0.000000       0.00000       0.00000         233844.2406    0.000000    -0.00003     0.00000    0.000000000   -0.000000244   -0.000000430  258.335947  82861.4541
1410.00   15.0000    0.0000   15.0000  272.6650  272.6650  0.000000       0.00000       0.00000         233777.3458    0.000000    -0.00003     0.00000    0.000000000   -0.000000244   -0.000000429  258.292758  82730.0522
1422.00   15.0000    0.0000   15.0000  272.7430  272.7430  0.000000       0.00000       0.00000         233710.4894    0.000000    -0.00003     0.00000    0.000000000   -0.000000244   -0.000000429  258.249536  82598.8368
1434.00   15.0000    0.0000   15.0000  272.8210  272.8210  0.000000       0.00000       0.00000         233643.6711    0.000000    -0.00003     0.00000    0.000000000   -0.000000244   -0.000000429  258.206281  82467.8075
1446.00   15.0000    0.0000   15.0000  272.8990  272.8990  0.000000       0.00000       0.00000         233576.8911    0.000000    -0.00004     0.00000    0.000000000   -0.000000244   -0.000000428  258.162992  82336.9642
1458.00   15.0000    0.0000   15.0000  272.9770  272.9770  0.000000       0.00000       0.00000         233510.1492    0.000000    -0.00004     0.00000    0.000000000   -0.000000244   -0.000000428  258.119670  82206.3066
1470.00   15.0000    0.0000   15.0000  273.0550  273.0550  0.000000       0.00000       0.00000         233443.4455    0.000000    -0.00004     0.00000    0.000000000   -0.000000244   -0.000000427  258.076314  82075.8345
1482.00   15.0000    0.0000   15.0000  273.1330  273.1330  0.000000       0.00000       0.00000         233376.7798    0.000000    -0.00004     0.00000    0.000000000   -0.000000244   -0.000000427  258.032925  81945.5475
1494.00   15.0000    0.0000   15.0000  273.2110  273.2110  0.000000       0.00000       0.00000         233310.1522    0.000000    -0.00004     0.00000    0.000000000   -0.000000244   -0.000000427  257.989502  81815.4455
1506.00   15.0000    0.0000   15.0000  273.2890  273.2890  0.000000       0.00000       0.00000         233243.5627    0.000000    -0.00004     0.00000    0.000000000   -0.000000244   -0.000000426  257.946046  81685.5282
1518.00   15.0000    0.0000   15.0000  273.3670  273.3670  0.000000       0.00000       0.00000         233177.0111    0.000000    -0.00004     0.00000    0.000000000   -0.000000244   -0.000000426  257.902557  81555.7954
1530.00   15.0000    0.0000   15.0000  273.4450  273.4450  0.000000       0.00000       0.00000         233110.4975    0.000000    -0.00004     0.00000    0.000000000   -0.000000244   -0.000000425  257.859034  81426.2468
1542.00   15.0000    0.0000   15.0000  273.5230  273.5230  0.000000       0.00000       0.00000         233044.0219    0.000000    -0.00004     0.00000    0.000000000   -0.000000244   -0.000000425  257.815477  81296.8821
1554.00   15.0000    0.0000   15.0000  273.6010  273.6010  0.000000       0.00000       0.00000         232977.5841    0.000000    -0.00004     0.00000    0.000000000   -0.000000244   -0.000000425  257.771888  81167.7011
1566.00   15.0000    0.0000   15.0000  273.6790  273.6790  0.000000       0.00000       0.00000         232911.1843    0.000000    -0.00004     0.00000    0.000000000   -0.000000244   -0.000000424  257.728264  81038.7036
1578.00   15.0000    0.0000   15.0000  273.7570  273.7570  0.000000       0.00000       0.00000         232844.8222    0.000000    -0.00004     0.00000    0.000000000   -0.000000244   -0.000000424  257.684608  80909.8894
1590.00   15.0000    0.0000   15.0000  273.8350  273.8350  0.000000       0.00000       0.00000         232778.4980    0.000000    -0.00004     0.00000    0.000000000   -0.000000244   -0.000000423  257.640918  80781.2581
1602.00   15.0000    0.0000   15.0000  273.9130  273.9130  0.000000       0.00000       0.00000         232712.2115    0.000000    -0.00004     0.00000    0.000000000   -0.000000243   -0.000000423  257.597195  80652.8095
1614.00   15.0000    0.0000   15.0000  273.9910  273.9910  0.000000       0.00000       0.00000         232645.9628    0.000000    -0.00004     0.00000    0.000000000   -0.000000243   -0.000000423  257.553438  80524.5434
1626.00   15.0000    0.0000   15.0000  274.0690  274.0690  0.000000       0.00000       0.00000         232579.7518    0.000000    -0.00004     0.00000    0.000000000   -0.000000243   -0.000000422  257.509649  80396.4596
1638.00   15.0000    0.0000   15.0000  274.1470  274.1470  0.000000       0.00000       0.00000         232513.5785    0.000000    -0.00004     0.00000    0.000000000   -0.000000243   -0.000000422  257.465825  80268.5577
1650.00   15.0000    0.0000   15.0000  274.2250  274.2250  0.000000       0.00000       0.00000         232447.4428    0.000000    -0.00004     0.00000    0.000000000   -0.000000243   -0.000000421  257.421969  80140.8376
1662.00   15.0000    0.0000   15.0000  274.3030  274.3030  0.000000       0.00000       0.00000         232381.3447    0.000000    -0.00004     0.00000    0.000000000   -0.000000243   -0.000000421  257.378079  80013.2990
1674.00   15.0000    0.0000   15.0000  274.3810  274.3810  0.000000       0.00000       0.00000         232315.2842    0.000000    -0.00004     0.00000    0.000000000   -0.000000243   -0.000000421  257.334156  79885.9416
1686.00   15.0000    0.0000   15.0000  274.4590  274.4590  0.000000       0.00000       0.00000         232249.2613    0.000000    -0.00004     0.00000    0.000000000   -0.000000243   -0.000000420  257.290200  79758.7653
1698.00   15.0000    0.0000   15.0000  274.5370  274.5370  0.000000       0.00000       0.00000         232183.2758    0.000000    -0.00004     0.00000    0.000000000   -0.000000243   -0.000000420  257.246210  79631.7698
1710.00   15.0000    0.0000   15.0000  274.6150  274.6150  0.000000       0.00000       0.00000         232117.3279    0.000000    -0.00004     0.00000    0.000000000   -0.000000243   -0.000000419  257.202187  79504.9548
1722.00   15.0000    0.0000   15.0000  274.6930  274.6930  0.000000       0.00000       0.00000         232051.4174    0.000000    -0.00004     0.00000    0.000000000   -0.000000243   -0.000000419  257.158131  79378.3200
1734.00   15.0000    0.0000   15.0000  274.7710  274.7710  0.000000       0.00000       0.00000         231985.5443    0.000000    -0.00004     0.00000    0.000000000   -0.000000243   -0.000000419  257.114041  79251.8654
1746.00   15.0000    0.0000   15.0000  274.8490  274.8490  0.000000       0.00000       0.00000         231919.7086    0.000000    -0.00004     0.00000    0.000000000   -0.000000243   -0.000000418  257.069919  79125.5905
1758.00   15.0000    0.0000   15.0000  274.9270  274.9270  0.000000       0.00000       0.00000         231853.9103    0.000000    -0.00004     0.00000    0.000000000   -0.000000243   -0.000000418  257.025763  78999.4952
1770.00   15.0000    0.0000   15.0000  275.0050  275.0050  0.000000       0.00000       0.00000         231788.1493    0.000000    -0.00004     0.00000    0.000000000   -0.000000243   -0.000000417  256.981574  78873.5792
1782.00   15.0000    0.0000   15.0000  275.0830  275.0830  0.000000       0.00000       0.00000         231722.4256    0.000000    -0.00004     0.00000    0.000000000   -0.000000243   -0.000000417  256.937351  78747.8423
1794.00   15.0000    0.0000   15.0000  275.1610  275.1610  0.000000       0.00000       0.00000         231656.7391    0.000000    -0.00004     0.00000    0.000000000   -0.000000243   -0.000000416  256.893096  78622.2843
1806.00   15.0000    0.0000   15.0000  275.2390  275.2390  0.000000       0.00000       0.00000         231591.0899    0.000000    -0.00004     0.00000    0.000000000   -0.000000243   -0.000000416  256.848807  78496.9049
1818.00   15.0000    0.0000   15.0000  275.3170  275.3170  0.000000       0.00000       0.00000         231525.4779    0.000000    -0.00004     0.00000    0.000000000   -0.000000243   -0.000000416  256.804485  78371.7038
1830.00   15.0000    0.0000   15.0000  275.3950  275.3950  0.000000       0.00000       0.00000         231459.9030    0.000000    -0.00004     0.00000    0.000000000   -0.000000243   -0.000000415  256.760130  78246.6809
1842.00   15.0000    0.0000   15.0000  275.4730  275.4730  0.000000       0.00000       0.00000         231394.3653    0.000000    -0.00004     0.00000    0.000000000   -0.000000243   -0.000000415  256.715742  78121.8358
1854.00   15.0000    0.0000   15.0000  275.5510  275.5510  0.000000       0.00000       0.00000         231328.8647    0.000000    -0.00005     0.00000    0.000000000   -0.000000242   -0.000000414  256.671320  77997.1684
1866.00   15.0000    0.0000   15.0000  275.6290  275.6290  0.000000       0.00000       0.00000         231263.4012    0.000000    -0.00005     0.00000    0.000000000   -0.000000242   -0.000000414  256.626866  77872.6784
1878.00   15.0000    0.0000   15.0000  275.7070  275.7070  0.000000       0.00000       0.00000         231197.9747    0.000000    -0.00005     0.00000    0.000000000   -0.000000242   -0.000000413  256.582378  77748.3656
1890.00   15.0000    0.0000   15.0000  275.7850  275.7850  0.000000       0.00000       0.00000         231132.5852    0.000000    -0.00005     0.00000    0.000000000   -0.000000242   -0.000000413  256.537857  77624.2297
1902.00   15.0000    0.0000   15.0000  275.8630  275.8630  0.000000       0.00000       0.00000         231067.2326    0.000000    -0.00005     0.00000    0.000000000   -0.000000242   -0.000000413  256.493303  77500.2705
1914.00   15.0000    0.0000   15.0000  275.9410  275.9410  0.000000       0.00000       0.00000         231001.9171    0.000000    -0.00005     0.00000    0.000000000   -0.000000242   -0.000000412  256.448716  77376.4878
1926.00   15.0000    0.0000   15.0000  276.0190  276.0190  0.000000       0.00000       0.00000         230936.6384    0.000000    -0.00005     0.00000    0.000000000   -0.000000242   -0.000000412  256.404096  77252.8813
1938.00   15.0000    0.0000   15.0000  276.0970  276.0970  0.000000       0.00000       0.00000         230871.3966    0.000000    -0.00005     0.00000    0.000000000   -0.000000242   -0.000000411  256.359443  77129.4508
1950.00   15.0000    0.0000   15.0000  276.1750  276.1750  0.000000       0.00000       0.00000         230806.1917    0.000000    -0.00005     0.00000    0.000000000   -0.000000242   -0.000000411  256.314757  77006.1960
1962.00   15.0000    0.0000   15.0000  276.2530  276.2530  0.000000       0.00000       0.00000         230741.0236    0.000000    -0.00005     0.00000    0.000000000   -0.000000242   -0.000000410  256.270037  76883.1168
1974.00   15.0000    0.0000   15.0000  276.3310  276.3310  0.000000       0.00000       0.00000         230675.8923    0.000000    -0.00005     0.00000    0.000000000   -0.000000242   -0.000000410  256.225285  76760.2128
1986.00   15.0000    0.0000   15.0000  276.4090  276.4090  0.000000       0.00000       0.00000         230610.7978    0.000000    -0.00005     0.00000    0.000000000   -0.000000242   -0.000000409  256.180499  76637.4839
1998.00   15.0000    0.0000   15.0000  276.4870  276.4870  0.000000       0.00000       0.00000         230545.7399    0.000000    -0.00005     0.00000    0.000000000   -0.000000242   -0.000000409  256.135681  76514.9298
2010.00   15.0000    0.0000   15.0000  276.5650  276.5650  0.000000       0.00000       0.00000         230480.7188    0.000000    -0.00005     0.00000    0.000000000   -0.000000242   -0.000000409  256.090829  76392.5503
2022.00   15.0000    0.0000   15.0000  276.6430  276.6430  0.000000       0.00000       0.00000         230415.7344    0.000000    -0.00005     0.00000    0.000000000   -0.000000241   -0.000000408  256.045944  76270.3451
2034.00   15.0000    0.0000   15.0000  276.7210  276.7210  0.000000       0.00000       0.00000         230350.7865    0.000000    -0.00005     0.00000    0.000000000   -0.000000241   -0.000000408  256.001027  76148.3140
2046.00   15.0000    0.0000   15.0000  276.7990  276.7990  0.000000       0.00000       0.00000         230285.8753    0.000000    -0.00005     0.00000    0.000000000   -0.000000241   -0.000000407  255.956076  76026.4568
2058.00   15.0000    0.0000   15.0000  276.8770  276.8770  0.000000       0.00000       0.00000         230221.0007    0.000000    -0.00005     0.00000    0.000000000   -0.000000241   -0.000000407  255.911093  75904.7733
2070.00   15.0000    0.0000   15.0000  276.9550  276.9550  0.000000       0.00000       0.00000         230156.1626    0.000000    -0.00005     0.00000    0.000000000   -0.000000241   -0.000000406  255.866076  75783.2632
2082.00   15.0000    0.0000   15.0000  277.0330  277.0330  0.000000       0.00000       0.00000         230091.3610    0.000000    -0.00005     0.00000    0.000000000   -0.000000241   -0.000000406  255.821026  75661.9262
2094.00   15.0000    0.0000   15.0000  277.1110  277.1110  0.000000       0.00000       0.00000         230026.5958    0.000000    -0.00005     0.00000    0.000000000   -0.000000241   -0.000000405  255.775944  75540.7622
2106.00   15.0000    0.0000   15.0000  277.1890  277.1890  0.000000       0.00000       0.00000         229961.8672    0.000000    -0.00005     0.00000    0.000000000   -0.000000241   -0.000000405  255.730828  75419.7709
2118.00   15.0000    0.0000   15.0000  277.2670  277.2670  0.000000       0.00000       0.00000         229897.1749    0.000000    -0.00005     0.00000    0.000000000   -0.000000241   -0.000000404  255.685680  75298.9521
2130.00   15.0000    0.0000   15.0000  277.3450  277.3450  0.000000       0.00000       0.00000         229832.5191    0.000000    -0.00005     0.00000    0.000000000   -0.000000241   -0.000000404  255.640499  75178.3056
2142.00   15.0000    0.0000   15.0000  277.4230  277.4230  0.000000       0.00000       0.00000         229767.8996    0.000000    -0.00005     0.00000    0.000000000   -0.000000241   -0.000000403  255.595284  75057.8310
2154.00   15.0000    0.0000   15.0000  277.5010  277.5010  0.000000       0.00000       0.00000         229703.3164    0.000000    -0.00005     0.00000    0.000000000   -0.000000240   -0.000000403  255.550037  74937.5283
2166.00   15.0000    0.0000   15.0000  277.5790  277.5790  0.000000       0.00000       0.00000         229638.7695    0.000000    -0.00005     0.00000    0.000000000   -0.000000240   -0.000000403  255.504757  74817.3971
2178.00   15.0000    0.0000   15.0000  277.6570  277.6570  0.000000       0.00000       0.00000         229574.2589    0.000000    -0.00005     0.00000    0.000000000   -0.000000240   -0.000000402  255.459444  74697.4373
2190.00   15.0000    0.0000   15.0000  277.7350  277.7350  0.000000       0.00000       0.00000         229509.7845    0.000000    -0.00005     0.00000    0.000000000   -0.000000240   -0.000000402  255.414098  74577.6485
2202.00   15.0000    0.0000   15.0000  277.8130  277.8130  0.000000       0.00000       0.00000         229445.3463    0.000000    -0.00005     0.00000    0.000000000   -0.000000240   -0.000000401  255.368719  74458.0307
2214.00   15.0000    0.0000   15.0000  277.8910  277.8910  0.000000       0.00000       0.00000         229380.9443    0.000000    -0.00005     0.00000    0.000000000   -0.000000240   -0.000000401  255.323307  74338.5834
2226.00   15.0000    0.0000   15.0000  277.9690  277.9690  0.000000       0.00000       0.00000         229316.5785    0.000000    -0.00005     0.00000    0.000000000   -0.000000240   -0.000000400  255.277863  74219.3066
2238.00   15.0000    0.0000   15.0000  278.0470  278.0470  0.000000       0.00000       0.00000         229252.2487    0.000000    -0.00005     0.00000    0.000000000   -0.000000240   -0.000000400  255.232385  74100.2000
2250.00   15.0000    0.0000   15.0000  278.1250  278.1250  0.000000       0.00000       0.00000         229187.9551    0.000000    -0.00005     0.00000    0.000000000   -0.000000240   -0.000000399  255.186875  73981.2634
2262.00   15.0000    0.0000   15.0000  278.2030  278.2030  0.000000       0.00000       0.00000         229123.6974    0.000000    -0.00006     0.00000    0.000000000   -0.000000239   -0.000000399  255.141332  73862.4965
2274.00   15.0000    0.0000   15.0000  278.2810  278.2810  0.000000       0.00000       0.00000         229059.4759    0.000000    -0.00006     0.00000    0.000000000   -0.000000239   -0.000000398  255.095756  73743.8990
2286.00   15.0000    0.0000   15.0000  278.3590  278.3590  0.000000       0.00000       0.00000         228995.2903    0.000000    -0.00006     0.00000    0.000000000   -0.000000239   -0.000000398  255.050147  73625.4709
2298.00   15.0000    0.0000   15.0000  278.4370  278.4370  0.000000       0.00000       0.00000         228931.1406    0.000000    -0.00006     0.00000    0.000000000   -0.000000239   -0.000000397  255.004505  73507.2118
2310.00   15.0000    0.0000   15.0000  278.5150  278.5150  0.000000       0.00000       0.00000         228867.0269    0.000000    -0.00006     0.00000    0.000000000   -0.000000239   -0.000000397  254.958831  73389.1216
2322.00   15.0000    0.0000   15.0000  278.5930  278.5930  0.000000       0.00000       0.00000         228802.9491    0.000000    -0.00006     0.00000    0.000000000   -0.000000239   -0.000000396  254.913124  73271.1999
2334.00   15.0000    0.0000   15.0000  278.6710  278.6710  0.000000       0.00000       0.00000         228738.9072    0.000000    -0.00006     0.00000    0.000000000   -0.000000239   -0.000000396  254.867384  73153.4466
2346.00   15.0000    0.0000   15.0000  278.7490  278.7490  0.000000       0.00000       0.00000         228674.9011    0.000000    -0.00006     0.00000    0.000000000   -0.000000239   -0.000000395  254.821611  73035.8615
2358.00   15.0000    0.0000   15.0000  278.8270  278.8270  0.000000       0.00000       0.00000         228610.9308    0.000000    -0.00006     0.00000    0.000000000   -0.000000239   -0.000000395  254.775805  72918.4443
2370.00   15.0000    0.0000   15.0000  278.9050  278.9050  0.000000       0.00000       0.00000         228546.9963    0.000000    -0.00006     0.00000    0.000000000   -0.000000238   -0.000000394  254.729967  72801.1948
2382.00   15.0000    0.0000   15.0000  278.9830  278.9830  0.000000       0.00000       0.00000              0.0000    0.000000    -0.00006     0.00000    0.000000000    0.000000000    0.000000000  254.684096  72684.1127
2394.00   15.0000    0.0000   15.0000  279.0610  279.0610  0.000000       0.00000       0.00000              0.0000    0.000000     0.00000     0.00000    0.000000000    0.000000000    0.000000000  254.638192  72567.1979
