   0.00    0.0000    0.0000    0.0000  240.1855  240.1855  0.000000       0.00000       0.00000              0.0000    0.000000     0.00000     0.00000    0.000000000    0.000000000    0.000000000    0.000000      0.0000
   6.00    7.8617    3.4957    8.6039  241.6495  241.6495  0.000000       0.73910       0.73910              0.0000    0.000000     0.00000     0.00000   -0.000007105    0.000000000    0.000000000  241.561754  99872.8774
  18.00    8.8828    3.8735    9.6906  241.7494  241.7494  0.000000       2.32620       2.32620              0.0517    0.000000    -0.00000     0.00000   -0.000018359    0.000000000    0.000000000  241.515194  99661.1698
  30.00    9.5302    4.0706   10.3631  241.8150  241.8150  0.000000       2.26136       2.26136              0.0755    0.000000    -0.00000     0.00000   -0.000022665   -0.000000078   -0.000000112  241.463615  99492.1251
  42.00   10.1198    4.2129   10.9617  241.8770  241.8770  0.000000       2.48944       2.48944              0.0891    0.000000    -0.00000     0.00000   -0.000024875   -0.000000086   -0.000000119  241.408378  99323.3299
  54.00   10.6492    4.3083   11.4877  241.9349  241.9349  0.000000       2.47064       2.47064              0.1034    0.000000    -0.00000     0.00000   -0.000026624   -0.000000092   -0.000000124  241.349060  99154.7811
  66.00   11.1484    4.3677   11.9735  241.9919  241.9919  0.000000       2.42917       2.42917              0.1158    0.000000    -0.00000     0.00000   -0.000028141   -0.000000092   -0.000000125  241.288864  98986.4767
  78.00   11.6241    4.3952   12.4273  242.0490  242.0490  0.000000       2.32844       2.32844              0.1281    0.000000    -0.00000     0.00000   -0.000029563   -0.000000091   -0.000000123  241.228641  98818.4160
  90.00   12.0829    4.3930   12.8567  242.1070  242.1070  0.000000       2.20252       2.20252              0.1400    0.000000    -0.00000     0.00000   -0.000030964   -0.000000088   -0.000000120  241.169361  98650.5992
 102.00   12.5275    4.3621   13.2652  242.1666  242.1666  0.000000       2.05560       2.05560              0.1520    0.000000    -0.00000     0.00000   -0.000032412   -0.000000084   -0.000000116  241.111671  98483.0268
 114.00   12.9598    4.3027   13.6554  242.2285  242.2285  0.000000       1.89702       1.89702              0.1642    0.000000    -0.00000     0.00000   -0.000033927   -0.000000078   -0.000000110  241.056190  98315.6997
 126.00   13.3804    4.2149   14.0286  242.2933  242.2933  0.000000       1.73144       1.73144              0.1770    0.000000    -0.00000     0.00000   -0.000035550   -0.000000071   -0.000000104  241.003501  98148.6196
 138.00   13.7891    4.0980   14.3851  242.3615  242.3615  0.000000       1.56303       1.56303              0.1904    0.000000    -0.00000     0.00000   -0.000037323   -0.000000063   -0.000000096  240.954217  97981.7881
 150.00   14.1850    3.9513   14.7250  242.4338  242.4338  0.000000       1.39466       1.39466              0.2047    0.000000    -0.00000     0.00000   -0.000039285   -0.000000054   -0.000000087  240.909005  97815.2075
 162.00   14.5665    3.7741   15.0475  242.5110  242.5110  0.000000       1.22865       1.22865              0.2202    0.000000    -0.00000     0.00000   -0.000041501   -0.000000042   -0.000000076  240.868631  97648.8806
 174.00   14.9316    3.5653   15.3514  242.5941  242.5941  0.000000       1.06656       1.06656              0.2372    0.000000    -0.00000     0.00000   -0.000044029   -0.000000029   -0.000000063  240.834011  97482.8108
 186.00   15.2774    3.3240   15.6348  242.6841  242.6841  0.000000       0.91000       0.91000              0.2563    0.000000    -0.00001     0.00000   -0.000046941   -0.000000013   -0.000000047  240.806273  97317.0019
 198.00   15.6001    3.0490   15.8952  242.7826  242.7826  0.000000       0.75907       0.75907              0.2783    0.000000    -0.00001     0.00000   -0.000050319    0.000000007   -0.000000029  240.786910  97151.4589
 210.00   15.8947    2.7394   16.1291  242.8916  242.8916  0.000000       0.61662       0.61662              0.3041    0.000000    -0.00001     0.00000   -0.000054431    0.000000032   -0.000000005  240.777886  96986.1877
 222.00   16.1555    2.3935   16.3318  243.0142  243.0142  0.000000       0.47809       0.47809              0.3363    0.000000    -0.00001     0.00000   -0.000059409    0.000000065    0.000000027  240.782342  96821.1961
 234.00   16.3721    2.0118   16.4952  243.1545  243.1545  0.000000       0.35687       0.35687              0.3763    0.000000    -0.00001     0.00000   -0.000065854    0.000000114    0.000000073  240.804235  96656.4942
 246.00   16.5332    1.5852   16.6090  243.3237  243.3237  0.000000       0.22359       0.22359              0.4408    0.000000    -0.00002     0.00000   -0.000075248    0.000000181    0.000000138  240.854619  96492.0971
 258.00   16.6040    1.1378   16.6429  243.5271  243.5271  0.000000       0.15254       0.15254              0.5110    0.000000    -0.00002     0.00000   -0.000098160    0.000000332    0.000000281  240.938855  96328.0254
 270.00   16.4967    0.6017   16.5077  243.8358  243.8358  0.000000       0.00371       0.00371              1.6945    0.000000     0.00000     0.00000   -0.000078080    0.000008655    0.000006384  241.127063  96164.3252
 282.00   15.0915   -0.0237   15.0915  249.9119  249.9119  0.000000       0.00052       0.00052              2.7043    0.000000    -0.00012     0.00000   -0.000086866    0.000010872    0.000012506  247.017133  96002.9113
 294.00   15.0004   -0.0003   15.0004  251.3056  251.3056  0.000000       0.00000       0.00000            288.4701    0.000000    -0.00012     0.00000   -0.000002535    0.000005065    0.000004831  248.277286  95844.1160
 306.00   15.0000   -0.0000   15.0000  252.6614  252.6614  0.000000       0.00000       0.00000        2415088.1234    0.000000    -0.00008     0.00000    0.000000000    0.000004327    0.000004196  249.499278  95686.3734
 318.00   15.0000   -0.0000   15.0000  253.5140  253.5140  0.000000       0.00000       0.00000        2561482.5864    0.000000    -0.00007     0.00000    0.000000000    0.000003224    0.000003057  250.223907  95529.5041
 330.00   15.0000   -0.0000   15.0000  254.2506  254.2506  0.000000       0.00000       0.00000        2183755.3516    0.000000    -0.00006     0.00000    0.000000000    0.000002826    0.000002667  250.833720  95373.3088
 342.00   15.0000   -0.0000   15.0000  254.8728  254.8728  0.000000       0.00000       0.00000        1879737.7633    0.000000    -0.00006     0.00000    0.000000000    0.000002474    0.000002317  251.330295  95217.7124
 354.00   15.0000   -0.0000   15.0000  255.4231  255.4231  0.000000       0.00000       0.00000        1667397.0793    0.000000    -0.00005     0.00000    0.000000000    0.000002220    0.000002066  251.755754  95062.6543
 366.00   15.0000    0.0000   15.0000  255.9151  255.9151  0.000000       0.00000       0.00000        1508969.0630    0.000000    -0.00005     0.00000    0.000000000    0.000002025    0.000001872  252.123454  94908.0922
 378.00   15.0000    0.0000   15.0000  256.3682  256.3682  0.000000       0.00000       0.00000        1377963.2716    0.000000    -0.00005     0.00000    0.000000000    0.000001855    0.000001705  252.452654  94753.9945
 390.00   15.0000    0.0000   15.0000  256.7796  256.7796  0.000000       0.00000       0.00000        1273125.5837    0.000000    -0.00005     0.00000    0.000000000    0.000001716    0.000001566  252.740630  94600.3347
 402.00   15.0000    0.0000   15.0000  257.1683  257.1683  0.000000       0.00000       0.00000        1184769.9266    0.000000    -0.00004     0.00000    0.000000000    0.000001594    0.000001446  253.005951  94447.0919
 414.00   15.0000    0.0000   15.0000  257.5253  257.5253  0.000000       0.00000       0.00000        1111777.9988    0.000000    -0.00004     0.00000    0.000000000    0.000001492    0.000001344  253.240047  94294.2481
 426.00   15.0000    0.0000   15.0000  257.8690  257.8690  0.000000       0.00000       0.00000        1052527.9807    0.000000    -0.00004     0.00000    0.000000000    0.000001408    0.000001261  253.460804  94141.7885
 438.00   15.0000    0.0000   15.0000  258.1896  258.1896  0.000000       0.00000       0.00000         996537.9956    0.000000    -0.00004     0.00000    0.000000000    0.000001326    0.000001178  253.658750  93989.7011
 450.00   15.0000    0.0000   15.0000  258.4987  258.4987  0.000000       0.00000       0.00000         949023.5952    0.000000    -0.00004     0.00000    0.000000000    0.000001254    0.000001106  253.845257  93837.9742
 462.00   15.0000    0.0000   15.0000  258.7899  258.7899  0.000000       0.00000       0.00000         903863.5012    0.000000    -0.00004     0.00000    0.000000000    0.000001183    0.000001036  254.014141  93686.5982
 474.00   15.0000    0.0000   15.0000  259.0711  259.0711  0.000000       0.00000       0.00000         866454.7522    0.000000    -0.00004     0.00000    0.000000000    0.000001124    0.000000977  254.172965  93535.5639
 486.00   15.0000    0.0000   15.0000  259.3393  259.3393  0.000000       0.00000       0.00000         830654.6110    0.000000    -0.00004     0.00000    0.000000000    0.000001066    0.000000918  254.318931  93384.8633
 498.00   15.0000    0.0000   15.0000  259.5983  259.5983  0.000000       0.00000       0.00000         800134.9392    0.000000    -0.00004     0.00000    0.000000000    0.000001016    0.000000868  254.455781  93234.4890
 510.00   15.0000    0.0000   15.0000  259.8476  259.8476  0.000000       0.00000       0.00000         772214.9779    0.000000    -0.00004     0.00000    0.000000000    0.000000969    0.000000821  254.583020  93084.4348
 522.00   15.0000    0.0000   15.0000  260.0894  260.0894  0.000000       0.00000       0.00000         746675.3626    0.000000    -0.00004     0.00000    0.000000000    0.000000926    0.000000777  254.702723  92934.6946
 534.00   15.0000    0.0000   15.0000  260.3229  260.3229  0.000000       0.00000       0.00000         723710.0208    0.000000    -0.00004     0.00000    0.000000000    0.000000886    0.000000737  254.814268  92785.2632
 546.00   15.0000    0.0000   15.0000  260.5505  260.5505  0.000000       0.00000       0.00000         702977.2118    0.000000    -0.00004     0.00000    0.000000000    0.000000850    0.000000701  254.919853  92636.1354
 558.00   15.0000    0.0000   15.0000  260.7712  260.7712  0.000000       0.00000       0.00000         683844.9748    0.000000    -0.00004     0.00000    0.000000000    0.000000817    0.000000667  255.018651  92487.3071
 570.00   15.0000    0.0000   15.0000  260.9869  260.9869  0.000000       0.00000       0.00000         663923.4446    0.000000    -0.00004     0.00000    0.000000000    0.000000780    0.000000630  255.112465  92338.7738
 582.00   15.0000    0.0000   15.0000  261.1952  261.1952  0.000000       0.00000       0.00000         645783.7722    0.000000    -0.00004     0.00000    0.000000000    0.000000746    0.000000596  255.198982  92190.5315
 594.00   15.0000    0.0000   15.0000  261.3997  261.3997  0.000000       0.00000       0.00000         629287.8958    0.000000    -0.00004     0.00000    0.000000000    0.000000715    0.000000564  255.281607  92042.5762
 606.00   15.0000    0.0000   15.0000  261.5978  261.5978  0.000000       0.00000       0.00000         613302.9083    0.000000    -0.00004     0.00000    0.000000000    0.000000684    0.000000533  255.357949  91894.9042
 618.00   15.0000    0.0000   15.0000  261.7923  261.7923  0.000000       0.00000       0.00000         599387.3315    0.000000    -0.00004     0.00000    0.000000000    0.000000657    0.000000506  255.430701  91747.5122
 630.00   15.0000    0.0000   15.0000  261.9818  261.9818  0.000000       0.00000       0.00000         585677.4899    0.000000    -0.00004     0.00000    0.000000000    0.000000631    0.000000479  255.498454  91600.3971
 642.00   15.0000    0.0000   15.0000  262.1679  262.1679  0.000000       0.00000       0.00000         573841.5833    0.000000    -0.00004     0.00000    0.000000000    0.000000607    0.000000455  255.562732  91453.5557
 654.00   15.0000    0.0000   15.0000  262.3500  262.3500  0.000000       0.00000       0.00000         562472.2703    0.000000    -0.00004     0.00000    0.000000000    0.000000585    0.000000432  255.623175  91306.9855
 666.00   15.0000    0.0000   15.0000  262.5290  262.5290  0.000000       0.00000       0.00000         552645.0017    0.000000    -0.00004     0.00000    0.000000000    0.000000565    0.000000413  255.680425  91160.6839
 678.00   15.0000    0.0000   15.0000  262.7051  262.7051  0.000000       0.00000       0.00000         544025.1864    0.000000    -0.00004     0.00000    0.000000000    0.000000548    0.000000395  255.734797  91014.6485
 690.00   15.0000    0.0000   15.0000  262.8788  262.8788  0.000000       0.00000       0.00000         536446.1579    0.000000    -0.00004     0.00000    0.000000000    0.000000534    0.000000380  255.786726  90868.8774
 702.00   15.0000    0.0000   15.0000  263.0502  263.0502  0.000000       0.00000       0.00000         529338.6115    0.000000    -0.00004     0.00000    0.000000000    0.000000520    0.000000366  255.836423  90723.3686
 714.00   15.0000    0.0000   15.0000  263.2195  263.2195  0.000000       0.00000       0.00000         523176.3029    0.000000    -0.00004     0.00000    0.000000000    0.000000508    0.000000353  255.883966  90578.1203
 726.00   15.0000    0.0000   15.0000  263.3872  263.3872  0.000000       0.00000       0.00000         518304.5394    0.000000    -0.00004     0.00000    0.000000000    0.000000499    0.000000344  255.929866  90433.1311
 738.00   15.0000    0.0000   15.0000  263.5536  263.5536  0.000000       0.00000       0.00000         514522.1611    0.000000    -0.00004     0.00000    0.000000000    0.000000492    0.000000336  255.974417  90288.3996
 750.00   15.0000    0.0000   15.0000  263.7191  263.7191  0.000000       0.00000       0.00000         511601.9086    0.000000    -0.00004     0.00000    0.000000000    0.000000488    0.000000331  256.018003  90143.9245
 762.00   15.0000    0.0000   15.0000  263.8838  263.8838  0.000000       0.00000       0.00000         510041.7668    0.000000    -0.00004     0.00000    0.000000000    0.000000486    0.000000329  256.060779  89999.7049
 774.00   15.0000    0.0000   15.0000  264.0485  264.0485  0.000000       0.00000       0.00000         509156.5000    0.000000    -0.00004     0.00000    0.000000000    0.000000487    0.000000329  256.103441  89855.7400
 786.00   15.0000    0.0000   15.0000  264.2129  264.2129  0.000000       0.00000       0.00000         508835.3963    0.000000    -0.00004     0.00000    0.000000000    0.000000489    0.000000330  256.145716  89712.0293
 798.00   15.0000    0.0000   15.0000  264.3775  264.3775  0.000000       0.00000       0.00000         509768.7584    0.000000    -0.00004     0.00000    0.000000000    0.000000494    0.000000334  256.188229  89568.5721
 810.00   15.0000    0.0000   15.0000  264.5427  264.5427  0.000000       0.00000       0.00000         512015.7303    0.000000    -0.00004     0.00000    0.000000000    0.000000502    0.000000342  256.231142  89425.3682
 822.00   15.0000    0.0000   15.0000  264.7090  264.7090  0.000000       0.00000       0.00000         516001.3512    0.000000    -0.00004     0.00000    0.000000000    0.000000515    0.000000353  256.275117  89282.4174
 834.00   15.0000    0.0000   15.0000  264.8770  264.8770  0.000000       0.00000       0.00000         522534.3139    0.000000    -0.00004     0.00000    0.000000000    0.000000534    0.000000372  256.320585  89139.7201
 846.00   15.0000    0.0000   15.0000  265.0478  265.0478  0.000000       0.00000       0.00000         531967.9710    0.000000    -0.00005     0.00000    0.000000000    0.000000562    0.000000397  256.368716  88997.2768
 858.00   15.0000    0.0000   15.0000  265.2220  265.2220  0.000000       0.00000       0.00000         543797.5399    0.000000    -0.00005     0.00000    0.000000000    0.000000595    0.000000430  256.420163  88855.0887
 870.00   15.0000    0.0000   15.0000  265.4007  265.4007  0.000000       0.00000       0.00000         562153.7081    0.000000    -0.00005     0.00000    0.000000000    0.000000647    0.000000479  256.475785  88713.1574
 882.00   15.0000    0.0000   15.0000  265.5872  265.5872  0.000000       0.00000       0.00000         579764.7022    0.000000    -0.00005     0.00000    0.000000000    0.000000697    0.000000527  256.538828  88571.4856
 894.00   15.0000    0.0000   15.0000  265.7776  265.7776  0.000000       0.00000       0.00000         613867.1924    0.000000    -0.00006     0.00000    0.000000000    0.000000792    0.000000619  256.605593  88430.0757
 906.00   15.0000    0.0000   15.0000  265.9865  265.9865  0.000000       0.00000       0.00000         633656.6121    0.000000    -0.00006     0.00000    0.000000000    0.000000851    0.000000676  256.690144  88288.9332
 918.00   15.0000    0.0000   15.0000  266.1900  266.1900  0.000000       0.00000       0.00000         706889.0207    0.000000    -0.00007     0.00000    0.000000000    0.000001056    0.000000873  256.769474  88148.0610
 930.00   15.0000    0.0000   15.0000  266.4470  266.4470  0.000000       0.00000       0.00000         716592.4945    0.000000    -0.00006     0.00000    0.000000000    0.000001091    0.000000909  256.900154  88007.4709
 942.00   15.0000    0.0000   15.0000  266.6573  266.6573  0.000000       0.00000       0.00000         900133.3927    0.000000    -0.00011     0.00000    0.000000000    0.000001612    0.000001407  256.985832  87867.1641
 954.00   15.0000    0.0000   15.0000  267.0344  267.0344  0.000000       0.00000       0.00000         865934.7651    0.000000    -0.00006     0.00000    0.000000000    0.000001532    0.000001345  257.232050  87727.1713
 966.00   15.0000    0.0000   15.0000  267.2232  267.2232  0.000000       0.00000       0.00000        1329144.6652    0.000000    -0.00020     0.00000    0.000000000    0.000002901    0.000002624  257.296820  87587.4861
 978.00   15.0000    0.0000   15.0000  267.9036  267.9036  0.000000       0.00000       0.00000        1228639.4919    0.000000    -0.00004     0.00000    0.000000000    0.000002634    0.000002457  257.834705  87448.1860
 990.00   15.0000    0.0000   15.0000  268.0288  268.0288  0.000000       0.00000       0.00000        3215703.1409    0.000000    -0.00061     0.00000    0.000000000    0.000009103    0.000008166  257.838034  87309.2536
1002.00   15.0000    0.0000   15.0000  270.0130  270.0130  0.000000       0.00000       0.00000        3120714.6971    0.000000    -0.00002     0.00000    0.000000000    0.000008878    0.000009112  259.629268  87171.0205
1014.00   15.0000    0.0000   15.0000  270.0910  270.0910  0.000000       0.00000       0.00000         236005.2723    0.000000    -0.00002     0.00000    0.000000000   -0.000000242   -0.000000438  259.587158  87033.4729
1026.00   15.0000    0.0000   15.0000  270.1690  270.1690  0.000000       0.00000       0.00000         235937.1356    0.000000    -0.00002     0.00000    0.000000000   -0.000000242   -0.000000438  259.545014  86896.1201
1038.00   15.0000    0.0000   15.0000  270.2470  270.2470  0.000000       0.00000       0.00000         235869.0383    0.000000    -0.00003     0.00000    0.000000000   -0.000000242   -0.000000438  259.502836  86758.9618
1050.00   15.0000    0.0000   15.0000  270.3250  270.3250  0.000000       0.00000       0.00000         235800.9803    0.000000    -0.00003     0.00000    0.000000000   -0.000000242   -0.000000437  259.460624  86621.9977
1062.00   15.0000    0.0000   15.0000  270.4030  270.4030  0.000000       0.00000       0.00000         235732.9615    0.000000    -0.00003     0.00000    0.000000000   -0.000000242   -0.000000437  259.418379  86485.2276
1074.00   15.0000    0.0000   15.0000  270.4810  270.4810  0.000000       0.00000       0.00000         235664.9820    0.000000    -0.00003     0.00000    0.000000000   -0.000000242   -0.000000437  259.376100  86348.6512
1086.00   15.0000    0.0000   15.0000  270.5590  270.5590  0.000000       0.00000       0.00000         235597.0417    0.000000    -0.00003     0.00000    0.000000000   -0.000000242   -0.000000436  259.333787  86212.2683
1098.00   15.0000    0.0000   15.0000  270.6370  270.6370  0.000000       0.00000       0.00000         235529.1405    0.000000    -0.00003     0.00000    0.000000000   -0.000000242   -0.000000436  259.291440  86076.0785
1110.00   15.0000    0.0000   15.0000  270.7150  270.7150  0.000000       0.00000       0.00000         235461.2785    0.000000    -0.00003     0.00000    0.000000000   -0.000000242   -0.000000436  259.249059  85940.0818
1122.00   15.0000    0.0000   15.0000  270.7930  270.7930  0.000000       0.00000       0.00000         235393.4555    0.000000    -0.00003     0.00000    0.000000000   -0.000000242   -0.000000435  259.206645  85804.2776
1134.00   15.0000    0.0000   15.0000  270.8710  270.8710  0.000000       0.00000       0.00000         235325.6716    0.000000    -0.00003     0.00000    0.000000000   -0.000000242   -0.000000435  259.164197  85668.6660
1146.00   15.0000    0.0000   15.0000  270.9490  270.9490  0.000000       0.00000       0.00000         235257.9268    0.000000    -0.00003     0.00000    0.000000000   -0.000000242   -0.000000435  259.121716  85533.2464
1158.00   15.0000    0.0000   15.0000  271.0270  271.0270  0.000000       0.00000       0.00000         235190.2209    0.000000    -0.00003     0.00000    0.000000000   -0.000000242   -0.000000434  259.079200  85398.0188
1170.00   15.0000    0.0000   15.0000  271.1050  271.1050  0.000000       0.00000       0.00000         235122.5540    0.000000    -0.00003     0.00000    0.000000000   -0.000000243   -0.000000434  259.036651  85262.9828
1182.00   15.0000    0.0000   15.0000  271.1830  271.1830  0.000000       0.00000       0.00000         235054.9260    0.000000    -0.00003     0.00000    0.000000000   -0.000000243   -0.000000434  258.994068  85128.1383
1194.00   15.0000    0.0000   15.0000  271.2610  271.2610  0.000000       0.00000       0.00000         234987.3369    0.000000    -0.00003     0.00000    0.000000000   -0.000000243   -0.000000433  258.951452  84993.4848
1206.00   15.0000    0.0000   15.0000  271.3390  271.3390  0.000000       0.00000       0.00000         234919.7867    0.000000    -0.00003     0.00000    0.000000000   -0.000000243   -0.000000433  258.908802  84859.0222
1218.00   15.0000    0.0000   15.0000  271.4170  271.4170  0.000000       0.00000       0.00000         234852.2753    0.000000    -0.00003     0.00000    0.000000000   -0.000000243   -0.000000433  258.866118  84724.7502
1230.00   15.0000    0.0000   15.0000  271.4950  271.4950  0.000000       0.00000       0.00000         234784.8027    0.000000    -0.00003     0.00000    0.000000000   -0.000000243   -0.000000432  258.823400  84590.6686
1242.00   15.0000    0.0000   15.0000  271.5730  271.5730  0.000000       0.00000       0.00000         234717.3688    0.000000    -0.00003     0.00000    0.000000000   -0.000000243   -0.000000432  258.780649  84456.7771
1254.00   15.0000    0.0000   15.0000  271.6510  271.6510  0.000000       0.00000       0.00000         234649.9737    0.000000    -0.00003     0.00000    0.000000000   -0.000000243   -0.000000431  258.737865  84323.0755
1266.00   15.0000    0.0000   15.0000  271.7290  271.7290  0.000000       0.00000       0.00000         234582.6172    0.000000    -0.00003     0.00000    0.000000000   -0.000000243   -0.000000431  258.695046  84189.5634
1278.00   15.0000    0.0000   15.0000  271.8070  271.8070  0.000000       0.00000       0.00000         234515.2995    0.000000    -0.00003     0.00000    0.000000000   -0.000000243   -0.000000431  258.652194  84056.2407
1290.00   15.0000    0.0000   15.0000  271.8850  271.8850  0.000000       0.00000       0.00000         234448.0203    0.000000    -0.00003     0.00000    0.000000000   -0.000000243   -0.000000430  258.609309  83923.1070
1302.00   15.0000    0.0000   15.0000  271.9630  271.9630  0.000000       0.00000       0.00000         234380.7797    0.000000    -0.00003     0.00000    0.000000000   -0.000000243   -0.000000430  258.566390  83790.1622
1314.00   15.0000    0.0000   15.0000  272.0410  272.0410  0.000000       0.00000       0.00000         234313.5777    0.000000    -0.00003     0.00000    0.000000000   -0.000000243   -0.000000430  258.523437  83657.4060
1326.00   15.0000    0.0000   15.0000  272.1190  272.1190  0.000000       0.00000       0.00000         234246.4143    0.000000    -0.00003     0.00000    0.000000000   -0.000000243   -0.000000429  258.480451  83524.8381
1338.00   15.0000    0.0000   15.0000  272.1970  272.1970  0.000000       0.00000       0.00000         234179.2893    0.000000    -0.00003     0.00000    0.000000000   -0.000000243   -0.000000429  258.437431  83392.4582
1350.00   15.0000    0.0000   15.0000  272.2750  272.2750  0.000000       0.00000       0.00000         234112.2027    0.000000    -0.00003     0.00000    0.000000000   -0.000000243   -0.000000429  258.394377  83260.2662
1362.00   15.0000    0.0000   15.0000  272.3530  272.3530  0.000000       0.00000       0.00000         234045.1546    0.000000    -0.00003     0.00000    0.000000000   -0.000000243   -0.000000428  258.351290  83128.2618
1374.00   15.0000    0.0000   15.0000  272.4310  272.4310  0.000000       0.00000       0.00000         233978.1449    0.000000    -0.00003     0.00000    0.000000000   -0.000000243   -0.000000428  258.308170  82996.4446
1386.00   15.0000    0.0000   15.0000  272.5090  272.5090  0.000000       0.00000       0.00000         233911.1736    0.000000    -0.00003     0.00000    0.000000000   -0.000000243   -0.000000427  258.265016  82864.8145
1398.00   15.0000    0.0000   15.0000  272.5870  272.5870  0.000000       0.00000       0.00000         233844.2406    0.000000    -0.00003     0.00000    0.000000000   -0.000000243   -0.000000427  258.221828  82733.3712
1410.00   15.0000    0.0000   15.0000  272.6650  272.6650  0.000000       0.00000       0.00000         233777.3458    0.000000    -0.00003     0.00000    0.000000000   -0.000000243   -0.000000427  258.178607  82602.1145
1422.00   15.0000    0.0000   15.0000  272.7430  272.7430  0.000000       0.00000       0.00000         233710.4894    0.000000    -0.00003     0.00000    0.000000000   -0.000000243   -0.000000426  258.135353  82471.0441
1434.00   15.0000    0.0000   15.0000  272.8210  272.8210  0.000000       0.00000       0.00000         233643.6711    0.000000    -0.00003     0.00000    0.000000000   -0.000000243   -0.000000426  258.092065  82340.1597
1446.00   15.0000    0.0000   15.0000  272.8990  272.8990  0.000000       0.00000       0.00000         233576.8911    0.000000    -0.00004     0.00000    0.000000000   -0.000000243   -0.000000426  258.048743  82209.4612
1458.00   15.0000    0.0000   15.0000  272.9770  272.9770  0.000000       0.00000       0.00000         233510.1492    0.000000    -0.00004     0.00000    0.000000000   -0.000000243   -0.000000425  258.005388  82078.9482
1470.00   15.0000    0.0000   15.0000  273.0550  273.0550  0.000000       0.00000       0.00000         233443.4455    0.000000    -0.00004     0.00000    0.000000000   -0.000000243   -0.000000425  257.962000  81948.6205
1482.00   15.0000    0.0000   15.0000  273.1330  273.1330  0.000000       0.00000       0.00000         233376.7798    0.000000    -0.00004     0.00000    0.000000000   -0.000000243   -0.000000424  257.918578  81818.4779
1494.00   15.0000    0.0000   15.0000  273.2110  273.2110  0.000000       0.00000       0.00000         233310.1522    0.000000    -0.00004     0.00000    0.000000000   -0.000000242   -0.000000424  257.875123  81688.5201
1506.00   15.0000    0.0000   15.0000  273.2890  273.2890  0.000000       0.00000       0.00000         233243.5627    0.000000    -0.00004     0.00000    0.000000000   -0.000000242   -0.000000424  257.831634  81558.7469
1518.00   15.0000    0.0000   15.0000  273.3670  273.3670  0.000000       0.00000       0.00000         233177.0111    0.000000    -0.00004     0.00000    0.000000000   -0.000000242   -0.000000423  257.788112  81429.1579
1530.00   15.0000    0.0000   15.0000  273.4450  273.4450  0.000000       0.00000       0.00000         233110.4975    0.000000    -0.00004     0.00000    0.000000000   -0.000000242   -0.000000423  257.744556  81299.7531
1542.00   15.0000    0.0000   15.0000  273.5230  273.5230  0.000000       0.00000       0.00000         233044.0219    0.000000    -0.00004     0.00000    0.000000000   -0.000000242   -0.000000422  257.700967  81170.5320
1554.00   15.0000    0.0000   15.0000  273.6010  273.6010  0.000000       0.00000       0.00000         232977.5841    0.000000    -0.00004     0.00000    0.000000000   -0.000000242   -0.000000422  257.657345  81041.4945
1566.00   15.0000    0.0000   15.0000  273.6790  273.6790  0.000000       0.00000       0.00000         232911.1843    0.000000    -0.00004     0.00000    0.000000000   -0.000000242   -0.000000422  257.613689  80912.6404
1578.00   15.0000    0.0000   15.0000  273.7570  273.7570  0.000000       0.00000       0.00000         232844.8222    0.000000    -0.00004     0.00000    0.000000000   -0.000000242   -0.000000421  257.570000  80783.9693
1590.00   15.0000    0.0000   15.0000  273.8350  273.8350  0.000000       0.00000       0.00000         232778.4980    0.000000    -0.00004     0.00000    0.000000000   -0.000000242   -0.000000421  257.526278  80655.4811
1602.00   15.0000    0.0000   15.0000  273.9130  273.9130  0.000000       0.00000       0.00000         232712.2115    0.000000    -0.00004     0.00000    0.000000000   -0.000000242   -0.000000420  257.482522  80527.1755
1614.00   15.0000    0.0000   15.0000  273.9910  273.9910  0.000000       0.00000       0.00000         232645.9628    0.000000    -0.00004     0.00000    0.000000000   -0.000000242   -0.000000420  257.438733  80399.0522
1626.00   15.0000    0.0000   15.0000  274.0690  274.0690  0.000000       0.00000       0.00000         232579.7518    0.000000    -0.00004     0.00000    0.000000000   -0.000000242   -0.000000420  257.394910  80271.1110
1638.00   15.0000    0.0000   15.0000  274.1470  274.1470  0.000000       0.00000       0.00000         232513.5785    0.000000    -0.00004     0.00000    0.000000000   -0.000000242   -0.000000419  257.351054  80143.3517
1650.00   15.0000    0.0000   15.0000  274.2250  274.2250  0.000000       0.00000       0.00000         232447.4428    0.000000    -0.00004     0.00000    0.000000000   -0.000000242   -0.000000419  257.307165  80015.7739
1662.00   15.0000    0.0000   15.0000  274.3030  274.3030  0.000000       0.00000       0.00000         232381.3447    0.000000    -0.00004     0.00000    0.000000000   -0.000000242   -0.000000418  257.263243  79888.3776
1674.00   15.0000    0.0000   15.0000  274.3810  274.3810  0.000000       0.00000       0.00000         232315.2842    0.000000    -0.00004     0.00000    0.000000000   -0.000000242   -0.000000418  257.219287  79761.1623
1686.00   15.0000    0.0000   15.0000  274.4590  274.4590  0.000000       0.00000       0.00000         232249.2613    0.000000    -0.00004     0.00000    0.000000000   -0.000000242   -0.000000418  257.175298  79634.1280
1698.00   15.0000    0.0000   15.0000  274.5370  274.5370  0.000000       0.00000       0.00000         232183.2758    0.000000    -0.00004     0.00000    0.000000000   -0.000000242   -0.000000417  257.131275  79507.2743
1710.00   15.0000    0.0000   15.0000  274.6150  274.6150  0.000000       0.00000       0.00000         232117.3279    0.000000    -0.00004     0.00000    0.000000000   -0.000000242   -0.000000417  257.087220  79380.6010
1722.00   15.0000    0.0000   15.0000  274.6930  274.6930  0.000000       0.00000       0.00000         232051.4174    0.000000    -0.00004     0.00000    0.000000000   -0.000000242   -0.000000416  257.043131  79254.1078
1734.00   15.0000    0.0000   15.0000  274.7710  274.7710  0.000000       0.00000       0.00000         231985.5443    0.000000    -0.00004     0.00000    0.000000000   -0.000000242   -0.000000416  256.999009  79127.7946
1746.00   15.0000    0.0000   15.0000  274.8490  274.8490  0.000000       0.00000       0.00000         231919.7086    0.000000    -0.00004     0.00000    0.000000000   -0.000000242   -0.000000415  256.954854  79001.6610
1758.00   15.0000    0.0000   15.0000  274.9270  274.9270  0.000000       0.00000       0.00000         231853.9103    0.000000    -0.00004     0.00000    0.000000000   -0.000000242   -0.000000415  256.910665  78875.7068
1770.00   15.0000    0.0000   15.0000  275.0050  275.0050  0.000000       0.00000       0.00000         231788.1493    0.000000    -0.00004     0.00000    0.000000000   -0.000000242   -0.000000415  256.866443  78749.9319
1782.00   15.0000    0.0000   15.0000  275.0830  275.0830  0.000000       0.00000       0.00000         231722.4256    0.000000    -0.00004     0.00000    0.000000000   -0.000000242   -0.000000414  256.822188  78624.3359
1794.00   15.0000    0.0000   15.0000  275.1610  275.1610  0.000000       0.00000       0.00000         231656.7391    0.000000    -0.00004     0.00000    0.000000000   -0.000000241   -0.000000414  256.777900  78498.9186
1806.00   15.0000    0.0000   15.0000  275.2390  275.2390  0.000000       0.00000       0.00000         231591.0899    0.000000    -0.00004     0.00000    0.000000000   -0.000000241   -0.000000413  256.733579  78373.6797
1818.00   15.0000    0.0000   15.0000  275.3170  275.3170  0.000000       0.00000       0.00000         231525.4779    0.000000    -0.00004     0.00000    0.000000000   -0.000000241   -0.000000413  256.689224  78248.6191
1830.00   15.0000    0.0000   15.0000  275.3950  275.3950  0.000000       0.00000       0.00000         231459.9030    0.000000    -0.00004     0.00000    0.000000000   -0.000000241   -0.000000412  256.644836  78123.7365
1842.00   15.0000    0.0000   15.0000  275.4730  275.4730  0.000000       0.00000       0.00000         231394.3653    0.000000    -0.00004     0.00000    0.000000000   -0.000000241   -0.000000412  256.600415  77999.0317
1854.00   15.0000    0.0000   15.0000  275.5510  275.5510  0.000000       0.00000       0.00000         231328.8647    0.000000    -0.00005     0.00000    0.000000000   -0.000000241   -0.000000412  256.555961  77874.5043
1866.00   15.0000    0.0000   15.0000  275.6290  275.6290  0.000000       0.00000       0.00000         231263.4012    0.000000    -0.00005     0.00000    0.000000000   -0.000000241   -0.000000411  256.511474  77750.1542
1878.00   15.0000    0.0000   15.0000  275.7070  275.7070  0.000000       0.00000       0.00000         231197.9747    0.000000    -0.00005     0.00000    0.000000000   -0.000000241   -0.000000411  256.466954  77625.9812
1890.00   15.0000    0.0000   15.0000  275.7850  275.7850  0.000000       0.00000       0.00000         231132.5852    0.000000    -0.00005     0.00000    0.000000000   -0.000000241   -0.000000410  256.422400  77501.9850
1902.00   15.0000    0.0000   15.0000  275.8630  275.8630  0.000000       0.00000       0.00000         231067.2326    0.000000    -0.00005     0.00000    0.000000000   -0.000000241   -0.000000410  256.377814  77378.1653
1914.00   15.0000    0.0000   15.0000  275.9410  275.9410  0.000000       0.00000       0.00000         231001.9171    0.000000    -0.00005     0.00000    0.000000000   -0.000000241   -0.000000409  256.333194  77254.5220
1926.00   15.0000    0.0000   15.0000  276.0190  276.0190  0.000000       0.00000       0.00000         230936.6384    0.000000    -0.00005     0.00000    0.000000000   -0.000000241   -0.000000409  256.288541  77131.0547
1938.00   15.0000    0.0000   15.0000  276.0970  276.0970  0.000000       0.00000       0.00000         230871.3966    0.000000    -0.00005     0.00000    0.000000000   -0.000000241   -0.000000409  256.243855  77007.7633
1950.00   15.0000    0.0000   15.0000  276.1750  276.1750  0.000000       0.00000       0.00000         230806.1917    0.000000    -0.00005     0.00000    0.000000000   -0.000000241   -0.000000408  256.199136  76884.6475
1962.00   15.0000    0.0000   15.0000  276.2530  276.2530  0.000000       0.00000       0.00000         230741.0236    0.000000    -0.00005     0.00000    0.000000000   -0.000000241   -0.000000408  256.154384  76761.7071
1974.00   15.0000    0.0000   15.0000  276.3310  276.3310  0.000000       0.00000       0.00000         230675.8923    0.000000    -0.00005     0.00000    0.000000000   -0.000000240   -0.000000407  256.109599  76638.9419
1986.00   15.0000    0.0000   15.0000  276.4090  276.4090  0.000000       0.00000       0.00000         230610.7978    0.000000    -0.00005     0.00000    0.000000000   -0.000000240   -0.000000407  256.064781  76516.3516
1998.00   15.0000    0.0000   15.0000  276.4870  276.4870  0.000000       0.00000       0.00000         230545.7399    0.000000    -0.00005     0.00000    0.000000000   -0.000000240   -0.000000406  256.019930  76393.9359
2010.00   15.0000    0.0000   15.0000  276.5650  276.5650  0.000000       0.00000       0.00000         230480.7188    0.000000    -0.00005     0.00000    0.000000000   -0.000000240   -0.000000406  255.975046  76271.6947
2022.00   15.0000    0.0000   15.0000  276.6430  276.6430  0.000000       0.00000       0.00000         230415.7344    0.000000    -0.00005     0.00000    0.000000000   -0.000000240   -0.000000405  255.930128  76149.6277
2034.00   15.0000    0.0000   15.0000  276.7210  276.7210  0.000000       0.00000       0.00000         230350.7865    0.000000    -0.00005     0.00000    0.000000000   -0.000000240   -0.000000405  255.885178  76027.7347
2046.00   15.0000    0.0000   15.0000  276.7990  276.7990  0.000000       0.00000       0.00000         230285.8753    0.000000    -0.00005     0.00000    0.000000000   -0.000000240   -0.000000404  255.840195  75906.0154
2058.00   15.0000    0.0000   15.0000  276.8770  276.8770  0.000000       0.00000       0.00000         230221.0007    0.000000    -0.00005     0.00000    0.000000000   -0.000000240   -0.000000404  255.795178  75784.4696
2070.00   15.0000    0.0000   15.0000  276.9550  276.9550  0.000000       0.00000       0.00000         230156.1626    0.000000    -0.00005     0.00000    0.000000000   -0.000000240   -0.000000404  255.750129  75663.0971
2082.00   15.0000    0.0000   15.0000  277.0330  277.0330  0.000000       0.00000       0.00000         230091.3610    0.000000    -0.00005     0.00000    0.000000000   -0.000000240   -0.000000403  255.705047  75541.8977
2094.00   15.0000    0.0000   15.0000  277.1110  277.1110  0.000000       0.00000       0.00000         230026.5958    0.000000    -0.00005     0.00000    0.000000000   -0.000000240   -0.000000403  255.659932  75420.8711
2106.00   15.0000    0.0000   15.0000  277.1890  277.1890  0.000000       0.00000       0.00000         229961.8672    0.000000    -0.00005     0.00000    0.000000000   -0.000000239   -0.000000402  255.614784  75300.0170
2118.00   15.0000    0.0000   15.0000  277.2670  277.2670  0.000000       0.00000       0.00000         229897.1749    0.000000    -0.00005     0.00000    0.000000000   -0.000000239   -0.000000402  255.569603  75179.3353
2130.00   15.0000    0.0000   15.0000  277.3450  277.3450  0.000000       0.00000       0.00000         229832.5191    0.000000    -0.00005     0.00000    0.000000000   -0.000000239   -0.000000401  255.524388  75058.8257
2142.00   15.0000    0.0000   15.0000  277.4230  277.4230  0.000000       0.00000       0.00000         229767.8996    0.000000    -0.00005     0.00000    0.000000000   -0.000000239   -0.000000401  255.479141  74938.4880
2154.00   15.0000    0.0000   15.0000  277.5010  277.5010  0.000000       0.00000       0.00000         229703.3164    0.000000    -0.00005     0.00000    0.000000000   -0.000000239   -0.000000400  255.433862  74818.3220
2166.00   15.0000    0.0000   15.0000  277.5790  277.5790  0.000000       0.00000       0.00000         229638.7695    0.000000    -0.00005     0.00000    0.000000000   -0.000000239   -0.000000400  255.388549  74698.3274
2178.00   15.0000    0.0000   15.0000  277.6570  277.6570  0.000000       0.00000       0.00000         229574.2589    0.000000    -0.00005     0.00000    0.000000000   -0.000000239   -0.000000399  255.343203  74578.5040
2190.00   15.0000    0.0000   15.0000  277.7350  277.7350  0.000000       0.00000       0.00000         229509.7845    0.000000    -0.00005     0.00000    0.000000000   -0.000000239   -0.000000399  255.297824  74458.8516
2202.00   15.0000    0.0000   15.0000  277.8130  277.8130  0.000000       0.00000       0.00000         229445.3463    0.000000    -0.00005     0.00000    0.000000000   -0.000000239   -0.000000398  255.252413  74339.3699
2214.00   15.0000    0.0000   15.0000  277.8910  277.8910  0.000000       0.00000       0.00000         229380.9443    0.000000    -0.00005     0.00000    0.000000000   -0.000000239   -0.000000398  255.206969  74220.0588
2226.00   15.0000    0.0000   15.0000  277.9690  277.9690  0.000000       0.00000       0.00000         229316.5785    0.000000    -0.00005     0.00000    0.000000000   -0.000000238   -0.000000398  255.161491  74100.9179
2238.00   15.0000    0.0000   15.0000  278.0470  278.0470  0.000000       0.00000       0.00000         229252.2487    0.000000    -0.00005     0.00000    0.000000000   -0.000000238   -0.000000397  255.115981  73981.9470
2250.00   15.0000    0.0000   15.0000  278.1250  278.1250  0.000000       0.00000       0.00000         229187.9551    0.000000    -0.00005     0.00000    0.000000000   -0.000000238   -0.000000397  255.070438  73863.1460
2262.00   15.0000    0.0000   15.0000  278.2030  278.2030  0.000000       0.00000       0.00000         229123.6974    0.000000    -0.00006     0.00000    0.000000000   -0.000000238   -0.000000396  255.024862  73744.5146
2274.00   15.0000    0.0000   15.0000  278.2810  278.2810  0.000000       0.00000       0.00000         229059.4759    0.000000    -0.00006     0.00000    0.000000000   -0.000000238   -0.000000396  254.979254  73626.0526
2286.00   15.0000    0.0000   15.0000  278.3590  278.3590  0.000000       0.00000       0.00000         228995.2903    0.000000    -0.00006     0.00000    0.000000000   -0.000000238   -0.000000395  254.933612  73507.7597
2298.00   15.0000    0.0000   15.0000  278.4370  278.4370  0.000000       0.00000       0.00000         228931.1406    0.000000    -0.00006     0.00000    0.000000000   -0.000000238   -0.000000395  254.887938  73389.6358
2310.00   15.0000    0.0000   15.0000  278.5150  278.5150  0.000000       0.00000       0.00000         228867.0269    0.000000    -0.00006     0.00000    0.000000000   -0.000000238   -0.000000394  254.842231  73271.6805
2322.00   15.0000    0.0000   15.0000  278.5930  278.5930  0.000000       0.00000       0.00000         228802.9491    0.000000    -0.00006     0.00000    0.000000000   -0.000000238   -0.000000394  254.796491  73153.8937
2334.00   15.0000    0.0000   15.0000  278.6710  278.6710  0.000000       0.00000       0.00000         228738.9072    0.000000    -0.00006     0.00000    0.000000000   -0.000000237   -0.000000393  254.750719  73036.2752
2346.00   15.0000    0.0000   15.0000  278.7490  278.7490  0.000000       0.00000       0.00000         228674.9011    0.000000    -0.00006     0.00000    0.000000000   -0.000000237   -0.000000393  254.704913  72918.8247
2358.00   15.0000    0.0000   15.0000  278.8270  278.8270  0.000000       0.00000       0.00000         228610.9308    0.000000    -0.00006     0.00000    0.000000000   -0.000000237   -0.000000392  254.659075  72801.5419
2370.00   15.0000    0.0000   15.0000  278.9050  278.9050  0.000000       0.00000       0.00000         228546.9963    0.000000    -0.00006     0.00000    0.000000000   -0.000000237   -0.000000392  254.613204  72684.4268
2382.00   15.0000    0.0000   15.0000  278.9830  278.9830  0.000000       0.00000       0.00000              0.0000    0.000000    -0.00006     0.00000    0.000000000    0.000000000    0.000000000  254.567300  72567.4789
2394.00   15.0000    0.0000   15.0000  279.0610  279.0610  0.000000       0.00000       0.00000              0.0000    0.000000     0.00000     0.00000    0.000000000    0.000000000    0.000000000  254.521364  72450.6982
