   0.00    0.0000    0.0000    0.0000  240.7943  240.7943  0.000000       0.00000       0.00000              0.0000    0.000000     0.00000     0.00000    0.000000000    0.000000000    0.000000000    0.000000      0.0000
   6.00    7.8197    3.5356    8.5818  242.3052  242.3052  0.000000       0.73187       0.73187              0.0000    0.000000     0.00000     0.00000   -0.000011058    0.000000000    0.000000000  242.217436  99873.2211
  18.00    8.8491    3.9241    9.6802  242.4126  242.4126  0.000000       2.27604       2.27604              0.0542    0.000000    -0.00000     0.00000   -0.000022874    0.000000000    0.000000000  242.178348  99662.0880
  30.00    9.5049    4.1286   10.3628  242.4833  242.4833  0.000000       2.19685       2.19685              0.0786    0.000000    -0.00000     0.00000   -0.000027342   -0.000000071   -0.000000107  242.131899  99493.5061
  42.00   10.1040    4.2778   10.9722  242.5502  242.5502  0.000000       2.41146       2.41146              0.0926    0.000000    -0.00000     0.00000   -0.000029563   -0.000000080   -0.000000116  242.081631  99325.1758
  54.00   10.6425    4.3791   11.5082  242.6128  242.6128  0.000000       2.38214       2.38214              0.1073    0.000000    -0.00000     0.00000   -0.000031249   -0.000000086   -0.000000122  242.026976  99157.0939
  66.00   11.1511    4.4440   12.0040  242.6745  242.6745  0.000000       2.33243       2.33243              0.1202    0.000000    -0.00000     0.00000   -0.000032658   -0.000000087   -0.000000122  241.971432  98989.2583
  78.00   11.6362    4.4763   12.4675  242.7363  242.7363  0.000000       2.22419       2.22419              0.1329    0.000000    -0.00000     0.00000   -0.000033912   -0.000000085   -0.000000120  241.915932  98821.6683
  90.00   12.1046    4.4784   12.9065  242.7993  242.7993  0.000000       2.09125       2.09125              0.1454    0.000000    -0.00000     0.00000   -0.000035078   -0.000000082   -0.000000117  241.861589  98654.3241
 102.00   12.5593    4.4513   13.3248  242.8642  242.8642  0.000000       1.93724       1.93724              0.1582    0.000000    -0.00000     0.00000   -0.000036218   -0.000000076   -0.000000111  241.809185  98487.2264
 114.00   13.0023    4.3949   13.7250  242.9320  242.9320  0.000000       1.77136       1.77136              0.1715    0.000000    -0.00000     0.00000   -0.000037313   -0.000000069   -0.000000104  241.759526  98320.3766
 126.00   13.4344    4.3090   14.1085  243.0034  243.0034  0.000000       1.59811       1.59811              0.1855    0.000000    -0.00000     0.00000   -0.000038402   -0.000000059   -0.000000095  241.713446  98153.7765
 138.00   13.8557    4.1925   14.4761  243.0793  243.0793  0.000000       1.42173       1.42173              0.2007    0.000000    -0.00000     0.00000   -0.000039498   -0.000000048   -0.000000084  241.671907  97987.4285
 150.00   14.2656    4.0439   14.8277  243.1611  243.1611  0.000000       1.24525       1.24525              0.2173    0.000000    -0.00000     0.00000   -0.000040614   -0.000000033   -0.000000070  241.636083  97821.3360
 162.00   14.6627    3.8613   15.1626  243.2502  243.2502  0.000000       1.07130       1.07130              0.2360    0.000000    -0.00000     0.00000   -0.000041771   -0.000000014   -0.000000052  241.607491  97655.5028
 174.00   15.0449    3.6419   15.4794  243.3487  243.3487  0.000000       0.90202       0.90202              0.2575    0.000000    -0.00001     0.00000   -0.000042973    0.000000010   -0.000000028  241.588188  97489.9344
 186.00   15.4089    3.3822   15.7757  243.4595  243.4595  0.000000       0.73958       0.73958              0.2828    0.000000    -0.00001     0.00000   -0.000044362    0.000000042    0.000000003  241.581105  97324.6377
 198.00   15.7497    3.0774   16.0475  243.5872  243.5872  0.000000       0.58580       0.58580              0.3136    0.000000    -0.00001     0.00000   -0.000045649    0.000000088    0.000000046  241.590640  97159.6221
 210.00   16.0595    2.7209   16.2884  243.7388  243.7388  0.000000       0.44287       0.44287              0.3527    0.000000    -0.00001     0.00000   -0.000047268    0.000000157    0.000000112  241.623950  96994.9009
 222.00   16.3254    2.3031   16.4870  243.9272  243.9272  0.000000       0.31319       0.31319              0.4052    0.000000    -0.00002     0.00000   -0.000049338    0.000000269    0.000000219  241.693544  96830.4939
 234.00   16.5227    1.8107   16.6216  244.1768  244.1768  0.000000       0.20052       0.20052              0.4807    0.000000    -0.00003     0.00000   -0.000052799    0.000000479    0.000000418  241.823680  96666.4333
 246.00   16.5997    1.2261   16.6449  244.5432  244.5432  0.000000       0.10788       0.10788              0.6024    0.000000    -0.00005     0.00000   -0.000060314    0.000000941    0.000000853  242.069388  96502.7777
 258.00   16.4336    0.5537   16.4429  245.1707  245.1707  0.000000       0.04452       0.04452              0.8288    0.000000    -0.00005     0.00000   -0.000089348    0.000002525    0.000002286  242.573346  96339.6514
 270.00   15.7093   -0.0888   15.7095  246.7203  246.7203  0.000000       0.00060       0.00060              2.5698    0.000000     0.00000     0.00000   -0.000232763    0.000009859    0.000008157  243.989146  96177.4415
 282.00   15.0044   -0.0070   15.0044  251.5201  251.5201  0.000000       0.00000       0.00000             11.1919    0.000000    -0.00011     0.00000   -0.000009929    0.000010559    0.000011600  248.617419  96017.4763
 294.00   15.0000   -0.0000   15.0000  252.8306  252.8306  0.000000       0.00000       0.00000          31269.8649    0.000000    -0.00009     0.00000   -0.000000004    0.000004650    0.000004482  249.795441  95859.6500
 306.00   15.0000   -0.0000   15.0000  253.8150  253.8150  0.000000       0.00000       0.00000        2846729.5965    0.000000    -0.00007     0.00000    0.000000000    0.000003749    0.000003579  250.650723  95702.7233
 318.00   15.0000   -0.0000   15.0000  254.5989  254.5989  0.000000       0.00000       0.00000        2299205.7786    0.000000    -0.00006     0.00000    0.000000000    0.000003116    0.000002949  251.307556  95546.5253
 330.00   15.0000   -0.0000   15.0000  255.2476  255.2476  0.000000       0.00000       0.00000        1938529.1093    0.000000    -0.00006     0.00000    0.000000000    0.000002671    0.000002508  251.830653  95390.9478
 342.00   15.0000   -0.0000   15.0000  255.8099  255.8099  0.000000       0.00000       0.00000        1702845.8689    0.000000    -0.00005     0.00000    0.000000000    0.000002373    0.000002213  252.268129  95235.9194
 354.00   15.0000    0.0000   15.0000  256.3137  256.3137  0.000000       0.00000       0.00000        1524913.7486    0.000000    -0.00005     0.00000    0.000000000    0.000002139    0.000001981  252.647788  95081.3933
 366.00   15.0000    0.0000   15.0000  256.7664  256.7664  0.000000       0.00000       0.00000        1388395.8354    0.000000    -0.00005     0.00000    0.000000000    0.000001954    0.000001797  252.976827  94927.3340
 378.00   15.0000    0.0000   15.0000  257.1862  257.1862  0.000000       0.00000       0.00000        1274705.8915    0.000000    -0.00004     0.00000    0.000000000    0.000001793    0.000001638  253.273189  94773.7143
 390.00   15.0000    0.0000   15.0000  257.5688  257.5688  0.000000       0.00000       0.00000        1185031.8131    0.000000    -0.00004     0.00000    0.000000000    0.000001664    0.000001510  253.532766  94620.5112
 402.00   15.0000    0.0000   15.0000  257.9332  257.9332  0.000000       0.00000       0.00000        1108925.2771    0.000000    -0.00004     0.00000    0.000000000    0.000001551    0.000001398  253.774293  94467.7068
 414.00   15.0000    0.0000   15.0000  258.2688  258.2688  0.000000       0.00000       0.00000        1045709.0890    0.000000    -0.00004     0.00000    0.000000000    0.000001456    0.000001302  253.987305  94315.2856
 426.00   15.0000    0.0000   15.0000  258.5941  258.5941  0.000000       0.00000       0.00000         991243.5235    0.000000    -0.00004     0.00000    0.000000000    0.000001372    0.000001219  254.190111  94163.2348
 438.00   15.0000    0.0000   15.0000  258.8961  258.8961  0.000000       0.00000       0.00000         938490.5556    0.000000    -0.00004     0.00000    0.000000000    0.000001286    0.000001133  254.369763  94011.5431
 450.00   15.0000    0.0000   15.0000  259.1888  259.1888  0.000000       0.00000       0.00000         897001.9178    0.000000    -0.00004     0.00000    0.000000000    0.000001219    0.000001067  254.540162  93860.2000
 462.00   15.0000    0.0000   15.0000  259.4651  259.4651  0.000000       0.00000       0.00000         856176.3233    0.000000    -0.00004     0.00000    0.000000000    0.000001151    0.000000998  254.694361  93709.1967
 474.00   15.0000    0.0000   15.0000  259.7324  259.7324  0.000000       0.00000       0.00000         822922.5612    0.000000    -0.00004     0.00000    0.000000000    0.000001095    0.000000942  254.839649  93558.5249
 486.00   15.0000    0.0000   15.0000  259.9882  259.9882  0.000000       0.00000       0.00000         790944.0197    0.000000    -0.00004     0.00000    0.000000000    0.000001039    0.000000886  254.973414  93408.1776
 498.00   15.0000    0.0000   15.0000  260.2357  260.2357  0.000000       0.00000       0.00000         763448.5108    0.000000    -0.00004     0.00000    0.000000000    0.000000991    0.000000837  255.099016  93258.1482
 510.00   15.0000    0.0000   15.0000  260.4744  260.4744  0.000000       0.00000       0.00000         738170.4772    0.000000    -0.00004     0.00000    0.000000000    0.000000946    0.000000792  255.215859  93108.4309
 522.00   15.0000    0.0000   15.0000  260.7063  260.7063  0.000000       0.00000       0.00000         715199.5692    0.000000    -0.00004     0.00000    0.000000000    0.000000904    0.000000750  255.325890  92959.0204
 534.00   15.0000    0.0000   15.0000  260.9307  260.9307  0.000000       0.00000       0.00000         694157.9353    0.000000    -0.00004     0.00000    0.000000000    0.000000866    0.000000711  255.428577  92809.9116
 546.00   15.0000    0.0000   15.0000  261.1495  261.1495  0.000000       0.00000       0.00000         672839.2824    0.000000    -0.00004     0.00000    0.000000000    0.000000825    0.000000670  255.525634  92661.1002
 558.00   15.0000    0.0000   15.0000  261.3607  261.3607  0.000000       0.00000       0.00000         653316.4912    0.000000    -0.00004     0.00000    0.000000000    0.000000788    0.000000632  255.615156  92512.5816
 570.00   15.0000    0.0000   15.0000  261.5674  261.5674  0.000000       0.00000       0.00000         634693.1601    0.000000    -0.00004     0.00000    0.000000000    0.000000751    0.000000595  255.700146  92364.3516
 582.00   15.0000    0.0000   15.0000  261.7670  261.7670  0.000000       0.00000       0.00000         617767.7456    0.000000    -0.00004     0.00000    0.000000000    0.000000717    0.000000561  255.778150  92216.4062
 594.00   15.0000    0.0000   15.0000  261.9632  261.9632  0.000000       0.00000       0.00000         602042.3708    0.000000    -0.00004     0.00000    0.000000000    0.000000685    0.000000530  255.852666  92068.7418
 606.00   15.0000    0.0000   15.0000  262.1530  262.1530  0.000000       0.00000       0.00000         586669.3408    0.000000    -0.00004     0.00000    0.000000000    0.000000654    0.000000498  255.920936  91921.3550
 618.00   15.0000    0.0000   15.0000  262.3396  262.3396  0.000000       0.00000       0.00000         573455.7177    0.000000    -0.00003     0.00000    0.000000000    0.000000627    0.000000470  255.985924  91774.2424
 630.00   15.0000    0.0000   15.0000  262.5212  262.5212  0.000000       0.00000       0.00000         560047.4860    0.000000    -0.00003     0.00000    0.000000000    0.000000598    0.000000442  256.046010  91627.4010
 642.00   15.0000    0.0000   15.0000  262.6994  262.6994  0.000000       0.00000       0.00000         548555.5537    0.000000    -0.00003     0.00000    0.000000000    0.000000574    0.000000417  256.102680  91480.8280
 654.00   15.0000    0.0000   15.0000  262.8739  262.8739  0.000000       0.00000       0.00000         537504.7039    0.000000    -0.00003     0.00000    0.000000000    0.000000551    0.000000393  256.155640  91334.5208
 666.00   15.0000    0.0000   15.0000  263.0452  263.0452  0.000000       0.00000       0.00000         527798.5722    0.000000    -0.00003     0.00000    0.000000000    0.000000530    0.000000372  256.205453  91188.4769
 678.00   15.0000    0.0000   15.0000  263.2136  263.2136  0.000000       0.00000       0.00000         518808.2354    0.000000    -0.00003     0.00000    0.000000000    0.000000511    0.000000353  256.252394  91042.6939
 690.00   15.0000    0.0000   15.0000  263.3794  263.3794  0.000000       0.00000       0.00000         510742.8636    0.000000    -0.00004     0.00000    0.000000000    0.000000493    0.000000335  256.296629  90897.1699
 702.00   15.0000    0.0000   15.0000  263.5429  263.5429  0.000000       0.00000       0.00000         503555.3998    0.000000    -0.00004     0.00000    0.000000000    0.000000478    0.000000319  256.338566  90751.9030
 714.00   15.0000    0.0000   15.0000  263.7042  263.7042  0.000000       0.00000       0.00000         497472.7524    0.000000    -0.00004     0.00000    0.000000000    0.000000465    0.000000306  256.378345  90606.8912
 726.00   15.0000    0.0000   15.0000  263.8639  263.8639  0.000000       0.00000       0.00000         492660.2167    0.000000    -0.00004     0.00000    0.000000000    0.000000455    0.000000295  256.416515  90462.1332
 738.00   15.0000    0.0000   15.0000  264.0223  264.0223  0.000000       0.00000       0.00000         488773.5682    0.000000    -0.00004     0.00000    0.000000000    0.000000448    0.000000287  256.453320  90317.6276
 750.00   15.0000    0.0000   15.0000  264.1797  264.1797  0.000000       0.00000       0.00000         485083.4309    0.000000    -0.00004     0.00000    0.000000000    0.000000440    0.000000280  256.489095  90173.3732
 762.00   15.0000    0.0000   15.0000  264.3359  264.3359  0.000000       0.00000       0.00000         481964.3765    0.000000    -0.00004     0.00000    0.000000000    0.000000434    0.000000273  256.523626  90029.3689
 774.00   15.0000    0.0000   15.0000  264.4915  264.4915  0.000000       0.00000       0.00000         479806.1062    0.000000    -0.00004     0.00000    0.000000000    0.000000431    0.000000269  256.557484  89885.6138
 786.00   15.0000    0.0000   15.0000  264.6465  264.6465  0.000000       0.00000       0.00000         479027.4453    0.000000    -0.00004     0.00000    0.000000000    0.000000431    0.000000268  256.590700  89742.1069
 798.00   15.0000    0.0000   15.0000  264.8018  264.8018  0.000000       0.00000       0.00000         479675.2406    0.000000    -0.00004     0.00000    0.000000000    0.000000434    0.000000271  256.624108  89598.8477
 810.00   15.0000    0.0000   15.0000  264.9574  264.9574  0.000000       0.00000       0.00000         481464.7569    0.000000    -0.00004     0.00000    0.000000000    0.000000441    0.000000277  256.657770  89455.8359
 822.00   15.0000    0.0000   15.0000  265.1140  265.1140  0.000000       0.00000       0.00000         484411.8557    0.000000    -0.00004     0.00000    0.000000000    0.000000451    0.000000286  256.692341  89313.0714
 834.00   15.0000    0.0000   15.0000  265.2717  265.2717  0.000000       0.00000       0.00000         489382.6585    0.000000    -0.00004     0.00000    0.000000000    0.000000466    0.000000300  256.727895  89170.5541
 846.00   15.0000    0.0000   15.0000  265.4317  265.4317  0.000000       0.00000       0.00000         496938.3871    0.000000    -0.00004     0.00000    0.000000000    0.000000488    0.000000321  256.765631  89028.2845
 858.00   15.0000    0.0000   15.0000  265.5945  265.5945  0.000000       0.00000       0.00000         506961.8116    0.000000    -0.00004     0.00000    0.000000000    0.000000517    0.000000349  256.805978  88886.2635
 870.00   15.0000    0.0000   15.0000  265.7612  265.7612  0.000000       0.00000       0.00000         522152.3311    0.000000    -0.00005     0.00000    0.000000000    0.000000561    0.000000391  256.850063  88744.4923
 882.00   15.0000    0.0000   15.0000  265.9341  265.9341  0.000000       0.00000       0.00000         538102.6160    0.000000    -0.00005     0.00000    0.000000000    0.000000607    0.000000435  256.900013  88602.9732
 894.00   15.0000    0.0000   15.0000  266.1114  266.1114  0.000000       0.00000       0.00000         566174.3389    0.000000    -0.00005     0.00000    0.000000000    0.000000687    0.000000512  256.954190  88461.7083
 906.00   15.0000    0.0000   15.0000  266.3028  266.3028  0.000000       0.00000       0.00000         586265.6831    0.000000    -0.00005     0.00000    0.000000000    0.000000746    0.000000569  257.021862  88320.7021
 918.00   15.0000    0.0000   15.0000  266.4935  266.4935  0.000000       0.00000       0.00000         647532.8354    0.000000    -0.00007     0.00000    0.000000000    0.000000920    0.000000737  257.088774  88179.9574
 930.00   15.0000    0.0000   15.0000  266.7251  266.7251  0.000000       0.00000       0.00000         661433.9676    0.000000    -0.00006     0.00000    0.000000000    0.000000966    0.000000783  257.195082  88039.4843
 942.00   15.0000    0.0000   15.0000  266.9253  266.9253  0.000000       0.00000       0.00000         820708.4525    0.000000    -0.00010     0.00000    0.000000000    0.000001425    0.000001223  257.270927  87899.2847
 954.00   15.0000    0.0000   15.0000  267.2613  267.2613  0.000000       0.00000       0.00000         796157.8248    0.000000    -0.00005     0.00000    0.000000000    0.000001368    0.000001178  257.477605  87759.3850
 966.00   15.0000    0.0000   15.0000  267.4460  267.4460  0.000000       0.00000       0.00000        1219172.0630    0.000000    -0.00018     0.00000    0.000000000    0.000002631    0.000002368  257.538458  87619.7805
 978.00   15.0000    0.0000   15.0000  268.0593  268.0593  0.000000       0.00000       0.00000        1123499.8301    0.000000    -0.00004     0.00000    0.000000000    0.000002370    0.000002186  258.011745  87480.5422
 990.00   15.0000    0.0000   15.0000  268.1831  268.1831  0.000000       0.00000       0.00000        2976733.4270    0.000000    -0.00056     0.00000    0.000000000    0.000008420    0.000007583  258.013801  87341.6533
1002.00   15.0000    0.0000   15.0000  270.0130  270.0130  0.000000       0.00000       0.00000        2887225.1102    0.000000    -0.00002     0.00000    0.000000000    0.000008200    0.000008353  259.656830  87203.4235
1014.00   15.0000    0.0000   15.0000  270.0910  270.0910  0.000000       0.00000       0.00000         236005.2723    0.000000    -0.00002     0.00000    0.000000000   -0.000000242   -0.000000439  259.614727  87065.8394
1026.00   15.0000    0.0000   15.0000  270.1690  270.1690  0.000000       0.00000       0.00000         235937.1356    0.000000    -0.00002     0.00000    0.000000000   -0.000000242   -0.000000439  259.572591  86928.4500
1038.00   15.0000    0.0000   15.0000  270.2470  270.2470  0.000000       0.00000       0.00000         235869.0383    0.000000    -0.00003     0.00000    0.000000000   -0.000000242   -0.000000438  259.530421  86791.2553
1050.00   15.0000    0.0000   15.0000  270.3250  270.3250  0.000000       0.00000       0.00000         235800.9803    0.000000    -0.00003     0.00000    0.000000000   -0.000000243   -0.000000438  259.488218  86654.2547
1062.00   15.0000    0.0000   15.0000  270.4030  270.4030  0.000000       0.00000       0.00000         235732.9615    0.000000    -0.00003     0.00000    0.000000000   -0.000000243   -0.000000438  259.445980  86517.4482
1074.00   15.0000    0.0000   15.0000  270.4810  270.4810  0.000000       0.00000       0.00000         235664.9820    0.000000    -0.00003     0.00000    0.000000000   -0.000000243   -0.000000437  259.403709  86380.8355
1086.00   15.0000    0.0000   15.0000  270.5590  270.5590  0.000000       0.00000       0.00000         235597.0417    0.000000    -0.00003     0.00000    0.000000000   -0.000000243   -0.000000437  259.361404  86244.4163
1098.00   15.0000    0.0000   15.0000  270.6370  270.6370  0.000000       0.00000       0.00000         235529.1405    0.000000    -0.00003     0.00000    0.000000000   -0.000000243   -0.000000437  259.319065  86108.1903
1110.00   15.0000    0.0000   15.0000  270.7150  270.7150  0.000000       0.00000       0.00000         235461.2785    0.000000    -0.00003     0.00000    0.000000000   -0.000000243   -0.000000436  259.276692  85972.1572
1122.00   15.0000    0.0000   15.0000  270.7930  270.7930  0.000000       0.00000       0.00000         235393.4555    0.000000    -0.00003     0.00000    0.000000000   -0.000000243   -0.000000436  259.234286  85836.3169
1134.00   15.0000    0.0000   15.0000  270.8710  270.8710  0.000000       0.00000       0.00000         235325.6716    0.000000    -0.00003     0.00000    0.000000000   -0.000000243   -0.000000436  259.191846  85700.6690
1146.00   15.0000    0.0000   15.0000  270.9490  270.9490  0.000000       0.00000       0.00000         235257.9268    0.000000    -0.00003     0.00000    0.000000000   -0.000000243   -0.000000435  259.149372  85565.2134
1158.00   15.0000    0.0000   15.0000  271.0270  271.0270  0.000000       0.00000       0.00000         235190.2209    0.000000    -0.00003     0.00000    0.000000000   -0.000000243   -0.000000435  259.106865  85429.9496
1170.00   15.0000    0.0000   15.0000  271.1050  271.1050  0.000000       0.00000       0.00000         235122.5540    0.000000    -0.00003     0.00000    0.000000000   -0.000000243   -0.000000435  259.064324  85294.8776
1182.00   15.0000    0.0000   15.0000  271.1830  271.1830  0.000000       0.00000       0.00000         235054.9260    0.000000    -0.00003     0.00000    0.000000000   -0.000000243   -0.000000434  259.021749  85159.9970
1194.00   15.0000    0.0000   15.0000  271.2610  271.2610  0.000000       0.00000       0.00000         234987.3369    0.000000    -0.00003     0.00000    0.000000000   -0.000000243   -0.000000434  258.979141  85025.3075
1206.00   15.0000    0.0000   15.0000  271.3390  271.3390  0.000000       0.00000       0.00000         234919.7867    0.000000    -0.00003     0.00000    0.000000000   -0.000000243   -0.000000434  258.936498  84890.8089
1218.00   15.0000    0.0000   15.0000  271.4170  271.4170  0.000000       0.00000       0.00000         234852.2753    0.000000    -0.00003     0.00000    0.000000000   -0.000000243   -0.000000433  258.893823  84756.5010
1230.00   15.0000    0.0000   15.0000  271.4950  271.4950  0.000000       0.00000       0.00000         234784.8027    0.000000    -0.00003     0.00000    0.000000000   -0.000000243   -0.000000433  258.851113  84622.3835
1242.00   15.0000    0.0000   15.0000  271.5730  271.5730  0.000000       0.00000       0.00000         234717.3688    0.000000    -0.00003     0.00000    0.000000000   -0.000000243   -0.000000432  258.808370  84488.4561
1254.00   15.0000    0.0000   15.0000  271.6510  271.6510  0.000000       0.00000       0.00000         234649.9737    0.000000    -0.00003     0.00000    0.000000000   -0.000000243   -0.000000432  258.765593  84354.7187
1266.00   15.0000    0.0000   15.0000  271.7290  271.7290  0.000000       0.00000       0.00000         234582.6172    0.000000    -0.00003     0.00000    0.000000000   -0.000000243   -0.000000432  258.722783  84221.1708
1278.00   15.0000    0.0000   15.0000  271.8070  271.8070  0.000000       0.00000       0.00000         234515.2995    0.000000    -0.00003     0.00000    0.000000000   -0.000000243   -0.000000431  258.679939  84087.8123
1290.00   15.0000    0.0000   15.0000  271.8850  271.8850  0.000000       0.00000       0.00000         234448.0203    0.000000    -0.00003     0.00000    0.000000000   -0.000000243   -0.000000431  258.637061  83954.6429
1302.00   15.0000    0.0000   15.0000  271.9630  271.9630  0.000000       0.00000       0.00000         234380.7797    0.000000    -0.00003     0.00000    0.000000000   -0.000000243   -0.000000431  258.594150  83821.6624
1314.00   15.0000    0.0000   15.0000  272.0410  272.0410  0.000000       0.00000       0.00000         234313.5777    0.000000    -0.00003     0.00000    0.000000000   -0.000000243   -0.000000430  258.551205  83688.8705
1326.00   15.0000    0.0000   15.0000  272.1190  272.1190  0.000000       0.00000       0.00000         234246.4143    0.000000    -0.00003     0.00000    0.000000000   -0.000000243   -0.000000430  258.508227  83556.2670
1338.00   15.0000    0.0000   15.0000  272.1970  272.1970  0.000000       0.00000       0.00000         234179.2893    0.000000    -0.00003     0.00000    0.000000000   -0.000000243   -0.000000430  258.465215  83423.8516
1350.00   15.0000    0.0000   15.0000  272.2750  272.2750  0.000000       0.00000       0.00000         234112.2027    0.000000    -0.00003     0.00000    0.000000000   -0.000000243   -0.000000429  258.422170  83291.6240
1362.00   15.0000    0.0000   15.0000  272.3530  272.3530  0.000000       0.00000       0.00000         234045.1546    0.000000    -0.00003     0.00000    0.000000000   -0.000000243   -0.000000429  258.379091  83159.5840
1374.00   15.0000    0.0000   15.0000  272.4310  272.4310  0.000000       0.00000       0.00000         233978.1449    0.000000    -0.00003     0.00000    0.000000000   -0.000000243   -0.000000428  258.335978  83027.7314
1386.00   15.0000    0.0000   15.0000  272.5090  272.5090  0.000000       0.00000       0.00000         233911.1736    0.000000    -0.00003     0.00000    0.000000000   -0.000000243   -0.000000428  258.292832  82896.0658
1398.00   15.0000    0.0000   15.0000  272.5870  272.5870  0.000000       0.00000       0.00000         233844.2406    0.000000    -0.00003     0.00000    0.000000000   -0.000000243   -0.000000428  258.249653  82764.5871
1410.00   15.0000    0.0000   15.0000  272.6650  272.6650  0.000000       0.00000       0.00000         233777.3458    0.000000    -0.00003     0.00000    0.000000000   -0.000000243   -0.000000427  258.206439  82633.2950
1422.00   15.0000    0.0000   15.0000  272.7430  272.7430  0.000000       0.00000       0.00000         233710.4894    0.000000    -0.00003     0.00000    0.000000000   -0.000000243   -0.000000427  258.163193  82502.1893
1434.00   15.0000    0.0000   15.0000  272.8210  272.8210  0.000000       0.00000       0.00000         233643.6711    0.000000    -0.00003     0.00000    0.000000000   -0.000000243   -0.000000427  258.119913  82371.2696
1446.00   15.0000    0.0000   15.0000  272.8990  272.8990  0.000000       0.00000       0.00000         233576.8911    0.000000    -0.00004     0.00000    0.000000000   -0.000000243   -0.000000426  258.076599  82240.5357
1458.00   15.0000    0.0000   15.0000  272.9770  272.9770  0.000000       0.00000       0.00000         233510.1492    0.000000    -0.00004     0.00000    0.000000000   -0.000000243   -0.000000426  258.033252  82109.9875
1470.00   15.0000    0.0000   15.0000  273.0550  273.0550  0.000000       0.00000       0.00000         233443.4455    0.000000    -0.00004     0.00000    0.000000000   -0.000000243   -0.000000425  257.989872  81979.6246
1482.00   15.0000    0.0000   15.0000  273.1330  273.1330  0.000000       0.00000       0.00000         233376.7798    0.000000    -0.00004     0.00000    0.000000000   -0.000000243   -0.000000425  257.946458  81849.4468
1494.00   15.0000    0.0000   15.0000  273.2110  273.2110  0.000000       0.00000       0.00000         233310.1522    0.000000    -0.00004     0.00000    0.000000000   -0.000000243   -0.000000425  257.903011  81719.4539
1506.00   15.0000    0.0000   15.0000  273.2890  273.2890  0.000000       0.00000       0.00000         233243.5627    0.000000    -0.00004     0.00000    0.000000000   -0.000000243   -0.000000424  257.859530  81589.6455
1518.00   15.0000    0.0000   15.0000  273.3670  273.3670  0.000000       0.00000       0.00000         233177.0111    0.000000    -0.00004     0.00000    0.000000000   -0.000000243   -0.000000424  257.816016  81460.0215
1530.00   15.0000    0.0000   15.0000  273.4450  273.4450  0.000000       0.00000       0.00000         233110.4975    0.000000    -0.00004     0.00000    0.000000000   -0.000000243   -0.000000423  257.772468  81330.5816
1542.00   15.0000    0.0000   15.0000  273.5230  273.5230  0.000000       0.00000       0.00000         233044.0219    0.000000    -0.00004     0.00000    0.000000000   -0.000000243   -0.000000423  257.728887  81201.3255
1554.00   15.0000    0.0000   15.0000  273.6010  273.6010  0.000000       0.00000       0.00000         232977.5841    0.000000    -0.00004     0.00000    0.000000000   -0.000000243   -0.000000423  257.685273  81072.2531
1566.00   15.0000    0.0000   15.0000  273.6790  273.6790  0.000000       0.00000       0.00000         232911.1843    0.000000    -0.00004     0.00000    0.000000000   -0.000000243   -0.000000422  257.641625  80943.3640
1578.00   15.0000    0.0000   15.0000  273.7570  273.7570  0.000000       0.00000       0.00000         232844.8222    0.000000    -0.00004     0.00000    0.000000000   -0.000000243   -0.000000422  257.597944  80814.6580
1590.00   15.0000    0.0000   15.0000  273.8350  273.8350  0.000000       0.00000       0.00000         232778.4980    0.000000    -0.00004     0.00000    0.000000000   -0.000000243   -0.000000421  257.554229  80686.1349
1602.00   15.0000    0.0000   15.0000  273.9130  273.9130  0.000000       0.00000       0.00000         232712.2115    0.000000    -0.00004     0.00000    0.000000000   -0.000000243   -0.000000421  257.510481  80557.7944
1614.00   15.0000    0.0000   15.0000  273.9910  273.9910  0.000000       0.00000       0.00000         232645.9628    0.000000    -0.00004     0.00000    0.000000000   -0.000000243   -0.000000421  257.466700  80429.6363
1626.00   15.0000    0.0000   15.0000  274.0690  274.0690  0.000000       0.00000       0.00000         232579.7518    0.000000    -0.00004     0.00000    0.000000000   -0.000000242   -0.000000420  257.422885  80301.6604
1638.00   15.0000    0.0000   15.0000  274.1470  274.1470  0.000000       0.00000       0.00000         232513.5785    0.000000    -0.00004     0.00000    0.000000000   -0.000000242   -0.000000420  257.379038  80173.8663
1650.00   15.0000    0.0000   15.0000  274.2250  274.2250  0.000000       0.00000       0.00000         232447.4428    0.000000    -0.00004     0.00000    0.000000000   -0.000000242   -0.000000419  257.335156  80046.2539
1662.00   15.0000    0.0000   15.0000  274.3030  274.3030  0.000000       0.00000       0.00000         232381.3447    0.000000    -0.00004     0.00000    0.000000000   -0.000000242   -0.000000419  257.291242  79918.8228
1674.00   15.0000    0.0000   15.0000  274.3810  274.3810  0.000000       0.00000       0.00000         232315.2842    0.000000    -0.00004     0.00000    0.000000000   -0.000000242   -0.000000419  257.247294  79791.5730
1686.00   15.0000    0.0000   15.0000  274.4590  274.4590  0.000000       0.00000       0.00000         232249.2613    0.000000    -0.00004     0.00000    0.000000000   -0.000000242   -0.000000418  257.203313  79664.5040
1698.00   15.0000    0.0000   15.0000  274.5370  274.5370  0.000000       0.00000       0.00000         232183.2758    0.000000    -0.00004     0.00000    0.000000000   -0.000000242   -0.000000418  257.159299  79537.6157
1710.00   15.0000    0.0000   15.0000  274.6150  274.6150  0.000000       0.00000       0.00000         232117.3279    0.000000    -0.00004     0.00000    0.000000000   -0.000000242   -0.000000417  257.115251  79410.9079
1722.00   15.0000    0.0000   15.0000  274.6930  274.6930  0.000000       0.00000       0.00000         232051.4174    0.000000    -0.00004     0.00000    0.000000000   -0.000000242   -0.000000417  257.071170  79284.3802
1734.00   15.0000    0.0000   15.0000  274.7710  274.7710  0.000000       0.00000       0.00000         231985.5443    0.000000    -0.00004     0.00000    0.000000000   -0.000000242   -0.000000417  257.027056  79158.0325
1746.00   15.0000    0.0000   15.0000  274.8490  274.8490  0.000000       0.00000       0.00000         231919.7086    0.000000    -0.00004     0.00000    0.000000000   -0.000000242   -0.000000416  256.982909  79031.8645
1758.00   15.0000    0.0000   15.0000  274.9270  274.9270  0.000000       0.00000       0.00000         231853.9103    0.000000    -0.00004     0.00000    0.000000000   -0.000000242   -0.000000416  256.938728  78905.8759
1770.00   15.0000    0.0000   15.0000  275.0050  275.0050  0.000000       0.00000       0.00000         231788.1493    0.000000    -0.00004     0.00000    0.000000000   -0.000000242   -0.000000415  256.894514  78780.0666
1782.00   15.0000    0.0000   15.0000  275.0830  275.0830  0.000000       0.00000       0.00000         231722.4256    0.000000    -0.00004     0.00000    0.000000000   -0.000000242   -0.000000415  256.850267  78654.4362
1794.00   15.0000    0.0000   15.0000  275.1610  275.1610  0.000000       0.00000       0.00000         231656.7391    0.000000    -0.00004     0.00000    0.000000000   -0.000000242   -0.000000414  256.805987  78528.9846
1806.00   15.0000    0.0000   15.0000  275.2390  275.2390  0.000000       0.00000       0.00000         231591.0899    0.000000    -0.00004     0.00000    0.000000000   -0.000000242   -0.000000414  256.761673  78403.7115
1818.00   15.0000    0.0000   15.0000  275.3170  275.3170  0.000000       0.00000       0.00000         231525.4779    0.000000    -0.00004     0.00000    0.000000000   -0.000000242   -0.000000414  256.717327  78278.6167
1830.00   15.0000    0.0000   15.0000  275.3950  275.3950  0.000000       0.00000       0.00000         231459.9030    0.000000    -0.00004     0.00000    0.000000000   -0.000000242   -0.000000413  256.672947  78153.6999
1842.00   15.0000    0.0000   15.0000  275.4730  275.4730  0.000000       0.00000       0.00000         231394.3653    0.000000    -0.00004     0.00000    0.000000000   -0.000000242   -0.000000413  256.628534  78028.9608
1854.00   15.0000    0.0000   15.0000  275.5510  275.5510  0.000000       0.00000       0.00000         231328.8647    0.000000    -0.00005     0.00000    0.000000000   -0.000000241   -0.000000412  256.584088  77904.3993
1866.00   15.0000    0.0000   15.0000  275.6290  275.6290  0.000000       0.00000       0.00000         231263.4012    0.000000    -0.00005     0.00000    0.000000000   -0.000000241   -0.000000412  256.539609  77780.0152
1878.00   15.0000    0.0000   15.0000  275.7070  275.7070  0.000000       0.00000       0.00000         231197.9747    0.000000    -0.00005     0.00000    0.000000000   -0.000000241   -0.000000411  256.495096  77655.8081
1890.00   15.0000    0.0000   15.0000  275.7850  275.7850  0.000000       0.00000       0.00000         231132.5852    0.000000    -0.00005     0.00000    0.000000000   -0.000000241   -0.000000411  256.450551  77531.7778
1902.00   15.0000    0.0000   15.0000  275.8630  275.8630  0.000000       0.00000       0.00000         231067.2326    0.000000    -0.00005     0.00000    0.000000000   -0.000000241   -0.000000411  256.405972  77407.9241
1914.00   15.0000    0.0000   15.0000  275.9410  275.9410  0.000000       0.00000       0.00000         231001.9171    0.000000    -0.00005     0.00000    0.000000000   -0.000000241   -0.000000410  256.361360  77284.2468
1926.00   15.0000    0.0000   15.0000  276.0190  276.0190  0.000000       0.00000       0.00000         230936.6384    0.000000    -0.00005     0.00000    0.000000000   -0.000000241   -0.000000410  256.316716  77160.7456
1938.00   15.0000    0.0000   15.0000  276.0970  276.0970  0.000000       0.00000       0.00000         230871.3966    0.000000    -0.00005     0.00000    0.000000000   -0.000000241   -0.000000409  256.272038  77037.4203
1950.00   15.0000    0.0000   15.0000  276.1750  276.1750  0.000000       0.00000       0.00000         230806.1917    0.000000    -0.00005     0.00000    0.000000000   -0.000000241   -0.000000409  256.227327  76914.2706
1962.00   15.0000    0.0000   15.0000  276.2530  276.2530  0.000000       0.00000       0.00000         230741.0236    0.000000    -0.00005     0.00000    0.000000000   -0.000000241   -0.000000408  256.182583  76791.2964
1974.00   15.0000    0.0000   15.0000  276.3310  276.3310  0.000000       0.00000       0.00000         230675.8923    0.000000    -0.00005     0.00000    0.000000000   -0.000000241   -0.000000408  256.137805  76668.4973
1986.00   15.0000    0.0000   15.0000  276.4090  276.4090  0.000000       0.00000       0.00000         230610.7978    0.000000    -0.00005     0.00000    0.000000000   -0.000000241   -0.000000407  256.092995  76545.8732
1998.00   15.0000    0.0000   15.0000  276.4870  276.4870  0.000000       0.00000       0.00000         230545.7399    0.000000    -0.00005     0.00000    0.000000000   -0.000000241   -0.000000407  256.048152  76423.4238
2010.00   15.0000    0.0000   15.0000  276.5650  276.5650  0.000000       0.00000       0.00000         230480.7188    0.000000    -0.00005     0.00000    0.000000000   -0.000000241   -0.000000407  256.003276  76301.1489
2022.00   15.0000    0.0000   15.0000  276.6430  276.6430  0.000000       0.00000       0.00000         230415.7344    0.000000    -0.00005     0.00000    0.000000000   -0.000000240   -0.000000406  255.958366  76179.0482
2034.00   15.0000    0.0000   15.0000  276.7210  276.7210  0.000000       0.00000       0.00000         230350.7865    0.000000    -0.00005     0.00000    0.000000000   -0.000000240   -0.000000406  255.913424  76057.1215
2046.00   15.0000    0.0000   15.0000  276.7990  276.7990  0.000000       0.00000       0.00000         230285.8753    0.000000    -0.00005     0.00000    0.000000000   -0.000000240   -0.000000405  255.868449  75935.3686
2058.00   15.0000    0.0000   15.0000  276.8770  276.8770  0.000000       0.00000       0.00000         230221.0007    0.000000    -0.00005     0.00000    0.000000000   -0.000000240   -0.000000405  255.823440  75813.7893
2070.00   15.0000    0.0000   15.0000  276.9550  276.9550  0.000000       0.00000       0.00000         230156.1626    0.000000    -0.00005     0.00000    0.000000000   -0.000000240   -0.000000404  255.778399  75692.3832
2082.00   15.0000    0.0000   15.0000  277.0330  277.0330  0.000000       0.00000       0.00000         230091.3610    0.000000    -0.00005     0.00000    0.000000000   -0.000000240   -0.000000404  255.733325  75571.1503
2094.00   15.0000    0.0000   15.0000  277.1110  277.1110  0.000000       0.00000       0.00000         230026.5958    0.000000    -0.00005     0.00000    0.000000000   -0.000000240   -0.000000403  255.688218  75450.0902
2106.00   15.0000    0.0000   15.0000  277.1890  277.1890  0.000000       0.00000       0.00000         229961.8672    0.000000    -0.00005     0.00000    0.000000000   -0.000000240   -0.000000403  255.643077  75329.2027
2118.00   15.0000    0.0000   15.0000  277.2670  277.2670  0.000000       0.00000       0.00000         229897.1749    0.000000    -0.00005     0.00000    0.000000000   -0.000000240   -0.000000402  255.597904  75208.4875
2130.00   15.0000    0.0000   15.0000  277.3450  277.3450  0.000000       0.00000       0.00000         229832.5191    0.000000    -0.00005     0.00000    0.000000000   -0.000000240   -0.000000402  255.552698  75087.9446
2142.00   15.0000    0.0000   15.0000  277.4230  277.4230  0.000000       0.00000       0.00000         229767.8996    0.000000    -0.00005     0.00000    0.000000000   -0.000000240   -0.000000401  255.507459  74967.5735
2154.00   15.0000    0.0000   15.0000  277.5010  277.5010  0.000000       0.00000       0.00000         229703.3164    0.000000    -0.00005     0.00000    0.000000000   -0.000000239   -0.000000401  255.462187  74847.3742
2166.00   15.0000    0.0000   15.0000  277.5790  277.5790  0.000000       0.00000       0.00000         229638.7695    0.000000    -0.00005     0.00000    0.000000000   -0.000000239   -0.000000401  255.416882  74727.3463
2178.00   15.0000    0.0000   15.0000  277.6570  277.6570  0.000000       0.00000       0.00000         229574.2589    0.000000    -0.00005     0.00000    0.000000000   -0.000000239   -0.000000400  255.371545  74607.4896
2190.00   15.0000    0.0000   15.0000  277.7350  277.7350  0.000000       0.00000       0.00000         229509.7845    0.000000    -0.00005     0.00000    0.000000000   -0.000000239   -0.000000400  255.326174  74487.8040
2202.00   15.0000    0.0000   15.0000  277.8130  277.8130  0.000000       0.00000       0.00000         229445.3463    0.000000    -0.00005     0.00000    0.000000000   -0.000000239   -0.000000399  255.280770  74368.2891
2214.00   15.0000    0.0000   15.0000  277.8910  277.8910  0.000000       0.00000       0.00000         229380.9443    0.000000    -0.00005     0.00000    0.000000000   -0.000000239   -0.000000399  255.235334  74248.9448
2226.00   15.0000    0.0000   15.0000  277.9690  277.9690  0.000000       0.00000       0.00000         229316.5785    0.000000    -0.00005     0.00000    0.000000000   -0.000000239   -0.000000398  255.189865  74129.7708
2238.00   15.0000    0.0000   15.0000  278.0470  278.0470  0.000000       0.00000       0.00000         229252.2487    0.000000    -0.00005     0.00000    0.000000000   -0.000000239   -0.000000398  255.144363  74010.7668
2250.00   15.0000    0.0000   15.0000  278.1250  278.1250  0.000000       0.00000       0.00000         229187.9551    0.000000    -0.00005     0.00000    0.000000000   -0.000000239   -0.000000397  255.098828  73891.9328
2262.00   15.0000    0.0000   15.0000  278.2030  278.2030  0.000000       0.00000       0.00000         229123.6974    0.000000    -0.00006     0.00000    0.000000000   -0.000000238   -0.000000397  255.053260  73773.2683
2274.00   15.0000    0.0000   15.0000  278.2810  278.2810  0.000000       0.00000       0.00000         229059.4759    0.000000    -0.00006     0.00000    0.000000000   -0.000000238   -0.000000396  255.007659  73654.7733
2286.00   15.0000    0.0000   15.0000  278.3590  278.3590  0.000000       0.00000       0.00000         228995.2903    0.000000    -0.00006     0.00000    0.000000000   -0.000000238   -0.000000396  254.962026  73536.4475
2298.00   15.0000    0.0000   15.0000  278.4370  278.4370  0.000000       0.00000       0.00000         228931.1406    0.000000    -0.00006     0.00000    0.000000000   -0.000000238   -0.000000395  254.916359  73418.2906
2310.00   15.0000    0.0000   15.0000  278.5150  278.5150  0.000000       0.00000       0.00000         228867.0269    0.000000    -0.00006     0.00000    0.000000000   -0.000000238   -0.000000395  254.870660  73300.3024
2322.00   15.0000    0.0000   15.0000  278.5930  278.5930  0.000000       0.00000       0.00000         228802.9491    0.000000    -0.00006     0.00000    0.000000000   -0.000000238   -0.000000394  254.824928  73182.4827
2334.00   15.0000    0.0000   15.0000  278.6710  278.6710  0.000000       0.00000       0.00000         228738.9072    0.000000    -0.00006     0.00000    0.000000000   -0.000000238   -0.000000394  254.779164  73064.8314
2346.00   15.0000    0.0000   15.0000  278.7490  278.7490  0.000000       0.00000       0.00000         228674.9011    0.000000    -0.00006     0.00000    0.000000000   -0.000000238   -0.000000393  254.733366  72947.3480
2358.00   15.0000    0.0000   15.0000  278.8270  278.8270  0.000000       0.00000       0.00000         228610.9308    0.000000    -0.00006     0.00000    0.000000000   -0.000000238   -0.000000393  254.687536  72830.0325
2370.00   15.0000    0.0000   15.0000  278.9050  278.9050  0.000000       0.00000       0.00000         228546.9963    0.000000    -0.00006     0.00000    0.000000000   -0.000000237   -0.000000392  254.641673  72712.8846
2382.00   15.0000    0.0000   15.0000  278.9830  278.9830  0.000000       0.00000       0.00000              0.0000    0.000000    -0.00006     0.00000    0.000000000    0.000000000    0.000000000  254.595777  72595.9040
2394.00   15.0000    0.0000   15.0000  279.0610  279.0610  0.000000       0.00000       0.00000              0.0000    0.000000     0.00000     0.00000    0.000000000    0.000000000    0.000000000  254.549849  72479.0907
