   0.00    0.0000    0.0000    0.0000  244.0214  244.0214  0.000000       0.00000       0.00000              0.0000    0.000000     0.00000     0.00000    0.000000000    0.000000000    0.000000000    0.000000      0.0000
   6.00    7.5065    3.5873    8.3196  245.8671  245.8671  0.000000       0.67175       0.67175              0.0000    0.000000     0.00000     0.00000   -0.000034891    0.000000000    0.000000000  245.779415  99875.0562
  18.00    8.5964    4.0159    9.4881  246.0312  246.0312  0.000000       1.92670       1.92670              0.0713    0.000000    -0.00000     0.00000   -0.000038593    0.000000000    0.000000000  245.796912  99666.9959
  30.00    9.3158    4.2450   10.2374  246.1432  246.1432  0.000000       1.77795       1.77795              0.1007    0.000000    -0.00000     0.00000   -0.000047020    0.000000035   -0.000000021  245.791728  99500.8997
  42.00    9.9886    4.4109   10.9192  246.2518  246.2518  0.000000       1.92022       1.92022              0.1171    0.000000    -0.00000     0.00000   -0.000050351    0.000000020   -0.000000036  245.783022  99335.0757
  54.00   10.5997    4.5188   11.5228  246.3544  246.3544  0.000000       1.84866       1.84866              0.1348    0.000000    -0.00000     0.00000   -0.000052797    0.000000010   -0.000000045  245.768390  99169.5202
  66.00   11.1827    4.5808   12.0846  246.4570  246.4570  0.000000       1.77620       1.77620              0.1502    0.000000    -0.00000     0.00000   -0.000054874    0.000000012   -0.000000044  245.753594  99004.2307
  78.00   11.7418    4.6004   12.6108  246.5607  246.5607  0.000000       1.65823       1.65823              0.1657    0.000000    -0.00000     0.00000   -0.000056725    0.000000018   -0.000000038  245.739830  98839.2071
  90.00   12.2833    4.5795   13.1093  246.6673  246.6673  0.000000       1.52699       1.52699              0.1811    0.000000    -0.00000     0.00000   -0.000058473    0.000000029   -0.000000027  245.728987  98674.4503
 102.00   12.8092    4.5185   13.5828  246.7782  246.7782  0.000000       1.38298       1.38298              0.1970    0.000000    -0.00000     0.00000   -0.000060150    0.000000045   -0.000000011  245.722374  98509.9623
 114.00   13.3203    4.4167   14.0335  246.8949  246.8949  0.000000       1.23412       1.23412              0.2138    0.000000    -0.00000     0.00000   -0.000061852    0.000000066    0.000000008  245.721476  98345.7461
 126.00   13.8159    4.2729   14.4616  247.0191  247.0191  0.000000       1.08349       1.08349              0.2319    0.000000    -0.00001     0.00000   -0.000063452    0.000000092    0.000000034  245.727883  98181.8054
 138.00   14.2942    4.0852   14.8665  247.1526  247.1526  0.000000       0.93438       0.93438              0.2519    0.000000    -0.00001     0.00000   -0.000065125    0.000000126    0.000000066  245.743560  98018.1453
 150.00   14.7520    3.8508   15.2463  247.2980  247.2980  0.000000       0.78911       0.78911              0.2744    0.000000    -0.00001     0.00000   -0.000066848    0.000000170    0.000000108  245.771023  97854.7724
 162.00   15.1848    3.5666   15.5980  247.4588  247.4588  0.000000       0.64972       0.64972              0.3005    0.000000    -0.00001     0.00000   -0.000068626    0.000000228    0.000000164  245.813708  97691.6950
 174.00   15.5856    3.2283   15.9165  247.6400  247.6400  0.000000       0.51786       0.51786              0.3318    0.000000    -0.00001     0.00000   -0.000070531    0.000000308    0.000000240  245.876608  97528.9243
 186.00   15.9445    2.8304   16.1937  247.8495  247.8495  0.000000       0.39561       0.39561              0.3706    0.000000    -0.00001     0.00000   -0.000072698    0.000000423    0.000000351  245.967394  97366.4756
 198.00   16.2454    2.3659   16.4168  248.1001  248.1001  0.000000       0.28410       0.28410              0.4214    0.000000    -0.00002     0.00000   -0.000075491    0.000000603    0.000000523  246.098979  97204.3706
 210.00   16.4611    1.8272   16.5622  248.4152  248.4152  0.000000       0.18763       0.18763              0.4918    0.000000    -0.00003     0.00000   -0.000080009    0.000000916    0.000000821  246.294326  97042.6429
 222.00   16.5410    1.2053   16.5848  248.8447  248.8447  0.000000       0.10471       0.10471              0.6025    0.000000    -0.00004     0.00000   -0.000089335    0.000001516    0.000001390  246.603029  96881.3491
 234.00   16.3816    0.5312   16.3902  249.4892  249.4892  0.000000       0.05022       0.05022              0.7808    0.000000    -0.00005     0.00000   -0.000121420    0.000003166    0.000002916  247.124492  96720.5938
 246.00   15.7438   -0.0911   15.7441  250.7615  250.7615  0.000000       0.00077       0.00077              2.3493    0.000000     0.00000     0.00000   -0.000213972    0.000011766    0.000009995  248.267435  96560.6431
 258.00   15.0056   -0.0078   15.0056  254.9557  254.9557  0.000000       0.00000       0.00000              8.4942    0.000000    -0.00008     0.00000   -0.000011285    0.000012021    0.000013087  252.301674  96402.5971
 270.00   15.0000   -0.0000   15.0000  255.9282  255.9282  0.000000       0.00000       0.00000          17717.8931    0.000000    -0.00007     0.00000   -0.000000009    0.000004597    0.000004395  253.146744  96246.3422
 282.00   15.0000   -0.0000   15.0000  256.7390  256.7390  0.000000       0.00000       0.00000        2262080.2055    0.000000    -0.00005     0.00000    0.000000000    0.000003738    0.000003557  253.831485  96090.8111
 294.00   15.0000   -0.0000   15.0000  257.3495  257.3495  0.000000       0.00000       0.00000        1786890.8878    0.000000    -0.00005     0.00000    0.000000000    0.000002956    0.000002774  254.317828  95935.8891
 306.00   15.0000   -0.0000   15.0000  257.8644  257.8644  0.000000       0.00000       0.00000        1530707.8134    0.000000    -0.00004     0.00000    0.000000000    0.000002528    0.000002349  254.709480  95781.4835
 318.00   15.0000   -0.0000   15.0000  258.3155  258.3155  0.000000       0.00000       0.00000        1360061.0843    0.000000    -0.00004     0.00000    0.000000000    0.000002237    0.000002061  255.037835  95627.5440
 330.00   15.0000    0.0000   15.0000  258.7242  258.7242  0.000000       0.00000       0.00000        1238943.4374    0.000000    -0.00004     0.00000    0.000000000    0.000002029    0.000001854  255.324201  95474.0369
 342.00   15.0000    0.0000   15.0000  259.1000  259.1000  0.000000       0.00000       0.00000        1149309.9636    0.000000    -0.00004     0.00000    0.000000000    0.000001874    0.000001700  255.577825  95320.9382
 354.00   15.0000    0.0000   15.0000  259.4530  259.4530  0.000000       0.00000       0.00000        1077017.1667    0.000000    -0.00004     0.00000    0.000000000    0.000001748    0.000001574  255.808893  95168.2297
 366.00   15.0000    0.0000   15.0000  259.7839  259.7839  0.000000       0.00000       0.00000        1019694.3329    0.000000    -0.00004     0.00000    0.000000000    0.000001647    0.000001473  256.017908  95015.8968
 378.00   15.0000    0.0000   15.0000  260.1013  260.1013  0.000000       0.00000       0.00000         958926.6616    0.000000    -0.00003     0.00000    0.000000000    0.000001532    0.000001358  256.213609  94863.9279
 390.00   15.0000    0.0000   15.0000  260.3943  260.3943  0.000000       0.00000       0.00000         914729.5950    0.000000    -0.00004     0.00000    0.000000000    0.000001451    0.000001276  256.385011  94712.3106
 402.00   15.0000    0.0000   15.0000  260.6843  260.6843  0.000000       0.00000       0.00000         865145.8028    0.000000    -0.00003     0.00000    0.000000000    0.000001351    0.000001177  256.553377  94561.0358
 414.00   15.0000    0.0000   15.0000  260.9462  260.9462  0.000000       0.00000       0.00000         822301.0862    0.000000    -0.00003     0.00000    0.000000000    0.000001264    0.000001089  256.694030  94410.0936
 426.00   15.0000    0.0000   15.0000  261.2094  261.2094  0.000000       0.00000       0.00000         792012.0171    0.000000    -0.00003     0.00000    0.000000000    0.000001204    0.000001030  256.835772  94259.4750
 438.00   15.0000    0.0000   15.0000  261.4525  261.4525  0.000000       0.00000       0.00000         755756.4063    0.000000    -0.00003     0.00000    0.000000000    0.000001126    0.000000952  256.957676  94109.1739
 450.00   15.0000    0.0000   15.0000  261.6930  261.6930  0.000000       0.00000       0.00000         733772.6673    0.000000    -0.00003     0.00000    0.000000000    0.000001083    0.000000908  257.076850  93959.1827
 462.00   15.0000    0.0000   15.0000  261.9225  261.9225  0.000000       0.00000       0.00000         707607.9543    0.000000    -0.00003     0.00000    0.000000000    0.000001026    0.000000851  257.185145  93809.4968
 474.00   15.0000    0.0000   15.0000  262.1466  262.1466  0.000000       0.00000       0.00000         686672.2098    0.000000    -0.00003     0.00000    0.000000000    0.000000982    0.000000806  257.288045  93660.1107
 486.00   15.0000    0.0000   15.0000  262.3630  262.3630  0.000000       0.00000       0.00000         665198.8548    0.000000    -0.00003     0.00000    0.000000000    0.000000935    0.000000758  257.383336  93511.0198
 498.00   15.0000    0.0000   15.0000  262.5737  262.5737  0.000000       0.00000       0.00000         646362.0326    0.000000    -0.00003     0.00000    0.000000000    0.000000893    0.000000716  257.472869  93362.2197
 510.00   15.0000    0.0000   15.0000  262.7784  262.7784  0.000000       0.00000       0.00000         629060.1929    0.000000    -0.00003     0.00000    0.000000000    0.000000854    0.000000677  257.556436  93213.7062
 522.00   15.0000    0.0000   15.0000  262.9782  262.9782  0.000000       0.00000       0.00000         613051.7034    0.000000    -0.00003     0.00000    0.000000000    0.000000818    0.000000640  257.635195  93065.4757
 534.00   15.0000    0.0000   15.0000  263.1729  263.1729  0.000000       0.00000       0.00000         598152.5907    0.000000    -0.00003     0.00000    0.000000000    0.000000784    0.000000606  257.708790  92917.5246
 546.00   15.0000    0.0000   15.0000  263.3635  263.3635  0.000000       0.00000       0.00000         582268.6003    0.000000    -0.00003     0.00000    0.000000000    0.000000746    0.000000568  257.778263  92769.8496
 558.00   15.0000    0.0000   15.0000  263.5482  263.5482  0.000000       0.00000       0.00000         568022.4393    0.000000    -0.00003     0.00000    0.000000000    0.000000712    0.000000533  257.841939  92622.4475
 570.00   15.0000    0.0000   15.0000  263.7299  263.7299  0.000000       0.00000       0.00000         550973.1955    0.000000    -0.00003     0.00000    0.000000000    0.000000669    0.000000490  257.902512  92475.3149
 582.00   15.0000    0.0000   15.0000  263.9038  263.9038  0.000000       0.00000       0.00000         535392.5266    0.000000    -0.00003     0.00000    0.000000000    0.000000629    0.000000451  257.955513  92328.4484
 594.00   15.0000    0.0000   15.0000  264.0757  264.0757  0.000000       0.00000       0.00000         519331.2840    0.000000    -0.00003     0.00000    0.000000000    0.000000588    0.000000409  258.006320  92181.8446
 606.00   15.0000    0.0000   15.0000  264.2395  264.2395  0.000000       0.00000       0.00000         501032.1869    0.000000    -0.00003     0.00000    0.000000000    0.000000539    0.000000361  258.049247  92035.5002
 618.00   15.0000    0.0000   15.0000  264.3997  264.3997  0.000000       0.00000       0.00000         487295.4318    0.000000    -0.00003     0.00000    0.000000000    0.000000503    0.000000324  258.088551  91889.4114
 630.00   15.0000    0.0000   15.0000  264.5548  264.5548  0.000000       0.00000       0.00000         472874.5708    0.000000    -0.00003     0.00000    0.000000000    0.000000464    0.000000285  258.122850  91743.5752
 642.00   15.0000    0.0000   15.0000  264.7058  264.7058  0.000000       0.00000       0.00000         460824.3446    0.000000    -0.00003     0.00000    0.000000000    0.000000432    0.000000253  258.153085  91597.9887
 654.00   15.0000    0.0000   15.0000  264.8533  264.8533  0.000000       0.00000       0.00000         449451.0484    0.000000    -0.00003     0.00000    0.000000000    0.000000401    0.000000222  258.179806  91452.6492
 666.00   15.0000    0.0000   15.0000  264.9972  264.9972  0.000000       0.00000       0.00000         438934.9925    0.000000    -0.00003     0.00000    0.000000000    0.000000372    0.000000193  258.202885  91307.5543
 678.00   15.0000    0.0000   15.0000  265.1380  265.1380  0.000000       0.00000       0.00000         429914.0968    0.000000    -0.00003     0.00000    0.000000000    0.000000347    0.000000168  258.222985  91162.7018
 690.00   15.0000    0.0000   15.0000  265.2761  265.2761  0.000000       0.00000       0.00000         422014.7673    0.000000    -0.00003     0.00000    0.000000000    0.000000325    0.000000146  258.240385  91018.0895
 702.00   15.0000    0.0000   15.0000  265.4120  265.4120  0.000000       0.00000       0.00000         415104.8432    0.000000    -0.00003     0.00000    0.000000000    0.000000306    0.000000127  258.255512  90873.7157
 714.00   15.0000    0.0000   15.0000  265.5457  265.5457  0.000000       0.00000       0.00000         409070.5431    0.000000    -0.00003     0.00000    0.000000000    0.000000289    0.000000110  258.268560  90729.5788
 726.00   15.0000    0.0000   15.0000  265.6778  265.6778  0.000000       0.00000       0.00000         403859.9566    0.000000    -0.00003     0.00000    0.000000000    0.000000275    0.000000096  258.279885  90585.6772
 738.00   15.0000    0.0000   15.0000  265.8083  265.8083  0.000000       0.00000       0.00000         399255.6276    0.000000    -0.00003     0.00000    0.000000000    0.000000262    0.000000083  258.289651  90442.0098
 750.00   15.0000    0.0000   15.0000  265.9375  265.9375  0.000000       0.00000       0.00000         395046.3073    0.000000    -0.00003     0.00000    0.000000000    0.000000250    0.000000071  258.298076  90298.5753
 762.00   15.0000    0.0000   15.0000  266.0655  266.0655  0.000000       0.00000       0.00000         391492.9712    0.000000    -0.00003     0.00000    0.000000000    0.000000240    0.000000061  258.305189  90155.3725
 774.00   15.0000    0.0000   15.0000  266.1925  266.1925  0.000000       0.00000       0.00000         388097.3344    0.000000    -0.00003     0.00000    0.000000000    0.000000231    0.000000051  258.311374  90012.4006
 786.00   15.0000    0.0000   15.0000  266.3183  266.3183  0.000000       0.00000       0.00000         385630.1449    0.000000    -0.00003     0.00000    0.000000000    0.000000224    0.000000044  258.316346  89869.6584
 798.00   15.0000    0.0000   15.0000  266.4438  266.4438  0.000000       0.00000       0.00000         383658.4139    0.000000    -0.00003     0.00000    0.000000000    0.000000219    0.000000038  258.320977  89727.1453
 810.00   15.0000    0.0000   15.0000  266.5685  266.5685  0.000000       0.00000       0.00000         382416.6508    0.000000    -0.00003     0.00000    0.000000000    0.000000215    0.000000035  258.324707  89584.8604
 822.00   15.0000    0.0000   15.0000  266.6933  266.6933  0.000000       0.00000       0.00000         382245.8460    0.000000    -0.00003     0.00000    0.000000000    0.000000215    0.000000034  258.328555  89442.8033
 834.00   15.0000    0.0000   15.0000  266.8179  266.8179  0.000000       0.00000       0.00000         382156.3426    0.000000    -0.00003     0.00000    0.000000000    0.000000216    0.000000034  258.332181  89300.9735
 846.00   15.0000    0.0000   15.0000  266.9428  266.9428  0.000000       0.00000       0.00000         382928.0164    0.000000    -0.00003     0.00000    0.000000000    0.000000218    0.000000037  258.335976  89159.3706
 858.00   15.0000    0.0000   15.0000  267.0681  267.0681  0.000000       0.00000       0.00000         385313.7281    0.000000    -0.00003     0.00000    0.000000000    0.000000226    0.000000044  258.340094  89017.9944
 870.00   15.0000    0.0000   15.0000  267.1947  267.1947  0.000000       0.00000       0.00000         389777.2813    0.000000    -0.00003     0.00000    0.000000000    0.000000240    0.000000057  258.345401  88876.8449
 882.00   15.0000    0.0000   15.0000  267.3230  267.3230  0.000000       0.00000       0.00000         395904.2235    0.000000    -0.00004     0.00000    0.000000000    0.000000259    0.000000075  258.352345  88735.9226
 894.00   15.0000    0.0000   15.0000  267.4537  267.4537  0.000000       0.00000       0.00000         404925.4942    0.000000    -0.00004     0.00000    0.000000000    0.000000286    0.000000102  258.361533  88595.2282
 906.00   15.0000    0.0000   15.0000  267.5880  267.5880  0.000000       0.00000       0.00000         417107.1166    0.000000    -0.00004     0.00000    0.000000000    0.000000324    0.000000138  258.374190  88454.7627
 918.00   15.0000    0.0000   15.0000  267.7268  267.7268  0.000000       0.00000       0.00000         437980.1680    0.000000    -0.00004     0.00000    0.000000000    0.000000388    0.000000201  258.391092  88314.5280
 930.00   15.0000    0.0000   15.0000  267.8750  267.8750  0.000000       0.00000       0.00000         456053.7306    0.000000    -0.00004     0.00000    0.000000000    0.000000445    0.000000255  258.416965  88174.5271
 942.00   15.0000    0.0000   15.0000  268.0258  268.0258  0.000000       0.00000       0.00000         520135.9593    0.000000    -0.00006     0.00000    0.000000000    0.000000643    0.000000448  258.445327  88034.7629
 954.00   15.0000    0.0000   15.0000  268.2162  268.2162  0.000000       0.00000       0.00000         529901.5270    0.000000    -0.00005     0.00000    0.000000000    0.000000676    0.000000480  258.511756  87895.2457
 966.00   15.0000    0.0000   15.0000  268.3737  268.3737  0.000000       0.00000       0.00000         763268.1943    0.000000    -0.00010     0.00000    0.000000000    0.000001408    0.000001188  258.546396  87755.9769
 978.00   15.0000    0.0000   15.0000  268.7175  268.7175  0.000000       0.00000       0.00000         710199.7178    0.000000    -0.00004     0.00000    0.000000000    0.000001249    0.000001047  258.760484  87616.9955
 990.00   15.0000    0.0000   15.0000  268.8407  268.8407  0.000000       0.00000       0.00000        1968991.9961    0.000000    -0.00036     0.00000    0.000000000    0.000005416    0.000004929  258.762007  87478.2920
1002.00   15.0000    0.0000   15.0000  270.0130  270.0130  0.000000       0.00000       0.00000        1892029.6434    0.000000    -0.00002     0.00000    0.000000000    0.000005191    0.000005091  259.772984  87340.0776
1014.00   15.0000    0.0000   15.0000  270.0910  270.0910  0.000000       0.00000       0.00000         236005.2723    0.000000    -0.00002     0.00000    0.000000000   -0.000000244   -0.000000442  259.730916  87202.3394
1026.00   15.0000    0.0000   15.0000  270.1690  270.1690  0.000000       0.00000       0.00000         235937.1356    0.000000    -0.00002     0.00000    0.000000000   -0.000000244   -0.000000441  259.688813  87064.7962
1038.00   15.0000    0.0000   15.0000  270.2470  270.2470  0.000000       0.00000       0.00000         235869.0383    0.000000    -0.00003     0.00000    0.000000000   -0.000000244   -0.000000441  259.646677  86927.4477
1050.00   15.0000    0.0000   15.0000  270.3250  270.3250  0.000000       0.00000       0.00000         235800.9803    0.000000    -0.00003     0.00000    0.000000000   -0.000000244   -0.000000441  259.604507  86790.2936
1062.00   15.0000    0.0000   15.0000  270.4030  270.4030  0.000000       0.00000       0.00000         235732.9615    0.000000    -0.00003     0.00000    0.000000000   -0.000000244   -0.000000440  259.562303  86653.3337
1074.00   15.0000    0.0000   15.0000  270.4810  270.4810  0.000000       0.00000       0.00000         235664.9820    0.000000    -0.00003     0.00000    0.000000000   -0.000000244   -0.000000440  259.520065  86516.5677
1086.00   15.0000    0.0000   15.0000  270.5590  270.5590  0.000000       0.00000       0.00000         235597.0417    0.000000    -0.00003     0.00000    0.000000000   -0.000000244   -0.000000440  259.477794  86379.9953
1098.00   15.0000    0.0000   15.0000  270.6370  270.6370  0.000000       0.00000       0.00000         235529.1405    0.000000    -0.00003     0.00000    0.000000000   -0.000000244   -0.000000439  259.435488  86243.6163
1110.00   15.0000    0.0000   15.0000  270.7150  270.7150  0.000000       0.00000       0.00000         235461.2785    0.000000    -0.00003     0.00000    0.000000000   -0.000000244   -0.000000439  259.393149  86107.4304
1122.00   15.0000    0.0000   15.0000  270.7930  270.7930  0.000000       0.00000       0.00000         235393.4555    0.000000    -0.00003     0.00000    0.000000000   -0.000000244   -0.000000439  259.350777  85971.4374
1134.00   15.0000    0.0000   15.0000  270.8710  270.8710  0.000000       0.00000       0.00000         235325.6716    0.000000    -0.00003     0.00000    0.000000000   -0.000000244   -0.000000438  259.308370  85835.6370
1146.00   15.0000    0.0000   15.0000  270.9490  270.9490  0.000000       0.00000       0.00000         235257.9268    0.000000    -0.00003     0.00000    0.000000000   -0.000000244   -0.000000438  259.265930  85700.0290
1158.00   15.0000    0.0000   15.0000  271.0270  271.0270  0.000000       0.00000       0.00000         235190.2209    0.000000    -0.00003     0.00000    0.000000000   -0.000000244   -0.000000438  259.223456  85564.6130
1170.00   15.0000    0.0000   15.0000  271.1050  271.1050  0.000000       0.00000       0.00000         235122.5540    0.000000    -0.00003     0.00000    0.000000000   -0.000000244   -0.000000437  259.180949  85429.3888
1182.00   15.0000    0.0000   15.0000  271.1830  271.1830  0.000000       0.00000       0.00000         235054.9260    0.000000    -0.00003     0.00000    0.000000000   -0.000000244   -0.000000437  259.138407  85294.3562
1194.00   15.0000    0.0000   15.0000  271.2610  271.2610  0.000000       0.00000       0.00000         234987.3369    0.000000    -0.00003     0.00000    0.000000000   -0.000000244   -0.000000437  259.095832  85159.5150
1206.00   15.0000    0.0000   15.0000  271.3390  271.3390  0.000000       0.00000       0.00000         234919.7867    0.000000    -0.00003     0.00000    0.000000000   -0.000000244   -0.000000436  259.053224  85024.8648
1218.00   15.0000    0.0000   15.0000  271.4170  271.4170  0.000000       0.00000       0.00000         234852.2753    0.000000    -0.00003     0.00000    0.000000000   -0.000000244   -0.000000436  259.010581  84890.4053
1230.00   15.0000    0.0000   15.0000  271.4950  271.4950  0.000000       0.00000       0.00000         234784.8027    0.000000    -0.00003     0.00000    0.000000000   -0.000000244   -0.000000436  258.967906  84756.1365
1242.00   15.0000    0.0000   15.0000  271.5730  271.5730  0.000000       0.00000       0.00000         234717.3688    0.000000    -0.00003     0.00000    0.000000000   -0.000000244   -0.000000435  258.925196  84622.0579
1254.00   15.0000    0.0000   15.0000  271.6510  271.6510  0.000000       0.00000       0.00000         234649.9737    0.000000    -0.00003     0.00000    0.000000000   -0.000000244   -0.000000435  258.882453  84488.1693
1266.00   15.0000    0.0000   15.0000  271.7290  271.7290  0.000000       0.00000       0.00000         234582.6172    0.000000    -0.00003     0.00000    0.000000000   -0.000000244   -0.000000435  258.839676  84354.4705
1278.00   15.0000    0.0000   15.0000  271.8070  271.8070  0.000000       0.00000       0.00000         234515.2995    0.000000    -0.00003     0.00000    0.000000000   -0.000000244   -0.000000434  258.796865  84220.9612
1290.00   15.0000    0.0000   15.0000  271.8850  271.8850  0.000000       0.00000       0.00000         234448.0203    0.000000    -0.00003     0.00000    0.000000000   -0.000000244   -0.000000434  258.754021  84087.6412
1302.00   15.0000    0.0000   15.0000  271.9630  271.9630  0.000000       0.00000       0.00000         234380.7797    0.000000    -0.00003     0.00000    0.000000000   -0.000000244   -0.000000433  258.711144  83954.5102
1314.00   15.0000    0.0000   15.0000  272.0410  272.0410  0.000000       0.00000       0.00000         234313.5777    0.000000    -0.00003     0.00000    0.000000000   -0.000000244   -0.000000433  258.668233  83821.5680
1326.00   15.0000    0.0000   15.0000  272.1190  272.1190  0.000000       0.00000       0.00000         234246.4143    0.000000    -0.00003     0.00000    0.000000000   -0.000000244   -0.000000433  258.625288  83688.8142
1338.00   15.0000    0.0000   15.0000  272.1970  272.1970  0.000000       0.00000       0.00000         234179.2893    0.000000    -0.00003     0.00000    0.000000000   -0.000000244   -0.000000432  258.582310  83556.2488
1350.00   15.0000    0.0000   15.0000  272.2750  272.2750  0.000000       0.00000       0.00000         234112.2027    0.000000    -0.00003     0.00000    0.000000000   -0.000000244   -0.000000432  258.539298  83423.8713
1362.00   15.0000    0.0000   15.0000  272.3530  272.3530  0.000000       0.00000       0.00000         234045.1546    0.000000    -0.00003     0.00000    0.000000000   -0.000000244   -0.000000432  258.496252  83291.6815
1374.00   15.0000    0.0000   15.0000  272.4310  272.4310  0.000000       0.00000       0.00000         233978.1449    0.000000    -0.00003     0.00000    0.000000000   -0.000000244   -0.000000431  258.453173  83159.6792
1386.00   15.0000    0.0000   15.0000  272.5090  272.5090  0.000000       0.00000       0.00000         233911.1736    0.000000    -0.00003     0.00000    0.000000000   -0.000000244   -0.000000431  258.410061  83027.8642
1398.00   15.0000    0.0000   15.0000  272.5870  272.5870  0.000000       0.00000       0.00000         233844.2406    0.000000    -0.00003     0.00000    0.000000000   -0.000000244   -0.000000430  258.366915  82896.2362
1410.00   15.0000    0.0000   15.0000  272.6650  272.6650  0.000000       0.00000       0.00000         233777.3458    0.000000    -0.00003     0.00000    0.000000000   -0.000000244   -0.000000430  258.323735  82764.7949
1422.00   15.0000    0.0000   15.0000  272.7430  272.7430  0.000000       0.00000       0.00000         233710.4894    0.000000    -0.00003     0.00000    0.000000000   -0.000000244   -0.000000430  258.280522  82633.5401
1434.00   15.0000    0.0000   15.0000  272.8210  272.8210  0.000000       0.00000       0.00000         233643.6711    0.000000    -0.00003     0.00000    0.000000000   -0.000000244   -0.000000429  258.237276  82502.4715
1446.00   15.0000    0.0000   15.0000  272.8990  272.8990  0.000000       0.00000       0.00000         233576.8911    0.000000    -0.00004     0.00000    0.000000000   -0.000000244   -0.000000429  258.193996  82371.5889
1458.00   15.0000    0.0000   15.0000  272.9770  272.9770  0.000000       0.00000       0.00000         233510.1492    0.000000    -0.00004     0.00000    0.000000000   -0.000000244   -0.000000429  258.150682  82240.8921
1470.00   15.0000    0.0000   15.0000  273.0550  273.0550  0.000000       0.00000       0.00000         233443.4455    0.000000    -0.00004     0.00000    0.000000000   -0.000000244   -0.000000428  258.107335  82110.3807
1482.00   15.0000    0.0000   15.0000  273.1330  273.1330  0.000000       0.00000       0.00000         233376.7798    0.000000    -0.00004     0.00000    0.000000000   -0.000000244   -0.000000428  258.063955  81980.0546
1494.00   15.0000    0.0000   15.0000  273.2110  273.2110  0.000000       0.00000       0.00000         233310.1522    0.000000    -0.00004     0.00000    0.000000000   -0.000000244   -0.000000427  258.020541  81849.9134
1506.00   15.0000    0.0000   15.0000  273.2890  273.2890  0.000000       0.00000       0.00000         233243.5627    0.000000    -0.00004     0.00000    0.000000000   -0.000000244   -0.000000427  257.977094  81719.9570
1518.00   15.0000    0.0000   15.0000  273.3670  273.3670  0.000000       0.00000       0.00000         233177.0111    0.000000    -0.00004     0.00000    0.000000000   -0.000000244   -0.000000427  257.933613  81590.1851
1530.00   15.0000    0.0000   15.0000  273.4450  273.4450  0.000000       0.00000       0.00000         233110.4975    0.000000    -0.00004     0.00000    0.000000000   -0.000000244   -0.000000426  257.890099  81460.5975
1542.00   15.0000    0.0000   15.0000  273.5230  273.5230  0.000000       0.00000       0.00000         233044.0219    0.000000    -0.00004     0.00000    0.000000000   -0.000000244   -0.000000426  257.846552  81331.1938
1554.00   15.0000    0.0000   15.0000  273.6010  273.6010  0.000000       0.00000       0.00000         232977.5841    0.000000    -0.00004     0.00000    0.000000000   -0.000000244   -0.000000425  257.802971  81201.9739
1566.00   15.0000    0.0000   15.0000  273.6790  273.6790  0.000000       0.00000       0.00000         232911.1843    0.000000    -0.00004     0.00000    0.000000000   -0.000000244   -0.000000425  257.759357  81072.9375
1578.00   15.0000    0.0000   15.0000  273.7570  273.7570  0.000000       0.00000       0.00000         232844.8222    0.000000    -0.00004     0.00000    0.000000000   -0.000000244   -0.000000425  257.715709  80944.0843
1590.00   15.0000    0.0000   15.0000  273.8350  273.8350  0.000000       0.00000       0.00000         232778.4980    0.000000    -0.00004     0.00000    0.000000000   -0.000000244   -0.000000424  257.672028  80815.4142
1602.00   15.0000    0.0000   15.0000  273.9130  273.9130  0.000000       0.00000       0.00000         232712.2115    0.000000    -0.00004     0.00000    0.000000000   -0.000000244   -0.000000424  257.628314  80686.9268
1614.00   15.0000    0.0000   15.0000  273.9910  273.9910  0.000000       0.00000       0.00000         232645.9628    0.000000    -0.00004     0.00000    0.000000000   -0.000000244   -0.000000423  257.584566  80558.6219
1626.00   15.0000    0.0000   15.0000  274.0690  274.0690  0.000000       0.00000       0.00000         232579.7518    0.000000    -0.00004     0.00000    0.000000000   -0.000000244   -0.000000423  257.540785  80430.4994
1638.00   15.0000    0.0000   15.0000  274.1470  274.1470  0.000000       0.00000       0.00000         232513.5785    0.000000    -0.00004     0.00000    0.000000000   -0.000000244   -0.000000423  257.496971  80302.5588
1650.00   15.0000    0.0000   15.0000  274.2250  274.2250  0.000000       0.00000       0.00000         232447.4428    0.000000    -0.00004     0.00000    0.000000000   -0.000000244   -0.000000422  257.453123  80174.8000
1662.00   15.0000    0.0000   15.0000  274.3030  274.3030  0.000000       0.00000       0.00000         232381.3447    0.000000    -0.00004     0.00000    0.000000000   -0.000000244   -0.000000422  257.409242  80047.2228
1674.00   15.0000    0.0000   15.0000  274.3810  274.3810  0.000000       0.00000       0.00000         232315.2842    0.000000    -0.00004     0.00000    0.000000000   -0.000000244   -0.000000421  257.365328  79919.8269
1686.00   15.0000    0.0000   15.0000  274.4590  274.4590  0.000000       0.00000       0.00000         232249.2613    0.000000    -0.00004     0.00000    0.000000000   -0.000000244   -0.000000421  257.321380  79792.6120
1698.00   15.0000    0.0000   15.0000  274.5370  274.5370  0.000000       0.00000       0.00000         232183.2758    0.000000    -0.00004     0.00000    0.000000000   -0.000000244   -0.000000421  257.277400  79665.5780
1710.00   15.0000    0.0000   15.0000  274.6150  274.6150  0.000000       0.00000       0.00000         232117.3279    0.000000    -0.00004     0.00000    0.000000000   -0.000000243   -0.000000420  257.233386  79538.7245
1722.00   15.0000    0.0000   15.0000  274.6930  274.6930  0.000000       0.00000       0.00000         232051.4174    0.000000    -0.00004     0.00000    0.000000000   -0.000000243   -0.000000420  257.189338  79412.0513
1734.00   15.0000    0.0000   15.0000  274.7710  274.7710  0.000000       0.00000       0.00000         231985.5443    0.000000    -0.00004     0.00000    0.000000000   -0.000000243   -0.000000419  257.145258  79285.5583
1746.00   15.0000    0.0000   15.0000  274.8490  274.8490  0.000000       0.00000       0.00000         231919.7086    0.000000    -0.00004     0.00000    0.000000000   -0.000000243   -0.000000419  257.101144  79159.2451
1758.00   15.0000    0.0000   15.0000  274.9270  274.9270  0.000000       0.00000       0.00000         231853.9103    0.000000    -0.00004     0.00000    0.000000000   -0.000000243   -0.000000418  257.056997  79033.1114
1770.00   15.0000    0.0000   15.0000  275.0050  275.0050  0.000000       0.00000       0.00000         231788.1493    0.000000    -0.00004     0.00000    0.000000000   -0.000000243   -0.000000418  257.012816  78907.1572
1782.00   15.0000    0.0000   15.0000  275.0830  275.0830  0.000000       0.00000       0.00000         231722.4256    0.000000    -0.00004     0.00000    0.000000000   -0.000000243   -0.000000418  256.968603  78781.3821
1794.00   15.0000    0.0000   15.0000  275.1610  275.1610  0.000000       0.00000       0.00000         231656.7391    0.000000    -0.00004     0.00000    0.000000000   -0.000000243   -0.000000417  256.924356  78655.7858
1806.00   15.0000    0.0000   15.0000  275.2390  275.2390  0.000000       0.00000       0.00000         231591.0899    0.000000    -0.00004     0.00000    0.000000000   -0.000000243   -0.000000417  256.880076  78530.3682
1818.00   15.0000    0.0000   15.0000  275.3170  275.3170  0.000000       0.00000       0.00000         231525.4779    0.000000    -0.00004     0.00000    0.000000000   -0.000000243   -0.000000416  256.835763  78405.1290
1830.00   15.0000    0.0000   15.0000  275.3950  275.3950  0.000000       0.00000       0.00000         231459.9030    0.000000    -0.00004     0.00000    0.000000000   -0.000000243   -0.000000416  256.791417  78280.0679
1842.00   15.0000    0.0000   15.0000  275.4730  275.4730  0.000000       0.00000       0.00000         231394.3653    0.000000    -0.00004     0.00000    0.000000000   -0.000000243   -0.000000415  256.747038  78155.1848
1854.00   15.0000    0.0000   15.0000  275.5510  275.5510  0.000000       0.00000       0.00000         231328.8647    0.000000    -0.00005     0.00000    0.000000000   -0.000000243   -0.000000415  256.702625  78030.4794
1866.00   15.0000    0.0000   15.0000  275.6290  275.6290  0.000000       0.00000       0.00000         231263.4012    0.000000    -0.00005     0.00000    0.000000000   -0.000000243   -0.000000415  256.658179  77905.9514
1878.00   15.0000    0.0000   15.0000  275.7070  275.7070  0.000000       0.00000       0.00000         231197.9747    0.000000    -0.00005     0.00000    0.000000000   -0.000000243   -0.000000414  256.613701  77781.6006
1890.00   15.0000    0.0000   15.0000  275.7850  275.7850  0.000000       0.00000       0.00000         231132.5852    0.000000    -0.00005     0.00000    0.000000000   -0.000000243   -0.000000414  256.569189  77657.4268
1902.00   15.0000    0.0000   15.0000  275.8630  275.8630  0.000000       0.00000       0.00000         231067.2326    0.000000    -0.00005     0.00000    0.000000000   -0.000000243   -0.000000413  256.524644  77533.4298
1914.00   15.0000    0.0000   15.0000  275.9410  275.9410  0.000000       0.00000       0.00000         231001.9171    0.000000    -0.00005     0.00000    0.000000000   -0.000000242   -0.000000413  256.480065  77409.6092
1926.00   15.0000    0.0000   15.0000  276.0190  276.0190  0.000000       0.00000       0.00000         230936.6384    0.000000    -0.00005     0.00000    0.000000000   -0.000000242   -0.000000412  256.435454  77285.9649
1938.00   15.0000    0.0000   15.0000  276.0970  276.0970  0.000000       0.00000       0.00000         230871.3966    0.000000    -0.00005     0.00000    0.000000000   -0.000000242   -0.000000412  256.390810  77162.4966
1950.00   15.0000    0.0000   15.0000  276.1750  276.1750  0.000000       0.00000       0.00000         230806.1917    0.000000    -0.00005     0.00000    0.000000000   -0.000000242   -0.000000412  256.346132  77039.2041
1962.00   15.0000    0.0000   15.0000  276.2530  276.2530  0.000000       0.00000       0.00000         230741.0236    0.000000    -0.00005     0.00000    0.000000000   -0.000000242   -0.000000411  256.301422  76916.0872
1974.00   15.0000    0.0000   15.0000  276.3310  276.3310  0.000000       0.00000       0.00000         230675.8923    0.000000    -0.00005     0.00000    0.000000000   -0.000000242   -0.000000411  256.256678  76793.1456
1986.00   15.0000    0.0000   15.0000  276.4090  276.4090  0.000000       0.00000       0.00000         230610.7978    0.000000    -0.00005     0.00000    0.000000000   -0.000000242   -0.000000410  256.211902  76670.3790
1998.00   15.0000    0.0000   15.0000  276.4870  276.4870  0.000000       0.00000       0.00000         230545.7399    0.000000    -0.00005     0.00000    0.000000000   -0.000000242   -0.000000410  256.167092  76547.7874
2010.00   15.0000    0.0000   15.0000  276.5650  276.5650  0.000000       0.00000       0.00000         230480.7188    0.000000    -0.00005     0.00000    0.000000000   -0.000000242   -0.000000409  256.122249  76425.3703
2022.00   15.0000    0.0000   15.0000  276.6430  276.6430  0.000000       0.00000       0.00000         230415.7344    0.000000    -0.00005     0.00000    0.000000000   -0.000000242   -0.000000409  256.077373  76303.1276
2034.00   15.0000    0.0000   15.0000  276.7210  276.7210  0.000000       0.00000       0.00000         230350.7865    0.000000    -0.00005     0.00000    0.000000000   -0.000000242   -0.000000408  256.032465  76181.0590
2046.00   15.0000    0.0000   15.0000  276.7990  276.7990  0.000000       0.00000       0.00000         230285.8753    0.000000    -0.00005     0.00000    0.000000000   -0.000000242   -0.000000408  255.987523  76059.1644
2058.00   15.0000    0.0000   15.0000  276.8770  276.8770  0.000000       0.00000       0.00000         230221.0007    0.000000    -0.00005     0.00000    0.000000000   -0.000000242   -0.000000407  255.942548  75937.4435
2070.00   15.0000    0.0000   15.0000  276.9550  276.9550  0.000000       0.00000       0.00000         230156.1626    0.000000    -0.00005     0.00000    0.000000000   -0.000000241   -0.000000407  255.897540  75815.8960
2082.00   15.0000    0.0000   15.0000  277.0330  277.0330  0.000000       0.00000       0.00000         230091.3610    0.000000    -0.00005     0.00000    0.000000000   -0.000000241   -0.000000407  255.852500  75694.5217
2094.00   15.0000    0.0000   15.0000  277.1110  277.1110  0.000000       0.00000       0.00000         230026.5958    0.000000    -0.00005     0.00000    0.000000000   -0.000000241   -0.000000406  255.807426  75573.3204
2106.00   15.0000    0.0000   15.0000  277.1890  277.1890  0.000000       0.00000       0.00000         229961.8672    0.000000    -0.00005     0.00000    0.000000000   -0.000000241   -0.000000406  255.762319  75452.2918
2118.00   15.0000    0.0000   15.0000  277.2670  277.2670  0.000000       0.00000       0.00000         229897.1749    0.000000    -0.00005     0.00000    0.000000000   -0.000000241   -0.000000405  255.717180  75331.4358
2130.00   15.0000    0.0000   15.0000  277.3450  277.3450  0.000000       0.00000       0.00000         229832.5191    0.000000    -0.00005     0.00000    0.000000000   -0.000000241   -0.000000405  255.672007  75210.7521
2142.00   15.0000    0.0000   15.0000  277.4230  277.4230  0.000000       0.00000       0.00000         229767.8996    0.000000    -0.00005     0.00000    0.000000000   -0.000000241   -0.000000404  255.626802  75090.2404
2154.00   15.0000    0.0000   15.0000  277.5010  277.5010  0.000000       0.00000       0.00000         229703.3164    0.000000    -0.00005     0.00000    0.000000000   -0.000000241   -0.000000404  255.581563  74969.9005
2166.00   15.0000    0.0000   15.0000  277.5790  277.5790  0.000000       0.00000       0.00000         229638.7695    0.000000    -0.00005     0.00000    0.000000000   -0.000000241   -0.000000403  255.536292  74849.7323
2178.00   15.0000    0.0000   15.0000  277.6570  277.6570  0.000000       0.00000       0.00000         229574.2589    0.000000    -0.00005     0.00000    0.000000000   -0.000000241   -0.000000403  255.490988  74729.7354
2190.00   15.0000    0.0000   15.0000  277.7350  277.7350  0.000000       0.00000       0.00000         229509.7845    0.000000    -0.00005     0.00000    0.000000000   -0.000000240   -0.000000402  255.445651  74609.9097
2202.00   15.0000    0.0000   15.0000  277.8130  277.8130  0.000000       0.00000       0.00000         229445.3463    0.000000    -0.00005     0.00000    0.000000000   -0.000000240   -0.000000402  255.400281  74490.2548
2214.00   15.0000    0.0000   15.0000  277.8910  277.8910  0.000000       0.00000       0.00000         229380.9443    0.000000    -0.00005     0.00000    0.000000000   -0.000000240   -0.000000401  255.354878  74370.7707
2226.00   15.0000    0.0000   15.0000  277.9690  277.9690  0.000000       0.00000       0.00000         229316.5785    0.000000    -0.00005     0.00000    0.000000000   -0.000000240   -0.000000401  255.309442  74251.4570
2238.00   15.0000    0.0000   15.0000  278.0470  278.0470  0.000000       0.00000       0.00000         229252.2487    0.000000    -0.00005     0.00000    0.000000000   -0.000000240   -0.000000400  255.263974  74132.3135
2250.00   15.0000    0.0000   15.0000  278.1250  278.1250  0.000000       0.00000       0.00000         229187.9551    0.000000    -0.00005     0.00000    0.000000000   -0.000000240   -0.000000400  255.218472  74013.3400
2262.00   15.0000    0.0000   15.0000  278.2030  278.2030  0.000000       0.00000       0.00000         229123.6974    0.000000    -0.00006     0.00000    0.000000000   -0.000000240   -0.000000399  255.172938  73894.5363
2274.00   15.0000    0.0000   15.0000  278.2810  278.2810  0.000000       0.00000       0.00000         229059.4759    0.000000    -0.00006     0.00000    0.000000000   -0.000000240   -0.000000399  255.127371  73775.9021
2286.00   15.0000    0.0000   15.0000  278.3590  278.3590  0.000000       0.00000       0.00000         228995.2903    0.000000    -0.00006     0.00000    0.000000000   -0.000000240   -0.000000399  255.081771  73657.4373
2298.00   15.0000    0.0000   15.0000  278.4370  278.4370  0.000000       0.00000       0.00000         228931.1406    0.000000    -0.00006     0.00000    0.000000000   -0.000000240   -0.000000398  255.036138  73539.1415
2310.00   15.0000    0.0000   15.0000  278.5150  278.5150  0.000000       0.00000       0.00000         228867.0269    0.000000    -0.00006     0.00000    0.000000000   -0.000000239   -0.000000398  254.990472  73421.0146
2322.00   15.0000    0.0000   15.0000  278.5930  278.5930  0.000000       0.00000       0.00000         228802.9491    0.000000    -0.00006     0.00000    0.000000000   -0.000000239   -0.000000397  254.944774  73303.0563
2334.00   15.0000    0.0000   15.0000  278.6710  278.6710  0.000000       0.00000       0.00000         228738.9072    0.000000    -0.00006     0.00000    0.000000000   -0.000000239   -0.000000397  254.899043  73185.2664
2346.00   15.0000    0.0000   15.0000  278.7490  278.7490  0.000000       0.00000       0.00000         228674.9011    0.000000    -0.00006     0.00000    0.000000000   -0.000000239   -0.000000396  254.853279  73067.6448
2358.00   15.0000    0.0000   15.0000  278.8270  278.8270  0.000000       0.00000       0.00000         228610.9308    0.000000    -0.00006     0.00000    0.000000000   -0.000000239   -0.000000396  254.807482  72950.1910
2370.00   15.0000    0.0000   15.0000  278.9050  278.9050  0.000000       0.00000       0.00000         228546.9963    0.000000    -0.00006     0.00000    0.000000000   -0.000000239   -0.000000395  254.761653  72832.9051
2382.00   15.0000    0.0000   15.0000  278.9830  278.9830  0.000000       0.00000       0.00000              0.0000    0.000000    -0.00006     0.00000    0.000000000    0.000000000    0.000000000  254.715791  72715.7866
2394.00   15.0000    0.0000   15.0000  279.0610  279.0610  0.000000       0.00000       0.00000              0.0000    0.000000     0.00000     0.00000    0.000000000    0.000000000    0.000000000  254.669896  72598.8354
