   0.00    0.0000    0.0000    0.0000  238.8735  238.8735  0.000000       0.00000       0.00000              0.0000    0.000000     0.00000     0.00000    0.000000000    0.000000000    0.000000000    0.000000      0.0000
   6.00    8.0243    3.4506    8.7348  240.2182  240.2182  0.000000       0.76528       0.76528              0.0000    0.000000     0.00000     0.00000   -0.000004779    0.000000000    0.000000000  240.130456  99872.1207
  18.00    9.0256    3.8111    9.7973  240.2995  240.2995  0.000000       2.49554       2.49554              0.0445    0.000000    -0.00000     0.00000   -0.000014747    0.000000000    0.000000000  240.065318  99659.1472
  30.00    9.6494    3.9975   10.4447  240.3519  240.3519  0.000000       2.48499       2.48499              0.0657    0.000000    -0.00000     0.00000   -0.000018527   -0.000000094   -0.000000122  240.000537  99489.0811
  42.00   10.2099    4.1323   11.0145  240.4006  240.4006  0.000000       2.76198       2.76198              0.0781    0.000000    -0.00000     0.00000   -0.000020445   -0.000000101   -0.000000128  239.932058  99319.2582
  54.00   10.7095    4.2241   11.5124  240.4456  240.4456  0.000000       2.77964       2.77964              0.0908    0.000000    -0.00000     0.00000   -0.000021897   -0.000000105   -0.000000132  239.859910  99149.6754
  66.00   11.1772    4.2839   11.9700  240.4896  240.4896  0.000000       2.76211       2.76211              0.1020    0.000000    -0.00000     0.00000   -0.000023122   -0.000000106   -0.000000133  239.786604  98980.3310
  78.00   11.6206    4.3158   12.3961  240.5331  240.5331  0.000000       2.67757       2.67757              0.1129    0.000000    -0.00000     0.00000   -0.000024227   -0.000000106   -0.000000132  239.712877  98811.2240
  90.00   12.0465    4.3222   12.7984  240.5769  240.5769  0.000000       2.56015       2.56015              0.1234    0.000000    -0.00000     0.00000   -0.000025273   -0.000000104   -0.000000131  239.639473  98642.3541
 102.00   12.4582    4.3046   13.1809  240.6216  240.6216  0.000000       2.41575       2.41575              0.1340    0.000000    -0.00000     0.00000   -0.000026292   -0.000000102   -0.000000128  239.566888  98473.7215
 114.00   12.8580    4.2635   13.5464  240.6676  240.6676  0.000000       2.25427       2.25427              0.1448    0.000000    -0.00000     0.00000   -0.000027307   -0.000000099   -0.000000125  239.495581  98305.3267
 126.00   13.2469    4.1991   13.8965  240.7153  240.7153  0.000000       2.08115       2.08115              0.1559    0.000000    -0.00000     0.00000   -0.000028359   -0.000000095   -0.000000121  239.425980  98137.1704
 138.00   13.6256    4.1112   14.2323  240.7653  240.7653  0.000000       1.90105       1.90105              0.1676    0.000000    -0.00000     0.00000   -0.000029449   -0.000000090   -0.000000116  239.358525  97969.2537
 150.00   13.9940    3.9993   14.5543  240.8178  240.8178  0.000000       1.71736       1.71736              0.1800    0.000000    -0.00000     0.00000   -0.000030609   -0.000000084   -0.000000111  239.293706  97801.5781
 162.00   14.3517    3.8629   14.8625  240.8737  240.8737  0.000000       1.53279       1.53279              0.1935    0.000000    -0.00000     0.00000   -0.000031845   -0.000000077   -0.000000104  239.232085  97634.1452
 174.00   14.6976    3.7010   15.1564  240.9335  240.9335  0.000000       1.34946       1.34946              0.2082    0.000000    -0.00000     0.00000   -0.000033167   -0.000000069   -0.000000096  239.174356  97466.9574
 186.00   15.0305    3.5125   15.4355  240.9981  240.9981  0.000000       1.16904       1.16904              0.2248    0.000000    -0.00000     0.00000   -0.000034621   -0.000000059   -0.000000087  239.121403  97300.0172
 198.00   15.3484    3.2958   15.6983  241.0688  241.0688  0.000000       0.99318       0.99318              0.2437    0.000000    -0.00000     0.00000   -0.000036261   -0.000000047   -0.000000075  239.074408  97133.3282
 210.00   15.6488    3.0491   15.9431  241.1472  241.1472  0.000000       0.82280       0.82280              0.2660    0.000000    -0.00001     0.00000   -0.000038127   -0.000000031   -0.000000059  239.035035  96966.8947
 222.00   15.9279    2.7697   16.1669  241.2357  241.2357  0.000000       0.66020       0.66020              0.2930    0.000000    -0.00001     0.00000   -0.000040290   -0.000000009   -0.000000038  239.005729  96800.7225
 234.00   16.1807    2.4536   16.3657  241.3386  241.3386  0.000000       0.50418       0.50418              0.3275    0.000000    -0.00001     0.00000   -0.000043053    0.000000022   -0.000000008  238.990518  96634.8196
 246.00   16.3981    2.0960   16.5315  241.4624  241.4624  0.000000       0.36328       0.36328              0.3733    0.000000    -0.00001     0.00000   -0.000046418    0.000000074    0.000000040  238.995963  96469.1977
 258.00   16.5659    1.6837   16.6513  241.6225  241.6225  0.000000       0.22393       0.22393              0.4459    0.000000    -0.00002     0.00000   -0.000051508    0.000000165    0.000000127  239.037273  96303.8758
 270.00   16.6443    1.2133   16.6884  241.8468  241.8468  0.000000       0.12892       0.12892              0.5550    0.000000    -0.00002     0.00000   -0.000063719    0.000000422    0.000000369  239.142096  96138.8876
 282.00   16.5076    0.6079   16.5188  242.2844  242.2844  0.000000       0.01006       0.01006              1.3108    0.000000     0.00000     0.00000   -0.000046401    0.000005194    0.000004121  239.457512  95974.3264
 294.00   15.2497   -0.0683   15.2498  246.6875  246.6875  0.000000       0.00071       0.00071              2.5154    0.000000    -0.00023     0.00000   -0.000158394    0.000008579    0.000008767  243.691321  95811.5788
 306.00   15.0019   -0.0025   15.0019  249.2439  249.2439  0.000000       0.00000       0.00000             56.9737    0.000000    -0.00014     0.00000   -0.000006344    0.000006134    0.000006104  246.098813  95651.3174
 318.00   15.0000   -0.0000   15.0000  250.7289  250.7289  0.000000       0.00000       0.00000         221099.2718    0.000000    -0.00009     0.00000   -0.000000000    0.000004026    0.000003910  247.447623  95492.5437
 330.00   15.0000   -0.0000   15.0000  251.6541  251.6541  0.000000       0.00000       0.00000        2809889.9350    0.000000    -0.00008     0.00000    0.000000000    0.000003030    0.000002874  248.243425  95334.7197
 342.00   15.0000   -0.0000   15.0000  252.4595  252.4595  0.000000       0.00000       0.00000        2405156.4088    0.000000    -0.00007     0.00000    0.000000000    0.000002692    0.000002544  248.920567  95177.6230
 354.00   15.0000   -0.0000   15.0000  253.1402  253.1402  0.000000       0.00000       0.00000        2059330.7590    0.000000    -0.00007     0.00000    0.000000000    0.000002361    0.000002217  249.474466  95021.1725
 366.00   15.0000   -0.0000   15.0000  253.7353  253.7353  0.000000       0.00000       0.00000        1824975.0854    0.000000    -0.00006     0.00000    0.000000000    0.000002132    0.000001989  249.943716  94865.2989
 378.00   15.0000    0.0000   15.0000  254.2734  254.2734  0.000000       0.00000       0.00000        1646644.9643    0.000000    -0.00006     0.00000    0.000000000    0.000001950    0.000001809  250.356620  94709.9553
 390.00   15.0000    0.0000   15.0000  254.7599  254.7599  0.000000       0.00000       0.00000        1507703.1996    0.000000    -0.00005     0.00000    0.000000000    0.000001804    0.000001664  250.718449  94555.1056
 402.00   15.0000    0.0000   15.0000  255.2134  255.2134  0.000000       0.00000       0.00000        1390459.9649    0.000000    -0.00005     0.00000    0.000000000    0.000001674    0.000001536  251.047553  94400.7219
 414.00   15.0000    0.0000   15.0000  255.6284  255.6284  0.000000       0.00000       0.00000        1291145.0927    0.000000    -0.00005     0.00000    0.000000000    0.000001560    0.000001423  251.338564  94246.7803
 426.00   15.0000    0.0000   15.0000  256.0212  256.0212  0.000000       0.00000       0.00000        1209822.8661    0.000000    -0.00005     0.00000    0.000000000    0.000001464    0.000001328  251.607565  94093.2608
 438.00   15.0000    0.0000   15.0000  256.3865  256.3865  0.000000       0.00000       0.00000        1139300.7002    0.000000    -0.00005     0.00000    0.000000000    0.000001379    0.000001243  251.849352  93940.1467
 450.00   15.0000    0.0000   15.0000  256.7361  256.7361  0.000000       0.00000       0.00000        1081434.4535    0.000000    -0.00005     0.00000    0.000000000    0.000001308    0.000001173  252.075599  93787.4237
 462.00   15.0000    0.0000   15.0000  257.0659  257.0659  0.000000       0.00000       0.00000        1029751.2194    0.000000    -0.00005     0.00000    0.000000000    0.000001243    0.000001107  252.282320  93635.0797
 474.00   15.0000    0.0000   15.0000  257.3839  257.3839  0.000000       0.00000       0.00000         984432.9717    0.000000    -0.00004     0.00000    0.000000000    0.000001185    0.000001049  252.477202  93483.1042
 486.00   15.0000    0.0000   15.0000  257.6860  257.6860  0.000000       0.00000       0.00000         940211.2722    0.000000    -0.00004     0.00000    0.000000000    0.000001125    0.000000989  252.656412  93331.4876
 498.00   15.0000    0.0000   15.0000  257.9768  257.9768  0.000000       0.00000       0.00000         902423.0424    0.000000    -0.00004     0.00000    0.000000000    0.000001074    0.000000938  252.824381  93180.2207
 510.00   15.0000    0.0000   15.0000  258.2558  258.2558  0.000000       0.00000       0.00000         868236.2545    0.000000    -0.00004     0.00000    0.000000000    0.000001026    0.000000890  252.980597  93029.2958
 522.00   15.0000    0.0000   15.0000  258.5256  258.5256  0.000000       0.00000       0.00000         837577.5910    0.000000    -0.00004     0.00000    0.000000000    0.000000983    0.000000846  253.127745  92878.7055
 534.00   15.0000    0.0000   15.0000  258.7857  258.7857  0.000000       0.00000       0.00000         809525.3404    0.000000    -0.00004     0.00000    0.000000000    0.000000942    0.000000805  253.265281  92728.4435
 546.00   15.0000    0.0000   15.0000  259.0383  259.0383  0.000000       0.00000       0.00000         783565.8547    0.000000    -0.00004     0.00000    0.000000000    0.000000904    0.000000767  253.395322  92578.5038
 558.00   15.0000    0.0000   15.0000  259.2825  259.2825  0.000000       0.00000       0.00000         760733.3125    0.000000    -0.00004     0.00000    0.000000000    0.000000870    0.000000733  253.517017  92428.8808
 570.00   15.0000    0.0000   15.0000  259.5210  259.5210  0.000000       0.00000       0.00000         739949.6652    0.000000    -0.00004     0.00000    0.000000000    0.000000839    0.000000701  253.633125  92279.5696
 582.00   15.0000    0.0000   15.0000  259.7524  259.7524  0.000000       0.00000       0.00000         721299.7942    0.000000    -0.00004     0.00000    0.000000000    0.000000811    0.000000672  253.742136  92130.5656
 594.00   15.0000    0.0000   15.0000  259.9796  259.9796  0.000000       0.00000       0.00000         704827.4838    0.000000    -0.00004     0.00000    0.000000000    0.000000786    0.000000647  253.846860  91981.8649
 606.00   15.0000    0.0000   15.0000  260.2009  260.2009  0.000000       0.00000       0.00000         688562.6995    0.000000    -0.00004     0.00000    0.000000000    0.000000760    0.000000621  253.945822  91833.4637
 618.00   15.0000    0.0000   15.0000  260.4180  260.4180  0.000000       0.00000       0.00000         672775.3225    0.000000    -0.00004     0.00000    0.000000000    0.000000735    0.000000596  254.040608  91685.3584
 630.00   15.0000    0.0000   15.0000  260.6297  260.6297  0.000000       0.00000       0.00000         657678.6258    0.000000    -0.00004     0.00000    0.000000000    0.000000711    0.000000571  254.129915  91537.5454
 642.00   15.0000    0.0000   15.0000  260.8375  260.8375  0.000000       0.00000       0.00000         644850.2390    0.000000    -0.00004     0.00000    0.000000000    0.000000690    0.000000550  254.215458  91390.0215
 654.00   15.0000    0.0000   15.0000  261.0413  261.0413  0.000000       0.00000       0.00000         632871.8550    0.000000    -0.00004     0.00000    0.000000000    0.000000671    0.000000530  254.296922  91242.7837
 666.00   15.0000    0.0000   15.0000  261.2419  261.2419  0.000000       0.00000       0.00000         622495.6173    0.000000    -0.00004     0.00000    0.000000000    0.000000654    0.000000513  254.375138  91095.8291
 678.00   15.0000    0.0000   15.0000  261.4393  261.4393  0.000000       0.00000       0.00000         613040.2446    0.000000    -0.00004     0.00000    0.000000000    0.000000639    0.000000497  254.450263  90949.1555
 690.00   15.0000    0.0000   15.0000  261.6341  261.6341  0.000000       0.00000       0.00000         604917.6536    0.000000    -0.00004     0.00000    0.000000000    0.000000627    0.000000484  254.522706  90802.7604
 702.00   15.0000    0.0000   15.0000  261.8266  261.8266  0.000000       0.00000       0.00000         597777.8400    0.000000    -0.00004     0.00000    0.000000000    0.000000616    0.000000472  254.592880  90656.6419
 714.00   15.0000    0.0000   15.0000  262.0171  262.0171  0.000000       0.00000       0.00000         591917.1705    0.000000    -0.00004     0.00000    0.000000000    0.000000608    0.000000463  254.660978  90510.7981
 726.00   15.0000    0.0000   15.0000  262.2062  262.2062  0.000000       0.00000       0.00000         587571.6539    0.000000    -0.00004     0.00000    0.000000000    0.000000603    0.000000458  254.727600  90365.2274
 738.00   15.0000    0.0000   15.0000  262.3942  262.3942  0.000000       0.00000       0.00000         584444.9358    0.000000    -0.00004     0.00000    0.000000000    0.000000600    0.000000454  254.793085  90219.9285
 750.00   15.0000    0.0000   15.0000  262.5815  262.5815  0.000000       0.00000       0.00000         582335.5152    0.000000    -0.00004     0.00000    0.000000000    0.000000600    0.000000453  254.857851  90074.9003
 762.00   15.0000    0.0000   15.0000  262.7684  262.7684  0.000000       0.00000       0.00000         581706.8569    0.000000    -0.00004     0.00000    0.000000000    0.000000602    0.000000455  254.922113  89930.1418
 774.00   15.0000    0.0000   15.0000  262.9556  262.9556  0.000000       0.00000       0.00000         582448.4637    0.000000    -0.00005     0.00000    0.000000000    0.000000608    0.000000460  254.986578  89785.6524
 786.00   15.0000    0.0000   15.0000  263.1432  263.1432  0.000000       0.00000       0.00000         584440.7567    0.000000    -0.00005     0.00000    0.000000000    0.000000617    0.000000468  255.051394  89641.4317
 798.00   15.0000    0.0000   15.0000  263.3320  263.3320  0.000000       0.00000       0.00000         587408.1420    0.000000    -0.00005     0.00000    0.000000000    0.000000629    0.000000478  255.117195  89497.4794
 810.00   15.0000    0.0000   15.0000  263.5218  263.5218  0.000000       0.00000       0.00000         592249.1175    0.000000    -0.00005     0.00000    0.000000000    0.000000645    0.000000492  255.183959  89353.7957
 822.00   15.0000    0.0000   15.0000  263.7139  263.7139  0.000000       0.00000       0.00000         600140.8348    0.000000    -0.00005     0.00000    0.000000000    0.000000668    0.000000514  255.252878  89210.3807
 834.00   15.0000    0.0000   15.0000  263.9091  263.9091  0.000000       0.00000       0.00000         610878.6098    0.000000    -0.00005     0.00000    0.000000000    0.000000698    0.000000543  255.324671  89067.2354
 846.00   15.0000    0.0000   15.0000  264.1085  264.1085  0.000000       0.00000       0.00000         625835.3469    0.000000    -0.00005     0.00000    0.000000000    0.000000740    0.000000582  255.400406  88924.3609
 858.00   15.0000    0.0000   15.0000  264.3136  264.3136  0.000000       0.00000       0.00000         641135.2327    0.000000    -0.00006     0.00000    0.000000000    0.000000783    0.000000623  255.481661  88781.7595
 870.00   15.0000    0.0000   15.0000  264.5232  264.5232  0.000000       0.00000       0.00000         667799.5635    0.000000    -0.00006     0.00000    0.000000000    0.000000854    0.000000691  255.567086  88639.4332
 882.00   15.0000    0.0000   15.0000  264.7460  264.7460  0.000000       0.00000       0.00000         687581.0756    0.000000    -0.00006     0.00000    0.000000000    0.000000910    0.000000745  255.665150  88497.3859
 894.00   15.0000    0.0000   15.0000  264.9687  264.9687  0.000000       0.00000       0.00000         737266.8345    0.000000    -0.00007     0.00000    0.000000000    0.000001043    0.000000872  255.763116  88355.6206
 906.00   15.0000    0.0000   15.0000  265.2241  265.2241  0.000000       0.00000       0.00000         752913.9315    0.000000    -0.00007     0.00000    0.000000000    0.000001093    0.000000921  255.892438  88214.1452
 918.00   15.0000    0.0000   15.0000  265.4574  265.4574  0.000000       0.00000       0.00000         858264.9058    0.000000    -0.00009     0.00000    0.000000000    0.000001374    0.000001190  256.000449  88072.9618
 930.00   15.0000    0.0000   15.0000  265.7816  265.7816  0.000000       0.00000       0.00000         853725.4224    0.000000    -0.00007     0.00000    0.000000000    0.000001378    0.000001200  256.195949  87932.0878
 942.00   15.0000    0.0000   15.0000  266.0127  266.0127  0.000000       0.00000       0.00000        1095262.4214    0.000000    -0.00014     0.00000    0.000000000    0.000002039    0.000001823  256.301565  87791.5217
 954.00   15.0000    0.0000   15.0000  266.4947  266.4947  0.000000       0.00000       0.00000        1038129.0542    0.000000    -0.00006     0.00000    0.000000000    0.000001910    0.000001730  256.648715  87651.3040
 966.00   15.0000    0.0000   15.0000  266.6898  266.6898  0.000000       0.00000       0.00000        1593965.3236    0.000000    -0.00025     0.00000    0.000000000    0.000003515    0.000003199  256.719493  87511.4243
 978.00   15.0000    0.0000   15.0000  267.5350  267.5350  0.000000       0.00000       0.00000        1479181.8793    0.000000    -0.00004     0.00000    0.000000000    0.000003226    0.000003072  257.415838  87371.9756
 990.00   15.0000    0.0000   15.0000  267.6583  267.6583  0.000000       0.00000       0.00000        3782875.6941    0.000000    -0.00073     0.00000    0.000000000    0.000010681    0.000009479  257.417322  87232.9380
1002.00   15.0000    0.0000   15.0000  270.0130  270.0130  0.000000       0.00000       0.00000        3681384.0029    0.000000    -0.00002     0.00000    0.000000000    0.000010468    0.000010921  259.564319  87094.6954
1014.00   15.0000    0.0000   15.0000  270.0910  270.0910  0.000000       0.00000       0.00000         236005.2723    0.000000    -0.00002     0.00000    0.000000000   -0.000000241   -0.000000437  259.522190  86957.2338
1026.00   15.0000    0.0000   15.0000  270.1690  270.1690  0.000000       0.00000       0.00000         235937.1356    0.000000    -0.00002     0.00000    0.000000000   -0.000000241   -0.000000436  259.480027  86819.9670
1038.00   15.0000    0.0000   15.0000  270.2470  270.2470  0.000000       0.00000       0.00000         235869.0383    0.000000    -0.00003     0.00000    0.000000000   -0.000000242   -0.000000436  259.437830  86682.8945
1050.00   15.0000    0.0000   15.0000  270.3250  270.3250  0.000000       0.00000       0.00000         235800.9803    0.000000    -0.00003     0.00000    0.000000000   -0.000000242   -0.000000436  259.395600  86546.0163
1062.00   15.0000    0.0000   15.0000  270.4030  270.4030  0.000000       0.00000       0.00000         235732.9615    0.000000    -0.00003     0.00000    0.000000000   -0.000000242   -0.000000435  259.353335  86409.3319
1074.00   15.0000    0.0000   15.0000  270.4810  270.4810  0.000000       0.00000       0.00000         235664.9820    0.000000    -0.00003     0.00000    0.000000000   -0.000000242   -0.000000435  259.311038  86272.8412
1086.00   15.0000    0.0000   15.0000  270.5590  270.5590  0.000000       0.00000       0.00000         235597.0417    0.000000    -0.00003     0.00000    0.000000000   -0.000000242   -0.000000435  259.268706  86136.5438
1098.00   15.0000    0.0000   15.0000  270.6370  270.6370  0.000000       0.00000       0.00000         235529.1405    0.000000    -0.00003     0.00000    0.000000000   -0.000000242   -0.000000434  259.226340  86000.4396
1110.00   15.0000    0.0000   15.0000  270.7150  270.7150  0.000000       0.00000       0.00000         235461.2785    0.000000    -0.00003     0.00000    0.000000000   -0.000000242   -0.000000434  259.183941  85864.5282
1122.00   15.0000    0.0000   15.0000  270.7930  270.7930  0.000000       0.00000       0.00000         235393.4555    0.000000    -0.00003     0.00000    0.000000000   -0.000000242   -0.000000434  259.141508  85728.8094
1134.00   15.0000    0.0000   15.0000  270.8710  270.8710  0.000000       0.00000       0.00000         235325.6716    0.000000    -0.00003     0.00000    0.000000000   -0.000000242   -0.000000433  259.099041  85593.2830
1146.00   15.0000    0.0000   15.0000  270.9490  270.9490  0.000000       0.00000       0.00000         235257.9268    0.000000    -0.00003     0.00000    0.000000000   -0.000000242   -0.000000433  259.056541  85457.9486
1158.00   15.0000    0.0000   15.0000  271.0270  271.0270  0.000000       0.00000       0.00000         235190.2209    0.000000    -0.00003     0.00000    0.000000000   -0.000000242   -0.000000433  259.014007  85322.8061
1170.00   15.0000    0.0000   15.0000  271.1050  271.1050  0.000000       0.00000       0.00000         235122.5540    0.000000    -0.00003     0.00000    0.000000000   -0.000000242   -0.000000432  258.971439  85187.8551
1182.00   15.0000    0.0000   15.0000  271.1830  271.1830  0.000000       0.00000       0.00000         235054.9260    0.000000    -0.00003     0.00000    0.000000000   -0.000000242   -0.000000432  258.928837  85053.0954
1194.00   15.0000    0.0000   15.0000  271.2610  271.2610  0.000000       0.00000       0.00000         234987.3369    0.000000    -0.00003     0.00000    0.000000000   -0.000000242   -0.000000432  258.886202  84918.5268
1206.00   15.0000    0.0000   15.0000  271.3390  271.3390  0.000000       0.00000       0.00000         234919.7867    0.000000    -0.00003     0.00000    0.000000000   -0.000000242   -0.000000431  258.843533  84784.1489
1218.00   15.0000    0.0000   15.0000  271.4170  271.4170  0.000000       0.00000       0.00000         234852.2753    0.000000    -0.00003     0.00000    0.000000000   -0.000000242   -0.000000431  258.800831  84649.9616
1230.00   15.0000    0.0000   15.0000  271.4950  271.4950  0.000000       0.00000       0.00000         234784.8027    0.000000    -0.00003     0.00000    0.000000000   -0.000000242   -0.000000431  258.758094  84515.9646
1242.00   15.0000    0.0000   15.0000  271.5730  271.5730  0.000000       0.00000       0.00000         234717.3688    0.000000    -0.00003     0.00000    0.000000000   -0.000000242   -0.000000430  258.715325  84382.1576
1254.00   15.0000    0.0000   15.0000  271.6510  271.6510  0.000000       0.00000       0.00000         234649.9737    0.000000    -0.00003     0.00000    0.000000000   -0.000000242   -0.000000430  258.672521  84248.5403
1266.00   15.0000    0.0000   15.0000  271.7290  271.7290  0.000000       0.00000       0.00000         234582.6172    0.000000    -0.00003     0.00000    0.000000000   -0.000000242   -0.000000430  258.629684  84115.1126
1278.00   15.0000    0.0000   15.0000  271.8070  271.8070  0.000000       0.00000       0.00000         234515.2995    0.000000    -0.00003     0.00000    0.000000000   -0.000000242   -0.000000429  258.586813  83981.8741
1290.00   15.0000    0.0000   15.0000  271.8850  271.8850  0.000000       0.00000       0.00000         234448.0203    0.000000    -0.00003     0.00000    0.000000000   -0.000000242   -0.000000429  258.543909  83848.8247
1302.00   15.0000    0.0000   15.0000  271.9630  271.9630  0.000000       0.00000       0.00000         234380.7797    0.000000    -0.00003     0.00000    0.000000000   -0.000000242   -0.000000428  258.500971  83715.9640
1314.00   15.0000    0.0000   15.0000  272.0410  272.0410  0.000000       0.00000       0.00000         234313.5777    0.000000    -0.00003     0.00000    0.000000000   -0.000000242   -0.000000428  258.458000  83583.2917
1326.00   15.0000    0.0000   15.0000  272.1190  272.1190  0.000000       0.00000       0.00000         234246.4143    0.000000    -0.00003     0.00000    0.000000000   -0.000000242   -0.000000428  258.414995  83450.8078
1338.00   15.0000    0.0000   15.0000  272.1970  272.1970  0.000000       0.00000       0.00000         234179.2893    0.000000    -0.00003     0.00000    0.000000000   -0.000000242   -0.000000427  258.371956  83318.5118
1350.00   15.0000    0.0000   15.0000  272.2750  272.2750  0.000000       0.00000       0.00000         234112.2027    0.000000    -0.00003     0.00000    0.000000000   -0.000000242   -0.000000427  258.328884  83186.4035
1362.00   15.0000    0.0000   15.0000  272.3530  272.3530  0.000000       0.00000       0.00000         234045.1546    0.000000    -0.00003     0.00000    0.000000000   -0.000000242   -0.000000427  258.285778  83054.4827
1374.00   15.0000    0.0000   15.0000  272.4310  272.4310  0.000000       0.00000       0.00000         233978.1449    0.000000    -0.00003     0.00000    0.000000000   -0.000000242   -0.000000426  258.242639  82922.7492
1386.00   15.0000    0.0000   15.0000  272.5090  272.5090  0.000000       0.00000       0.00000         233911.1736    0.000000    -0.00003     0.00000    0.000000000   -0.000000242   -0.000000426  258.199466  82791.2026
1398.00   15.0000    0.0000   15.0000  272.5870  272.5870  0.000000       0.00000       0.00000         233844.2406    0.000000    -0.00003     0.00000    0.000000000   -0.000000242   -0.000000426  258.156260  82659.8428
1410.00   15.0000    0.0000   15.0000  272.6650  272.6650  0.000000       0.00000       0.00000         233777.3458    0.000000    -0.00003     0.00000    0.000000000   -0.000000242   -0.000000425  258.113020  82528.6694
1422.00   15.0000    0.0000   15.0000  272.7430  272.7430  0.000000       0.00000       0.00000         233710.4894    0.000000    -0.00003     0.00000    0.000000000   -0.000000242   -0.000000425  258.069747  82397.6823
1434.00   15.0000    0.0000   15.0000  272.8210  272.8210  0.000000       0.00000       0.00000         233643.6711    0.000000    -0.00003     0.00000    0.000000000   -0.000000242   -0.000000424  258.026440  82266.8811
1446.00   15.0000    0.0000   15.0000  272.8990  272.8990  0.000000       0.00000       0.00000         233576.8911    0.000000    -0.00004     0.00000    0.000000000   -0.000000242   -0.000000424  257.983100  82136.2657
1458.00   15.0000    0.0000   15.0000  272.9770  272.9770  0.000000       0.00000       0.00000         233510.1492    0.000000    -0.00004     0.00000    0.000000000   -0.000000242   -0.000000424  257.939726  82005.8358
1470.00   15.0000    0.0000   15.0000  273.0550  273.0550  0.000000       0.00000       0.00000         233443.4455    0.000000    -0.00004     0.00000    0.000000000   -0.000000242   -0.000000423  257.896319  81875.5911
1482.00   15.0000    0.0000   15.0000  273.1330  273.1330  0.000000       0.00000       0.00000         233376.7798    0.000000    -0.00004     0.00000    0.000000000   -0.000000242   -0.000000423  257.852878  81745.5313
1494.00   15.0000    0.0000   15.0000  273.2110  273.2110  0.000000       0.00000       0.00000         233310.1522    0.000000    -0.00004     0.00000    0.000000000   -0.000000242   -0.000000422  257.809404  81615.6563
1506.00   15.0000    0.0000   15.0000  273.2890  273.2890  0.000000       0.00000       0.00000         233243.5627    0.000000    -0.00004     0.00000    0.000000000   -0.000000242   -0.000000422  257.765896  81485.9658
1518.00   15.0000    0.0000   15.0000  273.3670  273.3670  0.000000       0.00000       0.00000         233177.0111    0.000000    -0.00004     0.00000    0.000000000   -0.000000242   -0.000000422  257.722355  81356.4595
1530.00   15.0000    0.0000   15.0000  273.4450  273.4450  0.000000       0.00000       0.00000         233110.4975    0.000000    -0.00004     0.00000    0.000000000   -0.000000242   -0.000000421  257.678781  81227.1372
1542.00   15.0000    0.0000   15.0000  273.5230  273.5230  0.000000       0.00000       0.00000         233044.0219    0.000000    -0.00004     0.00000    0.000000000   -0.000000242   -0.000000421  257.635173  81097.9986
1554.00   15.0000    0.0000   15.0000  273.6010  273.6010  0.000000       0.00000       0.00000         232977.5841    0.000000    -0.00004     0.00000    0.000000000   -0.000000242   -0.000000420  257.591532  80969.0436
1566.00   15.0000    0.0000   15.0000  273.6790  273.6790  0.000000       0.00000       0.00000         232911.1843    0.000000    -0.00004     0.00000    0.000000000   -0.000000242   -0.000000420  257.547858  80840.2717
1578.00   15.0000    0.0000   15.0000  273.7570  273.7570  0.000000       0.00000       0.00000         232844.8222    0.000000    -0.00004     0.00000    0.000000000   -0.000000242   -0.000000420  257.504150  80711.6829
1590.00   15.0000    0.0000   15.0000  273.8350  273.8350  0.000000       0.00000       0.00000         232778.4980    0.000000    -0.00004     0.00000    0.000000000   -0.000000242   -0.000000419  257.460409  80583.2769
1602.00   15.0000    0.0000   15.0000  273.9130  273.9130  0.000000       0.00000       0.00000         232712.2115    0.000000    -0.00004     0.00000    0.000000000   -0.000000242   -0.000000419  257.416634  80455.0533
1614.00   15.0000    0.0000   15.0000  273.9910  273.9910  0.000000       0.00000       0.00000         232645.9628    0.000000    -0.00004     0.00000    0.000000000   -0.000000241   -0.000000418  257.372826  80327.0120
1626.00   15.0000    0.0000   15.0000  274.0690  274.0690  0.000000       0.00000       0.00000         232579.7518    0.000000    -0.00004     0.00000    0.000000000   -0.000000241   -0.000000418  257.328985  80199.1527
1638.00   15.0000    0.0000   15.0000  274.1470  274.1470  0.000000       0.00000       0.00000         232513.5785    0.000000    -0.00004     0.00000    0.000000000   -0.000000241   -0.000000418  257.285110  80071.4753
1650.00   15.0000    0.0000   15.0000  274.2250  274.2250  0.000000       0.00000       0.00000         232447.4428    0.000000    -0.00004     0.00000    0.000000000   -0.000000241   -0.000000417  257.241202  79943.9793
1662.00   15.0000    0.0000   15.0000  274.3030  274.3030  0.000000       0.00000       0.00000         232381.3447    0.000000    -0.00004     0.00000    0.000000000   -0.000000241   -0.000000417  257.197261  79816.6646
1674.00   15.0000    0.0000   15.0000  274.3810  274.3810  0.000000       0.00000       0.00000         232315.2842    0.000000    -0.00004     0.00000    0.000000000   -0.000000241   -0.000000416  257.153287  79689.5310
1686.00   15.0000    0.0000   15.0000  274.4590  274.4590  0.000000       0.00000       0.00000         232249.2613    0.000000    -0.00004     0.00000    0.000000000   -0.000000241   -0.000000416  257.109279  79562.5782
1698.00   15.0000    0.0000   15.0000  274.5370  274.5370  0.000000       0.00000       0.00000         232183.2758    0.000000    -0.00004     0.00000    0.000000000   -0.000000241   -0.000000416  257.065238  79435.8059
1710.00   15.0000    0.0000   15.0000  274.6150  274.6150  0.000000       0.00000       0.00000         232117.3279    0.000000    -0.00004     0.00000    0.000000000   -0.000000241   -0.000000415  257.021163  79309.2140
1722.00   15.0000    0.0000   15.0000  274.6930  274.6930  0.000000       0.00000       0.00000         232051.4174    0.000000    -0.00004     0.00000    0.000000000   -0.000000241   -0.000000415  256.977056  79182.8021
1734.00   15.0000    0.0000   15.0000  274.7710  274.7710  0.000000       0.00000       0.00000         231985.5443    0.000000    -0.00004     0.00000    0.000000000   -0.000000241   -0.000000414  256.932915  79056.5701
1746.00   15.0000    0.0000   15.0000  274.8490  274.8490  0.000000       0.00000       0.00000         231919.7086    0.000000    -0.00004     0.00000    0.000000000   -0.000000241   -0.000000414  256.888741  78930.5176
1758.00   15.0000    0.0000   15.0000  274.9270  274.9270  0.000000       0.00000       0.00000         231853.9103    0.000000    -0.00004     0.00000    0.000000000   -0.000000241   -0.000000413  256.844533  78804.6446
1770.00   15.0000    0.0000   15.0000  275.0050  275.0050  0.000000       0.00000       0.00000         231788.1493    0.000000    -0.00004     0.00000    0.000000000   -0.000000241   -0.000000413  256.800293  78678.9506
1782.00   15.0000    0.0000   15.0000  275.0830  275.0830  0.000000       0.00000       0.00000         231722.4256    0.000000    -0.00004     0.00000    0.000000000   -0.000000241   -0.000000413  256.756019  78553.4355
1794.00   15.0000    0.0000   15.0000  275.1610  275.1610  0.000000       0.00000       0.00000         231656.7391    0.000000    -0.00004     0.00000    0.000000000   -0.000000241   -0.000000412  256.711712  78428.0990
1806.00   15.0000    0.0000   15.0000  275.2390  275.2390  0.000000       0.00000       0.00000         231591.0899    0.000000    -0.00004     0.00000    0.000000000   -0.000000241   -0.000000412  256.667372  78302.9409
1818.00   15.0000    0.0000   15.0000  275.3170  275.3170  0.000000       0.00000       0.00000         231525.4779    0.000000    -0.00004     0.00000    0.000000000   -0.000000241   -0.000000411  256.622999  78177.9610
1830.00   15.0000    0.0000   15.0000  275.3950  275.3950  0.000000       0.00000       0.00000         231459.9030    0.000000    -0.00004     0.00000    0.000000000   -0.000000241   -0.000000411  256.578592  78053.1589
1842.00   15.0000    0.0000   15.0000  275.4730  275.4730  0.000000       0.00000       0.00000         231394.3653    0.000000    -0.00004     0.00000    0.000000000   -0.000000241   -0.000000411  256.534152  77928.5346
1854.00   15.0000    0.0000   15.0000  275.5510  275.5510  0.000000       0.00000       0.00000         231328.8647    0.000000    -0.00005     0.00000    0.000000000   -0.000000240   -0.000000410  256.489680  77804.0877
1866.00   15.0000    0.0000   15.0000  275.6290  275.6290  0.000000       0.00000       0.00000         231263.4012    0.000000    -0.00005     0.00000    0.000000000   -0.000000240   -0.000000410  256.445174  77679.8180
1878.00   15.0000    0.0000   15.0000  275.7070  275.7070  0.000000       0.00000       0.00000         231197.9747    0.000000    -0.00005     0.00000    0.000000000   -0.000000240   -0.000000409  256.400635  77555.7252
1890.00   15.0000    0.0000   15.0000  275.7850  275.7850  0.000000       0.00000       0.00000         231132.5852    0.000000    -0.00005     0.00000    0.000000000   -0.000000240   -0.000000409  256.356062  77431.8092
1902.00   15.0000    0.0000   15.0000  275.8630  275.8630  0.000000       0.00000       0.00000         231067.2326    0.000000    -0.00005     0.00000    0.000000000   -0.000000240   -0.000000408  256.311457  77308.0696
1914.00   15.0000    0.0000   15.0000  275.9410  275.9410  0.000000       0.00000       0.00000         231001.9171    0.000000    -0.00005     0.00000    0.000000000   -0.000000240   -0.000000408  256.266818  77184.5063
1926.00   15.0000    0.0000   15.0000  276.0190  276.0190  0.000000       0.00000       0.00000         230936.6384    0.000000    -0.00005     0.00000    0.000000000   -0.000000240   -0.000000407  256.222147  77061.1190
1938.00   15.0000    0.0000   15.0000  276.0970  276.0970  0.000000       0.00000       0.00000         230871.3966    0.000000    -0.00005     0.00000    0.000000000   -0.000000240   -0.000000407  256.177442  76937.9075
1950.00   15.0000    0.0000   15.0000  276.1750  276.1750  0.000000       0.00000       0.00000         230806.1917    0.000000    -0.00005     0.00000    0.000000000   -0.000000240   -0.000000407  256.132704  76814.8716
1962.00   15.0000    0.0000   15.0000  276.2530  276.2530  0.000000       0.00000       0.00000         230741.0236    0.000000    -0.00005     0.00000    0.000000000   -0.000000240   -0.000000406  256.087934  76692.0109
1974.00   15.0000    0.0000   15.0000  276.3310  276.3310  0.000000       0.00000       0.00000         230675.8923    0.000000    -0.00005     0.00000    0.000000000   -0.000000240   -0.000000406  256.043130  76569.3253
1986.00   15.0000    0.0000   15.0000  276.4090  276.4090  0.000000       0.00000       0.00000         230610.7978    0.000000    -0.00005     0.00000    0.000000000   -0.000000240   -0.000000405  255.998293  76446.8146
1998.00   15.0000    0.0000   15.0000  276.4870  276.4870  0.000000       0.00000       0.00000         230545.7399    0.000000    -0.00005     0.00000    0.000000000   -0.000000240   -0.000000405  255.953423  76324.4784
2010.00   15.0000    0.0000   15.0000  276.5650  276.5650  0.000000       0.00000       0.00000         230480.7188    0.000000    -0.00005     0.00000    0.000000000   -0.000000239   -0.000000404  255.908520  76202.3166
2022.00   15.0000    0.0000   15.0000  276.6430  276.6430  0.000000       0.00000       0.00000         230415.7344    0.000000    -0.00005     0.00000    0.000000000   -0.000000239   -0.000000404  255.863584  76080.3290
2034.00   15.0000    0.0000   15.0000  276.7210  276.7210  0.000000       0.00000       0.00000         230350.7865    0.000000    -0.00005     0.00000    0.000000000   -0.000000239   -0.000000403  255.818615  75958.5152
2046.00   15.0000    0.0000   15.0000  276.7990  276.7990  0.000000       0.00000       0.00000         230285.8753    0.000000    -0.00005     0.00000    0.000000000   -0.000000239   -0.000000403  255.773613  75836.8751
2058.00   15.0000    0.0000   15.0000  276.8770  276.8770  0.000000       0.00000       0.00000         230221.0007    0.000000    -0.00005     0.00000    0.000000000   -0.000000239   -0.000000403  255.728578  75715.4085
2070.00   15.0000    0.0000   15.0000  276.9550  276.9550  0.000000       0.00000       0.00000         230156.1626    0.000000    -0.00005     0.00000    0.000000000   -0.000000239   -0.000000402  255.683510  75594.1150
2082.00   15.0000    0.0000   15.0000  277.0330  277.0330  0.000000       0.00000       0.00000         230091.3610    0.000000    -0.00005     0.00000    0.000000000   -0.000000239   -0.000000402  255.638409  75472.9945
2094.00   15.0000    0.0000   15.0000  277.1110  277.1110  0.000000       0.00000       0.00000         230026.5958    0.000000    -0.00005     0.00000    0.000000000   -0.000000239   -0.000000401  255.593275  75352.0468
2106.00   15.0000    0.0000   15.0000  277.1890  277.1890  0.000000       0.00000       0.00000         229961.8672    0.000000    -0.00005     0.00000    0.000000000   -0.000000239   -0.000000401  255.548108  75231.2716
2118.00   15.0000    0.0000   15.0000  277.2670  277.2670  0.000000       0.00000       0.00000         229897.1749    0.000000    -0.00005     0.00000    0.000000000   -0.000000239   -0.000000400  255.502908  75110.6686
2130.00   15.0000    0.0000   15.0000  277.3450  277.3450  0.000000       0.00000       0.00000         229832.5191    0.000000    -0.00005     0.00000    0.000000000   -0.000000239   -0.000000400  255.457675  74990.2377
2142.00   15.0000    0.0000   15.0000  277.4230  277.4230  0.000000       0.00000       0.00000         229767.8996    0.000000    -0.00005     0.00000    0.000000000   -0.000000238   -0.000000399  255.412409  74869.9786
2154.00   15.0000    0.0000   15.0000  277.5010  277.5010  0.000000       0.00000       0.00000         229703.3164    0.000000    -0.00005     0.00000    0.000000000   -0.000000238   -0.000000399  255.367111  74749.8911
2166.00   15.0000    0.0000   15.0000  277.5790  277.5790  0.000000       0.00000       0.00000         229638.7695    0.000000    -0.00005     0.00000    0.000000000   -0.000000238   -0.000000398  255.321779  74629.9749
2178.00   15.0000    0.0000   15.0000  277.6570  277.6570  0.000000       0.00000       0.00000         229574.2589    0.000000    -0.00005     0.00000    0.000000000   -0.000000238   -0.000000398  255.276415  74510.2299
2190.00   15.0000    0.0000   15.0000  277.7350  277.7350  0.000000       0.00000       0.00000         229509.7845    0.000000    -0.00005     0.00000    0.000000000   -0.000000238   -0.000000397  255.231017  74390.6557
2202.00   15.0000    0.0000   15.0000  277.8130  277.8130  0.000000       0.00000       0.00000         229445.3463    0.000000    -0.00005     0.00000    0.000000000   -0.000000238   -0.000000397  255.185587  74271.2522
2214.00   15.0000    0.0000   15.0000  277.8910  277.8910  0.000000       0.00000       0.00000         229380.9443    0.000000    -0.00005     0.00000    0.000000000   -0.000000238   -0.000000396  255.140124  74152.0192
2226.00   15.0000    0.0000   15.0000  277.9690  277.9690  0.000000       0.00000       0.00000         229316.5785    0.000000    -0.00005     0.00000    0.000000000   -0.000000238   -0.000000396  255.094628  74032.9564
2238.00   15.0000    0.0000   15.0000  278.0470  278.0470  0.000000       0.00000       0.00000         229252.2487    0.000000    -0.00005     0.00000    0.000000000   -0.000000238   -0.000000396  255.049099  73914.0635
2250.00   15.0000    0.0000   15.0000  278.1250  278.1250  0.000000       0.00000       0.00000         229187.9551    0.000000    -0.00005     0.00000    0.000000000   -0.000000237   -0.000000395  255.003537  73795.3404
2262.00   15.0000    0.0000   15.0000  278.2030  278.2030  0.000000       0.00000       0.00000         229123.6974    0.000000    -0.00006     0.00000    0.000000000   -0.000000237   -0.000000395  254.957943  73676.7869
2274.00   15.0000    0.0000   15.0000  278.2810  278.2810  0.000000       0.00000       0.00000         229059.4759    0.000000    -0.00006     0.00000    0.000000000   -0.000000237   -0.000000394  254.912315  73558.4026
2286.00   15.0000    0.0000   15.0000  278.3590  278.3590  0.000000       0.00000       0.00000         228995.2903    0.000000    -0.00006     0.00000    0.000000000   -0.000000237   -0.000000394  254.866655  73440.1874
2298.00   15.0000    0.0000   15.0000  278.4370  278.4370  0.000000       0.00000       0.00000         228931.1406    0.000000    -0.00006     0.00000    0.000000000   -0.000000237   -0.000000393  254.820962  73322.1410
2310.00   15.0000    0.0000   15.0000  278.5150  278.5150  0.000000       0.00000       0.00000         228867.0269    0.000000    -0.00006     0.00000    0.000000000   -0.000000237   -0.000000393  254.775236  73204.2633
2322.00   15.0000    0.0000   15.0000  278.5930  278.5930  0.000000       0.00000       0.00000         228802.9491    0.000000    -0.00006     0.00000    0.000000000   -0.000000237   -0.000000392  254.729478  73086.5539
2334.00   15.0000    0.0000   15.0000  278.6710  278.6710  0.000000       0.00000       0.00000         228738.9072    0.000000    -0.00006     0.00000    0.000000000   -0.000000237   -0.000000392  254.683686  72969.0128
2346.00   15.0000    0.0000   15.0000  278.7490  278.7490  0.000000       0.00000       0.00000         228674.9011    0.000000    -0.00006     0.00000    0.000000000   -0.000000237   -0.000000391  254.637862  72851.6395
2358.00   15.0000    0.0000   15.0000  278.8270  278.8270  0.000000       0.00000       0.00000         228610.9308    0.000000    -0.00006     0.00000    0.000000000   -0.000000236   -0.000000391  254.592005  72734.4340
2370.00   15.0000    0.0000   15.0000  278.9050  278.9050  0.000000       0.00000       0.00000         228546.9963    0.000000    -0.00006     0.00000    0.000000000   -0.000000236   -0.000000390  254.546116  72617.3960
2382.00   15.0000    0.0000   15.0000  278.9830  278.9830  0.000000       0.00000       0.00000              0.0000    0.000000    -0.00006     0.00000    0.000000000    0.000000000    0.000000000  254.500193  72500.5253
2394.00   15.0000    0.0000   15.0000  279.0610  279.0610  0.000000       0.00000       0.00000              0.0000    0.000000     0.00000     0.00000    0.000000000    0.000000000    0.000000000  254.454238  72383.8216
