   0.00    0.0000    0.0000    0.0000  244.4966  244.4966  0.000000       0.00000       0.00000              0.0000    0.000000     0.00000     0.00000    0.000000000    0.000000000    0.000000000    0.000000      0.0000
   6.00    7.4656    3.5736    8.2769  246.3992  246.3992  0.000000       0.66202       0.66202              0.0000    0.000000     0.00000     0.00000   -0.000037308    0.000000000    0.000000000  246.311429  99875.3257
  18.00    8.5671    4.0054    9.4572  246.5736  246.5736  0.000000       1.87555       1.87555              0.0740    0.000000    -0.00000     0.00000   -0.000041576    0.000000000    0.000000000  246.339393  99667.7174
  30.00    9.2980    4.2359   10.2175  246.6934  246.6934  0.000000       1.72180       1.72180              0.1041    0.000000    -0.00000     0.00000   -0.000050373    0.000000062    0.000000002  246.341916  99501.9881
  42.00    9.9835    4.4016   10.9108  246.8097  246.8097  0.000000       1.85708       1.85708              0.1208    0.000000    -0.00000     0.00000   -0.000054018    0.000000046   -0.000000013  246.340942  99336.5349
  54.00   10.6068    4.5074   11.5248  246.9198  246.9198  0.000000       1.78399       1.78399              0.1388    0.000000    -0.00000     0.00000   -0.000056731    0.000000035   -0.000000024  246.333665  99171.3540
  66.00   11.2017    4.5656   12.0963  247.0297  247.0297  0.000000       1.71267       1.71267              0.1544    0.000000    -0.00000     0.00000   -0.000059105    0.000000037   -0.000000022  246.326208  99006.4429
  78.00   11.7718    4.5795   12.6313  247.1406  247.1406  0.000000       1.59798       1.59798              0.1701    0.000000    -0.00000     0.00000   -0.000061277    0.000000043   -0.000000016  246.319729  98841.8014
  90.00   12.3236    4.5513   13.1372  247.2546  247.2546  0.000000       1.47171       1.47171              0.1856    0.000000    -0.00000     0.00000   -0.000063423    0.000000055   -0.000000005  246.316148  98677.4303
 102.00   12.8584    4.4814   13.6169  247.3727  247.3727  0.000000       1.33389       1.33389              0.2015    0.000000    -0.00000     0.00000   -0.000065519    0.000000071    0.000000011  246.316708  98513.3316
 114.00   13.3766    4.3693   14.0721  247.4964  247.4964  0.000000       1.19204       1.19204              0.2182    0.000000    -0.00000     0.00000   -0.000067686    0.000000092    0.000000031  246.322795  98349.5079
 126.00   13.8771    4.2143   14.5030  247.6272  247.6272  0.000000       1.04892       1.04892              0.2361    0.000000    -0.00001     0.00000   -0.000069927    0.000000118    0.000000056  246.335824  98185.9630
 138.00   14.3577    4.0150   14.9086  247.7667  247.7667  0.000000       0.90747       0.90747              0.2556    0.000000    -0.00001     0.00000   -0.000072306    0.000000151    0.000000087  246.357471  98022.7016
 150.00   14.8149    3.7698   15.2870  247.9170  247.9170  0.000000       0.76962       0.76962              0.2775    0.000000    -0.00001     0.00000   -0.000074825    0.000000193    0.000000127  246.389804  97859.7294
 162.00   15.2438    3.4764   15.6351  248.0809  248.0809  0.000000       0.63673       0.63673              0.3026    0.000000    -0.00001     0.00000   -0.000077533    0.000000246    0.000000178  246.435592  97697.0540
 174.00   15.6376    3.1327   15.9483  248.2624  248.2624  0.000000       0.51050       0.51050              0.3325    0.000000    -0.00001     0.00000   -0.000080452    0.000000318    0.000000247  246.498744  97534.6849
 186.00   15.9875    2.7351   16.2197  248.4677  248.4677  0.000000       0.39086       0.39086              0.3699    0.000000    -0.00001     0.00000   -0.000083691    0.000000419    0.000000344  246.585437  97372.6348
 198.00   16.2790    2.2801   16.4379  248.7069  248.7069  0.000000       0.28190       0.28190              0.4189    0.000000    -0.00002     0.00000   -0.000087277    0.000000579    0.000000498  246.705698  97210.9218
 210.00   16.4905    1.7586   16.5840  249.0019  249.0019  0.000000       0.17859       0.17859              0.4929    0.000000    -0.00003     0.00000   -0.000091715    0.000000861    0.000000767  246.881071  97049.5739
 222.00   16.5725    1.1694   16.6137  249.3951  249.3951  0.000000       0.09959       0.09959              0.6100    0.000000    -0.00005     0.00000   -0.000098911    0.000001591    0.000001455  247.153771  96888.6397
 234.00   16.3876    0.4736   16.3944  250.0758  250.0758  0.000000       0.01926       0.01926              1.0539    0.000000    -0.00005     0.00000   -0.000086486    0.000006745    0.000005906  247.711103  96728.2415
 246.00   15.3622   -0.1114   15.3626  252.8724  252.8724  0.000000       0.00077       0.00077              2.3495    0.000000     0.00000     0.00000   -0.000187435    0.000012197    0.000011759  250.363607  96569.1350
 258.00   15.0024   -0.0037   15.0024  255.4948  255.4948  0.000000       0.00000       0.00000             23.2887    0.000000    -0.00008     0.00000   -0.000006976    0.000009197    0.000009401  252.842164  96411.9094
 270.00   15.0000   -0.0000   15.0000  256.5020  256.5020  0.000000       0.00000       0.00000          77348.5878    0.000000    -0.00006     0.00000   -0.000000000    0.000004519    0.000004343  253.721568  96255.9831
 282.00   15.0000   -0.0000   15.0000  257.1923  257.1923  0.000000       0.00000       0.00000        1989934.1626    0.000000    -0.00005     0.00000    0.000000000    0.000003346    0.000003160  254.287178  96100.7518
 294.00   15.0000   -0.0000   15.0000  257.7545  257.7545  0.000000       0.00000       0.00000        1652236.8870    0.000000    -0.00004     0.00000    0.000000000    0.000002778    0.000002596  254.725796  95946.0765
 306.00   15.0000   -0.0000   15.0000  258.2346  258.2346  0.000000       0.00000       0.00000        1432075.2809    0.000000    -0.00004     0.00000    0.000000000    0.000002395    0.000002216  255.083011  95791.8911
 318.00   15.0000   -0.0000   15.0000  258.6596  258.6596  0.000000       0.00000       0.00000        1286362.3594    0.000000    -0.00004     0.00000    0.000000000    0.000002140    0.000001962  255.385626  95638.1523
 330.00   15.0000    0.0000   15.0000  259.0489  259.0489  0.000000       0.00000       0.00000        1183859.1990    0.000000    -0.00004     0.00000    0.000000000    0.000001960    0.000001784  255.652825  95484.8312
 342.00   15.0000    0.0000   15.0000  259.4101  259.4101  0.000000       0.00000       0.00000        1107568.9633    0.000000    -0.00004     0.00000    0.000000000    0.000001827    0.000001650  255.892147  95331.9075
 354.00   15.0000    0.0000   15.0000  259.7520  259.7520  0.000000       0.00000       0.00000        1044497.8259    0.000000    -0.00004     0.00000    0.000000000    0.000001715    0.000001539  256.112260  95179.3655
 366.00   15.0000    0.0000   15.0000  260.0741  260.0741  0.000000       0.00000       0.00000         992475.8794    0.000000    -0.00004     0.00000    0.000000000    0.000001622    0.000001446  256.312646  95027.1925
 378.00   15.0000    0.0000   15.0000  260.3837  260.3837  0.000000       0.00000       0.00000         935531.6377    0.000000    -0.00003     0.00000    0.000000000    0.000001511    0.000001335  256.500638  94875.3778
 390.00   15.0000    0.0000   15.0000  260.6703  260.6703  0.000000       0.00000       0.00000         895755.8448    0.000000    -0.00003     0.00000    0.000000000    0.000001437    0.000001260  256.665736  94723.9098
 402.00   15.0000    0.0000   15.0000  260.9552  260.9552  0.000000       0.00000       0.00000         846829.5683    0.000000    -0.00003     0.00000    0.000000000    0.000001335    0.000001160  256.829116  94572.7804
 414.00   15.0000    0.0000   15.0000  261.2111  261.2111  0.000000       0.00000       0.00000         804353.3248    0.000000    -0.00003     0.00000    0.000000000    0.000001246    0.000001069  256.963826  94421.9795
 426.00   15.0000    0.0000   15.0000  261.4694  261.4694  0.000000       0.00000       0.00000         776120.1104    0.000000    -0.00003     0.00000    0.000000000    0.000001189    0.000001013  257.100767  94271.4986
 438.00   15.0000    0.0000   15.0000  261.7077  261.7077  0.000000       0.00000       0.00000         740788.5719    0.000000    -0.00003     0.00000    0.000000000    0.000001112    0.000000935  257.217987  94121.3317
 450.00   15.0000    0.0000   15.0000  261.9439  261.9439  0.000000       0.00000       0.00000         720297.0974    0.000000    -0.00003     0.00000    0.000000000    0.000001070    0.000000893  257.332904  93971.4716
 462.00   15.0000    0.0000   15.0000  262.1695  262.1695  0.000000       0.00000       0.00000         694644.2442    0.000000    -0.00003     0.00000    0.000000000    0.000001014    0.000000836  257.437429  93821.9138
 474.00   15.0000    0.0000   15.0000  262.3895  262.3895  0.000000       0.00000       0.00000         674492.7071    0.000000    -0.00003     0.00000    0.000000000    0.000000970    0.000000791  257.536368  93672.6530
 486.00   15.0000    0.0000   15.0000  262.6026  262.6026  0.000000       0.00000       0.00000         654743.9632    0.000000    -0.00003     0.00000    0.000000000    0.000000925    0.000000747  257.628360  93523.6849
 498.00   15.0000    0.0000   15.0000  262.8103  262.8103  0.000000       0.00000       0.00000         637231.6128    0.000000    -0.00003     0.00000    0.000000000    0.000000886    0.000000707  257.714999  93375.0052
 510.00   15.0000    0.0000   15.0000  263.0125  263.0125  0.000000       0.00000       0.00000         621161.9132    0.000000    -0.00003     0.00000    0.000000000    0.000000850    0.000000670  257.796085  93226.6101
 522.00   15.0000    0.0000   15.0000  263.2102  263.2102  0.000000       0.00000       0.00000         606240.3180    0.000000    -0.00003     0.00000    0.000000000    0.000000815    0.000000635  257.872711  93078.4961
 534.00   15.0000    0.0000   15.0000  263.4030  263.4030  0.000000       0.00000       0.00000         592125.9149    0.000000    -0.00003     0.00000    0.000000000    0.000000782    0.000000602  257.944497  92930.6599
 546.00   15.0000    0.0000   15.0000  263.5919  263.5919  0.000000       0.00000       0.00000         576767.3086    0.000000    -0.00003     0.00000    0.000000000    0.000000745    0.000000564  258.012319  92783.0985
 558.00   15.0000    0.0000   15.0000  263.7751  263.7751  0.000000       0.00000       0.00000         562783.6489    0.000000    -0.00003     0.00000    0.000000000    0.000000711    0.000000529  258.074506  92635.8084
 570.00   15.0000    0.0000   15.0000  263.9552  263.9552  0.000000       0.00000       0.00000         545555.0917    0.000000    -0.00003     0.00000    0.000000000    0.000000667    0.000000485  258.133583  92488.7867
 582.00   15.0000    0.0000   15.0000  264.1275  264.1275  0.000000       0.00000       0.00000         529982.6017    0.000000    -0.00003     0.00000    0.000000000    0.000000626    0.000000445  258.184968  92342.0297
 594.00   15.0000    0.0000   15.0000  264.2978  264.2978  0.000000       0.00000       0.00000         513224.0285    0.000000    -0.00003     0.00000    0.000000000    0.000000582    0.000000400  258.234273  92195.5342
 606.00   15.0000    0.0000   15.0000  264.4595  264.4595  0.000000       0.00000       0.00000         493551.7943    0.000000    -0.00003     0.00000    0.000000000    0.000000528    0.000000347  258.275132  92049.2965
 618.00   15.0000    0.0000   15.0000  264.6172  264.6172  0.000000       0.00000       0.00000         479236.0878    0.000000    -0.00003     0.00000    0.000000000    0.000000489    0.000000308  258.312053  91903.3128
 630.00   15.0000    0.0000   15.0000  264.7698  264.7698  0.000000       0.00000       0.00000         464191.1389    0.000000    -0.00003     0.00000    0.000000000    0.000000448    0.000000267  258.343907  91757.5800
 642.00   15.0000    0.0000   15.0000  264.9180  264.9180  0.000000       0.00000       0.00000         451220.0621    0.000000    -0.00003     0.00000    0.000000000    0.000000412    0.000000231  258.371353  91612.0949
 654.00   15.0000    0.0000   15.0000  265.0624  265.0624  0.000000       0.00000       0.00000         439662.6889    0.000000    -0.00003     0.00000    0.000000000    0.000000380    0.000000199  258.395036  91466.8549
 666.00   15.0000    0.0000   15.0000  265.2032  265.2032  0.000000       0.00000       0.00000         429525.6798    0.000000    -0.00003     0.00000    0.000000000    0.000000351    0.000000170  258.415199  91321.8575
 678.00   15.0000    0.0000   15.0000  265.3411  265.3411  0.000000       0.00000       0.00000         420792.5580    0.000000    -0.00003     0.00000    0.000000000    0.000000327    0.000000146  258.432493  91177.1003
 690.00   15.0000    0.0000   15.0000  265.4764  265.4764  0.000000       0.00000       0.00000         413108.9505    0.000000    -0.00003     0.00000    0.000000000    0.000000305    0.000000124  258.447151  91032.5816
 702.00   15.0000    0.0000   15.0000  265.6095  265.6095  0.000000       0.00000       0.00000         406428.3291    0.000000    -0.00003     0.00000    0.000000000    0.000000286    0.000000105  258.459600  90888.2995
 714.00   15.0000    0.0000   15.0000  265.7406  265.7406  0.000000       0.00000       0.00000         400605.0243    0.000000    -0.00003     0.00000    0.000000000    0.000000270    0.000000088  258.470045  90744.2525
 726.00   15.0000    0.0000   15.0000  265.8701  265.8701  0.000000       0.00000       0.00000         395565.1024    0.000000    -0.00003     0.00000    0.000000000    0.000000255    0.000000074  258.478820  90600.4391
 738.00   15.0000    0.0000   15.0000  265.9980  265.9980  0.000000       0.00000       0.00000         391094.0419    0.000000    -0.00003     0.00000    0.000000000    0.000000243    0.000000061  258.486086  90456.8580
 750.00   15.0000    0.0000   15.0000  266.1247  266.1247  0.000000       0.00000       0.00000         386978.4694    0.000000    -0.00003     0.00000    0.000000000    0.000000231    0.000000049  258.492040  90313.5082
 762.00   15.0000    0.0000   15.0000  266.2501  266.2501  0.000000       0.00000       0.00000         383452.1371    0.000000    -0.00003     0.00000    0.000000000    0.000000221    0.000000039  258.496707  90170.3885
 774.00   15.0000    0.0000   15.0000  266.3745  266.3745  0.000000       0.00000       0.00000         380005.6116    0.000000    -0.00003     0.00000    0.000000000    0.000000211    0.000000029  258.500434  90027.4979
 786.00   15.0000    0.0000   15.0000  266.4978  266.4978  0.000000       0.00000       0.00000         377482.9017    0.000000    -0.00003     0.00000    0.000000000    0.000000204    0.000000021  258.502925  89884.8354
 798.00   15.0000    0.0000   15.0000  266.6207  266.6207  0.000000       0.00000       0.00000         375302.3811    0.000000    -0.00003     0.00000    0.000000000    0.000000198    0.000000015  258.505059  89742.4003
 810.00   15.0000    0.0000   15.0000  266.7427  266.7427  0.000000       0.00000       0.00000         373726.0308    0.000000    -0.00003     0.00000    0.000000000    0.000000193    0.000000010  258.506172  89600.1918
 822.00   15.0000    0.0000   15.0000  266.8647  266.8647  0.000000       0.00000       0.00000         373202.5647    0.000000    -0.00003     0.00000    0.000000000    0.000000192    0.000000009  258.507309  89458.2093
 834.00   15.0000    0.0000   15.0000  266.9864  266.9864  0.000000       0.00000       0.00000         372736.5374    0.000000    -0.00003     0.00000    0.000000000    0.000000191    0.000000008  258.508092  89316.4523
 846.00   15.0000    0.0000   15.0000  267.1082  267.1082  0.000000       0.00000       0.00000         373008.9128    0.000000    -0.00003     0.00000    0.000000000    0.000000192    0.000000008  258.508935  89174.9203
 858.00   15.0000    0.0000   15.0000  267.2303  267.2303  0.000000       0.00000       0.00000         374646.8105    0.000000    -0.00003     0.00000    0.000000000    0.000000197    0.000000013  258.509892  89033.6131
 870.00   15.0000    0.0000   15.0000  267.3533  267.3533  0.000000       0.00000       0.00000         378160.9209    0.000000    -0.00003     0.00000    0.000000000    0.000000208    0.000000024  258.511771  88892.5306
 882.00   15.0000    0.0000   15.0000  267.4777  267.4777  0.000000       0.00000       0.00000         383146.8447    0.000000    -0.00003     0.00000    0.000000000    0.000000224    0.000000039  258.514953  88751.6731
 894.00   15.0000    0.0000   15.0000  267.6041  267.6041  0.000000       0.00000       0.00000         390533.9601    0.000000    -0.00004     0.00000    0.000000000    0.000000247    0.000000061  258.519990  88611.0410
 906.00   15.0000    0.0000   15.0000  267.7335  267.7335  0.000000       0.00000       0.00000         401034.1401    0.000000    -0.00004     0.00000    0.000000000    0.000000279    0.000000092  258.527849  88470.6352
 918.00   15.0000    0.0000   15.0000  267.8669  267.8669  0.000000       0.00000       0.00000         418411.7773    0.000000    -0.00004     0.00000    0.000000000    0.000000333    0.000000145  258.539537  88330.4572
 930.00   15.0000    0.0000   15.0000  268.0077  268.0077  0.000000       0.00000       0.00000         435487.3658    0.000000    -0.00004     0.00000    0.000000000    0.000000387    0.000000197  258.558402  88190.5095
 942.00   15.0000    0.0000   15.0000  268.1525  268.1525  0.000000       0.00000       0.00000         489766.8959    0.000000    -0.00005     0.00000    0.000000000    0.000000556    0.000000361  258.580915  88050.7948
 954.00   15.0000    0.0000   15.0000  268.3292  268.3292  0.000000       0.00000       0.00000         502082.9470    0.000000    -0.00005     0.00000    0.000000000    0.000000597    0.000000401  258.634149  87911.3218
 966.00   15.0000    0.0000   15.0000  268.4822  268.4822  0.000000       0.00000       0.00000         712026.3697    0.000000    -0.00009     0.00000    0.000000000    0.000001260    0.000001043  258.664533  87772.0922
 978.00   15.0000    0.0000   15.0000  268.7970  268.7970  0.000000       0.00000       0.00000         663094.0501    0.000000    -0.00004     0.00000    0.000000000    0.000001111    0.000000909  258.850666  87633.1412
 990.00   15.0000    0.0000   15.0000  268.9184  268.9184  0.000000       0.00000       0.00000        1847619.7975    0.000000    -0.00034     0.00000    0.000000000    0.000005040    0.000004586  258.850454  87494.4600
1002.00   15.0000    0.0000   15.0000  270.0130  270.0130  0.000000       0.00000       0.00000        1774452.4300    0.000000    -0.00002     0.00000    0.000000000    0.000004824    0.000004703  259.786720  87356.2473
1014.00   15.0000    0.0000   15.0000  270.0910  270.0910  0.000000       0.00000       0.00000         236005.2723    0.000000    -0.00002     0.00000    0.000000000   -0.000000244   -0.000000442  259.744655  87218.4909
1026.00   15.0000    0.0000   15.0000  270.1690  270.1690  0.000000       0.00000       0.00000         235937.1356    0.000000    -0.00002     0.00000    0.000000000   -0.000000244   -0.000000442  259.702557  87080.9295
1038.00   15.0000    0.0000   15.0000  270.2470  270.2470  0.000000       0.00000       0.00000         235869.0383    0.000000    -0.00003     0.00000    0.000000000   -0.000000244   -0.000000441  259.660424  86943.5628
1050.00   15.0000    0.0000   15.0000  270.3250  270.3250  0.000000       0.00000       0.00000         235800.9803    0.000000    -0.00003     0.00000    0.000000000   -0.000000244   -0.000000441  259.618258  86806.3906
1062.00   15.0000    0.0000   15.0000  270.4030  270.4030  0.000000       0.00000       0.00000         235732.9615    0.000000    -0.00003     0.00000    0.000000000   -0.000000244   -0.000000441  259.576058  86669.4125
1074.00   15.0000    0.0000   15.0000  270.4810  270.4810  0.000000       0.00000       0.00000         235664.9820    0.000000    -0.00003     0.00000    0.000000000   -0.000000244   -0.000000440  259.533824  86532.6283
1086.00   15.0000    0.0000   15.0000  270.5590  270.5590  0.000000       0.00000       0.00000         235597.0417    0.000000    -0.00003     0.00000    0.000000000   -0.000000244   -0.000000440  259.491557  86396.0378
1098.00   15.0000    0.0000   15.0000  270.6370  270.6370  0.000000       0.00000       0.00000         235529.1405    0.000000    -0.00003     0.00000    0.000000000   -0.000000244   -0.000000440  259.449256  86259.6407
1110.00   15.0000    0.0000   15.0000  270.7150  270.7150  0.000000       0.00000       0.00000         235461.2785    0.000000    -0.00003     0.00000    0.000000000   -0.000000244   -0.000000439  259.406921  86123.4368
1122.00   15.0000    0.0000   15.0000  270.7930  270.7930  0.000000       0.00000       0.00000         235393.4555    0.000000    -0.00003     0.00000    0.000000000   -0.000000244   -0.000000439  259.364552  85987.4257
1134.00   15.0000    0.0000   15.0000  270.8710  270.8710  0.000000       0.00000       0.00000         235325.6716    0.000000    -0.00003     0.00000    0.000000000   -0.000000244   -0.000000439  259.322149  85851.6073
1146.00   15.0000    0.0000   15.0000  270.9490  270.9490  0.000000       0.00000       0.00000         235257.9268    0.000000    -0.00003     0.00000    0.000000000   -0.000000244   -0.000000438  259.279713  85715.9812
1158.00   15.0000    0.0000   15.0000  271.0270  271.0270  0.000000       0.00000       0.00000         235190.2209    0.000000    -0.00003     0.00000    0.000000000   -0.000000244   -0.000000438  259.237243  85580.5472
1170.00   15.0000    0.0000   15.0000  271.1050  271.1050  0.000000       0.00000       0.00000         235122.5540    0.000000    -0.00003     0.00000    0.000000000   -0.000000244   -0.000000438  259.194740  85445.3050
1182.00   15.0000    0.0000   15.0000  271.1830  271.1830  0.000000       0.00000       0.00000         235054.9260    0.000000    -0.00003     0.00000    0.000000000   -0.000000244   -0.000000437  259.152202  85310.2545
1194.00   15.0000    0.0000   15.0000  271.2610  271.2610  0.000000       0.00000       0.00000         234987.3369    0.000000    -0.00003     0.00000    0.000000000   -0.000000244   -0.000000437  259.109631  85175.3952
1206.00   15.0000    0.0000   15.0000  271.3390  271.3390  0.000000       0.00000       0.00000         234919.7867    0.000000    -0.00003     0.00000    0.000000000   -0.000000244   -0.000000437  259.067027  85040.7271
1218.00   15.0000    0.0000   15.0000  271.4170  271.4170  0.000000       0.00000       0.00000         234852.2753    0.000000    -0.00003     0.00000    0.000000000   -0.000000244   -0.000000436  259.024388  84906.2497
1230.00   15.0000    0.0000   15.0000  271.4950  271.4950  0.000000       0.00000       0.00000         234784.8027    0.000000    -0.00003     0.00000    0.000000000   -0.000000244   -0.000000436  258.981716  84771.9630
1242.00   15.0000    0.0000   15.0000  271.5730  271.5730  0.000000       0.00000       0.00000         234717.3688    0.000000    -0.00003     0.00000    0.000000000   -0.000000244   -0.000000436  258.939011  84637.8665
1254.00   15.0000    0.0000   15.0000  271.6510  271.6510  0.000000       0.00000       0.00000         234649.9737    0.000000    -0.00003     0.00000    0.000000000   -0.000000244   -0.000000435  258.896272  84503.9600
1266.00   15.0000    0.0000   15.0000  271.7290  271.7290  0.000000       0.00000       0.00000         234582.6172    0.000000    -0.00003     0.00000    0.000000000   -0.000000244   -0.000000435  258.853499  84370.2434
1278.00   15.0000    0.0000   15.0000  271.8070  271.8070  0.000000       0.00000       0.00000         234515.2995    0.000000    -0.00003     0.00000    0.000000000   -0.000000244   -0.000000434  258.810692  84236.7163
1290.00   15.0000    0.0000   15.0000  271.8850  271.8850  0.000000       0.00000       0.00000         234448.0203    0.000000    -0.00003     0.00000    0.000000000   -0.000000244   -0.000000434  258.767852  84103.3785
1302.00   15.0000    0.0000   15.0000  271.9630  271.9630  0.000000       0.00000       0.00000         234380.7797    0.000000    -0.00003     0.00000    0.000000000   -0.000000244   -0.000000434  258.724979  83970.2296
1314.00   15.0000    0.0000   15.0000  272.0410  272.0410  0.000000       0.00000       0.00000         234313.5777    0.000000    -0.00003     0.00000    0.000000000   -0.000000244   -0.000000433  258.682071  83837.2696
1326.00   15.0000    0.0000   15.0000  272.1190  272.1190  0.000000       0.00000       0.00000         234246.4143    0.000000    -0.00003     0.00000    0.000000000   -0.000000244   -0.000000433  258.639131  83704.4981
1338.00   15.0000    0.0000   15.0000  272.1970  272.1970  0.000000       0.00000       0.00000         234179.2893    0.000000    -0.00003     0.00000    0.000000000   -0.000000244   -0.000000433  258.596156  83571.9149
1350.00   15.0000    0.0000   15.0000  272.2750  272.2750  0.000000       0.00000       0.00000         234112.2027    0.000000    -0.00003     0.00000    0.000000000   -0.000000244   -0.000000432  258.553148  83439.5196
1362.00   15.0000    0.0000   15.0000  272.3530  272.3530  0.000000       0.00000       0.00000         234045.1546    0.000000    -0.00003     0.00000    0.000000000   -0.000000244   -0.000000432  258.510107  83307.3122
1374.00   15.0000    0.0000   15.0000  272.4310  272.4310  0.000000       0.00000       0.00000         233978.1449    0.000000    -0.00003     0.00000    0.000000000   -0.000000244   -0.000000432  258.467032  83175.2922
1386.00   15.0000    0.0000   15.0000  272.5090  272.5090  0.000000       0.00000       0.00000         233911.1736    0.000000    -0.00003     0.00000    0.000000000   -0.000000244   -0.000000431  258.423923  83043.4595
1398.00   15.0000    0.0000   15.0000  272.5870  272.5870  0.000000       0.00000       0.00000         233844.2406    0.000000    -0.00003     0.00000    0.000000000   -0.000000244   -0.000000431  258.380781  82911.8138
1410.00   15.0000    0.0000   15.0000  272.6650  272.6650  0.000000       0.00000       0.00000         233777.3458    0.000000    -0.00003     0.00000    0.000000000   -0.000000244   -0.000000430  258.337606  82780.3549
1422.00   15.0000    0.0000   15.0000  272.7430  272.7430  0.000000       0.00000       0.00000         233710.4894    0.000000    -0.00003     0.00000    0.000000000   -0.000000244   -0.000000430  258.294397  82649.0824
1434.00   15.0000    0.0000   15.0000  272.8210  272.8210  0.000000       0.00000       0.00000         233643.6711    0.000000    -0.00003     0.00000    0.000000000   -0.000000244   -0.000000430  258.251154  82517.9962
1446.00   15.0000    0.0000   15.0000  272.8990  272.8990  0.000000       0.00000       0.00000         233576.8911    0.000000    -0.00004     0.00000    0.000000000   -0.000000244   -0.000000429  258.207878  82387.0960
1458.00   15.0000    0.0000   15.0000  272.9770  272.9770  0.000000       0.00000       0.00000         233510.1492    0.000000    -0.00004     0.00000    0.000000000   -0.000000244   -0.000000429  258.164568  82256.3816
1470.00   15.0000    0.0000   15.0000  273.0550  273.0550  0.000000       0.00000       0.00000         233443.4455    0.000000    -0.00004     0.00000    0.000000000   -0.000000244   -0.000000428  258.121226  82125.8527
1482.00   15.0000    0.0000   15.0000  273.1330  273.1330  0.000000       0.00000       0.00000         233376.7798    0.000000    -0.00004     0.00000    0.000000000   -0.000000244   -0.000000428  258.077849  81995.5090
1494.00   15.0000    0.0000   15.0000  273.2110  273.2110  0.000000       0.00000       0.00000         233310.1522    0.000000    -0.00004     0.00000    0.000000000   -0.000000244   -0.000000428  258.034439  81865.3503
1506.00   15.0000    0.0000   15.0000  273.2890  273.2890  0.000000       0.00000       0.00000         233243.5627    0.000000    -0.00004     0.00000    0.000000000   -0.000000244   -0.000000427  257.990996  81735.3764
1518.00   15.0000    0.0000   15.0000  273.3670  273.3670  0.000000       0.00000       0.00000         233177.0111    0.000000    -0.00004     0.00000    0.000000000   -0.000000244   -0.000000427  257.947519  81605.5870
1530.00   15.0000    0.0000   15.0000  273.4450  273.4450  0.000000       0.00000       0.00000         233110.4975    0.000000    -0.00004     0.00000    0.000000000   -0.000000244   -0.000000427  257.904009  81475.9819
1542.00   15.0000    0.0000   15.0000  273.5230  273.5230  0.000000       0.00000       0.00000         233044.0219    0.000000    -0.00004     0.00000    0.000000000   -0.000000244   -0.000000426  257.860466  81346.5608
1554.00   15.0000    0.0000   15.0000  273.6010  273.6010  0.000000       0.00000       0.00000         232977.5841    0.000000    -0.00004     0.00000    0.000000000   -0.000000244   -0.000000426  257.816889  81217.3234
1566.00   15.0000    0.0000   15.0000  273.6790  273.6790  0.000000       0.00000       0.00000         232911.1843    0.000000    -0.00004     0.00000    0.000000000   -0.000000244   -0.000000425  257.773279  81088.2696
1578.00   15.0000    0.0000   15.0000  273.7570  273.7570  0.000000       0.00000       0.00000         232844.8222    0.000000    -0.00004     0.00000    0.000000000   -0.000000244   -0.000000425  257.729635  80959.3990
1590.00   15.0000    0.0000   15.0000  273.8350  273.8350  0.000000       0.00000       0.00000         232778.4980    0.000000    -0.00004     0.00000    0.000000000   -0.000000244   -0.000000425  257.685958  80830.7114
1602.00   15.0000    0.0000   15.0000  273.9130  273.9130  0.000000       0.00000       0.00000         232712.2115    0.000000    -0.00004     0.00000    0.000000000   -0.000000244   -0.000000424  257.642248  80702.2067
1614.00   15.0000    0.0000   15.0000  273.9910  273.9910  0.000000       0.00000       0.00000         232645.9628    0.000000    -0.00004     0.00000    0.000000000   -0.000000244   -0.000000424  257.598504  80573.8845
1626.00   15.0000    0.0000   15.0000  274.0690  274.0690  0.000000       0.00000       0.00000         232579.7518    0.000000    -0.00004     0.00000    0.000000000   -0.000000244   -0.000000423  257.554727  80445.7445
1638.00   15.0000    0.0000   15.0000  274.1470  274.1470  0.000000       0.00000       0.00000         232513.5785    0.000000    -0.00004     0.00000    0.000000000   -0.000000244   -0.000000423  257.510917  80317.7867
1650.00   15.0000    0.0000   15.0000  274.2250  274.2250  0.000000       0.00000       0.00000         232447.4428    0.000000    -0.00004     0.00000    0.000000000   -0.000000244   -0.000000423  257.467073  80190.0106
1662.00   15.0000    0.0000   15.0000  274.3030  274.3030  0.000000       0.00000       0.00000         232381.3447    0.000000    -0.00004     0.00000    0.000000000   -0.000000244   -0.000000422  257.423196  80062.4161
1674.00   15.0000    0.0000   15.0000  274.3810  274.3810  0.000000       0.00000       0.00000         232315.2842    0.000000    -0.00004     0.00000    0.000000000   -0.000000244   -0.000000422  257.379286  79935.0029
1686.00   15.0000    0.0000   15.0000  274.4590  274.4590  0.000000       0.00000       0.00000         232249.2613    0.000000    -0.00004     0.00000    0.000000000   -0.000000244   -0.000000421  257.335342  79807.7708
1698.00   15.0000    0.0000   15.0000  274.5370  274.5370  0.000000       0.00000       0.00000         232183.2758    0.000000    -0.00004     0.00000    0.000000000   -0.000000244   -0.000000421  257.291365  79680.7195
1710.00   15.0000    0.0000   15.0000  274.6150  274.6150  0.000000       0.00000       0.00000         232117.3279    0.000000    -0.00004     0.00000    0.000000000   -0.000000244   -0.000000420  257.247355  79553.8488
1722.00   15.0000    0.0000   15.0000  274.6930  274.6930  0.000000       0.00000       0.00000         232051.4174    0.000000    -0.00004     0.00000    0.000000000   -0.000000244   -0.000000420  257.203312  79427.1584
1734.00   15.0000    0.0000   15.0000  274.7710  274.7710  0.000000       0.00000       0.00000         231985.5443    0.000000    -0.00004     0.00000    0.000000000   -0.000000244   -0.000000420  257.159235  79300.6481
1746.00   15.0000    0.0000   15.0000  274.8490  274.8490  0.000000       0.00000       0.00000         231919.7086    0.000000    -0.00004     0.00000    0.000000000   -0.000000244   -0.000000419  257.115125  79174.3177
1758.00   15.0000    0.0000   15.0000  274.9270  274.9270  0.000000       0.00000       0.00000         231853.9103    0.000000    -0.00004     0.00000    0.000000000   -0.000000243   -0.000000419  257.070982  79048.1670
1770.00   15.0000    0.0000   15.0000  275.0050  275.0050  0.000000       0.00000       0.00000         231788.1493    0.000000    -0.00004     0.00000    0.000000000   -0.000000243   -0.000000418  257.026806  78922.1956
1782.00   15.0000    0.0000   15.0000  275.0830  275.0830  0.000000       0.00000       0.00000         231722.4256    0.000000    -0.00004     0.00000    0.000000000   -0.000000243   -0.000000418  256.982596  78796.4033
1794.00   15.0000    0.0000   15.0000  275.1610  275.1610  0.000000       0.00000       0.00000         231656.7391    0.000000    -0.00004     0.00000    0.000000000   -0.000000243   -0.000000418  256.938354  78670.7899
1806.00   15.0000    0.0000   15.0000  275.2390  275.2390  0.000000       0.00000       0.00000         231591.0899    0.000000    -0.00004     0.00000    0.000000000   -0.000000243   -0.000000417  256.894078  78545.3552
1818.00   15.0000    0.0000   15.0000  275.3170  275.3170  0.000000       0.00000       0.00000         231525.4779    0.000000    -0.00004     0.00000    0.000000000   -0.000000243   -0.000000417  256.849769  78420.0989
1830.00   15.0000    0.0000   15.0000  275.3950  275.3950  0.000000       0.00000       0.00000         231459.9030    0.000000    -0.00004     0.00000    0.000000000   -0.000000243   -0.000000416  256.805426  78295.0208
1842.00   15.0000    0.0000   15.0000  275.4730  275.4730  0.000000       0.00000       0.00000         231394.3653    0.000000    -0.00004     0.00000    0.000000000   -0.000000243   -0.000000416  256.761051  78170.1207
1854.00   15.0000    0.0000   15.0000  275.5510  275.5510  0.000000       0.00000       0.00000         231328.8647    0.000000    -0.00005     0.00000    0.000000000   -0.000000243   -0.000000415  256.716642  78045.3982
1866.00   15.0000    0.0000   15.0000  275.6290  275.6290  0.000000       0.00000       0.00000         231263.4012    0.000000    -0.00005     0.00000    0.000000000   -0.000000243   -0.000000415  256.672201  77920.8532
1878.00   15.0000    0.0000   15.0000  275.7070  275.7070  0.000000       0.00000       0.00000         231197.9747    0.000000    -0.00005     0.00000    0.000000000   -0.000000243   -0.000000414  256.627726  77796.4855
1890.00   15.0000    0.0000   15.0000  275.7850  275.7850  0.000000       0.00000       0.00000         231132.5852    0.000000    -0.00005     0.00000    0.000000000   -0.000000243   -0.000000414  256.583218  77672.2947
1902.00   15.0000    0.0000   15.0000  275.8630  275.8630  0.000000       0.00000       0.00000         231067.2326    0.000000    -0.00005     0.00000    0.000000000   -0.000000243   -0.000000414  256.538677  77548.2806
1914.00   15.0000    0.0000   15.0000  275.9410  275.9410  0.000000       0.00000       0.00000         231001.9171    0.000000    -0.00005     0.00000    0.000000000   -0.000000243   -0.000000413  256.494102  77424.4431
1926.00   15.0000    0.0000   15.0000  276.0190  276.0190  0.000000       0.00000       0.00000         230936.6384    0.000000    -0.00005     0.00000    0.000000000   -0.000000243   -0.000000413  256.449495  77300.7819
1938.00   15.0000    0.0000   15.0000  276.0970  276.0970  0.000000       0.00000       0.00000         230871.3966    0.000000    -0.00005     0.00000    0.000000000   -0.000000243   -0.000000412  256.404855  77177.2967
1950.00   15.0000    0.0000   15.0000  276.1750  276.1750  0.000000       0.00000       0.00000         230806.1917    0.000000    -0.00005     0.00000    0.000000000   -0.000000242   -0.000000412  256.360181  77053.9873
1962.00   15.0000    0.0000   15.0000  276.2530  276.2530  0.000000       0.00000       0.00000         230741.0236    0.000000    -0.00005     0.00000    0.000000000   -0.000000242   -0.000000411  256.315475  76930.8535
1974.00   15.0000    0.0000   15.0000  276.3310  276.3310  0.000000       0.00000       0.00000         230675.8923    0.000000    -0.00005     0.00000    0.000000000   -0.000000242   -0.000000411  256.270735  76807.8950
1986.00   15.0000    0.0000   15.0000  276.4090  276.4090  0.000000       0.00000       0.00000         230610.7978    0.000000    -0.00005     0.00000    0.000000000   -0.000000242   -0.000000410  256.225962  76685.1116
1998.00   15.0000    0.0000   15.0000  276.4870  276.4870  0.000000       0.00000       0.00000         230545.7399    0.000000    -0.00005     0.00000    0.000000000   -0.000000242   -0.000000410  256.181157  76562.5031
2010.00   15.0000    0.0000   15.0000  276.5650  276.5650  0.000000       0.00000       0.00000         230480.7188    0.000000    -0.00005     0.00000    0.000000000   -0.000000242   -0.000000410  256.136318  76440.0692
2022.00   15.0000    0.0000   15.0000  276.6430  276.6430  0.000000       0.00000       0.00000         230415.7344    0.000000    -0.00005     0.00000    0.000000000   -0.000000242   -0.000000409  256.091446  76317.8097
2034.00   15.0000    0.0000   15.0000  276.7210  276.7210  0.000000       0.00000       0.00000         230350.7865    0.000000    -0.00005     0.00000    0.000000000   -0.000000242   -0.000000409  256.046541  76195.7244
2046.00   15.0000    0.0000   15.0000  276.7990  276.7990  0.000000       0.00000       0.00000         230285.8753    0.000000    -0.00005     0.00000    0.000000000   -0.000000242   -0.000000408  256.001604  76073.8130
2058.00   15.0000    0.0000   15.0000  276.8770  276.8770  0.000000       0.00000       0.00000         230221.0007    0.000000    -0.00005     0.00000    0.000000000   -0.000000242   -0.000000408  255.956633  75952.0753
2070.00   15.0000    0.0000   15.0000  276.9550  276.9550  0.000000       0.00000       0.00000         230156.1626    0.000000    -0.00005     0.00000    0.000000000   -0.000000242   -0.000000407  255.911629  75830.5111
2082.00   15.0000    0.0000   15.0000  277.0330  277.0330  0.000000       0.00000       0.00000         230091.3610    0.000000    -0.00005     0.00000    0.000000000   -0.000000242   -0.000000407  255.866592  75709.1201
2094.00   15.0000    0.0000   15.0000  277.1110  277.1110  0.000000       0.00000       0.00000         230026.5958    0.000000    -0.00005     0.00000    0.000000000   -0.000000241   -0.000000406  255.821523  75587.9021
2106.00   15.0000    0.0000   15.0000  277.1890  277.1890  0.000000       0.00000       0.00000         229961.8672    0.000000    -0.00005     0.00000    0.000000000   -0.000000241   -0.000000406  255.776420  75466.8568
2118.00   15.0000    0.0000   15.0000  277.2670  277.2670  0.000000       0.00000       0.00000         229897.1749    0.000000    -0.00005     0.00000    0.000000000   -0.000000241   -0.000000405  255.731284  75345.9841
2130.00   15.0000    0.0000   15.0000  277.3450  277.3450  0.000000       0.00000       0.00000         229832.5191    0.000000    -0.00005     0.00000    0.000000000   -0.000000241   -0.000000405  255.686116  75225.2838
2142.00   15.0000    0.0000   15.0000  277.4230  277.4230  0.000000       0.00000       0.00000         229767.8996    0.000000    -0.00005     0.00000    0.000000000   -0.000000241   -0.000000405  255.640914  75104.7554
2154.00   15.0000    0.0000   15.0000  277.5010  277.5010  0.000000       0.00000       0.00000         229703.3164    0.000000    -0.00005     0.00000    0.000000000   -0.000000241   -0.000000404  255.595680  74984.3990
2166.00   15.0000    0.0000   15.0000  277.5790  277.5790  0.000000       0.00000       0.00000         229638.7695    0.000000    -0.00005     0.00000    0.000000000   -0.000000241   -0.000000404  255.550412  74864.2141
2178.00   15.0000    0.0000   15.0000  277.6570  277.6570  0.000000       0.00000       0.00000         229574.2589    0.000000    -0.00005     0.00000    0.000000000   -0.000000241   -0.000000403  255.505112  74744.2006
2190.00   15.0000    0.0000   15.0000  277.7350  277.7350  0.000000       0.00000       0.00000         229509.7845    0.000000    -0.00005     0.00000    0.000000000   -0.000000241   -0.000000403  255.459779  74624.3583
2202.00   15.0000    0.0000   15.0000  277.8130  277.8130  0.000000       0.00000       0.00000         229445.3463    0.000000    -0.00005     0.00000    0.000000000   -0.000000241   -0.000000402  255.414413  74504.6869
2214.00   15.0000    0.0000   15.0000  277.8910  277.8910  0.000000       0.00000       0.00000         229380.9443    0.000000    -0.00005     0.00000    0.000000000   -0.000000240   -0.000000402  255.369014  74385.1862
2226.00   15.0000    0.0000   15.0000  277.9690  277.9690  0.000000       0.00000       0.00000         229316.5785    0.000000    -0.00005     0.00000    0.000000000   -0.000000240   -0.000000401  255.323582  74265.8560
2238.00   15.0000    0.0000   15.0000  278.0470  278.0470  0.000000       0.00000       0.00000         229252.2487    0.000000    -0.00005     0.00000    0.000000000   -0.000000240   -0.000000401  255.278118  74146.6960
2250.00   15.0000    0.0000   15.0000  278.1250  278.1250  0.000000       0.00000       0.00000         229187.9551    0.000000    -0.00005     0.00000    0.000000000   -0.000000240   -0.000000400  255.232620  74027.7060
2262.00   15.0000    0.0000   15.0000  278.2030  278.2030  0.000000       0.00000       0.00000         229123.6974    0.000000    -0.00006     0.00000    0.000000000   -0.000000240   -0.000000400  255.187090  73908.8858
2274.00   15.0000    0.0000   15.0000  278.2810  278.2810  0.000000       0.00000       0.00000         229059.4759    0.000000    -0.00006     0.00000    0.000000000   -0.000000240   -0.000000399  255.141527  73790.2352
2286.00   15.0000    0.0000   15.0000  278.3590  278.3590  0.000000       0.00000       0.00000         228995.2903    0.000000    -0.00006     0.00000    0.000000000   -0.000000240   -0.000000399  255.095931  73671.7539
2298.00   15.0000    0.0000   15.0000  278.4370  278.4370  0.000000       0.00000       0.00000         228931.1406    0.000000    -0.00006     0.00000    0.000000000   -0.000000240   -0.000000398  255.050302  73553.4417
2310.00   15.0000    0.0000   15.0000  278.5150  278.5150  0.000000       0.00000       0.00000         228867.0269    0.000000    -0.00006     0.00000    0.000000000   -0.000000240   -0.000000398  255.004641  73435.2984
2322.00   15.0000    0.0000   15.0000  278.5930  278.5930  0.000000       0.00000       0.00000         228802.9491    0.000000    -0.00006     0.00000    0.000000000   -0.000000239   -0.000000397  254.958946  73317.3237
2334.00   15.0000    0.0000   15.0000  278.6710  278.6710  0.000000       0.00000       0.00000         228738.9072    0.000000    -0.00006     0.00000    0.000000000   -0.000000239   -0.000000397  254.913219  73199.5175
2346.00   15.0000    0.0000   15.0000  278.7490  278.7490  0.000000       0.00000       0.00000         228674.9011    0.000000    -0.00006     0.00000    0.000000000   -0.000000239   -0.000000396  254.867459  73081.8794
2358.00   15.0000    0.0000   15.0000  278.8270  278.8270  0.000000       0.00000       0.00000         228610.9308    0.000000    -0.00006     0.00000    0.000000000   -0.000000239   -0.000000396  254.821666  72964.4094
2370.00   15.0000    0.0000   15.0000  278.9050  278.9050  0.000000       0.00000       0.00000         228546.9963    0.000000    -0.00006     0.00000    0.000000000   -0.000000239   -0.000000395  254.775841  72847.1070
2382.00   15.0000    0.0000   15.0000  278.9830  278.9830  0.000000       0.00000       0.00000              0.0000    0.000000    -0.00006     0.00000    0.000000000    0.000000000    0.000000000  254.729983  72729.9722
2394.00   15.0000    0.0000   15.0000  279.0610  279.0610  0.000000       0.00000       0.00000              0.0000    0.000000     0.00000     0.00000    0.000000000    0.000000000    0.000000000  254.684092  72613.0048
