   0.00    0.0000    0.0000    0.0000  242.2262  242.2262  0.000000       0.00000       0.00000              0.0000    0.000000     0.00000     0.00000    0.000000000    0.000000000    0.000000000    0.000000      0.0000
   6.00    7.6793    3.5602    8.4645  243.8765  243.8765  0.000000       0.70561       0.70561              0.0000    0.000000     0.00000     0.00000   -0.000016875    0.000000000    0.000000000  243.788753  99874.0372
  18.00    8.7345    3.9661    9.5928  244.0071  244.0071  0.000000       2.11630       2.11630              0.0617    0.000000    -0.00000     0.00000   -0.000030556    0.000000000    0.000000000  243.772864  99664.2702
  30.00    9.4176    4.1814   10.3042  244.0944  244.0944  0.000000       2.00142       2.00142              0.0884    0.000000    -0.00000     0.00000   -0.000035712   -0.000000037   -0.000000081  243.743018  99496.7922
  42.00   10.0484    4.3383   10.9449  244.1780  244.1780  0.000000       2.18088       2.18088              0.1034    0.000000    -0.00000     0.00000   -0.000038297   -0.000000049   -0.000000092  243.709322  99329.5738
  54.00   10.6183    4.4430   11.5104  244.2565  244.2565  0.000000       2.12989       2.12989              0.1194    0.000000    -0.00000     0.00000   -0.000040246   -0.000000057   -0.000000100  243.670549  99162.6117
  66.00   11.1590    4.5075   12.0350  244.3343  244.3343  0.000000       2.06812       2.06812              0.1333    0.000000    -0.00000     0.00000   -0.000041895   -0.000000057   -0.000000100  243.631086  98995.9036
  78.00   11.6761    4.5355   12.5260  244.4125  244.4125  0.000000       1.95397       1.95397              0.1472    0.000000    -0.00000     0.00000   -0.000043385   -0.000000054   -0.000000097  243.591988  98829.4488
  90.00   12.1763    4.5291   12.9913  244.4926  244.4926  0.000000       1.82064       1.82064              0.1610    0.000000    -0.00000     0.00000   -0.000044806   -0.000000048   -0.000000091  243.554666  98663.2479
 102.00   12.6621    4.4892   13.4344  244.5755  244.5755  0.000000       1.67022       1.67022              0.1751    0.000000    -0.00000     0.00000   -0.000046182   -0.000000039   -0.000000083  243.520104  98497.3020
 114.00   13.1352    4.4155   13.8575  244.6622  244.6622  0.000000       1.51123       1.51123              0.1898    0.000000    -0.00000     0.00000   -0.000047507   -0.000000028   -0.000000071  243.489364  98331.6131
 126.00   13.5958    4.3074   14.2618  244.7540  244.7540  0.000000       1.34748       1.34748              0.2055    0.000000    -0.00000     0.00000   -0.000048836   -0.000000013   -0.000000057  243.463564  98166.1836
 138.00   14.0435    4.1634   14.6476  244.8521  244.8521  0.000000       1.18274       1.18274              0.2226    0.000000    -0.00000     0.00000   -0.000050161    0.000000006   -0.000000039  243.444039  98001.0172
 150.00   14.4767    3.9817   15.0142  244.9582  244.9582  0.000000       1.01962       1.01962              0.2417    0.000000    -0.00001     0.00000   -0.000051511    0.000000030   -0.000000016  243.432464  97836.1181
 162.00   14.8931    3.7595   15.3602  245.0747  245.0747  0.000000       0.86054       0.86054              0.2635    0.000000    -0.00001     0.00000   -0.000053006    0.000000061    0.000000013  243.431073  97671.4920
 174.00   15.2890    3.4937   15.6831  245.2046  245.2046  0.000000       0.70741       0.70741              0.2889    0.000000    -0.00001     0.00000   -0.000054426    0.000000102    0.000000053  243.442985  97507.1465
 186.00   15.6592    3.1794   15.9787  245.3527  245.3527  0.000000       0.56209       0.56209              0.3198    0.000000    -0.00001     0.00000   -0.000056009    0.000000160    0.000000109  243.472892  97343.0917
 198.00   15.9952    2.8103   16.2402  245.5266  245.5266  0.000000       0.42664       0.42664              0.3587    0.000000    -0.00001     0.00000   -0.000057738    0.000000247    0.000000191  243.528265  97179.3415
 210.00   16.2835    2.3775   16.4562  245.7393  245.7393  0.000000       0.30322       0.30322              0.4107    0.000000    -0.00002     0.00000   -0.000059898    0.000000387    0.000000326  243.622106  97015.9168
 222.00   16.4991    1.8681   16.6045  246.0161  246.0161  0.000000       0.19521       0.19521              0.4854    0.000000    -0.00003     0.00000   -0.000063318    0.000000646    0.000000572  243.779437  96852.8508
 234.00   16.5897    1.2656   16.6379  246.4140  246.4140  0.000000       0.10580       0.10580              0.6056    0.000000    -0.00005     0.00000   -0.000070609    0.000001214    0.000001107  244.056517  96690.2038
 246.00   16.4320    0.5744   16.4420  247.0803  247.0803  0.000000       0.04345       0.04345              0.8323    0.000000    -0.00005     0.00000   -0.000097553    0.000003156    0.000002867  244.599140  96528.1018
 258.00   15.7053   -0.0863   15.7056  248.6945  248.6945  0.000000       0.00075       0.00075              2.4122    0.000000     0.00000     0.00000   -0.000236169    0.000010936    0.000009266  246.079865  96366.9368
 270.00   15.0055   -0.0081   15.0055  253.1317  253.1317  0.000000       0.00000       0.00000             10.4763    0.000000    -0.00010     0.00000   -0.000011510    0.000011410    0.000012393  250.352043  96207.8928
 282.00   15.0000   -0.0000   15.0000  254.3837  254.3837  0.000000       0.00000       0.00000          20665.5121    0.000000    -0.00008     0.00000   -0.000000005    0.000004900    0.000004733  251.472939  96050.8280
 294.00   15.0000   -0.0000   15.0000  255.2686  255.2686  0.000000       0.00000       0.00000        2579188.6075    0.000000    -0.00007     0.00000    0.000000000    0.000003824    0.000003641  252.230429  95894.6045
 306.00   15.0000   -0.0000   15.0000  255.9950  255.9950  0.000000       0.00000       0.00000        2092791.5338    0.000000    -0.00006     0.00000    0.000000000    0.000003161    0.000002988  252.830899  95739.0542
 318.00   15.0000   -0.0000   15.0000  256.5797  256.5797  0.000000       0.00000       0.00000        1754780.2860    0.000000    -0.00005     0.00000    0.000000000    0.000002670    0.000002498  253.291212  95584.0816
 330.00   15.0000   -0.0000   15.0000  257.0969  257.0969  0.000000       0.00000       0.00000        1550099.0023    0.000000    -0.00005     0.00000    0.000000000    0.000002370    0.000002201  253.684493  95429.6202
 342.00   15.0000    0.0000   15.0000  257.5551  257.5551  0.000000       0.00000       0.00000        1391549.7905    0.000000    -0.00004     0.00000    0.000000000    0.000002128    0.000001961  254.019417  95275.6294
 354.00   15.0000    0.0000   15.0000  257.9740  257.9740  0.000000       0.00000       0.00000        1270150.9175    0.000000    -0.00004     0.00000    0.000000000    0.000001938    0.000001773  254.315399  95122.0778
 366.00   15.0000    0.0000   15.0000  258.3570  258.3570  0.000000       0.00000       0.00000        1177411.2617    0.000000    -0.00004     0.00000    0.000000000    0.000001791    0.000001626  254.575772  94968.9412
 378.00   15.0000    0.0000   15.0000  258.7185  258.7185  0.000000       0.00000       0.00000        1096078.3766    0.000000    -0.00004     0.00000    0.000000000    0.000001657    0.000001493  254.814780  94816.2009
 390.00   15.0000    0.0000   15.0000  259.0510  259.0510  0.000000       0.00000       0.00000        1033603.4226    0.000000    -0.00004     0.00000    0.000000000    0.000001555    0.000001390  255.025123  94663.8405
 402.00   15.0000    0.0000   15.0000  259.3737  259.3737  0.000000       0.00000       0.00000         973266.1246    0.000000    -0.00004     0.00000    0.000000000    0.000001449    0.000001286  255.225699  94511.8474
 414.00   15.0000    0.0000   15.0000  259.6688  259.6688  0.000000       0.00000       0.00000         921118.2976    0.000000    -0.00004     0.00000    0.000000000    0.000001357    0.000001193  255.398865  94360.2093
 426.00   15.0000    0.0000   15.0000  259.9591  259.9591  0.000000       0.00000       0.00000         879412.3813    0.000000    -0.00004     0.00000    0.000000000    0.000001283    0.000001120  255.567253  94208.9157
 438.00   15.0000    0.0000   15.0000  260.2283  260.2283  0.000000       0.00000       0.00000         836783.6067    0.000000    -0.00004     0.00000    0.000000000    0.000001203    0.000001040  255.714718  94057.9578
 450.00   15.0000    0.0000   15.0000  260.4920  260.4920  0.000000       0.00000       0.00000         805793.9466    0.000000    -0.00003     0.00000    0.000000000    0.000001147    0.000000983  255.856742  93907.3271
 462.00   15.0000    0.0000   15.0000  260.7420  260.7420  0.000000       0.00000       0.00000         772915.3324    0.000000    -0.00003     0.00000    0.000000000    0.000001084    0.000000920  255.985094  93757.0170
 474.00   15.0000    0.0000   15.0000  260.9853  260.9853  0.000000       0.00000       0.00000         747565.2752    0.000000    -0.00003     0.00000    0.000000000    0.000001036    0.000000872  256.106772  93607.0207
 486.00   15.0000    0.0000   15.0000  261.2195  261.2195  0.000000       0.00000       0.00000         722689.7930    0.000000    -0.00003     0.00000    0.000000000    0.000000987    0.000000823  256.219466  93457.3328
 498.00   15.0000    0.0000   15.0000  261.4473  261.4473  0.000000       0.00000       0.00000         700258.9952    0.000000    -0.00003     0.00000    0.000000000    0.000000943    0.000000778  256.325751  93307.9481
 510.00   15.0000    0.0000   15.0000  261.6675  261.6675  0.000000       0.00000       0.00000         677650.3669    0.000000    -0.00003     0.00000    0.000000000    0.000000897    0.000000732  256.424563  93158.8618
 522.00   15.0000    0.0000   15.0000  261.8812  261.8812  0.000000       0.00000       0.00000         656377.1108    0.000000    -0.00003     0.00000    0.000000000    0.000000852    0.000000687  256.516829  93010.0691
 534.00   15.0000    0.0000   15.0000  262.0882  262.0882  0.000000       0.00000       0.00000         637743.7253    0.000000    -0.00003     0.00000    0.000000000    0.000000813    0.000000648  256.602438  92861.5655
 546.00   15.0000    0.0000   15.0000  262.2903  262.2903  0.000000       0.00000       0.00000         619356.0538    0.000000    -0.00003     0.00000    0.000000000    0.000000774    0.000000608  256.683140  92713.3470
 558.00   15.0000    0.0000   15.0000  262.4858  262.4858  0.000000       0.00000       0.00000         603029.1860    0.000000    -0.00003     0.00000    0.000000000    0.000000739    0.000000572  256.757325  92565.4097
 570.00   15.0000    0.0000   15.0000  262.6777  262.6777  0.000000       0.00000       0.00000         585978.2852    0.000000    -0.00003     0.00000    0.000000000    0.000000700    0.000000534  256.827879  92417.7500
 582.00   15.0000    0.0000   15.0000  262.8625  262.8625  0.000000       0.00000       0.00000         570375.7304    0.000000    -0.00003     0.00000    0.000000000    0.000000665    0.000000498  256.891451  92270.3644
 594.00   15.0000    0.0000   15.0000  263.0446  263.0446  0.000000       0.00000       0.00000         555521.8074    0.000000    -0.00003     0.00000    0.000000000    0.000000631    0.000000464  256.952286  92123.2494
 606.00   15.0000    0.0000   15.0000  263.2201  263.2201  0.000000       0.00000       0.00000         540135.4348    0.000000    -0.00003     0.00000    0.000000000    0.000000595    0.000000428  257.006604  91976.4018
 618.00   15.0000    0.0000   15.0000  263.3925  263.3925  0.000000       0.00000       0.00000         527453.4860    0.000000    -0.00003     0.00000    0.000000000    0.000000565    0.000000398  257.057834  91829.8184
 630.00   15.0000    0.0000   15.0000  263.5601  263.5601  0.000000       0.00000       0.00000         514009.1539    0.000000    -0.00003     0.00000    0.000000000    0.000000533    0.000000366  257.104241  91683.4964
 642.00   15.0000    0.0000   15.0000  263.7241  263.7241  0.000000       0.00000       0.00000         502515.5508    0.000000    -0.00003     0.00000    0.000000000    0.000000506    0.000000338  257.147072  91537.4329
 654.00   15.0000    0.0000   15.0000  263.8844  263.8844  0.000000       0.00000       0.00000         491590.0358    0.000000    -0.00003     0.00000    0.000000000    0.000000479    0.000000311  257.186300  91391.6253
 666.00   15.0000    0.0000   15.0000  264.0416  264.0416  0.000000       0.00000       0.00000         482034.1354    0.000000    -0.00003     0.00000    0.000000000    0.000000456    0.000000288  257.222302  91246.0712
 678.00   15.0000    0.0000   15.0000  264.1959  264.1959  0.000000       0.00000       0.00000         473524.3631    0.000000    -0.00003     0.00000    0.000000000    0.000000435    0.000000267  257.255557  91100.7685
 690.00   15.0000    0.0000   15.0000  264.3477  264.3477  0.000000       0.00000       0.00000         465716.1790    0.000000    -0.00003     0.00000    0.000000000    0.000000416    0.000000247  257.286241  90955.7152
 702.00   15.0000    0.0000   15.0000  264.4972  264.4972  0.000000       0.00000       0.00000         458082.5730    0.000000    -0.00003     0.00000    0.000000000    0.000000397    0.000000228  257.314615  90810.9095
 714.00   15.0000    0.0000   15.0000  264.6443  264.6443  0.000000       0.00000       0.00000         451070.8318    0.000000    -0.00003     0.00000    0.000000000    0.000000379    0.000000211  257.340524  90666.3495
 726.00   15.0000    0.0000   15.0000  264.7894  264.7894  0.000000       0.00000       0.00000         445313.2156    0.000000    -0.00003     0.00000    0.000000000    0.000000365    0.000000196  257.364512  90522.0337
 738.00   15.0000    0.0000   15.0000  264.9328  264.9328  0.000000       0.00000       0.00000         440445.5429    0.000000    -0.00003     0.00000    0.000000000    0.000000353    0.000000184  257.386820  90377.9605
 750.00   15.0000    0.0000   15.0000  265.0749  265.0749  0.000000       0.00000       0.00000         436189.9897    0.000000    -0.00003     0.00000    0.000000000    0.000000343    0.000000173  257.407766  90234.1287
 762.00   15.0000    0.0000   15.0000  265.2158  265.2158  0.000000       0.00000       0.00000         432829.6261    0.000000    -0.00003     0.00000    0.000000000    0.000000335    0.000000165  257.427416  90090.5371
 774.00   15.0000    0.0000   15.0000  265.3559  265.3559  0.000000       0.00000       0.00000         429949.4031    0.000000    -0.00003     0.00000    0.000000000    0.000000328    0.000000157  257.446266  89947.1847
 786.00   15.0000    0.0000   15.0000  265.4950  265.4950  0.000000       0.00000       0.00000         427882.9347    0.000000    -0.00003     0.00000    0.000000000    0.000000323    0.000000152  257.464121  89804.0706
 798.00   15.0000    0.0000   15.0000  265.6339  265.6339  0.000000       0.00000       0.00000         426726.0348    0.000000    -0.00003     0.00000    0.000000000    0.000000321    0.000000150  257.481687  89661.1940
 810.00   15.0000    0.0000   15.0000  265.7724  265.7724  0.000000       0.00000       0.00000         427230.9435    0.000000    -0.00004     0.00000    0.000000000    0.000000323    0.000000152  257.498832  89518.5544
 822.00   15.0000    0.0000   15.0000  265.9118  265.9118  0.000000       0.00000       0.00000         428581.4751    0.000000    -0.00004     0.00000    0.000000000    0.000000328    0.000000156  257.516734  89376.1514
 834.00   15.0000    0.0000   15.0000  266.0513  266.0513  0.000000       0.00000       0.00000         430491.6290    0.000000    -0.00004     0.00000    0.000000000    0.000000335    0.000000162  257.534749  89233.9848
 846.00   15.0000    0.0000   15.0000  266.1921  266.1921  0.000000       0.00000       0.00000         434420.9097    0.000000    -0.00004     0.00000    0.000000000    0.000000347    0.000000173  257.553873  89092.0545
 858.00   15.0000    0.0000   15.0000  266.3343  266.3343  0.000000       0.00000       0.00000         440480.1892    0.000000    -0.00004     0.00000    0.000000000    0.000000365    0.000000190  257.574386  88950.3609
 870.00   15.0000    0.0000   15.0000  266.4792  266.4792  0.000000       0.00000       0.00000         449791.0805    0.000000    -0.00004     0.00000    0.000000000    0.000000393    0.000000217  257.597351  88808.9046
 882.00   15.0000    0.0000   15.0000  266.6277  266.6277  0.000000       0.00000       0.00000         461215.2933    0.000000    -0.00004     0.00000    0.000000000    0.000000427    0.000000250  257.623757  88667.6868
 894.00   15.0000    0.0000   15.0000  266.7802  266.7802  0.000000       0.00000       0.00000         478766.4601    0.000000    -0.00004     0.00000    0.000000000    0.000000479    0.000000300  257.653954  88526.7090
 906.00   15.0000    0.0000   15.0000  266.9403  266.9403  0.000000       0.00000       0.00000         496631.2033    0.000000    -0.00005     0.00000    0.000000000    0.000000532    0.000000351  257.691461  88385.9738
 918.00   15.0000    0.0000   15.0000  267.1046  267.1046  0.000000       0.00000       0.00000         536018.0291    0.000000    -0.00005     0.00000    0.000000000    0.000000649    0.000000464  257.732970  88245.4839
 930.00   15.0000    0.0000   15.0000  267.2907  267.2907  0.000000       0.00000       0.00000         554883.3850    0.000000    -0.00005     0.00000    0.000000000    0.000000707    0.000000521  257.795367  88105.2455
 942.00   15.0000    0.0000   15.0000  267.4676  267.4676  0.000000       0.00000       0.00000         665802.7936    0.000000    -0.00008     0.00000    0.000000000    0.000001038    0.000000840  257.848866  87965.2614
 954.00   15.0000    0.0000   15.0000  267.7265  267.7265  0.000000       0.00000       0.00000         660057.1927    0.000000    -0.00005     0.00000    0.000000000    0.000001028    0.000000835  257.981311  87825.5501
 966.00   15.0000    0.0000   15.0000  267.9001  267.9001  0.000000       0.00000       0.00000         992256.8486    0.000000    -0.00014     0.00000    0.000000000    0.000002043    0.000001804  258.031435  87686.1100
 978.00   15.0000    0.0000   15.0000  268.3771  268.3771  0.000000       0.00000       0.00000         919811.7686    0.000000    -0.00004     0.00000    0.000000000    0.000001837    0.000001641  258.373655  87546.9969
 990.00   15.0000    0.0000   15.0000  268.5042  268.5042  0.000000       0.00000       0.00000        2489564.1504    0.000000    -0.00047     0.00000    0.000000000    0.000006994    0.000006343  258.378944  87408.1979
1002.00   15.0000    0.0000   15.0000  270.0130  270.0130  0.000000       0.00000       0.00000        2401274.8999    0.000000    -0.00002     0.00000    0.000000000    0.000006754    0.000006767  259.713415  87269.9758
1014.00   15.0000    0.0000   15.0000  270.0910  270.0910  0.000000       0.00000       0.00000         236005.2723    0.000000    -0.00002     0.00000    0.000000000   -0.000000243   -0.000000440  259.671329  87132.3167
1026.00   15.0000    0.0000   15.0000  270.1690  270.1690  0.000000       0.00000       0.00000         235937.1356    0.000000    -0.00002     0.00000    0.000000000   -0.000000243   -0.000000440  259.629209  86994.8524
1038.00   15.0000    0.0000   15.0000  270.2470  270.2470  0.000000       0.00000       0.00000         235869.0383    0.000000    -0.00003     0.00000    0.000000000   -0.000000243   -0.000000440  259.587055  86857.5827
1050.00   15.0000    0.0000   15.0000  270.3250  270.3250  0.000000       0.00000       0.00000         235800.9803    0.000000    -0.00003     0.00000    0.000000000   -0.000000243   -0.000000439  259.544868  86720.5074
1062.00   15.0000    0.0000   15.0000  270.4030  270.4030  0.000000       0.00000       0.00000         235732.9615    0.000000    -0.00003     0.00000    0.000000000   -0.000000243   -0.000000439  259.502647  86583.6262
1074.00   15.0000    0.0000   15.0000  270.4810  270.4810  0.000000       0.00000       0.00000         235664.9820    0.000000    -0.00003     0.00000    0.000000000   -0.000000243   -0.000000439  259.460392  86446.9388
1086.00   15.0000    0.0000   15.0000  270.5590  270.5590  0.000000       0.00000       0.00000         235597.0417    0.000000    -0.00003     0.00000    0.000000000   -0.000000243   -0.000000438  259.418103  86310.4450
1098.00   15.0000    0.0000   15.0000  270.6370  270.6370  0.000000       0.00000       0.00000         235529.1405    0.000000    -0.00003     0.00000    0.000000000   -0.000000243   -0.000000438  259.375781  86174.1445
1110.00   15.0000    0.0000   15.0000  270.7150  270.7150  0.000000       0.00000       0.00000         235461.2785    0.000000    -0.00003     0.00000    0.000000000   -0.000000243   -0.000000438  259.333425  86038.0370
1122.00   15.0000    0.0000   15.0000  270.7930  270.7930  0.000000       0.00000       0.00000         235393.4555    0.000000    -0.00003     0.00000    0.000000000   -0.000000243   -0.000000437  259.291035  85902.1223
1134.00   15.0000    0.0000   15.0000  270.8710  270.8710  0.000000       0.00000       0.00000         235325.6716    0.000000    -0.00003     0.00000    0.000000000   -0.000000243   -0.000000437  259.248611  85766.4001
1146.00   15.0000    0.0000   15.0000  270.9490  270.9490  0.000000       0.00000       0.00000         235257.9268    0.000000    -0.00003     0.00000    0.000000000   -0.000000243   -0.000000437  259.206154  85630.8702
1158.00   15.0000    0.0000   15.0000  271.0270  271.0270  0.000000       0.00000       0.00000         235190.2209    0.000000    -0.00003     0.00000    0.000000000   -0.000000243   -0.000000436  259.163663  85495.5323
1170.00   15.0000    0.0000   15.0000  271.1050  271.1050  0.000000       0.00000       0.00000         235122.5540    0.000000    -0.00003     0.00000    0.000000000   -0.000000243   -0.000000436  259.121138  85360.3862
1182.00   15.0000    0.0000   15.0000  271.1830  271.1830  0.000000       0.00000       0.00000         235054.9260    0.000000    -0.00003     0.00000    0.000000000   -0.000000243   -0.000000436  259.078579  85225.4316
1194.00   15.0000    0.0000   15.0000  271.2610  271.2610  0.000000       0.00000       0.00000         234987.3369    0.000000    -0.00003     0.00000    0.000000000   -0.000000243   -0.000000435  259.035987  85090.6682
1206.00   15.0000    0.0000   15.0000  271.3390  271.3390  0.000000       0.00000       0.00000         234919.7867    0.000000    -0.00003     0.00000    0.000000000   -0.000000243   -0.000000435  258.993361  84956.0957
1218.00   15.0000    0.0000   15.0000  271.4170  271.4170  0.000000       0.00000       0.00000         234852.2753    0.000000    -0.00003     0.00000    0.000000000   -0.000000243   -0.000000435  258.950702  84821.7140
1230.00   15.0000    0.0000   15.0000  271.4950  271.4950  0.000000       0.00000       0.00000         234784.8027    0.000000    -0.00003     0.00000    0.000000000   -0.000000243   -0.000000434  258.908009  84687.5228
1242.00   15.0000    0.0000   15.0000  271.5730  271.5730  0.000000       0.00000       0.00000         234717.3688    0.000000    -0.00003     0.00000    0.000000000   -0.000000244   -0.000000434  258.865282  84553.5218
1254.00   15.0000    0.0000   15.0000  271.6510  271.6510  0.000000       0.00000       0.00000         234649.9737    0.000000    -0.00003     0.00000    0.000000000   -0.000000244   -0.000000433  258.822522  84419.7107
1266.00   15.0000    0.0000   15.0000  271.7290  271.7290  0.000000       0.00000       0.00000         234582.6172    0.000000    -0.00003     0.00000    0.000000000   -0.000000244   -0.000000433  258.779728  84286.0893
1278.00   15.0000    0.0000   15.0000  271.8070  271.8070  0.000000       0.00000       0.00000         234515.2995    0.000000    -0.00003     0.00000    0.000000000   -0.000000244   -0.000000433  258.736900  84152.6574
1290.00   15.0000    0.0000   15.0000  271.8850  271.8850  0.000000       0.00000       0.00000         234448.0203    0.000000    -0.00003     0.00000    0.000000000   -0.000000244   -0.000000432  258.694039  84019.4146
1302.00   15.0000    0.0000   15.0000  271.9630  271.9630  0.000000       0.00000       0.00000         234380.7797    0.000000    -0.00003     0.00000    0.000000000   -0.000000244   -0.000000432  258.651144  83886.3608
1314.00   15.0000    0.0000   15.0000  272.0410  272.0410  0.000000       0.00000       0.00000         234313.5777    0.000000    -0.00003     0.00000    0.000000000   -0.000000244   -0.000000432  258.608216  83753.4957
1326.00   15.0000    0.0000   15.0000  272.1190  272.1190  0.000000       0.00000       0.00000         234246.4143    0.000000    -0.00003     0.00000    0.000000000   -0.000000244   -0.000000431  258.565254  83620.8190
1338.00   15.0000    0.0000   15.0000  272.1970  272.1970  0.000000       0.00000       0.00000         234179.2893    0.000000    -0.00003     0.00000    0.000000000   -0.000000244   -0.000000431  258.522258  83488.3305
1350.00   15.0000    0.0000   15.0000  272.2750  272.2750  0.000000       0.00000       0.00000         234112.2027    0.000000    -0.00003     0.00000    0.000000000   -0.000000244   -0.000000431  258.479229  83356.0299
1362.00   15.0000    0.0000   15.0000  272.3530  272.3530  0.000000       0.00000       0.00000         234045.1546    0.000000    -0.00003     0.00000    0.000000000   -0.000000244   -0.000000430  258.436166  83223.9170
1374.00   15.0000    0.0000   15.0000  272.4310  272.4310  0.000000       0.00000       0.00000         233978.1449    0.000000    -0.00003     0.00000    0.000000000   -0.000000244   -0.000000430  258.393070  83091.9915
1386.00   15.0000    0.0000   15.0000  272.5090  272.5090  0.000000       0.00000       0.00000         233911.1736    0.000000    -0.00003     0.00000    0.000000000   -0.000000244   -0.000000429  258.349940  82960.2531
1398.00   15.0000    0.0000   15.0000  272.5870  272.5870  0.000000       0.00000       0.00000         233844.2406    0.000000    -0.00003     0.00000    0.000000000   -0.000000244   -0.000000429  258.306777  82828.7017
1410.00   15.0000    0.0000   15.0000  272.6650  272.6650  0.000000       0.00000       0.00000         233777.3458    0.000000    -0.00003     0.00000    0.000000000   -0.000000244   -0.000000429  258.263580  82697.3369
1422.00   15.0000    0.0000   15.0000  272.7430  272.7430  0.000000       0.00000       0.00000         233710.4894    0.000000    -0.00003     0.00000    0.000000000   -0.000000244   -0.000000428  258.220350  82566.1585
1434.00   15.0000    0.0000   15.0000  272.8210  272.8210  0.000000       0.00000       0.00000         233643.6711    0.000000    -0.00003     0.00000    0.000000000   -0.000000243   -0.000000428  258.177086  82435.1663
1446.00   15.0000    0.0000   15.0000  272.8990  272.8990  0.000000       0.00000       0.00000         233576.8911    0.000000    -0.00004     0.00000    0.000000000   -0.000000243   -0.000000428  258.133789  82304.3601
1458.00   15.0000    0.0000   15.0000  272.9770  272.9770  0.000000       0.00000       0.00000         233510.1492    0.000000    -0.00004     0.00000    0.000000000   -0.000000243   -0.000000427  258.090459  82173.7394
1470.00   15.0000    0.0000   15.0000  273.0550  273.0550  0.000000       0.00000       0.00000         233443.4455    0.000000    -0.00004     0.00000    0.000000000   -0.000000243   -0.000000427  258.047094  82043.3042
1482.00   15.0000    0.0000   15.0000  273.1330  273.1330  0.000000       0.00000       0.00000         233376.7798    0.000000    -0.00004     0.00000    0.000000000   -0.000000243   -0.000000426  258.003697  81913.0542
1494.00   15.0000    0.0000   15.0000  273.2110  273.2110  0.000000       0.00000       0.00000         233310.1522    0.000000    -0.00004     0.00000    0.000000000   -0.000000243   -0.000000426  257.960266  81782.9890
1506.00   15.0000    0.0000   15.0000  273.2890  273.2890  0.000000       0.00000       0.00000         233243.5627    0.000000    -0.00004     0.00000    0.000000000   -0.000000243   -0.000000426  257.916801  81653.1086
1518.00   15.0000    0.0000   15.0000  273.3670  273.3670  0.000000       0.00000       0.00000         233177.0111    0.000000    -0.00004     0.00000    0.000000000   -0.000000243   -0.000000425  257.873304  81523.4125
1530.00   15.0000    0.0000   15.0000  273.4450  273.4450  0.000000       0.00000       0.00000         233110.4975    0.000000    -0.00004     0.00000    0.000000000   -0.000000243   -0.000000425  257.829772  81393.9007
1542.00   15.0000    0.0000   15.0000  273.5230  273.5230  0.000000       0.00000       0.00000         233044.0219    0.000000    -0.00004     0.00000    0.000000000   -0.000000243   -0.000000424  257.786208  81264.5727
1554.00   15.0000    0.0000   15.0000  273.6010  273.6010  0.000000       0.00000       0.00000         232977.5841    0.000000    -0.00004     0.00000    0.000000000   -0.000000243   -0.000000424  257.742610  81135.4284
1566.00   15.0000    0.0000   15.0000  273.6790  273.6790  0.000000       0.00000       0.00000         232911.1843    0.000000    -0.00004     0.00000    0.000000000   -0.000000243   -0.000000424  257.698978  81006.4676
1578.00   15.0000    0.0000   15.0000  273.7570  273.7570  0.000000       0.00000       0.00000         232844.8222    0.000000    -0.00004     0.00000    0.000000000   -0.000000243   -0.000000423  257.655313  80877.6899
1590.00   15.0000    0.0000   15.0000  273.8350  273.8350  0.000000       0.00000       0.00000         232778.4980    0.000000    -0.00004     0.00000    0.000000000   -0.000000243   -0.000000423  257.611615  80749.0952
1602.00   15.0000    0.0000   15.0000  273.9130  273.9130  0.000000       0.00000       0.00000         232712.2115    0.000000    -0.00004     0.00000    0.000000000   -0.000000243   -0.000000422  257.567884  80620.6832
1614.00   15.0000    0.0000   15.0000  273.9910  273.9910  0.000000       0.00000       0.00000         232645.9628    0.000000    -0.00004     0.00000    0.000000000   -0.000000243   -0.000000422  257.524119  80492.4536
1626.00   15.0000    0.0000   15.0000  274.0690  274.0690  0.000000       0.00000       0.00000         232579.7518    0.000000    -0.00004     0.00000    0.000000000   -0.000000243   -0.000000422  257.480321  80364.4062
1638.00   15.0000    0.0000   15.0000  274.1470  274.1470  0.000000       0.00000       0.00000         232513.5785    0.000000    -0.00004     0.00000    0.000000000   -0.000000243   -0.000000421  257.436489  80236.5408
1650.00   15.0000    0.0000   15.0000  274.2250  274.2250  0.000000       0.00000       0.00000         232447.4428    0.000000    -0.00004     0.00000    0.000000000   -0.000000243   -0.000000421  257.392624  80108.8571
1662.00   15.0000    0.0000   15.0000  274.3030  274.3030  0.000000       0.00000       0.00000         232381.3447    0.000000    -0.00004     0.00000    0.000000000   -0.000000243   -0.000000420  257.348726  79981.3549
1674.00   15.0000    0.0000   15.0000  274.3810  274.3810  0.000000       0.00000       0.00000         232315.2842    0.000000    -0.00004     0.00000    0.000000000   -0.000000243   -0.000000420  257.304795  79854.0339
1686.00   15.0000    0.0000   15.0000  274.4590  274.4590  0.000000       0.00000       0.00000         232249.2613    0.000000    -0.00004     0.00000    0.000000000   -0.000000243   -0.000000420  257.260830  79726.8938
1698.00   15.0000    0.0000   15.0000  274.5370  274.5370  0.000000       0.00000       0.00000         232183.2758    0.000000    -0.00004     0.00000    0.000000000   -0.000000243   -0.000000419  257.216832  79599.9346
1710.00   15.0000    0.0000   15.0000  274.6150  274.6150  0.000000       0.00000       0.00000         232117.3279    0.000000    -0.00004     0.00000    0.000000000   -0.000000243   -0.000000419  257.172801  79473.1558
1722.00   15.0000    0.0000   15.0000  274.6930  274.6930  0.000000       0.00000       0.00000         232051.4174    0.000000    -0.00004     0.00000    0.000000000   -0.000000243   -0.000000418  257.128736  79346.5572
1734.00   15.0000    0.0000   15.0000  274.7710  274.7710  0.000000       0.00000       0.00000         231985.5443    0.000000    -0.00004     0.00000    0.000000000   -0.000000243   -0.000000418  257.084638  79220.1387
1746.00   15.0000    0.0000   15.0000  274.8490  274.8490  0.000000       0.00000       0.00000         231919.7086    0.000000    -0.00004     0.00000    0.000000000   -0.000000243   -0.000000417  257.040507  79093.9000
1758.00   15.0000    0.0000   15.0000  274.9270  274.9270  0.000000       0.00000       0.00000         231853.9103    0.000000    -0.00004     0.00000    0.000000000   -0.000000243   -0.000000417  256.996343  78967.8408
1770.00   15.0000    0.0000   15.0000  275.0050  275.0050  0.000000       0.00000       0.00000         231788.1493    0.000000    -0.00004     0.00000    0.000000000   -0.000000243   -0.000000417  256.952145  78841.9609
1782.00   15.0000    0.0000   15.0000  275.0830  275.0830  0.000000       0.00000       0.00000         231722.4256    0.000000    -0.00004     0.00000    0.000000000   -0.000000243   -0.000000416  256.907915  78716.2600
1794.00   15.0000    0.0000   15.0000  275.1610  275.1610  0.000000       0.00000       0.00000         231656.7391    0.000000    -0.00004     0.00000    0.000000000   -0.000000242   -0.000000416  256.863651  78590.7379
1806.00   15.0000    0.0000   15.0000  275.2390  275.2390  0.000000       0.00000       0.00000         231591.0899    0.000000    -0.00004     0.00000    0.000000000   -0.000000242   -0.000000415  256.819354  78465.3944
1818.00   15.0000    0.0000   15.0000  275.3170  275.3170  0.000000       0.00000       0.00000         231525.4779    0.000000    -0.00004     0.00000    0.000000000   -0.000000242   -0.000000415  256.775024  78340.2293
1830.00   15.0000    0.0000   15.0000  275.3950  275.3950  0.000000       0.00000       0.00000         231459.9030    0.000000    -0.00004     0.00000    0.000000000   -0.000000242   -0.000000414  256.730660  78215.2422
1842.00   15.0000    0.0000   15.0000  275.4730  275.4730  0.000000       0.00000       0.00000         231394.3653    0.000000    -0.00004     0.00000    0.000000000   -0.000000242   -0.000000414  256.686263  78090.4330
1854.00   15.0000    0.0000   15.0000  275.5510  275.5510  0.000000       0.00000       0.00000         231328.8647    0.000000    -0.00005     0.00000    0.000000000   -0.000000242   -0.000000414  256.641834  77965.8014
1866.00   15.0000    0.0000   15.0000  275.6290  275.6290  0.000000       0.00000       0.00000         231263.4012    0.000000    -0.00005     0.00000    0.000000000   -0.000000242   -0.000000413  256.597371  77841.3472
1878.00   15.0000    0.0000   15.0000  275.7070  275.7070  0.000000       0.00000       0.00000         231197.9747    0.000000    -0.00005     0.00000    0.000000000   -0.000000242   -0.000000413  256.552875  77717.0701
1890.00   15.0000    0.0000   15.0000  275.7850  275.7850  0.000000       0.00000       0.00000         231132.5852    0.000000    -0.00005     0.00000    0.000000000   -0.000000242   -0.000000412  256.508346  77592.9699
1902.00   15.0000    0.0000   15.0000  275.8630  275.8630  0.000000       0.00000       0.00000         231067.2326    0.000000    -0.00005     0.00000    0.000000000   -0.000000242   -0.000000412  256.463783  77469.0464
1914.00   15.0000    0.0000   15.0000  275.9410  275.9410  0.000000       0.00000       0.00000         231001.9171    0.000000    -0.00005     0.00000    0.000000000   -0.000000242   -0.000000411  256.419188  77345.2993
1926.00   15.0000    0.0000   15.0000  276.0190  276.0190  0.000000       0.00000       0.00000         230936.6384    0.000000    -0.00005     0.00000    0.000000000   -0.000000242   -0.000000411  256.374559  77221.7284
1938.00   15.0000    0.0000   15.0000  276.0970  276.0970  0.000000       0.00000       0.00000         230871.3966    0.000000    -0.00005     0.00000    0.000000000   -0.000000242   -0.000000411  256.329898  77098.3335
1950.00   15.0000    0.0000   15.0000  276.1750  276.1750  0.000000       0.00000       0.00000         230806.1917    0.000000    -0.00005     0.00000    0.000000000   -0.000000242   -0.000000410  256.285203  76975.1142
1962.00   15.0000    0.0000   15.0000  276.2530  276.2530  0.000000       0.00000       0.00000         230741.0236    0.000000    -0.00005     0.00000    0.000000000   -0.000000242   -0.000000410  256.240475  76852.0705
1974.00   15.0000    0.0000   15.0000  276.3310  276.3310  0.000000       0.00000       0.00000         230675.8923    0.000000    -0.00005     0.00000    0.000000000   -0.000000241   -0.000000409  256.195715  76729.2020
1986.00   15.0000    0.0000   15.0000  276.4090  276.4090  0.000000       0.00000       0.00000         230610.7978    0.000000    -0.00005     0.00000    0.000000000   -0.000000241   -0.000000409  256.150921  76606.5085
1998.00   15.0000    0.0000   15.0000  276.4870  276.4870  0.000000       0.00000       0.00000         230545.7399    0.000000    -0.00005     0.00000    0.000000000   -0.000000241   -0.000000408  256.106094  76483.9898
2010.00   15.0000    0.0000   15.0000  276.5650  276.5650  0.000000       0.00000       0.00000         230480.7188    0.000000    -0.00005     0.00000    0.000000000   -0.000000241   -0.000000408  256.061234  76361.6457
2022.00   15.0000    0.0000   15.0000  276.6430  276.6430  0.000000       0.00000       0.00000         230415.7344    0.000000    -0.00005     0.00000    0.000000000   -0.000000241   -0.000000407  256.016341  76239.4758
2034.00   15.0000    0.0000   15.0000  276.7210  276.7210  0.000000       0.00000       0.00000         230350.7865    0.000000    -0.00005     0.00000    0.000000000   -0.000000241   -0.000000407  255.971415  76117.4800
2046.00   15.0000    0.0000   15.0000  276.7990  276.7990  0.000000       0.00000       0.00000         230285.8753    0.000000    -0.00005     0.00000    0.000000000   -0.000000241   -0.000000406  255.926456  75995.6581
2058.00   15.0000    0.0000   15.0000  276.8770  276.8770  0.000000       0.00000       0.00000         230221.0007    0.000000    -0.00005     0.00000    0.000000000   -0.000000241   -0.000000406  255.881464  75874.0098
2070.00   15.0000    0.0000   15.0000  276.9550  276.9550  0.000000       0.00000       0.00000         230156.1626    0.000000    -0.00005     0.00000    0.000000000   -0.000000241   -0.000000406  255.836439  75752.5349
2082.00   15.0000    0.0000   15.0000  277.0330  277.0330  0.000000       0.00000       0.00000         230091.3610    0.000000    -0.00005     0.00000    0.000000000   -0.000000241   -0.000000405  255.791381  75631.2331
2094.00   15.0000    0.0000   15.0000  277.1110  277.1110  0.000000       0.00000       0.00000         230026.5958    0.000000    -0.00005     0.00000    0.000000000   -0.000000241   -0.000000405  255.746290  75510.1042
2106.00   15.0000    0.0000   15.0000  277.1890  277.1890  0.000000       0.00000       0.00000         229961.8672    0.000000    -0.00005     0.00000    0.000000000   -0.000000240   -0.000000404  255.701166  75389.1480
2118.00   15.0000    0.0000   15.0000  277.2670  277.2670  0.000000       0.00000       0.00000         229897.1749    0.000000    -0.00005     0.00000    0.000000000   -0.000000240   -0.000000404  255.656010  75268.3642
2130.00   15.0000    0.0000   15.0000  277.3450  277.3450  0.000000       0.00000       0.00000         229832.5191    0.000000    -0.00005     0.00000    0.000000000   -0.000000240   -0.000000403  255.610820  75147.7527
2142.00   15.0000    0.0000   15.0000  277.4230  277.4230  0.000000       0.00000       0.00000         229767.8996    0.000000    -0.00005     0.00000    0.000000000   -0.000000240   -0.000000403  255.565597  75027.3132
2154.00   15.0000    0.0000   15.0000  277.5010  277.5010  0.000000       0.00000       0.00000         229703.3164    0.000000    -0.00005     0.00000    0.000000000   -0.000000240   -0.000000402  255.520342  74907.0454
2166.00   15.0000    0.0000   15.0000  277.5790  277.5790  0.000000       0.00000       0.00000         229638.7695    0.000000    -0.00005     0.00000    0.000000000   -0.000000240   -0.000000402  255.475053  74786.9491
2178.00   15.0000    0.0000   15.0000  277.6570  277.6570  0.000000       0.00000       0.00000         229574.2589    0.000000    -0.00005     0.00000    0.000000000   -0.000000240   -0.000000401  255.429732  74667.0242
2190.00   15.0000    0.0000   15.0000  277.7350  277.7350  0.000000       0.00000       0.00000         229509.7845    0.000000    -0.00005     0.00000    0.000000000   -0.000000240   -0.000000401  255.384377  74547.2703
2202.00   15.0000    0.0000   15.0000  277.8130  277.8130  0.000000       0.00000       0.00000         229445.3463    0.000000    -0.00005     0.00000    0.000000000   -0.000000240   -0.000000400  255.338990  74427.6872
2214.00   15.0000    0.0000   15.0000  277.8910  277.8910  0.000000       0.00000       0.00000         229380.9443    0.000000    -0.00005     0.00000    0.000000000   -0.000000240   -0.000000400  255.293570  74308.2748
2226.00   15.0000    0.0000   15.0000  277.9690  277.9690  0.000000       0.00000       0.00000         229316.5785    0.000000    -0.00005     0.00000    0.000000000   -0.000000239   -0.000000400  255.248117  74189.0327
2238.00   15.0000    0.0000   15.0000  278.0470  278.0470  0.000000       0.00000       0.00000         229252.2487    0.000000    -0.00005     0.00000    0.000000000   -0.000000239   -0.000000399  255.202631  74069.9608
2250.00   15.0000    0.0000   15.0000  278.1250  278.1250  0.000000       0.00000       0.00000         229187.9551    0.000000    -0.00005     0.00000    0.000000000   -0.000000239   -0.000000399  255.157113  73951.0589
2262.00   15.0000    0.0000   15.0000  278.2030  278.2030  0.000000       0.00000       0.00000         229123.6974    0.000000    -0.00006     0.00000    0.000000000   -0.000000239   -0.000000398  255.111561  73832.3266
2274.00   15.0000    0.0000   15.0000  278.2810  278.2810  0.000000       0.00000       0.00000         229059.4759    0.000000    -0.00006     0.00000    0.000000000   -0.000000239   -0.000000398  255.065977  73713.7638
2286.00   15.0000    0.0000   15.0000  278.3590  278.3590  0.000000       0.00000       0.00000         228995.2903    0.000000    -0.00006     0.00000    0.000000000   -0.000000239   -0.000000397  255.020360  73595.3702
2298.00   15.0000    0.0000   15.0000  278.4370  278.4370  0.000000       0.00000       0.00000         228931.1406    0.000000    -0.00006     0.00000    0.000000000   -0.000000239   -0.000000397  254.974710  73477.1457
2310.00   15.0000    0.0000   15.0000  278.5150  278.5150  0.000000       0.00000       0.00000         228867.0269    0.000000    -0.00006     0.00000    0.000000000   -0.000000239   -0.000000396  254.929027  73359.0900
2322.00   15.0000    0.0000   15.0000  278.5930  278.5930  0.000000       0.00000       0.00000         228802.9491    0.000000    -0.00006     0.00000    0.000000000   -0.000000239   -0.000000396  254.883312  73241.2028
2334.00   15.0000    0.0000   15.0000  278.6710  278.6710  0.000000       0.00000       0.00000         228738.9072    0.000000    -0.00006     0.00000    0.000000000   -0.000000238   -0.000000395  254.837563  73123.4840
2346.00   15.0000    0.0000   15.0000  278.7490  278.7490  0.000000       0.00000       0.00000         228674.9011    0.000000    -0.00006     0.00000    0.000000000   -0.000000238   -0.000000395  254.791782  73005.9332
2358.00   15.0000    0.0000   15.0000  278.8270  278.8270  0.000000       0.00000       0.00000         228610.9308    0.000000    -0.00006     0.00000    0.000000000   -0.000000238   -0.000000394  254.745968  72888.5504
2370.00   15.0000    0.0000   15.0000  278.9050  278.9050  0.000000       0.00000       0.00000         228546.9963    0.000000    -0.00006     0.00000    0.000000000   -0.000000238   -0.000000394  254.700122  72771.3352
2382.00   15.0000    0.0000   15.0000  278.9830  278.9830  0.000000       0.00000       0.00000              0.0000    0.000000    -0.00006     0.00000    0.000000000    0.000000000    0.000000000  254.654242  72654.2875
2394.00   15.0000    0.0000   15.0000  279.0610  279.0610  0.000000       0.00000       0.00000              0.0000    0.000000     0.00000     0.00000    0.000000000    0.000000000    0.000000000  254.608330  72537.4070
