   0.00    0.0000    0.0000    0.0000  239.7627  239.7627  0.000000       0.00000       0.00000              0.0000    0.000000     0.00000     0.00000    0.000000000    0.000000000    0.000000000    0.000000      0.0000
   6.00    7.9327    3.4921    8.6673  241.1810  241.1810  0.000000       0.75040       0.75040              0.0000    0.000000     0.00000     0.00000   -0.000007615    0.000000000    0.000000000  241.093269  99872.6307
  18.00    8.9465    3.8654    9.7459  241.2736  241.2736  0.000000       2.39557       2.39557              0.0489    0.000000    -0.00000     0.00000   -0.000018365    0.000000000    0.000000000  241.039433  99660.5100
  30.00    9.5846    4.0601   10.4091  241.3339  241.3339  0.000000       2.35139       2.35139              0.0716    0.000000    -0.00000     0.00000   -0.000022446   -0.000000086   -0.000000118  240.982529  99491.1312
  42.00   10.1623    4.2016   10.9967  241.3904  241.3904  0.000000       2.59865       2.59865              0.0847    0.000000    -0.00000     0.00000   -0.000024500   -0.000000094   -0.000000125  240.921820  99321.9990
  54.00   10.6793    4.2980   11.5118  241.4429  241.4429  0.000000       2.59331       2.59331              0.0982    0.000000    -0.00000     0.00000   -0.000026068   -0.000000099   -0.000000130  240.857101  99153.1104
  66.00   11.1652    4.3606   11.9865  241.4943  241.4943  0.000000       2.55987       2.55987              0.1102    0.000000    -0.00000     0.00000   -0.000027385   -0.000000100   -0.000000131  240.791296  98984.4633
  78.00   11.6272    4.3932   12.4295  241.5455  241.5455  0.000000       2.46333       2.46333              0.1219    0.000000    -0.00000     0.00000   -0.000028559   -0.000000099   -0.000000130  240.725228  98816.0571
  90.00   12.0721    4.3985   12.8484  241.5973  241.5973  0.000000       2.33773       2.33773              0.1333    0.000000    -0.00000     0.00000   -0.000029670   -0.000000097   -0.000000127  240.659788  98647.8914
 102.00   12.5030    4.3775   13.2471  241.6504  241.6504  0.000000       2.18784       2.18784              0.1448    0.000000    -0.00000     0.00000   -0.000030745   -0.000000094   -0.000000124  240.595585  98479.9668
 114.00   12.9220    4.3308   13.6284  241.7054  241.7054  0.000000       2.02324       2.02324              0.1566    0.000000    -0.00000     0.00000   -0.000031825   -0.000000089   -0.000000119  240.533210  98312.2839
 126.00   13.3303    4.2582   13.9939  241.7628  241.7628  0.000000       1.84887       1.84887              0.1690    0.000000    -0.00000     0.00000   -0.000032909   -0.000000083   -0.000000113  240.473242  98144.8440
 138.00   13.7282    4.1593   14.3444  241.8233  241.8233  0.000000       1.66916       1.66916              0.1821    0.000000    -0.00000     0.00000   -0.000034030   -0.000000076   -0.000000106  240.416314  97977.6487
 150.00   14.1154    4.0333   14.6803  241.8877  241.8877  0.000000       1.48731       1.48731              0.1964    0.000000    -0.00000     0.00000   -0.000035203   -0.000000067   -0.000000098  240.363158  97810.7000
 162.00   14.4913    3.8790   15.0014  241.9567  241.9567  0.000000       1.30594       1.30594              0.2120    0.000000    -0.00000     0.00000   -0.000036443   -0.000000057   -0.000000088  240.314675  97644.0006
 174.00   14.8545    3.6948   15.3071  242.0317  242.0317  0.000000       1.12712       1.12712              0.2296    0.000000    -0.00000     0.00000   -0.000037770   -0.000000043   -0.000000075  240.272028  97477.5537
 186.00   15.2031    3.4788   15.5960  242.1142  242.1142  0.000000       0.95278       0.95278              0.2498    0.000000    -0.00001     0.00000   -0.000039212   -0.000000026   -0.000000058  240.236788  97311.3637
 198.00   15.5343    3.2281   15.8662  242.2064  242.2064  0.000000       0.78430       0.78430              0.2736    0.000000    -0.00001     0.00000   -0.000040779   -0.000000003   -0.000000037  240.211204  97145.4360
 210.00   15.8440    2.9391   16.1143  242.3119  242.3119  0.000000       0.62394       0.62394              0.3027    0.000000    -0.00001     0.00000   -0.000042651    0.000000028   -0.000000006  240.198665  96979.7782
 222.00   16.1262    2.6063   16.3355  242.4361  242.4361  0.000000       0.47222       0.47222              0.3401    0.000000    -0.00001     0.00000   -0.000044631    0.000000076    0.000000039  240.204721  96814.4005
 234.00   16.3702    2.2219   16.5203  242.5891  242.5891  0.000000       0.33427       0.33427              0.3906    0.000000    -0.00001     0.00000   -0.000047153    0.000000155    0.000000114  240.239142  96649.3188
 246.00   16.5573    1.7707   16.6517  242.7920  242.7920  0.000000       0.20668       0.20668              0.4683    0.000000    -0.00002     0.00000   -0.000050563    0.000000306    0.000000257  240.322974  96484.5591
 258.00   16.6396    1.2371   16.6856  243.0927  243.0927  0.000000       0.11002       0.11002              0.5964    0.000000    -0.00002     0.00000   -0.000056898    0.000000726    0.000000651  240.503404  96320.1705
 270.00   16.4719    0.5645   16.4815  243.6928  243.6928  0.000000       0.02133       0.02133              1.0527    0.000000     0.00000     0.00000   -0.000050721    0.000003938    0.000003367  240.979872  96156.2854
 282.00   15.4378   -0.0998   15.4382  246.6149  246.6149  0.000000       0.00065       0.00065              2.5439    0.000000    -0.00032     0.00000   -0.000214653    0.000009114    0.000008349  243.751830  95993.7689
 294.00   15.0030   -0.0047   15.0030  250.3074  250.3074  0.000000       0.00000       0.00000             23.9665    0.000000    -0.00013     0.00000   -0.000008329    0.000008304    0.000008679  247.283360  95833.6048
 306.00   15.0000   -0.0000   15.0000  251.7542  251.7542  0.000000       0.00000       0.00000          69882.2014    0.000000    -0.00009     0.00000   -0.000000000    0.000004392    0.000004260  248.595251  95675.2761
 318.00   15.0000   -0.0000   15.0000  252.6999  252.6999  0.000000       0.00000       0.00000        2838805.1360    0.000000    -0.00008     0.00000    0.000000000    0.000003380    0.000003213  249.411723  95517.8848
 330.00   15.0000   -0.0000   15.0000  253.5099  253.5099  0.000000       0.00000       0.00000        2378251.9547    0.000000    -0.00007     0.00000    0.000000000    0.000002929    0.000002773  250.093882  95361.2236
 342.00   15.0000   -0.0000   15.0000  254.1754  254.1754  0.000000       0.00000       0.00000        2013830.1672    0.000000    -0.00006     0.00000    0.000000000    0.000002533    0.000002378  250.633208  95205.2008
 354.00   15.0000   -0.0000   15.0000  254.7626  254.7626  0.000000       0.00000       0.00000        1776533.1208    0.000000    -0.00006     0.00000    0.000000000    0.000002269    0.000002118  251.094961  95049.7438
 366.00   15.0000    0.0000   15.0000  255.2831  255.2831  0.000000       0.00000       0.00000        1597904.6327    0.000000    -0.00005     0.00000    0.000000000    0.000002064    0.000001914  251.490738  94894.8053
 378.00   15.0000    0.0000   15.0000  255.7609  255.7609  0.000000       0.00000       0.00000        1455206.2811    0.000000    -0.00005     0.00000    0.000000000    0.000001891    0.000001744  251.844263  94740.3494
 390.00   15.0000    0.0000   15.0000  256.1939  256.1939  0.000000       0.00000       0.00000        1339527.8370    0.000000    -0.00005     0.00000    0.000000000    0.000001747    0.000001601  252.153471  94586.3477
 402.00   15.0000    0.0000   15.0000  256.6008  256.6008  0.000000       0.00000       0.00000        1242394.9277    0.000000    -0.00005     0.00000    0.000000000    0.000001621    0.000001476  252.436708  94432.7766
 414.00   15.0000    0.0000   15.0000  256.9741  256.9741  0.000000       0.00000       0.00000        1161807.4597    0.000000    -0.00005     0.00000    0.000000000    0.000001515    0.000001370  252.686838  94279.6167
 426.00   15.0000    0.0000   15.0000  257.3314  257.3314  0.000000       0.00000       0.00000        1096309.0358    0.000000    -0.00004     0.00000    0.000000000    0.000001427    0.000001282  252.920996  94126.8515
 438.00   15.0000    0.0000   15.0000  257.6646  257.6646  0.000000       0.00000       0.00000        1037935.3173    0.000000    -0.00004     0.00000    0.000000000    0.000001346    0.000001201  253.131251  93974.4677
 450.00   15.0000    0.0000   15.0000  257.9859  257.9859  0.000000       0.00000       0.00000         988250.1704    0.000000    -0.00004     0.00000    0.000000000    0.000001276    0.000001132  253.329808  93822.4533
 462.00   15.0000    0.0000   15.0000  258.2885  258.2885  0.000000       0.00000       0.00000         939729.1746    0.000000    -0.00004     0.00000    0.000000000    0.000001204    0.000001060  253.509765  93670.7981
 474.00   15.0000    0.0000   15.0000  258.5800  258.5800  0.000000       0.00000       0.00000         899523.6899    0.000000    -0.00004     0.00000    0.000000000    0.000001144    0.000001000  253.678652  93519.4920
 486.00   15.0000    0.0000   15.0000  258.8578  258.8578  0.000000       0.00000       0.00000         861790.9619    0.000000    -0.00004     0.00000    0.000000000    0.000001086    0.000000942  253.834037  93368.5268
 498.00   15.0000    0.0000   15.0000  259.1259  259.1259  0.000000       0.00000       0.00000         829239.2550    0.000000    -0.00004     0.00000    0.000000000    0.000001035    0.000000891  253.979825  93217.8947
 510.00   15.0000    0.0000   15.0000  259.3836  259.3836  0.000000       0.00000       0.00000         799253.9773    0.000000    -0.00004     0.00000    0.000000000    0.000000988    0.000000843  254.115285  93067.5887
 522.00   15.0000    0.0000   15.0000  259.6333  259.6333  0.000000       0.00000       0.00000         772071.8091    0.000000    -0.00004     0.00000    0.000000000    0.000000943    0.000000799  254.242699  92917.6026
 534.00   15.0000    0.0000   15.0000  259.8742  259.8742  0.000000       0.00000       0.00000         747465.1675    0.000000    -0.00004     0.00000    0.000000000    0.000000903    0.000000758  254.361495  92767.9307
 546.00   15.0000    0.0000   15.0000  260.1087  260.1087  0.000000       0.00000       0.00000         725119.7916    0.000000    -0.00004     0.00000    0.000000000    0.000000866    0.000000720  254.473815  92618.5677
 558.00   15.0000    0.0000   15.0000  260.3358  260.3358  0.000000       0.00000       0.00000         706027.9877    0.000000    -0.00004     0.00000    0.000000000    0.000000834    0.000000688  254.578900  92469.5088
 570.00   15.0000    0.0000   15.0000  260.5585  260.5585  0.000000       0.00000       0.00000         687208.5950    0.000000    -0.00004     0.00000    0.000000000    0.000000802    0.000000656  254.679511  92320.7499
 582.00   15.0000    0.0000   15.0000  260.7740  260.7740  0.000000       0.00000       0.00000         668362.2214    0.000000    -0.00004     0.00000    0.000000000    0.000000769    0.000000622  254.773041  92172.2868
 594.00   15.0000    0.0000   15.0000  260.9851  260.9851  0.000000       0.00000       0.00000         650676.3272    0.000000    -0.00004     0.00000    0.000000000    0.000000737    0.000000590  254.862058  92024.1156
 606.00   15.0000    0.0000   15.0000  261.1896  261.1896  0.000000       0.00000       0.00000         634230.6308    0.000000    -0.00004     0.00000    0.000000000    0.000000707    0.000000560  254.944703  91876.2323
 618.00   15.0000    0.0000   15.0000  261.3905  261.3905  0.000000       0.00000       0.00000         619907.7365    0.000000    -0.00004     0.00000    0.000000000    0.000000681    0.000000533  255.023590  91728.6333
 630.00   15.0000    0.0000   15.0000  261.5862  261.5862  0.000000       0.00000       0.00000         605987.8198    0.000000    -0.00004     0.00000    0.000000000    0.000000655    0.000000507  255.097418  91581.3156
 642.00   15.0000    0.0000   15.0000  261.7784  261.7784  0.000000       0.00000       0.00000         593948.2847    0.000000    -0.00004     0.00000    0.000000000    0.000000633    0.000000484  255.167726  91434.2760
 654.00   15.0000    0.0000   15.0000  261.9667  261.9667  0.000000       0.00000       0.00000         582458.0003    0.000000    -0.00004     0.00000    0.000000000    0.000000611    0.000000462  255.234140  91287.5118
 666.00   15.0000    0.0000   15.0000  262.1518  262.1518  0.000000       0.00000       0.00000         572422.9904    0.000000    -0.00004     0.00000    0.000000000    0.000000593    0.000000443  255.297367  91141.0203
 678.00   15.0000    0.0000   15.0000  262.3340  262.3340  0.000000       0.00000       0.00000         563217.0964    0.000000    -0.00004     0.00000    0.000000000    0.000000575    0.000000425  255.357602  90994.7992
 690.00   15.0000    0.0000   15.0000  262.5134  262.5134  0.000000       0.00000       0.00000         555174.5097    0.000000    -0.00004     0.00000    0.000000000    0.000000560    0.000000410  255.415160  90848.8464
 702.00   15.0000    0.0000   15.0000  262.6906  262.6906  0.000000       0.00000       0.00000         547992.5423    0.000000    -0.00004     0.00000    0.000000000    0.000000547    0.000000396  255.470446  90703.1598
 714.00   15.0000    0.0000   15.0000  262.8657  262.8657  0.000000       0.00000       0.00000         541951.6897    0.000000    -0.00004     0.00000    0.000000000    0.000000536    0.000000385  255.523589  90557.7377
 726.00   15.0000    0.0000   15.0000  263.0393  263.0393  0.000000       0.00000       0.00000         537536.2715    0.000000    -0.00004     0.00000    0.000000000    0.000000529    0.000000377  255.575169  90412.5785
 738.00   15.0000    0.0000   15.0000  263.2118  263.2118  0.000000       0.00000       0.00000         534244.9549    0.000000    -0.00004     0.00000    0.000000000    0.000000525    0.000000372  255.625619  90267.6808
 750.00   15.0000    0.0000   15.0000  263.3834  263.3834  0.000000       0.00000       0.00000         531590.8626    0.000000    -0.00004     0.00000    0.000000000    0.000000521    0.000000368  255.675206  90123.0437
 762.00   15.0000    0.0000   15.0000  263.5544  263.5544  0.000000       0.00000       0.00000         530201.1882    0.000000    -0.00004     0.00000    0.000000000    0.000000521    0.000000367  255.724059  89978.6661
 774.00   15.0000    0.0000   15.0000  263.7254  263.7254  0.000000       0.00000       0.00000         530040.9156    0.000000    -0.00004     0.00000    0.000000000    0.000000524    0.000000369  255.772840  89834.5472
 786.00   15.0000    0.0000   15.0000  263.8965  263.8965  0.000000       0.00000       0.00000         531402.1061    0.000000    -0.00004     0.00000    0.000000000    0.000000530    0.000000374  255.821657  89690.6867
 798.00   15.0000    0.0000   15.0000  264.0686  264.0686  0.000000       0.00000       0.00000         533175.3975    0.000000    -0.00004     0.00000    0.000000000    0.000000538    0.000000381  255.871353  89547.0841
 810.00   15.0000    0.0000   15.0000  264.2411  264.2411  0.000000       0.00000       0.00000         535522.9516    0.000000    -0.00004     0.00000    0.000000000    0.000000547    0.000000389  255.921345  89403.7394
 822.00   15.0000    0.0000   15.0000  264.4149  264.4149  0.000000       0.00000       0.00000         540282.6789    0.000000    -0.00004     0.00000    0.000000000    0.000000562    0.000000403  255.972576  89260.6524
 834.00   15.0000    0.0000   15.0000  264.5907  264.5907  0.000000       0.00000       0.00000         547769.8593    0.000000    -0.00005     0.00000    0.000000000    0.000000584    0.000000423  256.025617  89117.8234
 846.00   15.0000    0.0000   15.0000  264.7696  264.7696  0.000000       0.00000       0.00000         558564.5252    0.000000    -0.00005     0.00000    0.000000000    0.000000615    0.000000453  256.081609  88975.2534
 858.00   15.0000    0.0000   15.0000  264.9527  264.9527  0.000000       0.00000       0.00000         571610.2884    0.000000    -0.00005     0.00000    0.000000000    0.000000652    0.000000488  256.141490  88832.9436
 870.00   15.0000    0.0000   15.0000  265.1403  265.1403  0.000000       0.00000       0.00000         592385.6002    0.000000    -0.00005     0.00000    0.000000000    0.000000709    0.000000543  256.205742  88690.8958
 882.00   15.0000    0.0000   15.0000  265.3371  265.3371  0.000000       0.00000       0.00000         610897.9254    0.000000    -0.00005     0.00000    0.000000000    0.000000762    0.000000594  256.278738  88549.1132
 894.00   15.0000    0.0000   15.0000  265.5370  265.5370  0.000000       0.00000       0.00000         649526.9730    0.000000    -0.00006     0.00000    0.000000000    0.000000868    0.000000696  256.354708  88407.5982
 906.00   15.0000    0.0000   15.0000  265.7592  265.7592  0.000000       0.00000       0.00000         668589.3967    0.000000    -0.00006     0.00000    0.000000000    0.000000925    0.000000751  256.452049  88266.3572
 918.00   15.0000    0.0000   15.0000  265.9718  265.9718  0.000000       0.00000       0.00000         750915.1660    0.000000    -0.00008     0.00000    0.000000000    0.000001152    0.000000969  256.540145  88125.3927
 930.00   15.0000    0.0000   15.0000  266.2479  266.2479  0.000000       0.00000       0.00000         756947.8701    0.000000    -0.00006     0.00000    0.000000000    0.000001179    0.000000999  256.689301  87984.7183
 942.00   15.0000    0.0000   15.0000  266.4651  266.4651  0.000000       0.00000       0.00000         957906.0225    0.000000    -0.00012     0.00000    0.000000000    0.000001743    0.000001535  256.781488  87844.3345
 954.00   15.0000    0.0000   15.0000  266.8726  266.8726  0.000000       0.00000       0.00000         916471.5849    0.000000    -0.00006     0.00000    0.000000000    0.000001647    0.000001462  257.057048  87704.2748
 966.00   15.0000    0.0000   15.0000  267.0636  267.0636  0.000000       0.00000       0.00000        1410376.6815    0.000000    -0.00022     0.00000    0.000000000    0.000003096    0.000002807  257.123904  87564.5316
 978.00   15.0000    0.0000   15.0000  267.7944  267.7944  0.000000       0.00000       0.00000        1299876.1303    0.000000    -0.00004     0.00000    0.000000000    0.000002805    0.000002635  257.710246  87425.1876
 990.00   15.0000    0.0000   15.0000  267.9156  267.9156  0.000000       0.00000       0.00000        3383608.5412    0.000000    -0.00065     0.00000    0.000000000    0.000009577    0.000008562  257.709685  87286.2236
1002.00   15.0000    0.0000   15.0000  270.0130  270.0130  0.000000       0.00000       0.00000        3292072.9597    0.000000    -0.00002     0.00000    0.000000000    0.000009370    0.000009666  259.609672  87147.9873
1014.00   15.0000    0.0000   15.0000  270.0910  270.0910  0.000000       0.00000       0.00000         236005.2723    0.000000    -0.00002     0.00000    0.000000000   -0.000000242   -0.000000438  259.567556  87010.4657
1026.00   15.0000    0.0000   15.0000  270.1690  270.1690  0.000000       0.00000       0.00000         235937.1356    0.000000    -0.00002     0.00000    0.000000000   -0.000000242   -0.000000438  259.525407  86873.1388
1038.00   15.0000    0.0000   15.0000  270.2470  270.2470  0.000000       0.00000       0.00000         235869.0383    0.000000    -0.00003     0.00000    0.000000000   -0.000000242   -0.000000437  259.483223  86736.0064
1050.00   15.0000    0.0000   15.0000  270.3250  270.3250  0.000000       0.00000       0.00000         235800.9803    0.000000    -0.00003     0.00000    0.000000000   -0.000000242   -0.000000437  259.441006  86599.0682
1062.00   15.0000    0.0000   15.0000  270.4030  270.4030  0.000000       0.00000       0.00000         235732.9615    0.000000    -0.00003     0.00000    0.000000000   -0.000000242   -0.000000437  259.398755  86462.3240
1074.00   15.0000    0.0000   15.0000  270.4810  270.4810  0.000000       0.00000       0.00000         235664.9820    0.000000    -0.00003     0.00000    0.000000000   -0.000000242   -0.000000436  259.356470  86325.7734
1086.00   15.0000    0.0000   15.0000  270.5590  270.5590  0.000000       0.00000       0.00000         235597.0417    0.000000    -0.00003     0.00000    0.000000000   -0.000000242   -0.000000436  259.314151  86189.4163
1098.00   15.0000    0.0000   15.0000  270.6370  270.6370  0.000000       0.00000       0.00000         235529.1405    0.000000    -0.00003     0.00000    0.000000000   -0.000000242   -0.000000436  259.271799  86053.2524
1110.00   15.0000    0.0000   15.0000  270.7150  270.7150  0.000000       0.00000       0.00000         235461.2785    0.000000    -0.00003     0.00000    0.000000000   -0.000000242   -0.000000435  259.229412  85917.2814
1122.00   15.0000    0.0000   15.0000  270.7930  270.7930  0.000000       0.00000       0.00000         235393.4555    0.000000    -0.00003     0.00000    0.000000000   -0.000000242   -0.000000435  259.186993  85781.5030
1134.00   15.0000    0.0000   15.0000  270.8710  270.8710  0.000000       0.00000       0.00000         235325.6716    0.000000    -0.00003     0.00000    0.000000000   -0.000000242   -0.000000435  259.144539  85645.9171
1146.00   15.0000    0.0000   15.0000  270.9490  270.9490  0.000000       0.00000       0.00000         235257.9268    0.000000    -0.00003     0.00000    0.000000000   -0.000000242   -0.000000434  259.102052  85510.5232
1158.00   15.0000    0.0000   15.0000  271.0270  271.0270  0.000000       0.00000       0.00000         235190.2209    0.000000    -0.00003     0.00000    0.000000000   -0.000000242   -0.000000434  259.059531  85375.3213
1170.00   15.0000    0.0000   15.0000  271.1050  271.1050  0.000000       0.00000       0.00000         235122.5540    0.000000    -0.00003     0.00000    0.000000000   -0.000000242   -0.000000433  259.016976  85240.3110
1182.00   15.0000    0.0000   15.0000  271.1830  271.1830  0.000000       0.00000       0.00000         235054.9260    0.000000    -0.00003     0.00000    0.000000000   -0.000000242   -0.000000433  258.974387  85105.4920
1194.00   15.0000    0.0000   15.0000  271.2610  271.2610  0.000000       0.00000       0.00000         234987.3369    0.000000    -0.00003     0.00000    0.000000000   -0.000000242   -0.000000433  258.931765  84970.8641
1206.00   15.0000    0.0000   15.0000  271.3390  271.3390  0.000000       0.00000       0.00000         234919.7867    0.000000    -0.00003     0.00000    0.000000000   -0.000000242   -0.000000432  258.889109  84836.4271
1218.00   15.0000    0.0000   15.0000  271.4170  271.4170  0.000000       0.00000       0.00000         234852.2753    0.000000    -0.00003     0.00000    0.000000000   -0.000000242   -0.000000432  258.846420  84702.1807
1230.00   15.0000    0.0000   15.0000  271.4950  271.4950  0.000000       0.00000       0.00000         234784.8027    0.000000    -0.00003     0.00000    0.000000000   -0.000000242   -0.000000432  258.803697  84568.1246
1242.00   15.0000    0.0000   15.0000  271.5730  271.5730  0.000000       0.00000       0.00000         234717.3688    0.000000    -0.00003     0.00000    0.000000000   -0.000000242   -0.000000431  258.760940  84434.2586
1254.00   15.0000    0.0000   15.0000  271.6510  271.6510  0.000000       0.00000       0.00000         234649.9737    0.000000    -0.00003     0.00000    0.000000000   -0.000000242   -0.000000431  258.718150  84300.5824
1266.00   15.0000    0.0000   15.0000  271.7290  271.7290  0.000000       0.00000       0.00000         234582.6172    0.000000    -0.00003     0.00000    0.000000000   -0.000000242   -0.000000431  258.675326  84167.0958
1278.00   15.0000    0.0000   15.0000  271.8070  271.8070  0.000000       0.00000       0.00000         234515.2995    0.000000    -0.00003     0.00000    0.000000000   -0.000000242   -0.000000430  258.632468  84033.7985
1290.00   15.0000    0.0000   15.0000  271.8850  271.8850  0.000000       0.00000       0.00000         234448.0203    0.000000    -0.00003     0.00000    0.000000000   -0.000000242   -0.000000430  258.589577  83900.6903
1302.00   15.0000    0.0000   15.0000  271.9630  271.9630  0.000000       0.00000       0.00000         234380.7797    0.000000    -0.00003     0.00000    0.000000000   -0.000000242   -0.000000430  258.546652  83767.7708
1314.00   15.0000    0.0000   15.0000  272.0410  272.0410  0.000000       0.00000       0.00000         234313.5777    0.000000    -0.00003     0.00000    0.000000000   -0.000000242   -0.000000429  258.503694  83635.0399
1326.00   15.0000    0.0000   15.0000  272.1190  272.1190  0.000000       0.00000       0.00000         234246.4143    0.000000    -0.00003     0.00000    0.000000000   -0.000000242   -0.000000429  258.460702  83502.4974
1338.00   15.0000    0.0000   15.0000  272.1970  272.1970  0.000000       0.00000       0.00000         234179.2893    0.000000    -0.00003     0.00000    0.000000000   -0.000000242   -0.000000428  258.417676  83370.1428
1350.00   15.0000    0.0000   15.0000  272.2750  272.2750  0.000000       0.00000       0.00000         234112.2027    0.000000    -0.00003     0.00000    0.000000000   -0.000000242   -0.000000428  258.374617  83237.9761
1362.00   15.0000    0.0000   15.0000  272.3530  272.3530  0.000000       0.00000       0.00000         234045.1546    0.000000    -0.00003     0.00000    0.000000000   -0.000000242   -0.000000428  258.331525  83105.9969
1374.00   15.0000    0.0000   15.0000  272.4310  272.4310  0.000000       0.00000       0.00000         233978.1449    0.000000    -0.00003     0.00000    0.000000000   -0.000000242   -0.000000427  258.288398  82974.2049
1386.00   15.0000    0.0000   15.0000  272.5090  272.5090  0.000000       0.00000       0.00000         233911.1736    0.000000    -0.00003     0.00000    0.000000000   -0.000000242   -0.000000427  258.245239  82842.6001
1398.00   15.0000    0.0000   15.0000  272.5870  272.5870  0.000000       0.00000       0.00000         233844.2406    0.000000    -0.00003     0.00000    0.000000000   -0.000000242   -0.000000427  258.202046  82711.1820
1410.00   15.0000    0.0000   15.0000  272.6650  272.6650  0.000000       0.00000       0.00000         233777.3458    0.000000    -0.00003     0.00000    0.000000000   -0.000000242   -0.000000426  258.158819  82579.9504
1422.00   15.0000    0.0000   15.0000  272.7430  272.7430  0.000000       0.00000       0.00000         233710.4894    0.000000    -0.00003     0.00000    0.000000000   -0.000000242   -0.000000426  258.115559  82448.9051
1434.00   15.0000    0.0000   15.0000  272.8210  272.8210  0.000000       0.00000       0.00000         233643.6711    0.000000    -0.00003     0.00000    0.000000000   -0.000000242   -0.000000425  258.072265  82318.0459
1446.00   15.0000    0.0000   15.0000  272.8990  272.8990  0.000000       0.00000       0.00000         233576.8911    0.000000    -0.00004     0.00000    0.000000000   -0.000000242   -0.000000425  258.028938  82187.3724
1458.00   15.0000    0.0000   15.0000  272.9770  272.9770  0.000000       0.00000       0.00000         233510.1492    0.000000    -0.00004     0.00000    0.000000000   -0.000000242   -0.000000425  257.985577  82056.8845
1470.00   15.0000    0.0000   15.0000  273.0550  273.0550  0.000000       0.00000       0.00000         233443.4455    0.000000    -0.00004     0.00000    0.000000000   -0.000000242   -0.000000424  257.942183  81926.5818
1482.00   15.0000    0.0000   15.0000  273.1330  273.1330  0.000000       0.00000       0.00000         233376.7798    0.000000    -0.00004     0.00000    0.000000000   -0.000000242   -0.000000424  257.898756  81796.4642
1494.00   15.0000    0.0000   15.0000  273.2110  273.2110  0.000000       0.00000       0.00000         233310.1522    0.000000    -0.00004     0.00000    0.000000000   -0.000000242   -0.000000424  257.855295  81666.5314
1506.00   15.0000    0.0000   15.0000  273.2890  273.2890  0.000000       0.00000       0.00000         233243.5627    0.000000    -0.00004     0.00000    0.000000000   -0.000000242   -0.000000423  257.811800  81536.7831
1518.00   15.0000    0.0000   15.0000  273.3670  273.3670  0.000000       0.00000       0.00000         233177.0111    0.000000    -0.00004     0.00000    0.000000000   -0.000000242   -0.000000423  257.768272  81407.2191
1530.00   15.0000    0.0000   15.0000  273.4450  273.4450  0.000000       0.00000       0.00000         233110.4975    0.000000    -0.00004     0.00000    0.000000000   -0.000000242   -0.000000422  257.724711  81277.8391
1542.00   15.0000    0.0000   15.0000  273.5230  273.5230  0.000000       0.00000       0.00000         233044.0219    0.000000    -0.00004     0.00000    0.000000000   -0.000000242   -0.000000422  257.681117  81148.6430
1554.00   15.0000    0.0000   15.0000  273.6010  273.6010  0.000000       0.00000       0.00000         232977.5841    0.000000    -0.00004     0.00000    0.000000000   -0.000000242   -0.000000422  257.637489  81019.6304
1566.00   15.0000    0.0000   15.0000  273.6790  273.6790  0.000000       0.00000       0.00000         232911.1843    0.000000    -0.00004     0.00000    0.000000000   -0.000000242   -0.000000421  257.593827  80890.8011
1578.00   15.0000    0.0000   15.0000  273.7570  273.7570  0.000000       0.00000       0.00000         232844.8222    0.000000    -0.00004     0.00000    0.000000000   -0.000000242   -0.000000421  257.550132  80762.1548
1590.00   15.0000    0.0000   15.0000  273.8350  273.8350  0.000000       0.00000       0.00000         232778.4980    0.000000    -0.00004     0.00000    0.000000000   -0.000000242   -0.000000420  257.506404  80633.6914
1602.00   15.0000    0.0000   15.0000  273.9130  273.9130  0.000000       0.00000       0.00000         232712.2115    0.000000    -0.00004     0.00000    0.000000000   -0.000000242   -0.000000420  257.462643  80505.4105
1614.00   15.0000    0.0000   15.0000  273.9910  273.9910  0.000000       0.00000       0.00000         232645.9628    0.000000    -0.00004     0.00000    0.000000000   -0.000000242   -0.000000420  257.418848  80377.3120
1626.00   15.0000    0.0000   15.0000  274.0690  274.0690  0.000000       0.00000       0.00000         232579.7518    0.000000    -0.00004     0.00000    0.000000000   -0.000000242   -0.000000419  257.375020  80249.3955
1638.00   15.0000    0.0000   15.0000  274.1470  274.1470  0.000000       0.00000       0.00000         232513.5785    0.000000    -0.00004     0.00000    0.000000000   -0.000000242   -0.000000419  257.331158  80121.6609
1650.00   15.0000    0.0000   15.0000  274.2250  274.2250  0.000000       0.00000       0.00000         232447.4428    0.000000    -0.00004     0.00000    0.000000000   -0.000000242   -0.000000418  257.287263  79994.1078
1662.00   15.0000    0.0000   15.0000  274.3030  274.3030  0.000000       0.00000       0.00000         232381.3447    0.000000    -0.00004     0.00000    0.000000000   -0.000000242   -0.000000418  257.243335  79866.7361
1674.00   15.0000    0.0000   15.0000  274.3810  274.3810  0.000000       0.00000       0.00000         232315.2842    0.000000    -0.00004     0.00000    0.000000000   -0.000000242   -0.000000417  257.199374  79739.5455
1686.00   15.0000    0.0000   15.0000  274.4590  274.4590  0.000000       0.00000       0.00000         232249.2613    0.000000    -0.00004     0.00000    0.000000000   -0.000000242   -0.000000417  257.155379  79612.5358
1698.00   15.0000    0.0000   15.0000  274.5370  274.5370  0.000000       0.00000       0.00000         232183.2758    0.000000    -0.00004     0.00000    0.000000000   -0.000000242   -0.000000417  257.111351  79485.7066
1710.00   15.0000    0.0000   15.0000  274.6150  274.6150  0.000000       0.00000       0.00000         232117.3279    0.000000    -0.00004     0.00000    0.000000000   -0.000000242   -0.000000416  257.067290  79359.0579
1722.00   15.0000    0.0000   15.0000  274.6930  274.6930  0.000000       0.00000       0.00000         232051.4174    0.000000    -0.00004     0.00000    0.000000000   -0.000000242   -0.000000416  257.023195  79232.5892
1734.00   15.0000    0.0000   15.0000  274.7710  274.7710  0.000000       0.00000       0.00000         231985.5443    0.000000    -0.00004     0.00000    0.000000000   -0.000000242   -0.000000415  256.979068  79106.3005
1746.00   15.0000    0.0000   15.0000  274.8490  274.8490  0.000000       0.00000       0.00000         231919.7086    0.000000    -0.00004     0.00000    0.000000000   -0.000000241   -0.000000415  256.934907  78980.1914
1758.00   15.0000    0.0000   15.0000  274.9270  274.9270  0.000000       0.00000       0.00000         231853.9103    0.000000    -0.00004     0.00000    0.000000000   -0.000000241   -0.000000415  256.890712  78854.2617
1770.00   15.0000    0.0000   15.0000  275.0050  275.0050  0.000000       0.00000       0.00000         231788.1493    0.000000    -0.00004     0.00000    0.000000000   -0.000000241   -0.000000414  256.846485  78728.5112
1782.00   15.0000    0.0000   15.0000  275.0830  275.0830  0.000000       0.00000       0.00000         231722.4256    0.000000    -0.00004     0.00000    0.000000000   -0.000000241   -0.000000414  256.802224  78602.9396
1794.00   15.0000    0.0000   15.0000  275.1610  275.1610  0.000000       0.00000       0.00000         231656.7391    0.000000    -0.00004     0.00000    0.000000000   -0.000000241   -0.000000413  256.757930  78477.5467
1806.00   15.0000    0.0000   15.0000  275.2390  275.2390  0.000000       0.00000       0.00000         231591.0899    0.000000    -0.00004     0.00000    0.000000000   -0.000000241   -0.000000413  256.713603  78352.3322
1818.00   15.0000    0.0000   15.0000  275.3170  275.3170  0.000000       0.00000       0.00000         231525.4779    0.000000    -0.00004     0.00000    0.000000000   -0.000000241   -0.000000412  256.669243  78227.2960
1830.00   15.0000    0.0000   15.0000  275.3950  275.3950  0.000000       0.00000       0.00000         231459.9030    0.000000    -0.00004     0.00000    0.000000000   -0.000000241   -0.000000412  256.624850  78102.4377
1842.00   15.0000    0.0000   15.0000  275.4730  275.4730  0.000000       0.00000       0.00000         231394.3653    0.000000    -0.00004     0.00000    0.000000000   -0.000000241   -0.000000412  256.580423  77977.7571
1854.00   15.0000    0.0000   15.0000  275.5510  275.5510  0.000000       0.00000       0.00000         231328.8647    0.000000    -0.00005     0.00000    0.000000000   -0.000000241   -0.000000411  256.535963  77853.2540
1866.00   15.0000    0.0000   15.0000  275.6290  275.6290  0.000000       0.00000       0.00000         231263.4012    0.000000    -0.00005     0.00000    0.000000000   -0.000000241   -0.000000411  256.491471  77728.9282
1878.00   15.0000    0.0000   15.0000  275.7070  275.7070  0.000000       0.00000       0.00000         231197.9747    0.000000    -0.00005     0.00000    0.000000000   -0.000000241   -0.000000410  256.446945  77604.7794
1890.00   15.0000    0.0000   15.0000  275.7850  275.7850  0.000000       0.00000       0.00000         231132.5852    0.000000    -0.00005     0.00000    0.000000000   -0.000000241   -0.000000410  256.402385  77480.8074
1902.00   15.0000    0.0000   15.0000  275.8630  275.8630  0.000000       0.00000       0.00000         231067.2326    0.000000    -0.00005     0.00000    0.000000000   -0.000000241   -0.000000409  256.357793  77357.0119
1914.00   15.0000    0.0000   15.0000  275.9410  275.9410  0.000000       0.00000       0.00000         231001.9171    0.000000    -0.00005     0.00000    0.000000000   -0.000000241   -0.000000409  256.313168  77233.3927
1926.00   15.0000    0.0000   15.0000  276.0190  276.0190  0.000000       0.00000       0.00000         230936.6384    0.000000    -0.00005     0.00000    0.000000000   -0.000000241   -0.000000409  256.268509  77109.9496
1938.00   15.0000    0.0000   15.0000  276.0970  276.0970  0.000000       0.00000       0.00000         230871.3966    0.000000    -0.00005     0.00000    0.000000000   -0.000000240   -0.000000408  256.223818  76986.6823
1950.00   15.0000    0.0000   15.0000  276.1750  276.1750  0.000000       0.00000       0.00000         230806.1917    0.000000    -0.00005     0.00000    0.000000000   -0.000000240   -0.000000408  256.179093  76863.5906
1962.00   15.0000    0.0000   15.0000  276.2530  276.2530  0.000000       0.00000       0.00000         230741.0236    0.000000    -0.00005     0.00000    0.000000000   -0.000000240   -0.000000407  256.134335  76740.6742
1974.00   15.0000    0.0000   15.0000  276.3310  276.3310  0.000000       0.00000       0.00000         230675.8923    0.000000    -0.00005     0.00000    0.000000000   -0.000000240   -0.000000407  256.089545  76617.9330
1986.00   15.0000    0.0000   15.0000  276.4090  276.4090  0.000000       0.00000       0.00000         230610.7978    0.000000    -0.00005     0.00000    0.000000000   -0.000000240   -0.000000406  256.044721  76495.3667
1998.00   15.0000    0.0000   15.0000  276.4870  276.4870  0.000000       0.00000       0.00000         230545.7399    0.000000    -0.00005     0.00000    0.000000000   -0.000000240   -0.000000406  255.999864  76372.9750
2010.00   15.0000    0.0000   15.0000  276.5650  276.5650  0.000000       0.00000       0.00000         230480.7188    0.000000    -0.00005     0.00000    0.000000000   -0.000000240   -0.000000405  255.954974  76250.7578
2022.00   15.0000    0.0000   15.0000  276.6430  276.6430  0.000000       0.00000       0.00000         230415.7344    0.000000    -0.00005     0.00000    0.000000000   -0.000000240   -0.000000405  255.910051  76128.7147
2034.00   15.0000    0.0000   15.0000  276.7210  276.7210  0.000000       0.00000       0.00000         230350.7865    0.000000    -0.00005     0.00000    0.000000000   -0.000000240   -0.000000404  255.865095  76006.8456
2046.00   15.0000    0.0000   15.0000  276.7990  276.7990  0.000000       0.00000       0.00000         230285.8753    0.000000    -0.00005     0.00000    0.000000000   -0.000000240   -0.000000404  255.820106  75885.1503
2058.00   15.0000    0.0000   15.0000  276.8770  276.8770  0.000000       0.00000       0.00000         230221.0007    0.000000    -0.00005     0.00000    0.000000000   -0.000000240   -0.000000404  255.775084  75763.6284
2070.00   15.0000    0.0000   15.0000  276.9550  276.9550  0.000000       0.00000       0.00000         230156.1626    0.000000    -0.00005     0.00000    0.000000000   -0.000000240   -0.000000403  255.730029  75642.2797
2082.00   15.0000    0.0000   15.0000  277.0330  277.0330  0.000000       0.00000       0.00000         230091.3610    0.000000    -0.00005     0.00000    0.000000000   -0.000000239   -0.000000403  255.684941  75521.1041
2094.00   15.0000    0.0000   15.0000  277.1110  277.1110  0.000000       0.00000       0.00000         230026.5958    0.000000    -0.00005     0.00000    0.000000000   -0.000000239   -0.000000402  255.639821  75400.1013
2106.00   15.0000    0.0000   15.0000  277.1890  277.1890  0.000000       0.00000       0.00000         229961.8672    0.000000    -0.00005     0.00000    0.000000000   -0.000000239   -0.000000402  255.594667  75279.2710
2118.00   15.0000    0.0000   15.0000  277.2670  277.2670  0.000000       0.00000       0.00000         229897.1749    0.000000    -0.00005     0.00000    0.000000000   -0.000000239   -0.000000401  255.549480  75158.6131
2130.00   15.0000    0.0000   15.0000  277.3450  277.3450  0.000000       0.00000       0.00000         229832.5191    0.000000    -0.00005     0.00000    0.000000000   -0.000000239   -0.000000401  255.504260  75038.1272
2142.00   15.0000    0.0000   15.0000  277.4230  277.4230  0.000000       0.00000       0.00000         229767.8996    0.000000    -0.00005     0.00000    0.000000000   -0.000000239   -0.000000400  255.459008  74917.8133
2154.00   15.0000    0.0000   15.0000  277.5010  277.5010  0.000000       0.00000       0.00000         229703.3164    0.000000    -0.00005     0.00000    0.000000000   -0.000000239   -0.000000400  255.413722  74797.6709
2166.00   15.0000    0.0000   15.0000  277.5790  277.5790  0.000000       0.00000       0.00000         229638.7695    0.000000    -0.00005     0.00000    0.000000000   -0.000000239   -0.000000399  255.368404  74677.7000
2178.00   15.0000    0.0000   15.0000  277.6570  277.6570  0.000000       0.00000       0.00000         229574.2589    0.000000    -0.00005     0.00000    0.000000000   -0.000000239   -0.000000399  255.323052  74557.9002
2190.00   15.0000    0.0000   15.0000  277.7350  277.7350  0.000000       0.00000       0.00000         229509.7845    0.000000    -0.00005     0.00000    0.000000000   -0.000000239   -0.000000398  255.277668  74438.2714
2202.00   15.0000    0.0000   15.0000  277.8130  277.8130  0.000000       0.00000       0.00000         229445.3463    0.000000    -0.00005     0.00000    0.000000000   -0.000000238   -0.000000398  255.232251  74318.8134
2214.00   15.0000    0.0000   15.0000  277.8910  277.8910  0.000000       0.00000       0.00000         229380.9443    0.000000    -0.00005     0.00000    0.000000000   -0.000000238   -0.000000398  255.186801  74199.5258
2226.00   15.0000    0.0000   15.0000  277.9690  277.9690  0.000000       0.00000       0.00000         229316.5785    0.000000    -0.00005     0.00000    0.000000000   -0.000000238   -0.000000397  255.141318  74080.4084
2238.00   15.0000    0.0000   15.0000  278.0470  278.0470  0.000000       0.00000       0.00000         229252.2487    0.000000    -0.00005     0.00000    0.000000000   -0.000000238   -0.000000397  255.095802  73961.4611
2250.00   15.0000    0.0000   15.0000  278.1250  278.1250  0.000000       0.00000       0.00000         229187.9551    0.000000    -0.00005     0.00000    0.000000000   -0.000000238   -0.000000396  255.050253  73842.6836
2262.00   15.0000    0.0000   15.0000  278.2030  278.2030  0.000000       0.00000       0.00000         229123.6974    0.000000    -0.00006     0.00000    0.000000000   -0.000000238   -0.000000396  255.004672  73724.0757
2274.00   15.0000    0.0000   15.0000  278.2810  278.2810  0.000000       0.00000       0.00000         229059.4759    0.000000    -0.00006     0.00000    0.000000000   -0.000000238   -0.000000395  254.959058  73605.6372
2286.00   15.0000    0.0000   15.0000  278.3590  278.3590  0.000000       0.00000       0.00000         228995.2903    0.000000    -0.00006     0.00000    0.000000000   -0.000000238   -0.000000395  254.913411  73487.3677
2298.00   15.0000    0.0000   15.0000  278.4370  278.4370  0.000000       0.00000       0.00000         228931.1406    0.000000    -0.00006     0.00000    0.000000000   -0.000000238   -0.000000394  254.867731  73369.2672
2310.00   15.0000    0.0000   15.0000  278.5150  278.5150  0.000000       0.00000       0.00000         228867.0269    0.000000    -0.00006     0.00000    0.000000000   -0.000000237   -0.000000394  254.822018  73251.3353
2322.00   15.0000    0.0000   15.0000  278.5930  278.5930  0.000000       0.00000       0.00000         228802.9491    0.000000    -0.00006     0.00000    0.000000000   -0.000000237   -0.000000393  254.776272  73133.5719
2334.00   15.0000    0.0000   15.0000  278.6710  278.6710  0.000000       0.00000       0.00000         228738.9072    0.000000    -0.00006     0.00000    0.000000000   -0.000000237   -0.000000393  254.730494  73015.9767
2346.00   15.0000    0.0000   15.0000  278.7490  278.7490  0.000000       0.00000       0.00000         228674.9011    0.000000    -0.00006     0.00000    0.000000000   -0.000000237   -0.000000392  254.684683  72898.5495
2358.00   15.0000    0.0000   15.0000  278.8270  278.8270  0.000000       0.00000       0.00000         228610.9308    0.000000    -0.00006     0.00000    0.000000000   -0.000000237   -0.000000392  254.638839  72781.2901
2370.00   15.0000    0.0000   15.0000  278.9050  278.9050  0.000000       0.00000       0.00000         228546.9963    0.000000    -0.00006     0.00000    0.000000000   -0.000000237   -0.000000391  254.592963  72664.1982
2382.00   15.0000    0.0000   15.0000  278.9830  278.9830  0.000000       0.00000       0.00000              0.0000    0.000000    -0.00006     0.00000    0.000000000    0.000000000    0.000000000  254.547053  72547.2736
2394.00   15.0000    0.0000   15.0000  279.0610  279.0610  0.000000       0.00000       0.00000              0.0000    0.000000     0.00000     0.00000    0.000000000    0.000000000    0.000000000  254.501111  72430.5161
