   0.00    0.0000    0.0000    0.0000  241.5147  241.5147  0.000000       0.00000       0.00000              0.0000    0.000000     0.00000     0.00000    0.000000000    0.000000000    0.000000000    0.000000      0.0000
   6.00    7.7245    3.5359    8.4953  243.1031  243.1031  0.000000       0.71505       0.71505              0.0000    0.000000     0.00000     0.00000   -0.000011314    0.000000000    0.000000000  243.015301  99873.6368
  18.00    8.7680    3.9317    9.6092  243.2234  243.2234  0.000000       2.17521       2.17521              0.0587    0.000000    -0.00000     0.00000   -0.000024085    0.000000000    0.000000000  242.989176  99663.2000
  30.00    9.4399    4.1400   10.3079  243.3037  243.3037  0.000000       2.07158       2.07158              0.0846    0.000000    -0.00000     0.00000   -0.000028952   -0.000000052   -0.000000092  242.952253  99495.1816
  42.00   10.0587    4.2907   10.9356  243.3804  243.3804  0.000000       2.26256       2.26256              0.0994    0.000000    -0.00000     0.00000   -0.000031448   -0.000000062   -0.000000102  242.911752  99327.4198
  54.00   10.6173    4.3904   11.4893  243.4526  243.4526  0.000000       2.21862       2.21862              0.1149    0.000000    -0.00000     0.00000   -0.000033405   -0.000000068   -0.000000108  242.866683  99159.9114
  66.00   11.1470    4.4505   12.0026  243.5242  243.5242  0.000000       2.16151       2.16151              0.1286    0.000000    -0.00000     0.00000   -0.000035131   -0.000000069   -0.000000108  242.821050  98992.6543
  78.00   11.6534    4.4749   12.4830  243.5963  243.5963  0.000000       2.05106       2.05106              0.1420    0.000000    -0.00000     0.00000   -0.000036770   -0.000000066   -0.000000105  242.775828  98825.6481
  90.00   12.1431    4.4654   12.9381  243.6701  243.6701  0.000000       1.92094       1.92094              0.1552    0.000000    -0.00000     0.00000   -0.000038432   -0.000000061   -0.000000100  242.732267  98658.8931
 102.00   12.6185    4.4229   13.3712  243.7465  243.7465  0.000000       1.77388       1.77388              0.1687    0.000000    -0.00000     0.00000   -0.000040156   -0.000000053   -0.000000093  242.691200  98492.3906
 114.00   13.0810    4.3474   13.7845  243.8262  243.8262  0.000000       1.61867       1.61867              0.1824    0.000000    -0.00000     0.00000   -0.000041977   -0.000000044   -0.000000084  242.653473  98326.1421
 126.00   13.5306    4.2383   14.1788  243.9101  243.9101  0.000000       1.45935       1.45935              0.1969    0.000000    -0.00000     0.00000   -0.000043965   -0.000000033   -0.000000073  242.619906  98160.1498
 138.00   13.9665    4.0948   14.5544  243.9992  243.9992  0.000000       1.29966       1.29966              0.2122    0.000000    -0.00000     0.00000   -0.000046171   -0.000000019   -0.000000060  242.591389  97994.4166
 150.00   14.3869    3.9158   14.9103  244.0944  244.0944  0.000000       1.14219       1.14219              0.2288    0.000000    -0.00000     0.00000   -0.000048671   -0.000000003   -0.000000044  242.568915  97828.9458
 162.00   14.7894    3.7000   15.2452  244.1969  244.1969  0.000000       0.98879       0.98879              0.2470    0.000000    -0.00001     0.00000   -0.000051573    0.000000016   -0.000000026  242.553657  97663.7416
 174.00   15.1702    3.4462   15.5568  244.3081  244.3081  0.000000       0.84131       0.84131              0.2672    0.000000    -0.00001     0.00000   -0.000055056    0.000000040   -0.000000003  242.547025  97498.8089
 186.00   15.5250    3.1533   15.8420  244.4299  244.4299  0.000000       0.69995       0.69995              0.2904    0.000000    -0.00001     0.00000   -0.000059013    0.000000068    0.000000024  242.550820  97334.1538
 198.00   15.8475    2.8202   16.0965  244.5646  244.5646  0.000000       0.56738       0.56738              0.3174    0.000000    -0.00001     0.00000   -0.000063867    0.000000104    0.000000058  242.567369  97169.7836
 210.00   16.1304    2.4456   16.3147  244.7160  244.7160  0.000000       0.43928       0.43928              0.3509    0.000000    -0.00001     0.00000   -0.000069930    0.000000151    0.000000103  242.600324  97005.7078
 222.00   16.3616    2.0313   16.4872  244.8882  244.8882  0.000000       0.32825       0.32825              0.3919    0.000000    -0.00001     0.00000   -0.000077739    0.000000218    0.000000167  242.653925  96841.9382
 234.00   16.5282    1.5693   16.6025  245.0937  245.0937  0.000000       0.20608       0.20608              0.4575    0.000000    -0.00002     0.00000   -0.000088894    0.000000306    0.000000251  242.740396  96678.4922
 246.00   16.5933    1.0906   16.6291  245.3353  245.3353  0.000000       0.14237       0.14237              0.5258    0.000000    -0.00002     0.00000   -0.000114696    0.000000494    0.000000429  242.862575  96515.3921
 258.00   16.4683    0.5315   16.4769  245.6860  245.6860  0.000000       0.00350       0.00350              1.7042    0.000000     0.00000     0.00000   -0.000096395    0.000009962    0.000007463  243.092511  96352.6849
 270.00   15.0793   -0.0244   15.0793  251.6247  251.6247  0.000000       0.00044       0.00044              2.7857    0.000000    -0.00011     0.00000   -0.000079195    0.000012309    0.000014123  248.850061  96192.2040
 282.00   15.0003   -0.0002   15.0003  252.9465  252.9465  0.000000       0.00000       0.00000            346.0307    0.000000    -0.00011     0.00000   -0.000002027    0.000005385    0.000005152  250.039855  96034.2416
 294.00   15.0000   -0.0000   15.0000  254.1832  254.1832  0.000000       0.00000       0.00000        2681876.7286    0.000000    -0.00007     0.00000    0.000000000    0.000004538    0.000004389  251.144966  95877.2602
 306.00   15.0000   -0.0000   15.0000  254.9901  254.9901  0.000000       0.00000       0.00000        2370005.3849    0.000000    -0.00006     0.00000    0.000000000    0.000003364    0.000003190  251.824922  95721.0918
 318.00   15.0000   -0.0000   15.0000  255.6622  255.6622  0.000000       0.00000       0.00000        1997522.7382    0.000000    -0.00006     0.00000    0.000000000    0.000002890    0.000002720  252.371441  95565.5569
 330.00   15.0000   -0.0000   15.0000  256.2399  256.2399  0.000000       0.00000       0.00000        1726946.3256    0.000000    -0.00005     0.00000    0.000000000    0.000002523    0.000002357  252.824499  95410.5818
 342.00   15.0000   -0.0000   15.0000  256.7452  256.7452  0.000000       0.00000       0.00000        1532977.2037    0.000000    -0.00005     0.00000    0.000000000    0.000002252    0.000002088  253.205810  95256.1129
 354.00   15.0000    0.0000   15.0000  257.2031  257.2031  0.000000       0.00000       0.00000        1386136.8056    0.000000    -0.00005     0.00000    0.000000000    0.000002039    0.000001877  253.540276  95102.1118
 366.00   15.0000    0.0000   15.0000  257.6177  257.6177  0.000000       0.00000       0.00000        1272680.8145    0.000000    -0.00004     0.00000    0.000000000    0.000001871    0.000001710  253.831726  94948.5493
 378.00   15.0000    0.0000   15.0000  258.0055  258.0055  0.000000       0.00000       0.00000        1176412.2247    0.000000    -0.00004     0.00000    0.000000000    0.000001722    0.000001563  254.096697  94795.4025
 390.00   15.0000    0.0000   15.0000  258.3605  258.3605  0.000000       0.00000       0.00000        1102013.6844    0.000000    -0.00004     0.00000    0.000000000    0.000001608    0.000001448  254.329109  94642.6522
 402.00   15.0000    0.0000   15.0000  258.7023  258.7023  0.000000       0.00000       0.00000        1036198.7261    0.000000    -0.00004     0.00000    0.000000000    0.000001502    0.000001344  254.548436  94490.2834
 414.00   15.0000    0.0000   15.0000  259.0166  259.0166  0.000000       0.00000       0.00000         978571.3256    0.000000    -0.00004     0.00000    0.000000000    0.000001407    0.000001248  254.740442  94338.2826
 426.00   15.0000    0.0000   15.0000  259.3227  259.3227  0.000000       0.00000       0.00000         929848.0886    0.000000    -0.00004     0.00000    0.000000000    0.000001325    0.000001167  254.924325  94186.6382
 438.00   15.0000    0.0000   15.0000  259.6067  259.6067  0.000000       0.00000       0.00000         882733.0121    0.000000    -0.00004     0.00000    0.000000000    0.000001243    0.000001084  255.086377  94035.3402
 450.00   15.0000    0.0000   15.0000  259.8835  259.8835  0.000000       0.00000       0.00000         846688.8139    0.000000    -0.00004     0.00000    0.000000000    0.000001181    0.000001022  255.241212  93884.3789
 462.00   15.0000    0.0000   15.0000  260.1452  260.1452  0.000000       0.00000       0.00000         810046.1638    0.000000    -0.00004     0.00000    0.000000000    0.000001114    0.000000956  255.381086  93733.7469
 474.00   15.0000    0.0000   15.0000  260.3992  260.3992  0.000000       0.00000       0.00000         781017.2042    0.000000    -0.00004     0.00000    0.000000000    0.000001062    0.000000904  255.513307  93583.4366
 486.00   15.0000    0.0000   15.0000  260.6429  260.6429  0.000000       0.00000       0.00000         752618.0508    0.000000    -0.00004     0.00000    0.000000000    0.000001010    0.000000851  255.635291  93433.4419
 498.00   15.0000    0.0000   15.0000  260.8793  260.8793  0.000000       0.00000       0.00000         728225.8586    0.000000    -0.00004     0.00000    0.000000000    0.000000964    0.000000805  255.749978  93283.7569
 510.00   15.0000    0.0000   15.0000  261.1079  261.1079  0.000000       0.00000       0.00000         706004.6826    0.000000    -0.00004     0.00000    0.000000000    0.000000922    0.000000762  255.856905  93134.3764
 522.00   15.0000    0.0000   15.0000  261.3305  261.3305  0.000000       0.00000       0.00000         684041.2333    0.000000    -0.00003     0.00000    0.000000000    0.000000879    0.000000719  255.957868  92985.2956
 534.00   15.0000    0.0000   15.0000  261.5454  261.5454  0.000000       0.00000       0.00000         662929.4772    0.000000    -0.00003     0.00000    0.000000000    0.000000837    0.000000677  256.051212  92836.5099
 546.00   15.0000    0.0000   15.0000  261.7548  261.7548  0.000000       0.00000       0.00000         643056.5938    0.000000    -0.00003     0.00000    0.000000000    0.000000797    0.000000636  256.139101  92688.0148
 558.00   15.0000    0.0000   15.0000  261.9573  261.9573  0.000000       0.00000       0.00000         625537.2234    0.000000    -0.00003     0.00000    0.000000000    0.000000761    0.000000600  256.220131  92539.8061
 570.00   15.0000    0.0000   15.0000  262.1558  262.1558  0.000000       0.00000       0.00000         607947.7018    0.000000    -0.00003     0.00000    0.000000000    0.000000724    0.000000563  256.297161  92391.8799
 582.00   15.0000    0.0000   15.0000  262.3474  262.3474  0.000000       0.00000       0.00000         591867.5056    0.000000    -0.00003     0.00000    0.000000000    0.000000690    0.000000528  256.367276  92244.2326
 594.00   15.0000    0.0000   15.0000  262.5358  262.5358  0.000000       0.00000       0.00000         576822.5544    0.000000    -0.00003     0.00000    0.000000000    0.000000657    0.000000495  256.434321  92096.8606
 606.00   15.0000    0.0000   15.0000  262.7180  262.7180  0.000000       0.00000       0.00000         561740.8730    0.000000    -0.00003     0.00000    0.000000000    0.000000624    0.000000462  256.495093  91949.7607
 618.00   15.0000    0.0000   15.0000  262.8970  262.8970  0.000000       0.00000       0.00000         548953.5935    0.000000    -0.00003     0.00000    0.000000000    0.000000596    0.000000434  256.552755  91802.9296
 630.00   15.0000    0.0000   15.0000  263.0712  263.0712  0.000000       0.00000       0.00000         535617.9479    0.000000    -0.00003     0.00000    0.000000000    0.000000566    0.000000403  256.605577  91656.3645
 642.00   15.0000    0.0000   15.0000  263.2418  263.2418  0.000000       0.00000       0.00000         524184.2672    0.000000    -0.00003     0.00000    0.000000000    0.000000540    0.000000377  256.654936  91510.0626
 654.00   15.0000    0.0000   15.0000  263.4089  263.4089  0.000000       0.00000       0.00000         513100.4359    0.000000    -0.00003     0.00000    0.000000000    0.000000514    0.000000352  256.700641  91364.0212
 666.00   15.0000    0.0000   15.0000  263.5726  263.5726  0.000000       0.00000       0.00000         503334.7448    0.000000    -0.00003     0.00000    0.000000000    0.000000492    0.000000329  256.743095  91218.2379
 678.00   15.0000    0.0000   15.0000  263.7335  263.7335  0.000000       0.00000       0.00000         494556.1059    0.000000    -0.00003     0.00000    0.000000000    0.000000472    0.000000308  256.782717  91072.7104
 690.00   15.0000    0.0000   15.0000  263.8918  263.8918  0.000000       0.00000       0.00000         486710.2541    0.000000    -0.00003     0.00000    0.000000000    0.000000454    0.000000290  256.819703  90927.4368
 702.00   15.0000    0.0000   15.0000  264.0479  264.0479  0.000000       0.00000       0.00000         479768.7975    0.000000    -0.00003     0.00000    0.000000000    0.000000438    0.000000274  256.854439  90782.4151
 714.00   15.0000    0.0000   15.0000  264.2019  264.2019  0.000000       0.00000       0.00000         473582.0335    0.000000    -0.00003     0.00000    0.000000000    0.000000423    0.000000259  256.887103  90637.6437
 726.00   15.0000    0.0000   15.0000  264.3541  264.3541  0.000000       0.00000       0.00000         467491.0849    0.000000    -0.00003     0.00000    0.000000000    0.000000409    0.000000245  256.917987  90493.1210
 738.00   15.0000    0.0000   15.0000  264.5043  264.5043  0.000000       0.00000       0.00000         461951.9442    0.000000    -0.00003     0.00000    0.000000000    0.000000396    0.000000231  256.946857  90348.8456
 750.00   15.0000    0.0000   15.0000  264.6531  264.6531  0.000000       0.00000       0.00000         457577.7405    0.000000    -0.00003     0.00000    0.000000000    0.000000386    0.000000221  256.974291  90204.8159
 762.00   15.0000    0.0000   15.0000  264.8007  264.8007  0.000000       0.00000       0.00000         454428.1202    0.000000    -0.00003     0.00000    0.000000000    0.000000379    0.000000214  257.000441  90061.0309
 774.00   15.0000    0.0000   15.0000  264.9476  264.9476  0.000000       0.00000       0.00000         452041.7430    0.000000    -0.00004     0.00000    0.000000000    0.000000375    0.000000208  257.025923  89917.4894
 786.00   15.0000    0.0000   15.0000  265.0938  265.0938  0.000000       0.00000       0.00000         450741.5997    0.000000    -0.00004     0.00000    0.000000000    0.000000373    0.000000206  257.050601  89774.1907
 798.00   15.0000    0.0000   15.0000  265.2400  265.2400  0.000000       0.00000       0.00000         450502.6097    0.000000    -0.00004     0.00000    0.000000000    0.000000373    0.000000206  257.075292  89631.1340
 810.00   15.0000    0.0000   15.0000  265.3862  265.3862  0.000000       0.00000       0.00000         451726.6138    0.000000    -0.00004     0.00000    0.000000000    0.000000378    0.000000210  257.099846  89488.3190
 822.00   15.0000    0.0000   15.0000  265.5334  265.5334  0.000000       0.00000       0.00000         453881.6943    0.000000    -0.00004     0.00000    0.000000000    0.000000385    0.000000217  257.125334  89345.7455
 834.00   15.0000    0.0000   15.0000  265.6812  265.6812  0.000000       0.00000       0.00000         457137.9759    0.000000    -0.00004     0.00000    0.000000000    0.000000396    0.000000226  257.151273  89203.4133
 846.00   15.0000    0.0000   15.0000  265.8307  265.8307  0.000000       0.00000       0.00000         462788.0857    0.000000    -0.00004     0.00000    0.000000000    0.000000413    0.000000242  257.178839  89061.3226
 858.00   15.0000    0.0000   15.0000  265.9823  265.9823  0.000000       0.00000       0.00000         470815.4153    0.000000    -0.00004     0.00000    0.000000000    0.000000437    0.000000265  257.208365  88919.4740
 870.00   15.0000    0.0000   15.0000  266.1372  266.1372  0.000000       0.00000       0.00000         482878.5790    0.000000    -0.00004     0.00000    0.000000000    0.000000472    0.000000299  257.241017  88777.8684
 882.00   15.0000    0.0000   15.0000  266.2968  266.2968  0.000000       0.00000       0.00000         496635.9893    0.000000    -0.00005     0.00000    0.000000000    0.000000512    0.000000337  257.278174  88636.5075
 894.00   15.0000    0.0000   15.0000  266.4608  266.4608  0.000000       0.00000       0.00000         518965.0438    0.000000    -0.00005     0.00000    0.000000000    0.000000577    0.000000400  257.319533  88495.3932
 906.00   15.0000    0.0000   15.0000  266.6352  266.6352  0.000000       0.00000       0.00000         538360.2428    0.000000    -0.00005     0.00000    0.000000000    0.000000634    0.000000455  257.370801  88354.5288
 918.00   15.0000    0.0000   15.0000  266.8121  266.8121  0.000000       0.00000       0.00000         587810.0719    0.000000    -0.00006     0.00000    0.000000000    0.000000778    0.000000594  257.424443  88213.9174
 930.00   15.0000    0.0000   15.0000  267.0190  267.0190  0.000000       0.00000       0.00000         604948.0395    0.000000    -0.00005     0.00000    0.000000000    0.000000832    0.000000647  257.506929  88073.5668
 942.00   15.0000    0.0000   15.0000  267.2074  267.2074  0.000000       0.00000       0.00000         738844.6022    0.000000    -0.00009     0.00000    0.000000000    0.000001224    0.000001025  257.571500  87933.4794
 954.00   15.0000    0.0000   15.0000  267.5022  267.5022  0.000000       0.00000       0.00000         724267.6465    0.000000    -0.00005     0.00000    0.000000000    0.000001191    0.000001000  257.738458  87793.6777
 966.00   15.0000    0.0000   15.0000  267.6816  267.6816  0.000000       0.00000       0.00000        1101985.5246    0.000000    -0.00016     0.00000    0.000000000    0.000002333    0.000002082  257.794186  87654.1585
 978.00   15.0000    0.0000   15.0000  268.2241  268.2241  0.000000       0.00000       0.00000        1015214.4298    0.000000    -0.00004     0.00000    0.000000000    0.000002090    0.000001900  258.199442  87514.9852
 990.00   15.0000    0.0000   15.0000  268.3480  268.3480  0.000000       0.00000       0.00000        2723894.0026    0.000000    -0.00051     0.00000    0.000000000    0.000007686    0.000006948  258.201603  87376.1426
1002.00   15.0000    0.0000   15.0000  270.0130  270.0130  0.000000       0.00000       0.00000        2637618.9344    0.000000    -0.00002     0.00000    0.000000000    0.000007463    0.000007540  259.686161  87237.9164
1014.00   15.0000    0.0000   15.0000  270.0910  270.0910  0.000000       0.00000       0.00000         236005.2723    0.000000    -0.00002     0.00000    0.000000000   -0.000000243   -0.000000440  259.644067  87100.2934
1026.00   15.0000    0.0000   15.0000  270.1690  270.1690  0.000000       0.00000       0.00000         235937.1356    0.000000    -0.00002     0.00000    0.000000000   -0.000000243   -0.000000439  259.601939  86962.8653
1038.00   15.0000    0.0000   15.0000  270.2470  270.2470  0.000000       0.00000       0.00000         235869.0383    0.000000    -0.00003     0.00000    0.000000000   -0.000000243   -0.000000439  259.559778  86825.6317
1050.00   15.0000    0.0000   15.0000  270.3250  270.3250  0.000000       0.00000       0.00000         235800.9803    0.000000    -0.00003     0.00000    0.000000000   -0.000000243   -0.000000439  259.517582  86688.5924
1062.00   15.0000    0.0000   15.0000  270.4030  270.4030  0.000000       0.00000       0.00000         235732.9615    0.000000    -0.00003     0.00000    0.000000000   -0.000000243   -0.000000438  259.475353  86551.7471
1074.00   15.0000    0.0000   15.0000  270.4810  270.4810  0.000000       0.00000       0.00000         235664.9820    0.000000    -0.00003     0.00000    0.000000000   -0.000000243   -0.000000438  259.433091  86415.0957
1086.00   15.0000    0.0000   15.0000  270.5590  270.5590  0.000000       0.00000       0.00000         235597.0417    0.000000    -0.00003     0.00000    0.000000000   -0.000000243   -0.000000438  259.390794  86278.6378
1098.00   15.0000    0.0000   15.0000  270.6370  270.6370  0.000000       0.00000       0.00000         235529.1405    0.000000    -0.00003     0.00000    0.000000000   -0.000000243   -0.000000437  259.348464  86142.3732
1110.00   15.0000    0.0000   15.0000  270.7150  270.7150  0.000000       0.00000       0.00000         235461.2785    0.000000    -0.00003     0.00000    0.000000000   -0.000000243   -0.000000437  259.306100  86006.3016
1122.00   15.0000    0.0000   15.0000  270.7930  270.7930  0.000000       0.00000       0.00000         235393.4555    0.000000    -0.00003     0.00000    0.000000000   -0.000000243   -0.000000437  259.263702  85870.4227
1134.00   15.0000    0.0000   15.0000  270.8710  270.8710  0.000000       0.00000       0.00000         235325.6716    0.000000    -0.00003     0.00000    0.000000000   -0.000000243   -0.000000436  259.221270  85734.7363
1146.00   15.0000    0.0000   15.0000  270.9490  270.9490  0.000000       0.00000       0.00000         235257.9268    0.000000    -0.00003     0.00000    0.000000000   -0.000000243   -0.000000436  259.178805  85599.2422
1158.00   15.0000    0.0000   15.0000  271.0270  271.0270  0.000000       0.00000       0.00000         235190.2209    0.000000    -0.00003     0.00000    0.000000000   -0.000000243   -0.000000436  259.136306  85463.9400
1170.00   15.0000    0.0000   15.0000  271.1050  271.1050  0.000000       0.00000       0.00000         235122.5540    0.000000    -0.00003     0.00000    0.000000000   -0.000000243   -0.000000435  259.093773  85328.8296
1182.00   15.0000    0.0000   15.0000  271.1830  271.1830  0.000000       0.00000       0.00000         235054.9260    0.000000    -0.00003     0.00000    0.000000000   -0.000000243   -0.000000435  259.051207  85193.9106
1194.00   15.0000    0.0000   15.0000  271.2610  271.2610  0.000000       0.00000       0.00000         234987.3369    0.000000    -0.00003     0.00000    0.000000000   -0.000000243   -0.000000435  259.008607  85059.1828
1206.00   15.0000    0.0000   15.0000  271.3390  271.3390  0.000000       0.00000       0.00000         234919.7867    0.000000    -0.00003     0.00000    0.000000000   -0.000000243   -0.000000434  258.965973  84924.6459
1218.00   15.0000    0.0000   15.0000  271.4170  271.4170  0.000000       0.00000       0.00000         234852.2753    0.000000    -0.00003     0.00000    0.000000000   -0.000000243   -0.000000434  258.923306  84790.2998
1230.00   15.0000    0.0000   15.0000  271.4950  271.4950  0.000000       0.00000       0.00000         234784.8027    0.000000    -0.00003     0.00000    0.000000000   -0.000000243   -0.000000434  258.880605  84656.1441
1242.00   15.0000    0.0000   15.0000  271.5730  271.5730  0.000000       0.00000       0.00000         234717.3688    0.000000    -0.00003     0.00000    0.000000000   -0.000000243   -0.000000433  258.837870  84522.1785
1254.00   15.0000    0.0000   15.0000  271.6510  271.6510  0.000000       0.00000       0.00000         234649.9737    0.000000    -0.00003     0.00000    0.000000000   -0.000000243   -0.000000433  258.795102  84388.4029
1266.00   15.0000    0.0000   15.0000  271.7290  271.7290  0.000000       0.00000       0.00000         234582.6172    0.000000    -0.00003     0.00000    0.000000000   -0.000000243   -0.000000432  258.752300  84254.8169
1278.00   15.0000    0.0000   15.0000  271.8070  271.8070  0.000000       0.00000       0.00000         234515.2995    0.000000    -0.00003     0.00000    0.000000000   -0.000000243   -0.000000432  258.709465  84121.4204
1290.00   15.0000    0.0000   15.0000  271.8850  271.8850  0.000000       0.00000       0.00000         234448.0203    0.000000    -0.00003     0.00000    0.000000000   -0.000000243   -0.000000432  258.666596  83988.2130
1302.00   15.0000    0.0000   15.0000  271.9630  271.9630  0.000000       0.00000       0.00000         234380.7797    0.000000    -0.00003     0.00000    0.000000000   -0.000000243   -0.000000431  258.623693  83855.1945
1314.00   15.0000    0.0000   15.0000  272.0410  272.0410  0.000000       0.00000       0.00000         234313.5777    0.000000    -0.00003     0.00000    0.000000000   -0.000000243   -0.000000431  258.580757  83722.3646
1326.00   15.0000    0.0000   15.0000  272.1190  272.1190  0.000000       0.00000       0.00000         234246.4143    0.000000    -0.00003     0.00000    0.000000000   -0.000000243   -0.000000431  258.537787  83589.7232
1338.00   15.0000    0.0000   15.0000  272.1970  272.1970  0.000000       0.00000       0.00000         234179.2893    0.000000    -0.00003     0.00000    0.000000000   -0.000000243   -0.000000430  258.494783  83457.2698
1350.00   15.0000    0.0000   15.0000  272.2750  272.2750  0.000000       0.00000       0.00000         234112.2027    0.000000    -0.00003     0.00000    0.000000000   -0.000000243   -0.000000430  258.451746  83325.0044
1362.00   15.0000    0.0000   15.0000  272.3530  272.3530  0.000000       0.00000       0.00000         234045.1546    0.000000    -0.00003     0.00000    0.000000000   -0.000000243   -0.000000430  258.408676  83192.9266
1374.00   15.0000    0.0000   15.0000  272.4310  272.4310  0.000000       0.00000       0.00000         233978.1449    0.000000    -0.00003     0.00000    0.000000000   -0.000000243   -0.000000429  258.365572  83061.0362
1386.00   15.0000    0.0000   15.0000  272.5090  272.5090  0.000000       0.00000       0.00000         233911.1736    0.000000    -0.00003     0.00000    0.000000000   -0.000000243   -0.000000429  258.322434  82929.3329
1398.00   15.0000    0.0000   15.0000  272.5870  272.5870  0.000000       0.00000       0.00000         233844.2406    0.000000    -0.00003     0.00000    0.000000000   -0.000000243   -0.000000428  258.279263  82797.8165
1410.00   15.0000    0.0000   15.0000  272.6650  272.6650  0.000000       0.00000       0.00000         233777.3458    0.000000    -0.00003     0.00000    0.000000000   -0.000000243   -0.000000428  258.236059  82666.4868
1422.00   15.0000    0.0000   15.0000  272.7430  272.7430  0.000000       0.00000       0.00000         233710.4894    0.000000    -0.00003     0.00000    0.000000000   -0.000000243   -0.000000428  258.192820  82535.3434
1434.00   15.0000    0.0000   15.0000  272.8210  272.8210  0.000000       0.00000       0.00000         233643.6711    0.000000    -0.00003     0.00000    0.000000000   -0.000000243   -0.000000427  258.149549  82404.3861
1446.00   15.0000    0.0000   15.0000  272.8990  272.8990  0.000000       0.00000       0.00000         233576.8911    0.000000    -0.00004     0.00000    0.000000000   -0.000000243   -0.000000427  258.106244  82273.6147
1458.00   15.0000    0.0000   15.0000  272.9770  272.9770  0.000000       0.00000       0.00000         233510.1492    0.000000    -0.00004     0.00000    0.000000000   -0.000000243   -0.000000426  258.062905  82143.0290
1470.00   15.0000    0.0000   15.0000  273.0550  273.0550  0.000000       0.00000       0.00000         233443.4455    0.000000    -0.00004     0.00000    0.000000000   -0.000000243   -0.000000426  258.019533  82012.6286
1482.00   15.0000    0.0000   15.0000  273.1330  273.1330  0.000000       0.00000       0.00000         233376.7798    0.000000    -0.00004     0.00000    0.000000000   -0.000000243   -0.000000426  257.976128  81882.4133
1494.00   15.0000    0.0000   15.0000  273.2110  273.2110  0.000000       0.00000       0.00000         233310.1522    0.000000    -0.00004     0.00000    0.000000000   -0.000000243   -0.000000425  257.932689  81752.3830
1506.00   15.0000    0.0000   15.0000  273.2890  273.2890  0.000000       0.00000       0.00000         233243.5627    0.000000    -0.00004     0.00000    0.000000000   -0.000000243   -0.000000425  257.889217  81622.5372
1518.00   15.0000    0.0000   15.0000  273.3670  273.3670  0.000000       0.00000       0.00000         233177.0111    0.000000    -0.00004     0.00000    0.000000000   -0.000000243   -0.000000425  257.845711  81492.8759
1530.00   15.0000    0.0000   15.0000  273.4450  273.4450  0.000000       0.00000       0.00000         233110.4975    0.000000    -0.00004     0.00000    0.000000000   -0.000000243   -0.000000424  257.802172  81363.3987
1542.00   15.0000    0.0000   15.0000  273.5230  273.5230  0.000000       0.00000       0.00000         233044.0219    0.000000    -0.00004     0.00000    0.000000000   -0.000000243   -0.000000424  257.758599  81234.1054
1554.00   15.0000    0.0000   15.0000  273.6010  273.6010  0.000000       0.00000       0.00000         232977.5841    0.000000    -0.00004     0.00000    0.000000000   -0.000000243   -0.000000423  257.714993  81104.9957
1566.00   15.0000    0.0000   15.0000  273.6790  273.6790  0.000000       0.00000       0.00000         232911.1843    0.000000    -0.00004     0.00000    0.000000000   -0.000000243   -0.000000423  257.671354  80976.0694
1578.00   15.0000    0.0000   15.0000  273.7570  273.7570  0.000000       0.00000       0.00000         232844.8222    0.000000    -0.00004     0.00000    0.000000000   -0.000000243   -0.000000423  257.627681  80847.3263
1590.00   15.0000    0.0000   15.0000  273.8350  273.8350  0.000000       0.00000       0.00000         232778.4980    0.000000    -0.00004     0.00000    0.000000000   -0.000000243   -0.000000422  257.583975  80718.7661
1602.00   15.0000    0.0000   15.0000  273.9130  273.9130  0.000000       0.00000       0.00000         232712.2115    0.000000    -0.00004     0.00000    0.000000000   -0.000000243   -0.000000422  257.540236  80590.3885
1614.00   15.0000    0.0000   15.0000  273.9910  273.9910  0.000000       0.00000       0.00000         232645.9628    0.000000    -0.00004     0.00000    0.000000000   -0.000000243   -0.000000421  257.496463  80462.1934
1626.00   15.0000    0.0000   15.0000  274.0690  274.0690  0.000000       0.00000       0.00000         232579.7518    0.000000    -0.00004     0.00000    0.000000000   -0.000000243   -0.000000421  257.452657  80334.1804
1638.00   15.0000    0.0000   15.0000  274.1470  274.1470  0.000000       0.00000       0.00000         232513.5785    0.000000    -0.00004     0.00000    0.000000000   -0.000000243   -0.000000421  257.408818  80206.3493
1650.00   15.0000    0.0000   15.0000  274.2250  274.2250  0.000000       0.00000       0.00000         232447.4428    0.000000    -0.00004     0.00000    0.000000000   -0.000000243   -0.000000420  257.364945  80078.7000
1662.00   15.0000    0.0000   15.0000  274.3030  274.3030  0.000000       0.00000       0.00000         232381.3447    0.000000    -0.00004     0.00000    0.000000000   -0.000000243   -0.000000420  257.321039  79951.2320
1674.00   15.0000    0.0000   15.0000  274.3810  274.3810  0.000000       0.00000       0.00000         232315.2842    0.000000    -0.00004     0.00000    0.000000000   -0.000000243   -0.000000419  257.277100  79823.9453
1686.00   15.0000    0.0000   15.0000  274.4590  274.4590  0.000000       0.00000       0.00000         232249.2613    0.000000    -0.00004     0.00000    0.000000000   -0.000000243   -0.000000419  257.233127  79696.8395
1698.00   15.0000    0.0000   15.0000  274.5370  274.5370  0.000000       0.00000       0.00000         232183.2758    0.000000    -0.00004     0.00000    0.000000000   -0.000000243   -0.000000418  257.189121  79569.9144
1710.00   15.0000    0.0000   15.0000  274.6150  274.6150  0.000000       0.00000       0.00000         232117.3279    0.000000    -0.00004     0.00000    0.000000000   -0.000000243   -0.000000418  257.145082  79443.1698
1722.00   15.0000    0.0000   15.0000  274.6930  274.6930  0.000000       0.00000       0.00000         232051.4174    0.000000    -0.00004     0.00000    0.000000000   -0.000000242   -0.000000418  257.101009  79316.6054
1734.00   15.0000    0.0000   15.0000  274.7710  274.7710  0.000000       0.00000       0.00000         231985.5443    0.000000    -0.00004     0.00000    0.000000000   -0.000000242   -0.000000417  257.056904  79190.2210
1746.00   15.0000    0.0000   15.0000  274.8490  274.8490  0.000000       0.00000       0.00000         231919.7086    0.000000    -0.00004     0.00000    0.000000000   -0.000000242   -0.000000417  257.012765  79064.0163
1758.00   15.0000    0.0000   15.0000  274.9270  274.9270  0.000000       0.00000       0.00000         231853.9103    0.000000    -0.00004     0.00000    0.000000000   -0.000000242   -0.000000416  256.968593  78937.9911
1770.00   15.0000    0.0000   15.0000  275.0050  275.0050  0.000000       0.00000       0.00000         231788.1493    0.000000    -0.00004     0.00000    0.000000000   -0.000000242   -0.000000416  256.924387  78812.1452
1782.00   15.0000    0.0000   15.0000  275.0830  275.0830  0.000000       0.00000       0.00000         231722.4256    0.000000    -0.00004     0.00000    0.000000000   -0.000000242   -0.000000416  256.880149  78686.4783
1794.00   15.0000    0.0000   15.0000  275.1610  275.1610  0.000000       0.00000       0.00000         231656.7391    0.000000    -0.00004     0.00000    0.000000000   -0.000000242   -0.000000415  256.835877  78560.9902
1806.00   15.0000    0.0000   15.0000  275.2390  275.2390  0.000000       0.00000       0.00000         231591.0899    0.000000    -0.00004     0.00000    0.000000000   -0.000000242   -0.000000415  256.791572  78435.6806
1818.00   15.0000    0.0000   15.0000  275.3170  275.3170  0.000000       0.00000       0.00000         231525.4779    0.000000    -0.00004     0.00000    0.000000000   -0.000000242   -0.000000414  256.747234  78310.5493
1830.00   15.0000    0.0000   15.0000  275.3950  275.3950  0.000000       0.00000       0.00000         231459.9030    0.000000    -0.00004     0.00000    0.000000000   -0.000000242   -0.000000414  256.702863  78185.5961
1842.00   15.0000    0.0000   15.0000  275.4730  275.4730  0.000000       0.00000       0.00000         231394.3653    0.000000    -0.00004     0.00000    0.000000000   -0.000000242   -0.000000413  256.658458  78060.8207
1854.00   15.0000    0.0000   15.0000  275.5510  275.5510  0.000000       0.00000       0.00000         231328.8647    0.000000    -0.00005     0.00000    0.000000000   -0.000000242   -0.000000413  256.614021  77936.2229
1866.00   15.0000    0.0000   15.0000  275.6290  275.6290  0.000000       0.00000       0.00000         231263.4012    0.000000    -0.00005     0.00000    0.000000000   -0.000000242   -0.000000413  256.569550  77811.8024
1878.00   15.0000    0.0000   15.0000  275.7070  275.7070  0.000000       0.00000       0.00000         231197.9747    0.000000    -0.00005     0.00000    0.000000000   -0.000000242   -0.000000412  256.525046  77687.5590
1890.00   15.0000    0.0000   15.0000  275.7850  275.7850  0.000000       0.00000       0.00000         231132.5852    0.000000    -0.00005     0.00000    0.000000000   -0.000000242   -0.000000412  256.480509  77563.4925
1902.00   15.0000    0.0000   15.0000  275.8630  275.8630  0.000000       0.00000       0.00000         231067.2326    0.000000    -0.00005     0.00000    0.000000000   -0.000000242   -0.000000411  256.435939  77439.6026
1914.00   15.0000    0.0000   15.0000  275.9410  275.9410  0.000000       0.00000       0.00000         231001.9171    0.000000    -0.00005     0.00000    0.000000000   -0.000000241   -0.000000411  256.391335  77315.8891
1926.00   15.0000    0.0000   15.0000  276.0190  276.0190  0.000000       0.00000       0.00000         230936.6384    0.000000    -0.00005     0.00000    0.000000000   -0.000000241   -0.000000410  256.346699  77192.3518
1938.00   15.0000    0.0000   15.0000  276.0970  276.0970  0.000000       0.00000       0.00000         230871.3966    0.000000    -0.00005     0.00000    0.000000000   -0.000000241   -0.000000410  256.302030  77068.9904
1950.00   15.0000    0.0000   15.0000  276.1750  276.1750  0.000000       0.00000       0.00000         230806.1917    0.000000    -0.00005     0.00000    0.000000000   -0.000000241   -0.000000409  256.257327  76945.8047
1962.00   15.0000    0.0000   15.0000  276.2530  276.2530  0.000000       0.00000       0.00000         230741.0236    0.000000    -0.00005     0.00000    0.000000000   -0.000000241   -0.000000409  256.212591  76822.7944
1974.00   15.0000    0.0000   15.0000  276.3310  276.3310  0.000000       0.00000       0.00000         230675.8923    0.000000    -0.00005     0.00000    0.000000000   -0.000000241   -0.000000409  256.167823  76699.9594
1986.00   15.0000    0.0000   15.0000  276.4090  276.4090  0.000000       0.00000       0.00000         230610.7978    0.000000    -0.00005     0.00000    0.000000000   -0.000000241   -0.000000408  256.123021  76577.2993
1998.00   15.0000    0.0000   15.0000  276.4870  276.4870  0.000000       0.00000       0.00000         230545.7399    0.000000    -0.00005     0.00000    0.000000000   -0.000000241   -0.000000408  256.078186  76454.8140
2010.00   15.0000    0.0000   15.0000  276.5650  276.5650  0.000000       0.00000       0.00000         230480.7188    0.000000    -0.00005     0.00000    0.000000000   -0.000000241   -0.000000407  256.033318  76332.5032
2022.00   15.0000    0.0000   15.0000  276.6430  276.6430  0.000000       0.00000       0.00000         230415.7344    0.000000    -0.00005     0.00000    0.000000000   -0.000000241   -0.000000407  255.988418  76210.3666
2034.00   15.0000    0.0000   15.0000  276.7210  276.7210  0.000000       0.00000       0.00000         230350.7865    0.000000    -0.00005     0.00000    0.000000000   -0.000000241   -0.000000406  255.943484  76088.4042
2046.00   15.0000    0.0000   15.0000  276.7990  276.7990  0.000000       0.00000       0.00000         230285.8753    0.000000    -0.00005     0.00000    0.000000000   -0.000000241   -0.000000406  255.898517  75966.6155
2058.00   15.0000    0.0000   15.0000  276.8770  276.8770  0.000000       0.00000       0.00000         230221.0007    0.000000    -0.00005     0.00000    0.000000000   -0.000000241   -0.000000405  255.853517  75845.0004
2070.00   15.0000    0.0000   15.0000  276.9550  276.9550  0.000000       0.00000       0.00000         230156.1626    0.000000    -0.00005     0.00000    0.000000000   -0.000000240   -0.000000405  255.808484  75723.5586
2082.00   15.0000    0.0000   15.0000  277.0330  277.0330  0.000000       0.00000       0.00000         230091.3610    0.000000    -0.00005     0.00000    0.000000000   -0.000000240   -0.000000404  255.763418  75602.2900
2094.00   15.0000    0.0000   15.0000  277.1110  277.1110  0.000000       0.00000       0.00000         230026.5958    0.000000    -0.00005     0.00000    0.000000000   -0.000000240   -0.000000404  255.718320  75481.1942
2106.00   15.0000    0.0000   15.0000  277.1890  277.1890  0.000000       0.00000       0.00000         229961.8672    0.000000    -0.00005     0.00000    0.000000000   -0.000000240   -0.000000404  255.673188  75360.2711
2118.00   15.0000    0.0000   15.0000  277.2670  277.2670  0.000000       0.00000       0.00000         229897.1749    0.000000    -0.00005     0.00000    0.000000000   -0.000000240   -0.000000403  255.628023  75239.5204
2130.00   15.0000    0.0000   15.0000  277.3450  277.3450  0.000000       0.00000       0.00000         229832.5191    0.000000    -0.00005     0.00000    0.000000000   -0.000000240   -0.000000403  255.582826  75118.9419
2142.00   15.0000    0.0000   15.0000  277.4230  277.4230  0.000000       0.00000       0.00000         229767.8996    0.000000    -0.00005     0.00000    0.000000000   -0.000000240   -0.000000402  255.537595  74998.5354
2154.00   15.0000    0.0000   15.0000  277.5010  277.5010  0.000000       0.00000       0.00000         229703.3164    0.000000    -0.00005     0.00000    0.000000000   -0.000000240   -0.000000402  255.492332  74878.3006
2166.00   15.0000    0.0000   15.0000  277.5790  277.5790  0.000000       0.00000       0.00000         229638.7695    0.000000    -0.00005     0.00000    0.000000000   -0.000000240   -0.000000401  255.447035  74758.2372
2178.00   15.0000    0.0000   15.0000  277.6570  277.6570  0.000000       0.00000       0.00000         229574.2589    0.000000    -0.00005     0.00000    0.000000000   -0.000000240   -0.000000401  255.401706  74638.3452
2190.00   15.0000    0.0000   15.0000  277.7350  277.7350  0.000000       0.00000       0.00000         229509.7845    0.000000    -0.00005     0.00000    0.000000000   -0.000000239   -0.000000400  255.356344  74518.6242
2202.00   15.0000    0.0000   15.0000  277.8130  277.8130  0.000000       0.00000       0.00000         229445.3463    0.000000    -0.00005     0.00000    0.000000000   -0.000000239   -0.000000400  255.310949  74399.0740
2214.00   15.0000    0.0000   15.0000  277.8910  277.8910  0.000000       0.00000       0.00000         229380.9443    0.000000    -0.00005     0.00000    0.000000000   -0.000000239   -0.000000399  255.265521  74279.6943
2226.00   15.0000    0.0000   15.0000  277.9690  277.9690  0.000000       0.00000       0.00000         229316.5785    0.000000    -0.00005     0.00000    0.000000000   -0.000000239   -0.000000399  255.220060  74160.4850
2238.00   15.0000    0.0000   15.0000  278.0470  278.0470  0.000000       0.00000       0.00000         229252.2487    0.000000    -0.00005     0.00000    0.000000000   -0.000000239   -0.000000398  255.174566  74041.4459
2250.00   15.0000    0.0000   15.0000  278.1250  278.1250  0.000000       0.00000       0.00000         229187.9551    0.000000    -0.00005     0.00000    0.000000000   -0.000000239   -0.000000398  255.129040  73922.5766
2262.00   15.0000    0.0000   15.0000  278.2030  278.2030  0.000000       0.00000       0.00000         229123.6974    0.000000    -0.00006     0.00000    0.000000000   -0.000000239   -0.000000397  255.083480  73803.8770
2274.00   15.0000    0.0000   15.0000  278.2810  278.2810  0.000000       0.00000       0.00000         229059.4759    0.000000    -0.00006     0.00000    0.000000000   -0.000000239   -0.000000397  255.037888  73685.3469
2286.00   15.0000    0.0000   15.0000  278.3590  278.3590  0.000000       0.00000       0.00000         228995.2903    0.000000    -0.00006     0.00000    0.000000000   -0.000000239   -0.000000396  254.992263  73566.9859
2298.00   15.0000    0.0000   15.0000  278.4370  278.4370  0.000000       0.00000       0.00000         228931.1406    0.000000    -0.00006     0.00000    0.000000000   -0.000000238   -0.000000396  254.946605  73448.7940
2310.00   15.0000    0.0000   15.0000  278.5150  278.5150  0.000000       0.00000       0.00000         228867.0269    0.000000    -0.00006     0.00000    0.000000000   -0.000000238   -0.000000396  254.900915  73330.7708
2322.00   15.0000    0.0000   15.0000  278.5930  278.5930  0.000000       0.00000       0.00000         228802.9491    0.000000    -0.00006     0.00000    0.000000000   -0.000000238   -0.000000395  254.855191  73212.9161
2334.00   15.0000    0.0000   15.0000  278.6710  278.6710  0.000000       0.00000       0.00000         228738.9072    0.000000    -0.00006     0.00000    0.000000000   -0.000000238   -0.000000395  254.809435  73095.2298
2346.00   15.0000    0.0000   15.0000  278.7490  278.7490  0.000000       0.00000       0.00000         228674.9011    0.000000    -0.00006     0.00000    0.000000000   -0.000000238   -0.000000394  254.763646  72977.7115
2358.00   15.0000    0.0000   15.0000  278.8270  278.8270  0.000000       0.00000       0.00000         228610.9308    0.000000    -0.00006     0.00000    0.000000000   -0.000000238   -0.000000394  254.717824  72860.3611
2370.00   15.0000    0.0000   15.0000  278.9050  278.9050  0.000000       0.00000       0.00000         228546.9963    0.000000    -0.00006     0.00000    0.000000000   -0.000000238   -0.000000393  254.671970  72743.1784
2382.00   15.0000    0.0000   15.0000  278.9830  278.9830  0.000000       0.00000       0.00000              0.0000    0.000000    -0.00006     0.00000    0.000000000    0.000000000    0.000000000  254.626083  72626.1630
2394.00   15.0000    0.0000   15.0000  279.0610  279.0610  0.000000       0.00000       0.00000              0.0000    0.000000     0.00000     0.00000    0.000000000    0.000000000    0.000000000  254.580163  72509.3148
