   0.00    0.0000    0.0000    0.0000  240.5459  240.5459  0.000000       0.00000       0.00000              0.0000    0.000000     0.00000     0.00000    0.000000000    0.000000000    0.000000000    0.000000      0.0000
   6.00    7.8164    3.5520    8.5856  242.0368  242.0368  0.000000       0.73433       0.73433              0.0000    0.000000     0.00000     0.00000   -0.000008519    0.000000000    0.000000000  241.949047  99873.0807
  18.00    8.8402    3.9407    9.6787  242.1412  242.1412  0.000000       2.29103       2.29103              0.0533    0.000000    -0.00000     0.00000   -0.000019947    0.000000000    0.000000000  241.907010  99661.7128
  30.00    9.4915    4.1452   10.3572  242.2101  242.2101  0.000000       2.21227       2.21227              0.0777    0.000000    -0.00000     0.00000   -0.000024230   -0.000000073   -0.000000108  241.858707  99492.9420
  42.00   10.0866    4.2946   10.9628  242.2755  242.2755  0.000000       2.42573       2.42573              0.0918    0.000000    -0.00000     0.00000   -0.000026300   -0.000000082   -0.000000116  241.806867  99324.4221
  54.00   10.6220    4.3961   11.4958  242.3368  242.3368  0.000000       2.39330       2.39330              0.1066    0.000000    -0.00000     0.00000   -0.000027849   -0.000000087   -0.000000121  241.750976  99156.1501
  66.00   11.1282    4.4610   11.9891  242.3976  242.3976  0.000000       2.33932       2.33932              0.1197    0.000000    -0.00000     0.00000   -0.000029122   -0.000000087   -0.000000121  241.694482  98988.1243
  78.00   11.6118    4.4932   12.4508  242.4587  242.4587  0.000000       2.22641       2.22641              0.1326    0.000000    -0.00000     0.00000   -0.000030233   -0.000000084   -0.000000118  241.638340  98820.3441
  90.00   12.0796    4.4946   12.8887  242.5214  242.5214  0.000000       2.08885       2.08885              0.1455    0.000000    -0.00000     0.00000   -0.000031261   -0.000000080   -0.000000114  241.583695  98652.8100
 102.00   12.5345    4.4661   13.3064  242.5864  242.5864  0.000000       1.93074       1.93074              0.1586    0.000000    -0.00000     0.00000   -0.000032267   -0.000000074   -0.000000108  241.531380  98485.5228
 114.00   12.9785    4.4073   13.7064  242.6547  242.6547  0.000000       1.76165       1.76165              0.1722    0.000000    -0.00000     0.00000   -0.000033253   -0.000000065   -0.000000100  241.482265  98318.4843
 126.00   13.4123    4.3176   14.0902  242.7272  242.7272  0.000000       1.58643       1.58643              0.1866    0.000000    -0.00000     0.00000   -0.000034266   -0.000000055   -0.000000090  241.437259  98151.6966
 138.00   13.8359    4.1956   14.4580  242.8049  242.8049  0.000000       1.40963       1.40963              0.2022    0.000000    -0.00000     0.00000   -0.000035348   -0.000000042   -0.000000077  241.397408  97985.1627
 150.00   14.2481    4.0393   14.8096  242.8890  242.8890  0.000000       1.23457       1.23457              0.2191    0.000000    -0.00000     0.00000   -0.000036549   -0.000000026   -0.000000062  241.363966  97818.8860
 162.00   14.6472    3.8466   15.1438  242.9812  242.9812  0.000000       1.06412       1.06412              0.2379    0.000000    -0.00001     0.00000   -0.000037954   -0.000000007   -0.000000043  241.338502  97652.8713
 174.00   15.0301    3.6143   15.4586  243.0836  243.0836  0.000000       0.90047       0.90047              0.2592    0.000000    -0.00001     0.00000   -0.000039697    0.000000018   -0.000000019  241.323044  97487.1243
 186.00   15.3924    3.3394   15.7505  243.1988  243.1988  0.000000       0.74603       0.74603              0.2836    0.000000    -0.00001     0.00000   -0.000042046    0.000000050    0.000000011  241.320271  97321.6524
 198.00   15.7278    3.0178   16.0147  243.3305  243.3305  0.000000       0.60173       0.60173              0.3122    0.000000    -0.00001     0.00000   -0.000045048    0.000000092    0.000000051  241.333857  97156.4650
 210.00   16.0268    2.6458   16.2437  243.4839  243.4839  0.000000       0.47083       0.47083              0.3463    0.000000    -0.00001     0.00000   -0.000049559    0.000000149    0.000000106  241.368901  96991.5747
 222.00   16.2764    2.2189   16.4270  243.6669  243.6669  0.000000       0.35041       0.35041              0.3890    0.000000    -0.00002     0.00000   -0.000056539    0.000000227    0.000000180  241.433183  96826.9979
 234.00   16.4552    1.7384   16.5468  243.8894  243.8894  0.000000       0.25194       0.25194              0.4414    0.000000    -0.00002     0.00000   -0.000067895    0.000000342    0.000000289  241.536482  96662.7574
 246.00   16.5350    1.1992   16.5785  244.1731  244.1731  0.000000       0.15152       0.15152              0.5217    0.000000    -0.00003     0.00000   -0.000087753    0.000000486    0.000000426  241.700293  96498.8860
 258.00   16.4706    0.6615   16.4838  244.5173  244.5173  0.000000       0.10763       0.10763              0.5917    0.000000    -0.00003     0.00000   -0.000132744    0.000000715    0.000000643  241.923833  96335.4233
 270.00   16.1554    0.1127   16.1558  244.9874  244.9874  0.000000       0.00076       0.00076              2.4449    0.000000     0.00000     0.00000   -0.000160150    0.000009785    0.000007287  242.271735  96172.4298
 282.00   15.0089   -0.0085   15.0089  251.0965  251.0965  0.000000       0.00003       0.00003              5.0531    0.000000    -0.00010     0.00000   -0.000016609    0.000011522    0.000013405  248.194528  96011.7659
 294.00   15.0000   -0.0000   15.0000  252.2527  252.2527  0.000000       0.00000       0.00000          13871.0125    0.000000    -0.00010     0.00000   -0.000000129    0.000004457    0.000004243  249.220000  95853.6328
 306.00   15.0000   -0.0000   15.0000  253.3753  253.3753  0.000000       0.00000       0.00000        3127595.9986    0.000000    -0.00008     0.00000    0.000000000    0.000003999    0.000003840  250.211747  95696.3973
 318.00   15.0000   -0.0000   15.0000  254.1921  254.1921  0.000000       0.00000       0.00000        2405945.2039    0.000000    -0.00007     0.00000    0.000000000    0.000003174    0.000003008  250.901098  95539.9463
 330.00   15.0000   -0.0000   15.0000  254.8720  254.8720  0.000000       0.00000       0.00000        2028340.2586    0.000000    -0.00006     0.00000    0.000000000    0.000002731    0.000002569  251.454933  95384.1374
 342.00   15.0000   -0.0000   15.0000  255.4573  255.4573  0.000000       0.00000       0.00000        1769966.9785    0.000000    -0.00006     0.00000    0.000000000    0.000002416    0.000002257  251.915159  95228.8959
 354.00   15.0000    0.0000   15.0000  255.9786  255.9786  0.000000       0.00000       0.00000        1578564.3977    0.000000    -0.00005     0.00000    0.000000000    0.000002172    0.000002016  252.311980  95074.1703
 366.00   15.0000    0.0000   15.0000  256.4462  256.4462  0.000000       0.00000       0.00000        1433777.0546    0.000000    -0.00005     0.00000    0.000000000    0.000001983    0.000001828  252.655733  94919.9225
 378.00   15.0000    0.0000   15.0000  256.8784  256.8784  0.000000       0.00000       0.00000        1313252.7253    0.000000    -0.00005     0.00000    0.000000000    0.000001818    0.000001665  252.964351  94766.1235
 390.00   15.0000    0.0000   15.0000  257.2718  257.2718  0.000000       0.00000       0.00000        1217923.8056    0.000000    -0.00005     0.00000    0.000000000    0.000001685    0.000001532  253.234573  94612.7491
 402.00   15.0000    0.0000   15.0000  257.6453  257.6453  0.000000       0.00000       0.00000        1137103.0462    0.000000    -0.00004     0.00000    0.000000000    0.000001568    0.000001417  253.484975  94459.7802
 414.00   15.0000    0.0000   15.0000  257.9888  257.9888  0.000000       0.00000       0.00000        1070545.7418    0.000000    -0.00004     0.00000    0.000000000    0.000001471    0.000001319  253.705808  94307.2004
 426.00   15.0000    0.0000   15.0000  258.3212  258.3212  0.000000       0.00000       0.00000        1014539.4767    0.000000    -0.00004     0.00000    0.000000000    0.000001387    0.000001236  253.915495  94154.9962
 438.00   15.0000    0.0000   15.0000  258.6302  258.6302  0.000000       0.00000       0.00000         960244.7296    0.000000    -0.00004     0.00000    0.000000000    0.000001302    0.000001151  254.102076  94003.1560
 450.00   15.0000    0.0000   15.0000  258.9290  258.9290  0.000000       0.00000       0.00000         916334.9163    0.000000    -0.00004     0.00000    0.000000000    0.000001233    0.000001082  254.278459  93851.6689
 462.00   15.0000    0.0000   15.0000  259.2109  259.2109  0.000000       0.00000       0.00000         874050.8368    0.000000    -0.00004     0.00000    0.000000000    0.000001164    0.000001013  254.438131  93700.5258
 474.00   15.0000    0.0000   15.0000  259.4835  259.4835  0.000000       0.00000       0.00000         839327.3066    0.000000    -0.00004     0.00000    0.000000000    0.000001107    0.000000956  254.588540  93549.7179
 486.00   15.0000    0.0000   15.0000  259.7439  259.7439  0.000000       0.00000       0.00000         805909.9531    0.000000    -0.00004     0.00000    0.000000000    0.000001050    0.000000899  254.726899  93399.2380
 498.00   15.0000    0.0000   15.0000  259.9958  259.9958  0.000000       0.00000       0.00000         777319.0652    0.000000    -0.00004     0.00000    0.000000000    0.000001001    0.000000850  254.856759  93249.0792
 510.00   15.0000    0.0000   15.0000  260.2385  260.2385  0.000000       0.00000       0.00000         751029.1528    0.000000    -0.00004     0.00000    0.000000000    0.000000956    0.000000804  254.977542  93099.2354
 522.00   15.0000    0.0000   15.0000  260.4741  260.4741  0.000000       0.00000       0.00000         727031.2469    0.000000    -0.00004     0.00000    0.000000000    0.000000913    0.000000761  255.091227  92949.7012
 534.00   15.0000    0.0000   15.0000  260.7020  260.7020  0.000000       0.00000       0.00000         705627.5138    0.000000    -0.00004     0.00000    0.000000000    0.000000875    0.000000722  255.197237  92800.4714
 546.00   15.0000    0.0000   15.0000  260.9243  260.9243  0.000000       0.00000       0.00000         684429.7673    0.000000    -0.00004     0.00000    0.000000000    0.000000836    0.000000683  255.297742  92651.5413
 558.00   15.0000    0.0000   15.0000  261.1390  261.1390  0.000000       0.00000       0.00000         664171.4596    0.000000    -0.00004     0.00000    0.000000000    0.000000798    0.000000644  255.390682  92502.9066
 570.00   15.0000    0.0000   15.0000  261.3488  261.3488  0.000000       0.00000       0.00000         644819.3088    0.000000    -0.00004     0.00000    0.000000000    0.000000760    0.000000607  255.478679  92354.5628
 582.00   15.0000    0.0000   15.0000  261.5515  261.5515  0.000000       0.00000       0.00000         627618.3838    0.000000    -0.00004     0.00000    0.000000000    0.000000727    0.000000573  255.559663  92206.5059
 594.00   15.0000    0.0000   15.0000  261.7505  261.7505  0.000000       0.00000       0.00000         611769.2236    0.000000    -0.00004     0.00000    0.000000000    0.000000696    0.000000542  255.637030  92058.7320
 606.00   15.0000    0.0000   15.0000  261.9434  261.9434  0.000000       0.00000       0.00000         596173.4162    0.000000    -0.00004     0.00000    0.000000000    0.000000665    0.000000510  255.708217  91911.2379
 618.00   15.0000    0.0000   15.0000  262.1327  262.1327  0.000000       0.00000       0.00000         582528.7246    0.000000    -0.00004     0.00000    0.000000000    0.000000637    0.000000483  255.775930  91764.0200
 630.00   15.0000    0.0000   15.0000  262.3171  262.3171  0.000000       0.00000       0.00000         569286.5646    0.000000    -0.00004     0.00000    0.000000000    0.000000610    0.000000455  255.838676  91617.0753
 642.00   15.0000    0.0000   15.0000  262.4982  262.4982  0.000000       0.00000       0.00000         558131.8544    0.000000    -0.00004     0.00000    0.000000000    0.000000587    0.000000432  255.898186  91470.4010
 654.00   15.0000    0.0000   15.0000  262.6756  262.6756  0.000000       0.00000       0.00000         547134.3267    0.000000    -0.00004     0.00000    0.000000000    0.000000564    0.000000409  255.954029  91323.9945
 666.00   15.0000    0.0000   15.0000  262.8499  262.8499  0.000000       0.00000       0.00000         537377.1711    0.000000    -0.00004     0.00000    0.000000000    0.000000544    0.000000388  256.006727  91177.8533
 678.00   15.0000    0.0000   15.0000  263.0213  263.0213  0.000000       0.00000       0.00000         528420.8430    0.000000    -0.00004     0.00000    0.000000000    0.000000526    0.000000369  256.056527  91031.9751
 690.00   15.0000    0.0000   15.0000  263.1900  263.1900  0.000000       0.00000       0.00000         520399.1500    0.000000    -0.00004     0.00000    0.000000000    0.000000509    0.000000352  256.103677  90886.3578
 702.00   15.0000    0.0000   15.0000  263.3565  263.3565  0.000000       0.00000       0.00000         513131.7486    0.000000    -0.00004     0.00000    0.000000000    0.000000494    0.000000337  256.148511  90740.9996
 714.00   15.0000    0.0000   15.0000  263.5208  263.5208  0.000000       0.00000       0.00000         507002.1584    0.000000    -0.00004     0.00000    0.000000000    0.000000481    0.000000324  256.191163  90595.8987
 726.00   15.0000    0.0000   15.0000  263.6835  263.6835  0.000000       0.00000       0.00000         502169.9723    0.000000    -0.00004     0.00000    0.000000000    0.000000472    0.000000314  256.232206  90451.0534
 738.00   15.0000    0.0000   15.0000  263.8448  263.8448  0.000000       0.00000       0.00000         498333.5468    0.000000    -0.00004     0.00000    0.000000000    0.000000464    0.000000306  256.271879  90306.4624
 750.00   15.0000    0.0000   15.0000  264.0053  264.0053  0.000000       0.00000       0.00000         495263.1279    0.000000    -0.00004     0.00000    0.000000000    0.000000459    0.000000300  256.310565  90162.1246
 762.00   15.0000    0.0000   15.0000  264.1648  264.1648  0.000000       0.00000       0.00000         492767.6068    0.000000    -0.00004     0.00000    0.000000000    0.000000455    0.000000295  256.348359  90018.0390
 774.00   15.0000    0.0000   15.0000  264.3238  264.3238  0.000000       0.00000       0.00000         490672.6798    0.000000    -0.00004     0.00000    0.000000000    0.000000452    0.000000292  256.385525  89874.2047
 786.00   15.0000    0.0000   15.0000  264.4822  264.4822  0.000000       0.00000       0.00000         489977.0979    0.000000    -0.00004     0.00000    0.000000000    0.000000452    0.000000291  256.422049  89730.6208
 798.00   15.0000    0.0000   15.0000  264.6410  264.6410  0.000000       0.00000       0.00000         490872.3511    0.000000    -0.00004     0.00000    0.000000000    0.000000457    0.000000295  256.458822  89587.2868
 810.00   15.0000    0.0000   15.0000  264.8002  264.8002  0.000000       0.00000       0.00000         492848.3346    0.000000    -0.00004     0.00000    0.000000000    0.000000464    0.000000302  256.495952  89444.2023
 822.00   15.0000    0.0000   15.0000  264.9604  264.9604  0.000000       0.00000       0.00000         496139.5709    0.000000    -0.00004     0.00000    0.000000000    0.000000475    0.000000311  256.534010  89301.3673
 834.00   15.0000    0.0000   15.0000  265.1219  265.1219  0.000000       0.00000       0.00000         501729.0679    0.000000    -0.00004     0.00000    0.000000000    0.000000492    0.000000327  256.573253  89158.7818
 846.00   15.0000    0.0000   15.0000  265.2859  265.2859  0.000000       0.00000       0.00000         509996.9002    0.000000    -0.00004     0.00000    0.000000000    0.000000516    0.000000350  256.614868  89016.4465
 858.00   15.0000    0.0000   15.0000  265.4530  265.4530  0.000000       0.00000       0.00000         520721.9558    0.000000    -0.00005     0.00000    0.000000000    0.000000547    0.000000380  256.659354  88874.3621
 870.00   15.0000    0.0000   15.0000  265.6242  265.6242  0.000000       0.00000       0.00000         537092.6821    0.000000    -0.00005     0.00000    0.000000000    0.000000594    0.000000424  256.707761  88732.5302
 882.00   15.0000    0.0000   15.0000  265.8021  265.8021  0.000000       0.00000       0.00000         553741.5295    0.000000    -0.00005     0.00000    0.000000000    0.000000641    0.000000470  256.762593  88590.9531
 894.00   15.0000    0.0000   15.0000  265.9844  265.9844  0.000000       0.00000       0.00000         584040.2678    0.000000    -0.00006     0.00000    0.000000000    0.000000727    0.000000553  256.821534  88449.6332
 906.00   15.0000    0.0000   15.0000  266.1823  266.1823  0.000000       0.00000       0.00000         604118.7362    0.000000    -0.00006     0.00000    0.000000000    0.000000786    0.000000610  256.895487  88308.5752
 918.00   15.0000    0.0000   15.0000  266.3780  266.3780  0.000000       0.00000       0.00000         669873.8920    0.000000    -0.00007     0.00000    0.000000000    0.000000972    0.000000789  256.967162  88167.7820
 930.00   15.0000    0.0000   15.0000  266.6190  266.6190  0.000000       0.00000       0.00000         682295.9870    0.000000    -0.00006     0.00000    0.000000000    0.000001014    0.000000831  257.082562  88027.2644
 942.00   15.0000    0.0000   15.0000  266.8232  266.8232  0.000000       0.00000       0.00000         850801.2013    0.000000    -0.00010     0.00000    0.000000000    0.000001497    0.000001294  257.162260  87887.0239
 954.00   15.0000    0.0000   15.0000  267.1746  267.1746  0.000000       0.00000       0.00000         822412.0271    0.000000    -0.00006     0.00000    0.000000000    0.000001430    0.000001242  257.383804  87747.0887
 966.00   15.0000    0.0000   15.0000  267.3609  267.3609  0.000000       0.00000       0.00000        1262559.4094    0.000000    -0.00019     0.00000    0.000000000    0.000002740    0.000002471  257.446149  87607.4534
 978.00   15.0000    0.0000   15.0000  268.0007  268.0007  0.000000       0.00000       0.00000        1160928.3389    0.000000    -0.00004     0.00000    0.000000000    0.000002464    0.000002283  257.945000  87468.1917
 990.00   15.0000    0.0000   15.0000  268.1224  268.1224  0.000000       0.00000       0.00000        3066616.0506    0.000000    -0.00058     0.00000    0.000000000    0.000008678    0.000007803  257.944942  87329.2860
1002.00   15.0000    0.0000   15.0000  270.0130  270.0130  0.000000       0.00000       0.00000        2979125.3880    0.000000    -0.00002     0.00000    0.000000000    0.000008468    0.000008652  259.646310  87191.0545
1014.00   15.0000    0.0000   15.0000  270.0910  270.0910  0.000000       0.00000       0.00000         236005.2723    0.000000    -0.00002     0.00000    0.000000000   -0.000000242   -0.000000439  259.604204  87053.4843
1026.00   15.0000    0.0000   15.0000  270.1690  270.1690  0.000000       0.00000       0.00000         235937.1356    0.000000    -0.00002     0.00000    0.000000000   -0.000000242   -0.000000438  259.562065  86916.1089
1038.00   15.0000    0.0000   15.0000  270.2470  270.2470  0.000000       0.00000       0.00000         235869.0383    0.000000    -0.00003     0.00000    0.000000000   -0.000000242   -0.000000438  259.519892  86778.9280
1050.00   15.0000    0.0000   15.0000  270.3250  270.3250  0.000000       0.00000       0.00000         235800.9803    0.000000    -0.00003     0.00000    0.000000000   -0.000000242   -0.000000438  259.477685  86641.9414
1062.00   15.0000    0.0000   15.0000  270.4030  270.4030  0.000000       0.00000       0.00000         235732.9615    0.000000    -0.00003     0.00000    0.000000000   -0.000000242   -0.000000437  259.435445  86505.1488
1074.00   15.0000    0.0000   15.0000  270.4810  270.4810  0.000000       0.00000       0.00000         235664.9820    0.000000    -0.00003     0.00000    0.000000000   -0.000000242   -0.000000437  259.393171  86368.5499
1086.00   15.0000    0.0000   15.0000  270.5590  270.5590  0.000000       0.00000       0.00000         235597.0417    0.000000    -0.00003     0.00000    0.000000000   -0.000000243   -0.000000437  259.350863  86232.1446
1098.00   15.0000    0.0000   15.0000  270.6370  270.6370  0.000000       0.00000       0.00000         235529.1405    0.000000    -0.00003     0.00000    0.000000000   -0.000000243   -0.000000436  259.308521  86095.9324
1110.00   15.0000    0.0000   15.0000  270.7150  270.7150  0.000000       0.00000       0.00000         235461.2785    0.000000    -0.00003     0.00000    0.000000000   -0.000000243   -0.000000436  259.266145  85959.9132
1122.00   15.0000    0.0000   15.0000  270.7930  270.7930  0.000000       0.00000       0.00000         235393.4555    0.000000    -0.00003     0.00000    0.000000000   -0.000000243   -0.000000436  259.223736  85824.0867
1134.00   15.0000    0.0000   15.0000  270.8710  270.8710  0.000000       0.00000       0.00000         235325.6716    0.000000    -0.00003     0.00000    0.000000000   -0.000000243   -0.000000435  259.181293  85688.4527
1146.00   15.0000    0.0000   15.0000  270.9490  270.9490  0.000000       0.00000       0.00000         235257.9268    0.000000    -0.00003     0.00000    0.000000000   -0.000000243   -0.000000435  259.138816  85553.0108
1158.00   15.0000    0.0000   15.0000  271.0270  271.0270  0.000000       0.00000       0.00000         235190.2209    0.000000    -0.00003     0.00000    0.000000000   -0.000000243   -0.000000435  259.096306  85417.7608
1170.00   15.0000    0.0000   15.0000  271.1050  271.1050  0.000000       0.00000       0.00000         235122.5540    0.000000    -0.00003     0.00000    0.000000000   -0.000000243   -0.000000434  259.053761  85282.7025
1182.00   15.0000    0.0000   15.0000  271.1830  271.1830  0.000000       0.00000       0.00000         235054.9260    0.000000    -0.00003     0.00000    0.000000000   -0.000000243   -0.000000434  259.011183  85147.8357
1194.00   15.0000    0.0000   15.0000  271.2610  271.2610  0.000000       0.00000       0.00000         234987.3369    0.000000    -0.00003     0.00000    0.000000000   -0.000000243   -0.000000434  258.968572  85013.1600
1206.00   15.0000    0.0000   15.0000  271.3390  271.3390  0.000000       0.00000       0.00000         234919.7867    0.000000    -0.00003     0.00000    0.000000000   -0.000000243   -0.000000433  258.925927  84878.6751
1218.00   15.0000    0.0000   15.0000  271.4170  271.4170  0.000000       0.00000       0.00000         234852.2753    0.000000    -0.00003     0.00000    0.000000000   -0.000000243   -0.000000433  258.883248  84744.3809
1230.00   15.0000    0.0000   15.0000  271.4950  271.4950  0.000000       0.00000       0.00000         234784.8027    0.000000    -0.00003     0.00000    0.000000000   -0.000000243   -0.000000433  258.840535  84610.2771
1242.00   15.0000    0.0000   15.0000  271.5730  271.5730  0.000000       0.00000       0.00000         234717.3688    0.000000    -0.00003     0.00000    0.000000000   -0.000000243   -0.000000432  258.797789  84476.3635
1254.00   15.0000    0.0000   15.0000  271.6510  271.6510  0.000000       0.00000       0.00000         234649.9737    0.000000    -0.00003     0.00000    0.000000000   -0.000000243   -0.000000432  258.755009  84342.6396
1266.00   15.0000    0.0000   15.0000  271.7290  271.7290  0.000000       0.00000       0.00000         234582.6172    0.000000    -0.00003     0.00000    0.000000000   -0.000000243   -0.000000432  258.712196  84209.1054
1278.00   15.0000    0.0000   15.0000  271.8070  271.8070  0.000000       0.00000       0.00000         234515.2995    0.000000    -0.00003     0.00000    0.000000000   -0.000000243   -0.000000431  258.669349  84075.7606
1290.00   15.0000    0.0000   15.0000  271.8850  271.8850  0.000000       0.00000       0.00000         234448.0203    0.000000    -0.00003     0.00000    0.000000000   -0.000000243   -0.000000431  258.626468  83942.6049
1302.00   15.0000    0.0000   15.0000  271.9630  271.9630  0.000000       0.00000       0.00000         234380.7797    0.000000    -0.00003     0.00000    0.000000000   -0.000000243   -0.000000430  258.583554  83809.6380
1314.00   15.0000    0.0000   15.0000  272.0410  272.0410  0.000000       0.00000       0.00000         234313.5777    0.000000    -0.00003     0.00000    0.000000000   -0.000000243   -0.000000430  258.540606  83676.8597
1326.00   15.0000    0.0000   15.0000  272.1190  272.1190  0.000000       0.00000       0.00000         234246.4143    0.000000    -0.00003     0.00000    0.000000000   -0.000000243   -0.000000430  258.497625  83544.2698
1338.00   15.0000    0.0000   15.0000  272.1970  272.1970  0.000000       0.00000       0.00000         234179.2893    0.000000    -0.00003     0.00000    0.000000000   -0.000000243   -0.000000429  258.454610  83411.8679
1350.00   15.0000    0.0000   15.0000  272.2750  272.2750  0.000000       0.00000       0.00000         234112.2027    0.000000    -0.00003     0.00000    0.000000000   -0.000000243   -0.000000429  258.411562  83279.6539
1362.00   15.0000    0.0000   15.0000  272.3530  272.3530  0.000000       0.00000       0.00000         234045.1546    0.000000    -0.00003     0.00000    0.000000000   -0.000000243   -0.000000429  258.368480  83147.6275
1374.00   15.0000    0.0000   15.0000  272.4310  272.4310  0.000000       0.00000       0.00000         233978.1449    0.000000    -0.00003     0.00000    0.000000000   -0.000000243   -0.000000428  258.325364  83015.7884
1386.00   15.0000    0.0000   15.0000  272.5090  272.5090  0.000000       0.00000       0.00000         233911.1736    0.000000    -0.00003     0.00000    0.000000000   -0.000000243   -0.000000428  258.282215  82884.1364
1398.00   15.0000    0.0000   15.0000  272.5870  272.5870  0.000000       0.00000       0.00000         233844.2406    0.000000    -0.00003     0.00000    0.000000000   -0.000000243   -0.000000427  258.239032  82752.6712
1410.00   15.0000    0.0000   15.0000  272.6650  272.6650  0.000000       0.00000       0.00000         233777.3458    0.000000    -0.00003     0.00000    0.000000000   -0.000000243   -0.000000427  258.195816  82621.3926
1422.00   15.0000    0.0000   15.0000  272.7430  272.7430  0.000000       0.00000       0.00000         233710.4894    0.000000    -0.00003     0.00000    0.000000000   -0.000000243   -0.000000427  258.152567  82490.3004
1434.00   15.0000    0.0000   15.0000  272.8210  272.8210  0.000000       0.00000       0.00000         233643.6711    0.000000    -0.00003     0.00000    0.000000000   -0.000000243   -0.000000426  258.109283  82359.3942
1446.00   15.0000    0.0000   15.0000  272.8990  272.8990  0.000000       0.00000       0.00000         233576.8911    0.000000    -0.00004     0.00000    0.000000000   -0.000000243   -0.000000426  258.065967  82228.6738
1458.00   15.0000    0.0000   15.0000  272.9770  272.9770  0.000000       0.00000       0.00000         233510.1492    0.000000    -0.00004     0.00000    0.000000000   -0.000000243   -0.000000426  258.022617  82098.1390
1470.00   15.0000    0.0000   15.0000  273.0550  273.0550  0.000000       0.00000       0.00000         233443.4455    0.000000    -0.00004     0.00000    0.000000000   -0.000000243   -0.000000425  257.979233  81967.7896
1482.00   15.0000    0.0000   15.0000  273.1330  273.1330  0.000000       0.00000       0.00000         233376.7798    0.000000    -0.00004     0.00000    0.000000000   -0.000000243   -0.000000425  257.935816  81837.6252
1494.00   15.0000    0.0000   15.0000  273.2110  273.2110  0.000000       0.00000       0.00000         233310.1522    0.000000    -0.00004     0.00000    0.000000000   -0.000000243   -0.000000424  257.892366  81707.6456
1506.00   15.0000    0.0000   15.0000  273.2890  273.2890  0.000000       0.00000       0.00000         233243.5627    0.000000    -0.00004     0.00000    0.000000000   -0.000000243   -0.000000424  257.848882  81577.8507
1518.00   15.0000    0.0000   15.0000  273.3670  273.3670  0.000000       0.00000       0.00000         233177.0111    0.000000    -0.00004     0.00000    0.000000000   -0.000000243   -0.000000424  257.805365  81448.2401
1530.00   15.0000    0.0000   15.0000  273.4450  273.4450  0.000000       0.00000       0.00000         233110.4975    0.000000    -0.00004     0.00000    0.000000000   -0.000000243   -0.000000423  257.761814  81318.8135
1542.00   15.0000    0.0000   15.0000  273.5230  273.5230  0.000000       0.00000       0.00000         233044.0219    0.000000    -0.00004     0.00000    0.000000000   -0.000000243   -0.000000423  257.718230  81189.5708
1554.00   15.0000    0.0000   15.0000  273.6010  273.6010  0.000000       0.00000       0.00000         232977.5841    0.000000    -0.00004     0.00000    0.000000000   -0.000000243   -0.000000422  257.674613  81060.5118
1566.00   15.0000    0.0000   15.0000  273.6790  273.6790  0.000000       0.00000       0.00000         232911.1843    0.000000    -0.00004     0.00000    0.000000000   -0.000000243   -0.000000422  257.630962  80931.6360
1578.00   15.0000    0.0000   15.0000  273.7570  273.7570  0.000000       0.00000       0.00000         232844.8222    0.000000    -0.00004     0.00000    0.000000000   -0.000000242   -0.000000422  257.587278  80802.9434
1590.00   15.0000    0.0000   15.0000  273.8350  273.8350  0.000000       0.00000       0.00000         232778.4980    0.000000    -0.00004     0.00000    0.000000000   -0.000000242   -0.000000421  257.543560  80674.4336
1602.00   15.0000    0.0000   15.0000  273.9130  273.9130  0.000000       0.00000       0.00000         232712.2115    0.000000    -0.00004     0.00000    0.000000000   -0.000000242   -0.000000421  257.499809  80546.1064
1614.00   15.0000    0.0000   15.0000  273.9910  273.9910  0.000000       0.00000       0.00000         232645.9628    0.000000    -0.00004     0.00000    0.000000000   -0.000000242   -0.000000420  257.456025  80417.9616
1626.00   15.0000    0.0000   15.0000  274.0690  274.0690  0.000000       0.00000       0.00000         232579.7518    0.000000    -0.00004     0.00000    0.000000000   -0.000000242   -0.000000420  257.412207  80289.9989
1638.00   15.0000    0.0000   15.0000  274.1470  274.1470  0.000000       0.00000       0.00000         232513.5785    0.000000    -0.00004     0.00000    0.000000000   -0.000000242   -0.000000420  257.368356  80162.2181
1650.00   15.0000    0.0000   15.0000  274.2250  274.2250  0.000000       0.00000       0.00000         232447.4428    0.000000    -0.00004     0.00000    0.000000000   -0.000000242   -0.000000419  257.324472  80034.6189
1662.00   15.0000    0.0000   15.0000  274.3030  274.3030  0.000000       0.00000       0.00000         232381.3447    0.000000    -0.00004     0.00000    0.000000000   -0.000000242   -0.000000419  257.280555  79907.2011
1674.00   15.0000    0.0000   15.0000  274.3810  274.3810  0.000000       0.00000       0.00000         232315.2842    0.000000    -0.00004     0.00000    0.000000000   -0.000000242   -0.000000418  257.236604  79779.9644
1686.00   15.0000    0.0000   15.0000  274.4590  274.4590  0.000000       0.00000       0.00000         232249.2613    0.000000    -0.00004     0.00000    0.000000000   -0.000000242   -0.000000418  257.192620  79652.9087
1698.00   15.0000    0.0000   15.0000  274.5370  274.5370  0.000000       0.00000       0.00000         232183.2758    0.000000    -0.00004     0.00000    0.000000000   -0.000000242   -0.000000418  257.148602  79526.0336
1710.00   15.0000    0.0000   15.0000  274.6150  274.6150  0.000000       0.00000       0.00000         232117.3279    0.000000    -0.00004     0.00000    0.000000000   -0.000000242   -0.000000417  257.104552  79399.3389
1722.00   15.0000    0.0000   15.0000  274.6930  274.6930  0.000000       0.00000       0.00000         232051.4174    0.000000    -0.00004     0.00000    0.000000000   -0.000000242   -0.000000417  257.060468  79272.8244
1734.00   15.0000    0.0000   15.0000  274.7710  274.7710  0.000000       0.00000       0.00000         231985.5443    0.000000    -0.00004     0.00000    0.000000000   -0.000000242   -0.000000416  257.016351  79146.4899
1746.00   15.0000    0.0000   15.0000  274.8490  274.8490  0.000000       0.00000       0.00000         231919.7086    0.000000    -0.00004     0.00000    0.000000000   -0.000000242   -0.000000416  256.972200  79020.3350
1758.00   15.0000    0.0000   15.0000  274.9270  274.9270  0.000000       0.00000       0.00000         231853.9103    0.000000    -0.00004     0.00000    0.000000000   -0.000000242   -0.000000415  256.928017  78894.3596
1770.00   15.0000    0.0000   15.0000  275.0050  275.0050  0.000000       0.00000       0.00000         231788.1493    0.000000    -0.00004     0.00000    0.000000000   -0.000000242   -0.000000415  256.883800  78768.5634
1782.00   15.0000    0.0000   15.0000  275.0830  275.0830  0.000000       0.00000       0.00000         231722.4256    0.000000    -0.00004     0.00000    0.000000000   -0.000000242   -0.000000415  256.839550  78642.9461
1794.00   15.0000    0.0000   15.0000  275.1610  275.1610  0.000000       0.00000       0.00000         231656.7391    0.000000    -0.00004     0.00000    0.000000000   -0.000000242   -0.000000414  256.795266  78517.5076
1806.00   15.0000    0.0000   15.0000  275.2390  275.2390  0.000000       0.00000       0.00000         231591.0899    0.000000    -0.00004     0.00000    0.000000000   -0.000000242   -0.000000414  256.750950  78392.2476
1818.00   15.0000    0.0000   15.0000  275.3170  275.3170  0.000000       0.00000       0.00000         231525.4779    0.000000    -0.00004     0.00000    0.000000000   -0.000000242   -0.000000413  256.706600  78267.1658
1830.00   15.0000    0.0000   15.0000  275.3950  275.3950  0.000000       0.00000       0.00000         231459.9030    0.000000    -0.00004     0.00000    0.000000000   -0.000000242   -0.000000413  256.662217  78142.2621
1842.00   15.0000    0.0000   15.0000  275.4730  275.4730  0.000000       0.00000       0.00000         231394.3653    0.000000    -0.00004     0.00000    0.000000000   -0.000000241   -0.000000412  256.617801  78017.5361
1854.00   15.0000    0.0000   15.0000  275.5510  275.5510  0.000000       0.00000       0.00000         231328.8647    0.000000    -0.00005     0.00000    0.000000000   -0.000000241   -0.000000412  256.573352  77892.9876
1866.00   15.0000    0.0000   15.0000  275.6290  275.6290  0.000000       0.00000       0.00000         231263.4012    0.000000    -0.00005     0.00000    0.000000000   -0.000000241   -0.000000412  256.528870  77768.6165
1878.00   15.0000    0.0000   15.0000  275.7070  275.7070  0.000000       0.00000       0.00000         231197.9747    0.000000    -0.00005     0.00000    0.000000000   -0.000000241   -0.000000411  256.484354  77644.4224
1890.00   15.0000    0.0000   15.0000  275.7850  275.7850  0.000000       0.00000       0.00000         231132.5852    0.000000    -0.00005     0.00000    0.000000000   -0.000000241   -0.000000411  256.439806  77520.4051
1902.00   15.0000    0.0000   15.0000  275.8630  275.8630  0.000000       0.00000       0.00000         231067.2326    0.000000    -0.00005     0.00000    0.000000000   -0.000000241   -0.000000410  256.395224  77396.5644
1914.00   15.0000    0.0000   15.0000  275.9410  275.9410  0.000000       0.00000       0.00000         231001.9171    0.000000    -0.00005     0.00000    0.000000000   -0.000000241   -0.000000410  256.350609  77272.9000
1926.00   15.0000    0.0000   15.0000  276.0190  276.0190  0.000000       0.00000       0.00000         230936.6384    0.000000    -0.00005     0.00000    0.000000000   -0.000000241   -0.000000409  256.305962  77149.4118
1938.00   15.0000    0.0000   15.0000  276.0970  276.0970  0.000000       0.00000       0.00000         230871.3966    0.000000    -0.00005     0.00000    0.000000000   -0.000000241   -0.000000409  256.261281  77026.0994
1950.00   15.0000    0.0000   15.0000  276.1750  276.1750  0.000000       0.00000       0.00000         230806.1917    0.000000    -0.00005     0.00000    0.000000000   -0.000000241   -0.000000408  256.216567  76902.9627
1962.00   15.0000    0.0000   15.0000  276.2530  276.2530  0.000000       0.00000       0.00000         230741.0236    0.000000    -0.00005     0.00000    0.000000000   -0.000000241   -0.000000408  256.171819  76780.0014
1974.00   15.0000    0.0000   15.0000  276.3310  276.3310  0.000000       0.00000       0.00000         230675.8923    0.000000    -0.00005     0.00000    0.000000000   -0.000000241   -0.000000408  256.127039  76657.2152
1986.00   15.0000    0.0000   15.0000  276.4090  276.4090  0.000000       0.00000       0.00000         230610.7978    0.000000    -0.00005     0.00000    0.000000000   -0.000000241   -0.000000407  256.082226  76534.6040
1998.00   15.0000    0.0000   15.0000  276.4870  276.4870  0.000000       0.00000       0.00000         230545.7399    0.000000    -0.00005     0.00000    0.000000000   -0.000000240   -0.000000407  256.037380  76412.1675
2010.00   15.0000    0.0000   15.0000  276.5650  276.5650  0.000000       0.00000       0.00000         230480.7188    0.000000    -0.00005     0.00000    0.000000000   -0.000000240   -0.000000406  255.992500  76289.9054
2022.00   15.0000    0.0000   15.0000  276.6430  276.6430  0.000000       0.00000       0.00000         230415.7344    0.000000    -0.00005     0.00000    0.000000000   -0.000000240   -0.000000406  255.947588  76167.8176
2034.00   15.0000    0.0000   15.0000  276.7210  276.7210  0.000000       0.00000       0.00000         230350.7865    0.000000    -0.00005     0.00000    0.000000000   -0.000000240   -0.000000405  255.902643  76045.9038
2046.00   15.0000    0.0000   15.0000  276.7990  276.7990  0.000000       0.00000       0.00000         230285.8753    0.000000    -0.00005     0.00000    0.000000000   -0.000000240   -0.000000405  255.857664  75924.1637
2058.00   15.0000    0.0000   15.0000  276.8770  276.8770  0.000000       0.00000       0.00000         230221.0007    0.000000    -0.00005     0.00000    0.000000000   -0.000000240   -0.000000404  255.812653  75802.5972
2070.00   15.0000    0.0000   15.0000  276.9550  276.9550  0.000000       0.00000       0.00000         230156.1626    0.000000    -0.00005     0.00000    0.000000000   -0.000000240   -0.000000404  255.767609  75681.2040
2082.00   15.0000    0.0000   15.0000  277.0330  277.0330  0.000000       0.00000       0.00000         230091.3610    0.000000    -0.00005     0.00000    0.000000000   -0.000000240   -0.000000404  255.722531  75559.9838
2094.00   15.0000    0.0000   15.0000  277.1110  277.1110  0.000000       0.00000       0.00000         230026.5958    0.000000    -0.00005     0.00000    0.000000000   -0.000000240   -0.000000403  255.677421  75438.9365
2106.00   15.0000    0.0000   15.0000  277.1890  277.1890  0.000000       0.00000       0.00000         229961.8672    0.000000    -0.00005     0.00000    0.000000000   -0.000000240   -0.000000403  255.632278  75318.0617
2118.00   15.0000    0.0000   15.0000  277.2670  277.2670  0.000000       0.00000       0.00000         229897.1749    0.000000    -0.00005     0.00000    0.000000000   -0.000000240   -0.000000402  255.587102  75197.3594
2130.00   15.0000    0.0000   15.0000  277.3450  277.3450  0.000000       0.00000       0.00000         229832.5191    0.000000    -0.00005     0.00000    0.000000000   -0.000000239   -0.000000402  255.541893  75076.8291
2142.00   15.0000    0.0000   15.0000  277.4230  277.4230  0.000000       0.00000       0.00000         229767.8996    0.000000    -0.00005     0.00000    0.000000000   -0.000000239   -0.000000401  255.496650  74956.4708
2154.00   15.0000    0.0000   15.0000  277.5010  277.5010  0.000000       0.00000       0.00000         229703.3164    0.000000    -0.00005     0.00000    0.000000000   -0.000000239   -0.000000401  255.451375  74836.2842
2166.00   15.0000    0.0000   15.0000  277.5790  277.5790  0.000000       0.00000       0.00000         229638.7695    0.000000    -0.00005     0.00000    0.000000000   -0.000000239   -0.000000400  255.406068  74716.2690
2178.00   15.0000    0.0000   15.0000  277.6570  277.6570  0.000000       0.00000       0.00000         229574.2589    0.000000    -0.00005     0.00000    0.000000000   -0.000000239   -0.000000400  255.360727  74596.4251
2190.00   15.0000    0.0000   15.0000  277.7350  277.7350  0.000000       0.00000       0.00000         229509.7845    0.000000    -0.00005     0.00000    0.000000000   -0.000000239   -0.000000399  255.315353  74476.7521
2202.00   15.0000    0.0000   15.0000  277.8130  277.8130  0.000000       0.00000       0.00000         229445.3463    0.000000    -0.00005     0.00000    0.000000000   -0.000000239   -0.000000399  255.269947  74357.2499
2214.00   15.0000    0.0000   15.0000  277.8910  277.8910  0.000000       0.00000       0.00000         229380.9443    0.000000    -0.00005     0.00000    0.000000000   -0.000000239   -0.000000398  255.224507  74237.9182
2226.00   15.0000    0.0000   15.0000  277.9690  277.9690  0.000000       0.00000       0.00000         229316.5785    0.000000    -0.00005     0.00000    0.000000000   -0.000000239   -0.000000398  255.179035  74118.7568
2238.00   15.0000    0.0000   15.0000  278.0470  278.0470  0.000000       0.00000       0.00000         229252.2487    0.000000    -0.00005     0.00000    0.000000000   -0.000000239   -0.000000397  255.133530  73999.7656
2250.00   15.0000    0.0000   15.0000  278.1250  278.1250  0.000000       0.00000       0.00000         229187.9551    0.000000    -0.00005     0.00000    0.000000000   -0.000000238   -0.000000397  255.087992  73880.9441
2262.00   15.0000    0.0000   15.0000  278.2030  278.2030  0.000000       0.00000       0.00000         229123.6974    0.000000    -0.00006     0.00000    0.000000000   -0.000000238   -0.000000397  255.042421  73762.2923
2274.00   15.0000    0.0000   15.0000  278.2810  278.2810  0.000000       0.00000       0.00000         229059.4759    0.000000    -0.00006     0.00000    0.000000000   -0.000000238   -0.000000396  254.996817  73643.8099
2286.00   15.0000    0.0000   15.0000  278.3590  278.3590  0.000000       0.00000       0.00000         228995.2903    0.000000    -0.00006     0.00000    0.000000000   -0.000000238   -0.000000396  254.951180  73525.4966
2298.00   15.0000    0.0000   15.0000  278.4370  278.4370  0.000000       0.00000       0.00000         228931.1406    0.000000    -0.00006     0.00000    0.000000000   -0.000000238   -0.000000395  254.905511  73407.3523
2310.00   15.0000    0.0000   15.0000  278.5150  278.5150  0.000000       0.00000       0.00000         228867.0269    0.000000    -0.00006     0.00000    0.000000000   -0.000000238   -0.000000395  254.859809  73289.3767
2322.00   15.0000    0.0000   15.0000  278.5930  278.5930  0.000000       0.00000       0.00000         228802.9491    0.000000    -0.00006     0.00000    0.000000000   -0.000000238   -0.000000394  254.814074  73171.5696
2334.00   15.0000    0.0000   15.0000  278.6710  278.6710  0.000000       0.00000       0.00000         228738.9072    0.000000    -0.00006     0.00000    0.000000000   -0.000000238   -0.000000394  254.768306  73053.9307
2346.00   15.0000    0.0000   15.0000  278.7490  278.7490  0.000000       0.00000       0.00000         228674.9011    0.000000    -0.00006     0.00000    0.000000000   -0.000000238   -0.000000393  254.722506  72936.4599
2358.00   15.0000    0.0000   15.0000  278.8270  278.8270  0.000000       0.00000       0.00000         228610.9308    0.000000    -0.00006     0.00000    0.000000000   -0.000000237   -0.000000393  254.676673  72819.1569
2370.00   15.0000    0.0000   15.0000  278.9050  278.9050  0.000000       0.00000       0.00000         228546.9963    0.000000    -0.00006     0.00000    0.000000000   -0.000000237   -0.000000392  254.630807  72702.0215
2382.00   15.0000    0.0000   15.0000  278.9830  278.9830  0.000000       0.00000       0.00000              0.0000    0.000000    -0.00006     0.00000    0.000000000    0.000000000    0.000000000  254.584908  72585.0534
2394.00   15.0000    0.0000   15.0000  279.0610  279.0610  0.000000       0.00000       0.00000              0.0000    0.000000     0.00000     0.00000    0.000000000    0.000000000    0.000000000  254.538976  72468.2525
