   0.00    0.0000    0.0000    0.0000  238.9861  238.9861  0.000000       0.00000       0.00000              0.0000    0.000000     0.00000     0.00000    0.000000000    0.000000000    0.000000000    0.000000      0.0000
   6.00    8.0032    3.4495    8.7150  240.3430  240.3430  0.000000       0.76196       0.76196              0.0000    0.000000     0.00000     0.00000   -0.000004693    0.000000000    0.000000000  240.255282  99872.1870
  18.00    9.0063    3.8109    9.7794  240.4262  240.4262  0.000000       2.47513       2.47513              0.0453    0.000000    -0.00000     0.00000   -0.000014798    0.000000000    0.000000000  240.191967  99659.3246
  30.00    9.6325    3.9977   10.4291  240.4799  240.4799  0.000000       2.45797       2.45797              0.0668    0.000000    -0.00000     0.00000   -0.000018646   -0.000000093   -0.000000121  240.128491  99489.3483
  42.00   10.1961    4.1325   11.0017  240.5299  240.5299  0.000000       2.72913       2.72913              0.0793    0.000000    -0.00000     0.00000   -0.000020615   -0.000000100   -0.000000128  240.061329  99319.6158
  54.00   10.6989    4.2238   11.5025  240.5762  240.5762  0.000000       2.74263       2.74263              0.0922    0.000000    -0.00000     0.00000   -0.000022123   -0.000000104   -0.000000131  239.990462  99150.1242
  66.00   11.1700    4.2826   11.9629  240.6214  240.6214  0.000000       2.72270       2.72270              0.1035    0.000000    -0.00000     0.00000   -0.000023407   -0.000000105   -0.000000132  239.918464  98980.8715
  78.00   11.6170    4.3130   12.3918  240.6663  240.6663  0.000000       2.63696       2.63696              0.1145    0.000000    -0.00000     0.00000   -0.000024586   -0.000000105   -0.000000132  239.846078  98811.8569
  90.00   12.0464    4.3173   12.7967  240.7115  240.7115  0.000000       2.51956       2.51956              0.1252    0.000000    -0.00000     0.00000   -0.000025714   -0.000000103   -0.000000130  239.774063  98643.0801
 102.00   12.4616    4.2970   13.1817  240.7577  240.7577  0.000000       2.37619       2.37619              0.1359    0.000000    -0.00000     0.00000   -0.000026829   -0.000000100   -0.000000127  239.702919  98474.5414
 114.00   12.8647    4.2526   13.5494  240.8052  240.8052  0.000000       2.21669       2.21669              0.1467    0.000000    -0.00000     0.00000   -0.000027960   -0.000000097   -0.000000124  239.633107  98306.2412
 126.00   13.2567    4.1843   13.9014  240.8544  240.8544  0.000000       2.04638       2.04638              0.1579    0.000000    -0.00000     0.00000   -0.000029145   -0.000000093   -0.000000120  239.565048  98138.1803
 138.00   13.6380    4.0919   14.2386  240.9060  240.9060  0.000000       1.86983       1.86983              0.1696    0.000000    -0.00000     0.00000   -0.000030394   -0.000000088   -0.000000115  239.499175  97970.3599
 150.00   14.0085    3.9750   14.5615  240.9602  240.9602  0.000000       1.69034       1.69034              0.1820    0.000000    -0.00000     0.00000   -0.000031738   -0.000000082   -0.000000109  239.435953  97802.7813
 162.00   14.3675    3.8330   14.8700  241.0176  241.0176  0.000000       1.51051       1.51051              0.1953    0.000000    -0.00000     0.00000   -0.000033199   -0.000000076   -0.000000103  239.375912  97635.4463
 174.00   14.7139    3.6652   15.1635  241.0789  241.0789  0.000000       1.33233       1.33233              0.2099    0.000000    -0.00000     0.00000   -0.000034772   -0.000000068   -0.000000095  239.319685  97468.3571
 186.00   15.0462    3.4707   15.4413  241.1449  241.1449  0.000000       1.15730       1.15730              0.2262    0.000000    -0.00000     0.00000   -0.000036538   -0.000000058   -0.000000086  239.268067  97301.5164
 198.00   15.3622    3.2483   15.7018  241.2165  241.2165  0.000000       0.98697       0.98697              0.2446    0.000000    -0.00000     0.00000   -0.000038538   -0.000000046   -0.000000074  239.222089  97134.9272
 210.00   15.6592    2.9965   15.9433  241.2954  241.2954  0.000000       0.82180       0.82180              0.2661    0.000000    -0.00001     0.00000   -0.000040841   -0.000000031   -0.000000060  239.183176  96968.5938
 222.00   15.9333    2.7138   16.1628  241.3835  241.3835  0.000000       0.66443       0.66443              0.2918    0.000000    -0.00001     0.00000   -0.000043546   -0.000000012   -0.000000041  239.153342  96802.5213
 234.00   16.1798    2.3971   16.3564  241.4841  241.4841  0.000000       0.51170       0.51170              0.3245    0.000000    -0.00001     0.00000   -0.000046866    0.000000016   -0.000000015  239.135898  96636.7169
 246.00   16.3898    2.0438   16.5167  241.6022  241.6022  0.000000       0.37534       0.37534              0.3667    0.000000    -0.00001     0.00000   -0.000051373    0.000000059    0.000000026  239.135800  96471.1905
 258.00   16.5515    1.6428   16.6328  241.7502  241.7502  0.000000       0.23298       0.23298              0.4345    0.000000    -0.00002     0.00000   -0.000057707    0.000000128    0.000000092  239.165156  96305.9576
 270.00   16.6289    1.2018   16.6723  241.9442  241.9442  0.000000       0.14546       0.14546              0.5240    0.000000    -0.00002     0.00000   -0.000074496    0.000000309    0.000000263  239.239939  96141.0436
 282.00   16.5177    0.6450   16.5303  242.2871  242.2871  0.000000       0.00602       0.00602              1.5059    0.000000     0.00000     0.00000   -0.000054356    0.000006514    0.000004927  239.461820  95976.5139
 294.00   15.1596   -0.0406   15.1596  247.6834  247.6834  0.000000       0.00070       0.00070              2.5372    0.000000    -0.00017     0.00000   -0.000121490    0.000009081    0.000009965  244.676859  95814.0885
 306.00   15.0011   -0.0011   15.0011  249.5427  249.5427  0.000000       0.00000       0.00000            115.2797    0.000000    -0.00014     0.00000   -0.000004527    0.000005231    0.000005062  246.395995  95654.2432
 318.00   15.0000   -0.0000   15.0000  250.9970  250.9970  0.000000       0.00000       0.00000         709387.8728    0.000000    -0.00009     0.00000   -0.000000000    0.000004016    0.000003899  247.714502  95495.6458
 330.00   15.0000   -0.0000   15.0000  251.8993  251.8993  0.000000       0.00000       0.00000        2735807.6947    0.000000    -0.00008     0.00000    0.000000000    0.000003003    0.000002846  248.487755  95337.9791
 342.00   15.0000   -0.0000   15.0000  252.6836  252.6836  0.000000       0.00000       0.00000        2350102.8093    0.000000    -0.00007     0.00000    0.000000000    0.000002673    0.000002523  249.144073  95181.0247
 354.00   15.0000   -0.0000   15.0000  253.3527  253.3527  0.000000       0.00000       0.00000        2022326.8598    0.000000    -0.00006     0.00000    0.000000000    0.000002353    0.000002208  249.686542  95024.7051
 366.00   15.0000   -0.0000   15.0000  253.9375  253.9375  0.000000       0.00000       0.00000        1794144.0843    0.000000    -0.00006     0.00000    0.000000000    0.000002124    0.000001981  250.145680  94868.9548
 378.00   15.0000    0.0000   15.0000  254.4677  254.4677  0.000000       0.00000       0.00000        1621719.6918    0.000000    -0.00006     0.00000    0.000000000    0.000001945    0.000001804  250.550723  94713.7279
 390.00   15.0000    0.0000   15.0000  254.9474  254.9474  0.000000       0.00000       0.00000        1486001.4463    0.000000    -0.00005     0.00000    0.000000000    0.000001799    0.000001659  250.905911  94558.9898
 402.00   15.0000    0.0000   15.0000  255.3948  255.3948  0.000000       0.00000       0.00000        1370928.0600    0.000000    -0.00005     0.00000    0.000000000    0.000001669    0.000001530  251.229022  94404.7131
 414.00   15.0000    0.0000   15.0000  255.8043  255.8043  0.000000       0.00000       0.00000        1273972.5961    0.000000    -0.00005     0.00000    0.000000000    0.000001555    0.000001417  251.514634  94250.8744
 426.00   15.0000    0.0000   15.0000  256.1924  256.1924  0.000000       0.00000       0.00000        1194694.3912    0.000000    -0.00005     0.00000    0.000000000    0.000001460    0.000001323  251.779020  94097.4542
 438.00   15.0000    0.0000   15.0000  256.5534  256.5534  0.000000       0.00000       0.00000        1125727.9919    0.000000    -0.00005     0.00000    0.000000000    0.000001375    0.000001238  252.016608  93944.4362
 450.00   15.0000    0.0000   15.0000  256.8992  256.8992  0.000000       0.00000       0.00000        1069406.5456    0.000000    -0.00005     0.00000    0.000000000    0.000001305    0.000001169  252.239149  93791.8063
 462.00   15.0000    0.0000   15.0000  257.2257  257.2257  0.000000       0.00000       0.00000        1018471.7865    0.000000    -0.00005     0.00000    0.000000000    0.000001240    0.000001103  252.442583  93639.5529
 474.00   15.0000    0.0000   15.0000  257.5404  257.5404  0.000000       0.00000       0.00000         973322.5505    0.000000    -0.00004     0.00000    0.000000000    0.000001181    0.000001044  252.634187  93487.6654
 486.00   15.0000    0.0000   15.0000  257.8392  257.8392  0.000000       0.00000       0.00000         929665.0022    0.000000    -0.00004     0.00000    0.000000000    0.000001121    0.000000984  252.810184  93336.1346
 498.00   15.0000    0.0000   15.0000  258.1270  258.1270  0.000000       0.00000       0.00000         892685.6856    0.000000    -0.00004     0.00000    0.000000000    0.000001069    0.000000932  252.975195  93184.9512
 510.00   15.0000    0.0000   15.0000  258.4031  258.4031  0.000000       0.00000       0.00000         859100.2149    0.000000    -0.00004     0.00000    0.000000000    0.000001022    0.000000885  253.128674  93034.1077
 522.00   15.0000    0.0000   15.0000  258.6703  258.6703  0.000000       0.00000       0.00000         828841.0554    0.000000    -0.00004     0.00000    0.000000000    0.000000978    0.000000841  253.273213  92883.5969
 534.00   15.0000    0.0000   15.0000  258.9278  258.9278  0.000000       0.00000       0.00000         801182.8749    0.000000    -0.00004     0.00000    0.000000000    0.000000937    0.000000800  253.408240  92733.4124
 546.00   15.0000    0.0000   15.0000  259.1780  259.1780  0.000000       0.00000       0.00000         775695.6772    0.000000    -0.00004     0.00000    0.000000000    0.000000899    0.000000761  253.535900  92583.5484
 558.00   15.0000    0.0000   15.0000  259.4199  259.4199  0.000000       0.00000       0.00000         753313.8775    0.000000    -0.00004     0.00000    0.000000000    0.000000865    0.000000727  253.655363  92433.9995
 570.00   15.0000    0.0000   15.0000  259.6563  259.6563  0.000000       0.00000       0.00000         732842.3395    0.000000    -0.00004     0.00000    0.000000000    0.000000834    0.000000695  253.769355  92284.7608
 582.00   15.0000    0.0000   15.0000  259.8856  259.8856  0.000000       0.00000       0.00000         714557.2397    0.000000    -0.00004     0.00000    0.000000000    0.000000806    0.000000667  253.876315  92135.8278
 594.00   15.0000    0.0000   15.0000  260.1107  260.1107  0.000000       0.00000       0.00000         698187.9796    0.000000    -0.00004     0.00000    0.000000000    0.000000781    0.000000641  253.979137  91987.1965
 606.00   15.0000    0.0000   15.0000  260.3300  260.3300  0.000000       0.00000       0.00000         681419.6924    0.000000    -0.00004     0.00000    0.000000000    0.000000754    0.000000614  254.076102  91838.8633
 618.00   15.0000    0.0000   15.0000  260.5449  260.5449  0.000000       0.00000       0.00000         665505.8967    0.000000    -0.00004     0.00000    0.000000000    0.000000728    0.000000588  254.168663  91690.8245
 630.00   15.0000    0.0000   15.0000  260.7544  260.7544  0.000000       0.00000       0.00000         650725.7780    0.000000    -0.00004     0.00000    0.000000000    0.000000704    0.000000563  254.255884  91543.0765
 642.00   15.0000    0.0000   15.0000  260.9601  260.9601  0.000000       0.00000       0.00000         638032.3474    0.000000    -0.00004     0.00000    0.000000000    0.000000683    0.000000541  254.339389  91395.6161
 654.00   15.0000    0.0000   15.0000  261.1618  261.1618  0.000000       0.00000       0.00000         626132.2120    0.000000    -0.00004     0.00000    0.000000000    0.000000663    0.000000521  254.418842  91248.4404
 666.00   15.0000    0.0000   15.0000  261.3603  261.3603  0.000000       0.00000       0.00000         615807.4184    0.000000    -0.00004     0.00000    0.000000000    0.000000647    0.000000504  254.495062  91101.5465
 678.00   15.0000    0.0000   15.0000  261.5557  261.5557  0.000000       0.00000       0.00000         606385.5370    0.000000    -0.00004     0.00000    0.000000000    0.000000631    0.000000488  254.568201  90954.9322
 690.00   15.0000    0.0000   15.0000  261.7485  261.7485  0.000000       0.00000       0.00000         598274.6836    0.000000    -0.00004     0.00000    0.000000000    0.000000618    0.000000475  254.638661  90808.5950
 702.00   15.0000    0.0000   15.0000  261.9390  261.9390  0.000000       0.00000       0.00000         591125.1250    0.000000    -0.00004     0.00000    0.000000000    0.000000607    0.000000463  254.706850  90662.5330
 714.00   15.0000    0.0000   15.0000  262.1274  262.1274  0.000000       0.00000       0.00000         585241.2412    0.000000    -0.00004     0.00000    0.000000000    0.000000599    0.000000454  254.772953  90516.7444
 726.00   15.0000    0.0000   15.0000  262.3144  262.3144  0.000000       0.00000       0.00000         580846.1101    0.000000    -0.00004     0.00000    0.000000000    0.000000593    0.000000447  254.837569  90371.2275
 738.00   15.0000    0.0000   15.0000  262.5003  262.5003  0.000000       0.00000       0.00000         577644.7679    0.000000    -0.00004     0.00000    0.000000000    0.000000590    0.000000444  254.901023  90225.9810
 750.00   15.0000    0.0000   15.0000  262.6855  262.6855  0.000000       0.00000       0.00000         575451.8879    0.000000    -0.00004     0.00000    0.000000000    0.000000589    0.000000442  254.963732  90081.0038
 762.00   15.0000    0.0000   15.0000  262.8703  262.8703  0.000000       0.00000       0.00000         574700.5598    0.000000    -0.00004     0.00000    0.000000000    0.000000592    0.000000443  255.025907  89936.2949
 774.00   15.0000    0.0000   15.0000  263.0552  263.0552  0.000000       0.00000       0.00000         575179.6375    0.000000    -0.00004     0.00000    0.000000000    0.000000597    0.000000448  255.088234  89791.8538
 786.00   15.0000    0.0000   15.0000  263.2405  263.2405  0.000000       0.00000       0.00000         577098.9980    0.000000    -0.00005     0.00000    0.000000000    0.000000606    0.000000455  255.150795  89647.6799
 798.00   15.0000    0.0000   15.0000  263.4270  263.4270  0.000000       0.00000       0.00000         579993.4807    0.000000    -0.00005     0.00000    0.000000000    0.000000617    0.000000465  255.214409  89503.7731
 810.00   15.0000    0.0000   15.0000  263.6145  263.6145  0.000000       0.00000       0.00000         584589.0364    0.000000    -0.00005     0.00000    0.000000000    0.000000632    0.000000479  255.278868  89360.1333
 822.00   15.0000    0.0000   15.0000  263.8042  263.8042  0.000000       0.00000       0.00000         592711.2541    0.000000    -0.00005     0.00000    0.000000000    0.000000656    0.000000501  255.345444  89216.7607
 834.00   15.0000    0.0000   15.0000  263.9971  263.9971  0.000000       0.00000       0.00000         603236.1706    0.000000    -0.00005     0.00000    0.000000000    0.000000686    0.000000530  255.415074  89073.6564
 846.00   15.0000    0.0000   15.0000  264.1939  264.1939  0.000000       0.00000       0.00000         617004.1535    0.000000    -0.00005     0.00000    0.000000000    0.000000724    0.000000566  255.488330  88930.8215
 858.00   15.0000    0.0000   15.0000  264.3961  264.3961  0.000000       0.00000       0.00000         631819.1641    0.000000    -0.00006     0.00000    0.000000000    0.000000766    0.000000606  255.566676  88788.2579
 870.00   15.0000    0.0000   15.0000  264.6028  264.6028  0.000000       0.00000       0.00000         657785.5703    0.000000    -0.00006     0.00000    0.000000000    0.000000836    0.000000673  255.649317  88645.9677
 882.00   15.0000    0.0000   15.0000  264.8220  264.8220  0.000000       0.00000       0.00000         677485.3369    0.000000    -0.00006     0.00000    0.000000000    0.000000892    0.000000726  255.744035  88503.9547
 894.00   15.0000    0.0000   15.0000  265.0418  265.0418  0.000000       0.00000       0.00000         725705.1364    0.000000    -0.00007     0.00000    0.000000000    0.000001021    0.000000850  255.839161  88362.2218
 906.00   15.0000    0.0000   15.0000  265.2928  265.2928  0.000000       0.00000       0.00000         741933.4710    0.000000    -0.00007     0.00000    0.000000000    0.000001072    0.000000900  255.964222  88220.7767
 918.00   15.0000    0.0000   15.0000  265.5235  265.5235  0.000000       0.00000       0.00000         844213.9879    0.000000    -0.00009     0.00000    0.000000000    0.000001346    0.000001162  256.069746  88079.6215
 930.00   15.0000    0.0000   15.0000  265.8414  265.8414  0.000000       0.00000       0.00000         841134.8707    0.000000    -0.00007     0.00000    0.000000000    0.000001353    0.000001175  256.259073  87938.7733
 942.00   15.0000    0.0000   15.0000  266.0708  266.0708  0.000000       0.00000       0.00000        1077538.6058    0.000000    -0.00014     0.00000    0.000000000    0.000002002    0.000001787  256.363097  87798.2306
 954.00   15.0000    0.0000   15.0000  266.5430  266.5430  0.000000       0.00000       0.00000        1022770.1676    0.000000    -0.00006     0.00000    0.000000000    0.000001878    0.000001697  256.700886  87658.0333
 966.00   15.0000    0.0000   15.0000  266.7380  266.7380  0.000000       0.00000       0.00000        1567266.1677    0.000000    -0.00025     0.00000    0.000000000    0.000003453    0.000003142  256.771507  87518.1711
 978.00   15.0000    0.0000   15.0000  267.5661  267.5661  0.000000       0.00000       0.00000        1461508.0156    0.000000    -0.00004     0.00000    0.000000000    0.000003188    0.000003032  257.451437  87378.7354
 990.00   15.0000    0.0000   15.0000  267.6950  267.6950  0.000000       0.00000       0.00000        3734906.8855    0.000000    -0.00071     0.00000    0.000000000    0.000010551    0.000009375  257.458324  87239.7078
1002.00   15.0000    0.0000   15.0000  270.0130  270.0130  0.000000       0.00000       0.00000        3625846.8200    0.000000    -0.00002     0.00000    0.000000000    0.000010313    0.000010742  259.570083  87101.4670
1014.00   15.0000    0.0000   15.0000  270.0910  270.0910  0.000000       0.00000       0.00000         236005.2723    0.000000    -0.00002     0.00000    0.000000000   -0.000000242   -0.000000437  259.527955  86963.9978
1026.00   15.0000    0.0000   15.0000  270.1690  270.1690  0.000000       0.00000       0.00000         235937.1356    0.000000    -0.00002     0.00000    0.000000000   -0.000000242   -0.000000437  259.485794  86826.7233
1038.00   15.0000    0.0000   15.0000  270.2470  270.2470  0.000000       0.00000       0.00000         235869.0383    0.000000    -0.00003     0.00000    0.000000000   -0.000000242   -0.000000436  259.443599  86689.6433
1050.00   15.0000    0.0000   15.0000  270.3250  270.3250  0.000000       0.00000       0.00000         235800.9803    0.000000    -0.00003     0.00000    0.000000000   -0.000000242   -0.000000436  259.401370  86552.7574
1062.00   15.0000    0.0000   15.0000  270.4030  270.4030  0.000000       0.00000       0.00000         235732.9615    0.000000    -0.00003     0.00000    0.000000000   -0.000000242   -0.000000436  259.359108  86416.0654
1074.00   15.0000    0.0000   15.0000  270.4810  270.4810  0.000000       0.00000       0.00000         235664.9820    0.000000    -0.00003     0.00000    0.000000000   -0.000000242   -0.000000435  259.316812  86279.5671
1086.00   15.0000    0.0000   15.0000  270.5590  270.5590  0.000000       0.00000       0.00000         235597.0417    0.000000    -0.00003     0.00000    0.000000000   -0.000000242   -0.000000435  259.274481  86143.2622
1098.00   15.0000    0.0000   15.0000  270.6370  270.6370  0.000000       0.00000       0.00000         235529.1405    0.000000    -0.00003     0.00000    0.000000000   -0.000000242   -0.000000435  259.232118  86007.1503
1110.00   15.0000    0.0000   15.0000  270.7150  270.7150  0.000000       0.00000       0.00000         235461.2785    0.000000    -0.00003     0.00000    0.000000000   -0.000000242   -0.000000434  259.189720  85871.2314
1122.00   15.0000    0.0000   15.0000  270.7930  270.7930  0.000000       0.00000       0.00000         235393.4555    0.000000    -0.00003     0.00000    0.000000000   -0.000000242   -0.000000434  259.147289  85735.5050
1134.00   15.0000    0.0000   15.0000  270.8710  270.8710  0.000000       0.00000       0.00000         235325.6716    0.000000    -0.00003     0.00000    0.000000000   -0.000000242   -0.000000434  259.104824  85599.9710
1146.00   15.0000    0.0000   15.0000  270.9490  270.9490  0.000000       0.00000       0.00000         235257.9268    0.000000    -0.00003     0.00000    0.000000000   -0.000000242   -0.000000433  259.062325  85464.6291
1158.00   15.0000    0.0000   15.0000  271.0270  271.0270  0.000000       0.00000       0.00000         235190.2209    0.000000    -0.00003     0.00000    0.000000000   -0.000000242   -0.000000433  259.019792  85329.4790
1170.00   15.0000    0.0000   15.0000  271.1050  271.1050  0.000000       0.00000       0.00000         235122.5540    0.000000    -0.00003     0.00000    0.000000000   -0.000000242   -0.000000433  258.977226  85194.5205
1182.00   15.0000    0.0000   15.0000  271.1830  271.1830  0.000000       0.00000       0.00000         235054.9260    0.000000    -0.00003     0.00000    0.000000000   -0.000000242   -0.000000432  258.934626  85059.7532
1194.00   15.0000    0.0000   15.0000  271.2610  271.2610  0.000000       0.00000       0.00000         234987.3369    0.000000    -0.00003     0.00000    0.000000000   -0.000000242   -0.000000432  258.891993  84925.1771
1206.00   15.0000    0.0000   15.0000  271.3390  271.3390  0.000000       0.00000       0.00000         234919.7867    0.000000    -0.00003     0.00000    0.000000000   -0.000000242   -0.000000431  258.849325  84790.7917
1218.00   15.0000    0.0000   15.0000  271.4170  271.4170  0.000000       0.00000       0.00000         234852.2753    0.000000    -0.00003     0.00000    0.000000000   -0.000000242   -0.000000431  258.806625  84656.5969
1230.00   15.0000    0.0000   15.0000  271.4950  271.4950  0.000000       0.00000       0.00000         234784.8027    0.000000    -0.00003     0.00000    0.000000000   -0.000000242   -0.000000431  258.763890  84522.5924
1242.00   15.0000    0.0000   15.0000  271.5730  271.5730  0.000000       0.00000       0.00000         234717.3688    0.000000    -0.00003     0.00000    0.000000000   -0.000000242   -0.000000430  258.721122  84388.7779
1254.00   15.0000    0.0000   15.0000  271.6510  271.6510  0.000000       0.00000       0.00000         234649.9737    0.000000    -0.00003     0.00000    0.000000000   -0.000000242   -0.000000430  258.678320  84255.1531
1266.00   15.0000    0.0000   15.0000  271.7290  271.7290  0.000000       0.00000       0.00000         234582.6172    0.000000    -0.00003     0.00000    0.000000000   -0.000000242   -0.000000430  258.635485  84121.7179
1278.00   15.0000    0.0000   15.0000  271.8070  271.8070  0.000000       0.00000       0.00000         234515.2995    0.000000    -0.00003     0.00000    0.000000000   -0.000000242   -0.000000429  258.592616  83988.4720
1290.00   15.0000    0.0000   15.0000  271.8850  271.8850  0.000000       0.00000       0.00000         234448.0203    0.000000    -0.00003     0.00000    0.000000000   -0.000000242   -0.000000429  258.549713  83855.4151
1302.00   15.0000    0.0000   15.0000  271.9630  271.9630  0.000000       0.00000       0.00000         234380.7797    0.000000    -0.00003     0.00000    0.000000000   -0.000000242   -0.000000429  258.506777  83722.5469
1314.00   15.0000    0.0000   15.0000  272.0410  272.0410  0.000000       0.00000       0.00000         234313.5777    0.000000    -0.00003     0.00000    0.000000000   -0.000000242   -0.000000428  258.463807  83589.8672
1326.00   15.0000    0.0000   15.0000  272.1190  272.1190  0.000000       0.00000       0.00000         234246.4143    0.000000    -0.00003     0.00000    0.000000000   -0.000000242   -0.000000428  258.420804  83457.3758
1338.00   15.0000    0.0000   15.0000  272.1970  272.1970  0.000000       0.00000       0.00000         234179.2893    0.000000    -0.00003     0.00000    0.000000000   -0.000000242   -0.000000428  258.377767  83325.0723
1350.00   15.0000    0.0000   15.0000  272.2750  272.2750  0.000000       0.00000       0.00000         234112.2027    0.000000    -0.00003     0.00000    0.000000000   -0.000000242   -0.000000427  258.334696  83192.9566
1362.00   15.0000    0.0000   15.0000  272.3530  272.3530  0.000000       0.00000       0.00000         234045.1546    0.000000    -0.00003     0.00000    0.000000000   -0.000000242   -0.000000427  258.291592  83061.0284
1374.00   15.0000    0.0000   15.0000  272.4310  272.4310  0.000000       0.00000       0.00000         233978.1449    0.000000    -0.00003     0.00000    0.000000000   -0.000000242   -0.000000426  258.248454  82929.2875
1386.00   15.0000    0.0000   15.0000  272.5090  272.5090  0.000000       0.00000       0.00000         233911.1736    0.000000    -0.00003     0.00000    0.000000000   -0.000000242   -0.000000426  258.205283  82797.7335
1398.00   15.0000    0.0000   15.0000  272.5870  272.5870  0.000000       0.00000       0.00000         233844.2406    0.000000    -0.00003     0.00000    0.000000000   -0.000000242   -0.000000426  258.162079  82666.3663
1410.00   15.0000    0.0000   15.0000  272.6650  272.6650  0.000000       0.00000       0.00000         233777.3458    0.000000    -0.00003     0.00000    0.000000000   -0.000000242   -0.000000425  258.118841  82535.1855
1422.00   15.0000    0.0000   15.0000  272.7430  272.7430  0.000000       0.00000       0.00000         233710.4894    0.000000    -0.00003     0.00000    0.000000000   -0.000000242   -0.000000425  258.075569  82404.1910
1434.00   15.0000    0.0000   15.0000  272.8210  272.8210  0.000000       0.00000       0.00000         233643.6711    0.000000    -0.00003     0.00000    0.000000000   -0.000000242   -0.000000425  258.032264  82273.3825
1446.00   15.0000    0.0000   15.0000  272.8990  272.8990  0.000000       0.00000       0.00000         233576.8911    0.000000    -0.00004     0.00000    0.000000000   -0.000000242   -0.000000424  257.988925  82142.7597
1458.00   15.0000    0.0000   15.0000  272.9770  272.9770  0.000000       0.00000       0.00000         233510.1492    0.000000    -0.00004     0.00000    0.000000000   -0.000000242   -0.000000424  257.945553  82012.3223
1470.00   15.0000    0.0000   15.0000  273.0550  273.0550  0.000000       0.00000       0.00000         233443.4455    0.000000    -0.00004     0.00000    0.000000000   -0.000000242   -0.000000423  257.902148  81882.0703
1482.00   15.0000    0.0000   15.0000  273.1330  273.1330  0.000000       0.00000       0.00000         233376.7798    0.000000    -0.00004     0.00000    0.000000000   -0.000000242   -0.000000423  257.858709  81752.0032
1494.00   15.0000    0.0000   15.0000  273.2110  273.2110  0.000000       0.00000       0.00000         233310.1522    0.000000    -0.00004     0.00000    0.000000000   -0.000000242   -0.000000423  257.815236  81622.1208
1506.00   15.0000    0.0000   15.0000  273.2890  273.2890  0.000000       0.00000       0.00000         233243.5627    0.000000    -0.00004     0.00000    0.000000000   -0.000000242   -0.000000422  257.771730  81492.4229
1518.00   15.0000    0.0000   15.0000  273.3670  273.3670  0.000000       0.00000       0.00000         233177.0111    0.000000    -0.00004     0.00000    0.000000000   -0.000000242   -0.000000422  257.728191  81362.9093
1530.00   15.0000    0.0000   15.0000  273.4450  273.4450  0.000000       0.00000       0.00000         233110.4975    0.000000    -0.00004     0.00000    0.000000000   -0.000000242   -0.000000421  257.684618  81233.5797
1542.00   15.0000    0.0000   15.0000  273.5230  273.5230  0.000000       0.00000       0.00000         233044.0219    0.000000    -0.00004     0.00000    0.000000000   -0.000000242   -0.000000421  257.641012  81104.4338
1554.00   15.0000    0.0000   15.0000  273.6010  273.6010  0.000000       0.00000       0.00000         232977.5841    0.000000    -0.00004     0.00000    0.000000000   -0.000000242   -0.000000421  257.597373  80975.4714
1566.00   15.0000    0.0000   15.0000  273.6790  273.6790  0.000000       0.00000       0.00000         232911.1843    0.000000    -0.00004     0.00000    0.000000000   -0.000000242   -0.000000420  257.553700  80846.6923
1578.00   15.0000    0.0000   15.0000  273.7570  273.7570  0.000000       0.00000       0.00000         232844.8222    0.000000    -0.00004     0.00000    0.000000000   -0.000000242   -0.000000420  257.509994  80718.0962
1590.00   15.0000    0.0000   15.0000  273.8350  273.8350  0.000000       0.00000       0.00000         232778.4980    0.000000    -0.00004     0.00000    0.000000000   -0.000000242   -0.000000419  257.466254  80589.6828
1602.00   15.0000    0.0000   15.0000  273.9130  273.9130  0.000000       0.00000       0.00000         232712.2115    0.000000    -0.00004     0.00000    0.000000000   -0.000000242   -0.000000419  257.422481  80461.4520
1614.00   15.0000    0.0000   15.0000  273.9910  273.9910  0.000000       0.00000       0.00000         232645.9628    0.000000    -0.00004     0.00000    0.000000000   -0.000000242   -0.000000419  257.378675  80333.4034
1626.00   15.0000    0.0000   15.0000  274.0690  274.0690  0.000000       0.00000       0.00000         232579.7518    0.000000    -0.00004     0.00000    0.000000000   -0.000000242   -0.000000418  257.334835  80205.5369
1638.00   15.0000    0.0000   15.0000  274.1470  274.1470  0.000000       0.00000       0.00000         232513.5785    0.000000    -0.00004     0.00000    0.000000000   -0.000000241   -0.000000418  257.290962  80077.8522
1650.00   15.0000    0.0000   15.0000  274.2250  274.2250  0.000000       0.00000       0.00000         232447.4428    0.000000    -0.00004     0.00000    0.000000000   -0.000000241   -0.000000417  257.247056  79950.3489
1662.00   15.0000    0.0000   15.0000  274.3030  274.3030  0.000000       0.00000       0.00000         232381.3447    0.000000    -0.00004     0.00000    0.000000000   -0.000000241   -0.000000417  257.203117  79823.0270
1674.00   15.0000    0.0000   15.0000  274.3810  274.3810  0.000000       0.00000       0.00000         232315.2842    0.000000    -0.00004     0.00000    0.000000000   -0.000000241   -0.000000417  257.159144  79695.8862
1686.00   15.0000    0.0000   15.0000  274.4590  274.4590  0.000000       0.00000       0.00000         232249.2613    0.000000    -0.00004     0.00000    0.000000000   -0.000000241   -0.000000416  257.115138  79568.9261
1698.00   15.0000    0.0000   15.0000  274.5370  274.5370  0.000000       0.00000       0.00000         232183.2758    0.000000    -0.00004     0.00000    0.000000000   -0.000000241   -0.000000416  257.071098  79442.1466
1710.00   15.0000    0.0000   15.0000  274.6150  274.6150  0.000000       0.00000       0.00000         232117.3279    0.000000    -0.00004     0.00000    0.000000000   -0.000000241   -0.000000415  257.027026  79315.5475
1722.00   15.0000    0.0000   15.0000  274.6930  274.6930  0.000000       0.00000       0.00000         232051.4174    0.000000    -0.00004     0.00000    0.000000000   -0.000000241   -0.000000415  256.982920  79189.1284
1734.00   15.0000    0.0000   15.0000  274.7710  274.7710  0.000000       0.00000       0.00000         231985.5443    0.000000    -0.00004     0.00000    0.000000000   -0.000000241   -0.000000414  256.938780  79062.8891
1746.00   15.0000    0.0000   15.0000  274.8490  274.8490  0.000000       0.00000       0.00000         231919.7086    0.000000    -0.00004     0.00000    0.000000000   -0.000000241   -0.000000414  256.894608  78936.8295
1758.00   15.0000    0.0000   15.0000  274.9270  274.9270  0.000000       0.00000       0.00000         231853.9103    0.000000    -0.00004     0.00000    0.000000000   -0.000000241   -0.000000414  256.850402  78810.9492
1770.00   15.0000    0.0000   15.0000  275.0050  275.0050  0.000000       0.00000       0.00000         231788.1493    0.000000    -0.00004     0.00000    0.000000000   -0.000000241   -0.000000413  256.806163  78685.2480
1782.00   15.0000    0.0000   15.0000  275.0830  275.0830  0.000000       0.00000       0.00000         231722.4256    0.000000    -0.00004     0.00000    0.000000000   -0.000000241   -0.000000413  256.761891  78559.7258
1794.00   15.0000    0.0000   15.0000  275.1610  275.1610  0.000000       0.00000       0.00000         231656.7391    0.000000    -0.00004     0.00000    0.000000000   -0.000000241   -0.000000412  256.717586  78434.3821
1806.00   15.0000    0.0000   15.0000  275.2390  275.2390  0.000000       0.00000       0.00000         231591.0899    0.000000    -0.00004     0.00000    0.000000000   -0.000000241   -0.000000412  256.673248  78309.2169
1818.00   15.0000    0.0000   15.0000  275.3170  275.3170  0.000000       0.00000       0.00000         231525.4779    0.000000    -0.00004     0.00000    0.000000000   -0.000000241   -0.000000412  256.628876  78184.2298
1830.00   15.0000    0.0000   15.0000  275.3950  275.3950  0.000000       0.00000       0.00000         231459.9030    0.000000    -0.00004     0.00000    0.000000000   -0.000000241   -0.000000411  256.584471  78059.4206
1842.00   15.0000    0.0000   15.0000  275.4730  275.4730  0.000000       0.00000       0.00000         231394.3653    0.000000    -0.00004     0.00000    0.000000000   -0.000000241   -0.000000411  256.540033  77934.7891
1854.00   15.0000    0.0000   15.0000  275.5510  275.5510  0.000000       0.00000       0.00000         231328.8647    0.000000    -0.00005     0.00000    0.000000000   -0.000000241   -0.000000410  256.495562  77810.3350
1866.00   15.0000    0.0000   15.0000  275.6290  275.6290  0.000000       0.00000       0.00000         231263.4012    0.000000    -0.00005     0.00000    0.000000000   -0.000000240   -0.000000410  256.451058  77686.0582
1878.00   15.0000    0.0000   15.0000  275.7070  275.7070  0.000000       0.00000       0.00000         231197.9747    0.000000    -0.00005     0.00000    0.000000000   -0.000000240   -0.000000409  256.406520  77561.9583
1890.00   15.0000    0.0000   15.0000  275.7850  275.7850  0.000000       0.00000       0.00000         231132.5852    0.000000    -0.00005     0.00000    0.000000000   -0.000000240   -0.000000409  256.361950  77438.0352
1902.00   15.0000    0.0000   15.0000  275.8630  275.8630  0.000000       0.00000       0.00000         231067.2326    0.000000    -0.00005     0.00000    0.000000000   -0.000000240   -0.000000408  256.317346  77314.2885
1914.00   15.0000    0.0000   15.0000  275.9410  275.9410  0.000000       0.00000       0.00000         231001.9171    0.000000    -0.00005     0.00000    0.000000000   -0.000000240   -0.000000408  256.272709  77190.7181
1926.00   15.0000    0.0000   15.0000  276.0190  276.0190  0.000000       0.00000       0.00000         230936.6384    0.000000    -0.00005     0.00000    0.000000000   -0.000000240   -0.000000408  256.228039  77067.3237
1938.00   15.0000    0.0000   15.0000  276.0970  276.0970  0.000000       0.00000       0.00000         230871.3966    0.000000    -0.00005     0.00000    0.000000000   -0.000000240   -0.000000407  256.183336  76944.1051
1950.00   15.0000    0.0000   15.0000  276.1750  276.1750  0.000000       0.00000       0.00000         230806.1917    0.000000    -0.00005     0.00000    0.000000000   -0.000000240   -0.000000407  256.138600  76821.0621
1962.00   15.0000    0.0000   15.0000  276.2530  276.2530  0.000000       0.00000       0.00000         230741.0236    0.000000    -0.00005     0.00000    0.000000000   -0.000000240   -0.000000406  256.093831  76698.1944
1974.00   15.0000    0.0000   15.0000  276.3310  276.3310  0.000000       0.00000       0.00000         230675.8923    0.000000    -0.00005     0.00000    0.000000000   -0.000000240   -0.000000406  256.049029  76575.5017
1986.00   15.0000    0.0000   15.0000  276.4090  276.4090  0.000000       0.00000       0.00000         230610.7978    0.000000    -0.00005     0.00000    0.000000000   -0.000000240   -0.000000405  256.004193  76452.9839
1998.00   15.0000    0.0000   15.0000  276.4870  276.4870  0.000000       0.00000       0.00000         230545.7399    0.000000    -0.00005     0.00000    0.000000000   -0.000000240   -0.000000405  255.959325  76330.6407
2010.00   15.0000    0.0000   15.0000  276.5650  276.5650  0.000000       0.00000       0.00000         230480.7188    0.000000    -0.00005     0.00000    0.000000000   -0.000000240   -0.000000404  255.914424  76208.4718
2022.00   15.0000    0.0000   15.0000  276.6430  276.6430  0.000000       0.00000       0.00000         230415.7344    0.000000    -0.00005     0.00000    0.000000000   -0.000000239   -0.000000404  255.869489  76086.4771
2034.00   15.0000    0.0000   15.0000  276.7210  276.7210  0.000000       0.00000       0.00000         230350.7865    0.000000    -0.00005     0.00000    0.000000000   -0.000000239   -0.000000404  255.824522  75964.6564
2046.00   15.0000    0.0000   15.0000  276.7990  276.7990  0.000000       0.00000       0.00000         230285.8753    0.000000    -0.00005     0.00000    0.000000000   -0.000000239   -0.000000403  255.779522  75843.0092
2058.00   15.0000    0.0000   15.0000  276.8770  276.8770  0.000000       0.00000       0.00000         230221.0007    0.000000    -0.00005     0.00000    0.000000000   -0.000000239   -0.000000403  255.734488  75721.5356
2070.00   15.0000    0.0000   15.0000  276.9550  276.9550  0.000000       0.00000       0.00000         230156.1626    0.000000    -0.00005     0.00000    0.000000000   -0.000000239   -0.000000402  255.689422  75600.2351
2082.00   15.0000    0.0000   15.0000  277.0330  277.0330  0.000000       0.00000       0.00000         230091.3610    0.000000    -0.00005     0.00000    0.000000000   -0.000000239   -0.000000402  255.644323  75479.1076
2094.00   15.0000    0.0000   15.0000  277.1110  277.1110  0.000000       0.00000       0.00000         230026.5958    0.000000    -0.00005     0.00000    0.000000000   -0.000000239   -0.000000401  255.599190  75358.1529
2106.00   15.0000    0.0000   15.0000  277.1890  277.1890  0.000000       0.00000       0.00000         229961.8672    0.000000    -0.00005     0.00000    0.000000000   -0.000000239   -0.000000401  255.554025  75237.3707
2118.00   15.0000    0.0000   15.0000  277.2670  277.2670  0.000000       0.00000       0.00000         229897.1749    0.000000    -0.00005     0.00000    0.000000000   -0.000000239   -0.000000400  255.508827  75116.7607
2130.00   15.0000    0.0000   15.0000  277.3450  277.3450  0.000000       0.00000       0.00000         229832.5191    0.000000    -0.00005     0.00000    0.000000000   -0.000000239   -0.000000400  255.463596  74996.3228
2142.00   15.0000    0.0000   15.0000  277.4230  277.4230  0.000000       0.00000       0.00000         229767.8996    0.000000    -0.00005     0.00000    0.000000000   -0.000000239   -0.000000399  255.418332  74876.0567
2154.00   15.0000    0.0000   15.0000  277.5010  277.5010  0.000000       0.00000       0.00000         229703.3164    0.000000    -0.00005     0.00000    0.000000000   -0.000000238   -0.000000399  255.373035  74755.9623
2166.00   15.0000    0.0000   15.0000  277.5790  277.5790  0.000000       0.00000       0.00000         229638.7695    0.000000    -0.00005     0.00000    0.000000000   -0.000000238   -0.000000398  255.327705  74636.0391
2178.00   15.0000    0.0000   15.0000  277.6570  277.6570  0.000000       0.00000       0.00000         229574.2589    0.000000    -0.00005     0.00000    0.000000000   -0.000000238   -0.000000398  255.282342  74516.2871
2190.00   15.0000    0.0000   15.0000  277.7350  277.7350  0.000000       0.00000       0.00000         229509.7845    0.000000    -0.00005     0.00000    0.000000000   -0.000000238   -0.000000398  255.236946  74396.7060
2202.00   15.0000    0.0000   15.0000  277.8130  277.8130  0.000000       0.00000       0.00000         229445.3463    0.000000    -0.00005     0.00000    0.000000000   -0.000000238   -0.000000397  255.191518  74277.2956
2214.00   15.0000    0.0000   15.0000  277.8910  277.8910  0.000000       0.00000       0.00000         229380.9443    0.000000    -0.00005     0.00000    0.000000000   -0.000000238   -0.000000397  255.146056  74158.0557
2226.00   15.0000    0.0000   15.0000  277.9690  277.9690  0.000000       0.00000       0.00000         229316.5785    0.000000    -0.00005     0.00000    0.000000000   -0.000000238   -0.000000396  255.100562  74038.9859
2238.00   15.0000    0.0000   15.0000  278.0470  278.0470  0.000000       0.00000       0.00000         229252.2487    0.000000    -0.00005     0.00000    0.000000000   -0.000000238   -0.000000396  255.055035  73920.0861
2250.00   15.0000    0.0000   15.0000  278.1250  278.1250  0.000000       0.00000       0.00000         229187.9551    0.000000    -0.00005     0.00000    0.000000000   -0.000000238   -0.000000395  255.009474  73801.3561
2262.00   15.0000    0.0000   15.0000  278.2030  278.2030  0.000000       0.00000       0.00000         229123.6974    0.000000    -0.00006     0.00000    0.000000000   -0.000000237   -0.000000395  254.963882  73682.7956
2274.00   15.0000    0.0000   15.0000  278.2810  278.2810  0.000000       0.00000       0.00000         229059.4759    0.000000    -0.00006     0.00000    0.000000000   -0.000000237   -0.000000394  254.918256  73564.4045
2286.00   15.0000    0.0000   15.0000  278.3590  278.3590  0.000000       0.00000       0.00000         228995.2903    0.000000    -0.00006     0.00000    0.000000000   -0.000000237   -0.000000394  254.872597  73446.1824
2298.00   15.0000    0.0000   15.0000  278.4370  278.4370  0.000000       0.00000       0.00000         228931.1406    0.000000    -0.00006     0.00000    0.000000000   -0.000000237   -0.000000393  254.826906  73328.1291
2310.00   15.0000    0.0000   15.0000  278.5150  278.5150  0.000000       0.00000       0.00000         228867.0269    0.000000    -0.00006     0.00000    0.000000000   -0.000000237   -0.000000393  254.781182  73210.2445
2322.00   15.0000    0.0000   15.0000  278.5930  278.5930  0.000000       0.00000       0.00000         228802.9491    0.000000    -0.00006     0.00000    0.000000000   -0.000000237   -0.000000392  254.735425  73092.5283
2334.00   15.0000    0.0000   15.0000  278.6710  278.6710  0.000000       0.00000       0.00000         228738.9072    0.000000    -0.00006     0.00000    0.000000000   -0.000000237   -0.000000392  254.689635  72974.9803
2346.00   15.0000    0.0000   15.0000  278.7490  278.7490  0.000000       0.00000       0.00000         228674.9011    0.000000    -0.00006     0.00000    0.000000000   -0.000000237   -0.000000391  254.643813  72857.6002
2358.00   15.0000    0.0000   15.0000  278.8270  278.8270  0.000000       0.00000       0.00000         228610.9308    0.000000    -0.00006     0.00000    0.000000000   -0.000000236   -0.000000391  254.597957  72740.3878
2370.00   15.0000    0.0000   15.0000  278.9050  278.9050  0.000000       0.00000       0.00000         228546.9963    0.000000    -0.00006     0.00000    0.000000000   -0.000000236   -0.000000390  254.552069  72623.3430
2382.00   15.0000    0.0000   15.0000  278.9830  278.9830  0.000000       0.00000       0.00000              0.0000    0.000000    -0.00006     0.00000    0.000000000    0.000000000    0.000000000  254.506149  72506.4654
2394.00   15.0000    0.0000   15.0000  279.0610  279.0610  0.000000       0.00000       0.00000              0.0000    0.000000     0.00000     0.00000    0.000000000    0.000000000    0.000000000  254.460195  72389.7548
