   0.00    0.0000    0.0000    0.0000  239.4951  239.4951  0.000000       0.00000       0.00000              0.0000    0.000000     0.00000     0.00000    0.000000000    0.000000000    0.000000000    0.000000      0.0000
   6.00    7.9337    3.5198    8.6794  240.8908  240.8908  0.000000       0.75405       0.75405              0.0000    0.000000     0.00000     0.00000   -0.000005743    0.000000000    0.000000000  240.803054  99872.4774
  18.00    8.9410    3.8948    9.7525  240.9802  240.9802  0.000000       2.41772       2.41772              0.0478    0.000000    -0.00000     0.00000   -0.000016120    0.000000000    0.000000000  240.745938  99660.1004
  30.00    9.5736    4.0906   10.4109  241.0383  241.0383  0.000000       2.37630       2.37630              0.0703    0.000000    -0.00000     0.00000   -0.000020019   -0.000000088   -0.000000119  240.686906  99490.5152
  42.00   10.1459    4.2335   10.9937  241.0929  241.0929  0.000000       2.62364       2.62364              0.0834    0.000000    -0.00000     0.00000   -0.000021926   -0.000000095   -0.000000125  240.624301  99321.1758
  54.00   10.6581    4.3317   11.5047  241.1438  241.1438  0.000000       2.61535       2.61535              0.0971    0.000000    -0.00000     0.00000   -0.000023348   -0.000000100   -0.000000129  240.557981  99152.0794
  66.00   11.1400    4.3962   11.9760  241.1938  241.1938  0.000000       2.57648       2.57648              0.1092    0.000000    -0.00000     0.00000   -0.000024497   -0.000000100   -0.000000130  240.490805  98983.2240
  78.00   11.5987    4.4309   12.4162  241.2439  241.2439  0.000000       2.47308       2.47308              0.1211    0.000000    -0.00000     0.00000   -0.000025509   -0.000000099   -0.000000128  240.423617  98814.6092
  90.00   12.0412    4.4382   12.8331  241.2949  241.2949  0.000000       2.33963       2.33963              0.1329    0.000000    -0.00000     0.00000   -0.000026425   -0.000000096   -0.000000125  240.357338  98646.2349
 102.00   12.4707    4.4191   13.2305  241.3475  241.3475  0.000000       2.18146       2.18146              0.1449    0.000000    -0.00000     0.00000   -0.000027287   -0.000000092   -0.000000121  240.292634  98478.1018
 114.00   12.8894    4.3737   13.6113  241.4024  241.4024  0.000000       2.00855       2.00855              0.1572    0.000000    -0.00000     0.00000   -0.000028122   -0.000000086   -0.000000116  240.230176  98310.2108
 126.00   13.2985    4.3016   13.9770  241.4602  241.4602  0.000000       1.82630       1.82630              0.1702    0.000000    -0.00000     0.00000   -0.000028947   -0.000000080   -0.000000109  240.170647  98142.5635
 138.00   13.6985    4.2019   14.3284  241.5218  241.5218  0.000000       1.63956       1.63956              0.1842    0.000000    -0.00000     0.00000   -0.000029776   -0.000000071   -0.000000101  240.114823  97975.1620
 150.00   14.0889    4.0733   14.6659  241.5881  241.5881  0.000000       1.45195       1.45195              0.1993    0.000000    -0.00000     0.00000   -0.000030628   -0.000000061   -0.000000091  240.063628  97808.0088
 162.00   14.4690    3.9139   14.9890  241.6603  241.6603  0.000000       1.26652       1.26652              0.2161    0.000000    -0.00000     0.00000   -0.000031529   -0.000000048   -0.000000078  240.018215  97641.1072
 174.00   14.8370    3.7213   15.2966  241.7398  241.7398  0.000000       1.08587       1.08587              0.2350    0.000000    -0.00000     0.00000   -0.000032517   -0.000000032   -0.000000063  239.980084  97474.4614
 186.00   15.1904    3.4925   15.5867  241.8288  241.8288  0.000000       0.91224       0.91224              0.2566    0.000000    -0.00001     0.00000   -0.000033627   -0.000000011   -0.000000043  239.951257  97308.0769
 198.00   15.5253    3.2238   15.8565  241.9300  241.9300  0.000000       0.74786       0.74786              0.2819    0.000000    -0.00001     0.00000   -0.000034995    0.000000017   -0.000000016  239.934562  97141.9606
 210.00   15.8358    2.9105   16.1010  242.0476  242.0476  0.000000       0.59444       0.59444              0.3123    0.000000    -0.00001     0.00000   -0.000036907    0.000000055    0.000000020  239.934134  96976.1220
 222.00   16.1127    2.5469   16.3128  242.1880  242.1880  0.000000       0.45499       0.45499              0.3497    0.000000    -0.00001     0.00000   -0.000039452    0.000000110    0.000000072  239.956152  96810.5739
 234.00   16.3421    2.1258   16.4798  242.3614  242.3614  0.000000       0.32883       0.32883              0.3981    0.000000    -0.00002     0.00000   -0.000043872    0.000000191    0.000000150  240.010864  96645.3348
 246.00   16.4992    1.6430   16.5808  242.5842  242.5842  0.000000       0.22483       0.22483              0.4611    0.000000    -0.00002     0.00000   -0.000052016    0.000000325    0.000000276  240.114287  96480.4321
 258.00   16.5442    1.0906   16.5801  242.8902  242.8902  0.000000       0.12921       0.12921              0.5576    0.000000    -0.00003     0.00000   -0.000068973    0.000000533    0.000000473  240.300015  96315.9096
 270.00   16.4105    0.5219   16.4188  243.3120  243.3120  0.000000       0.08053       0.08053              0.6647    0.000000    -0.00004     0.00000   -0.000116245    0.000000942    0.000000856  240.600205  96151.8335
 282.00   15.9509   -0.0276   15.9509  243.9912  243.9912  0.000000       0.00044       0.00044              2.7768    0.000000     0.00000     0.00000   -0.000181907    0.000008620    0.000006528  241.154615  95988.3269
 294.00   15.0036   -0.0059   15.0036  249.8119  249.8119  0.000000       0.00001       0.00001              7.3687    0.000000    -0.00011     0.00000   -0.000008990    0.000010139    0.000011619  246.789040  95827.1443
 306.00   15.0000   -0.0000   15.0000  251.0689  251.0689  0.000000       0.00000       0.00000          45103.4864    0.000000    -0.00010     0.00000   -0.000000026    0.000004124    0.000003943  247.913455  95668.4505
 318.00   15.0000   -0.0000   15.0000  252.1595  252.1595  0.000000       0.00000       0.00000        3148239.1904    0.000000    -0.00008     0.00000    0.000000000    0.000003611    0.000003453  248.873021  95510.6839
 330.00   15.0000   -0.0000   15.0000  253.0117  253.0117  0.000000       0.00000       0.00000        2503775.1549    0.000000    -0.00007     0.00000    0.000000000    0.000002979    0.000002824  249.596836  95353.7092
 342.00   15.0000   -0.0000   15.0000  253.7099  253.7099  0.000000       0.00000       0.00000        2112520.8302    0.000000    -0.00006     0.00000    0.000000000    0.000002577    0.000002424  250.168291  95197.3986
 354.00   15.0000   -0.0000   15.0000  254.3234  254.3234  0.000000       0.00000       0.00000        1853629.6653    0.000000    -0.00006     0.00000    0.000000000    0.000002302    0.000002153  250.656048  95041.6740
 366.00   15.0000    0.0000   15.0000  254.8636  254.8636  0.000000       0.00000       0.00000        1658316.0904    0.000000    -0.00006     0.00000    0.000000000    0.000002086    0.000001938  251.071208  94886.4838
 378.00   15.0000    0.0000   15.0000  255.3578  255.3578  0.000000       0.00000       0.00000        1507380.6909    0.000000    -0.00005     0.00000    0.000000000    0.000001912    0.000001767  251.440830  94731.7888
 390.00   15.0000    0.0000   15.0000  255.8056  255.8056  0.000000       0.00000       0.00000        1385226.7327    0.000000    -0.00005     0.00000    0.000000000    0.000001767    0.000001622  251.764611  94577.5586
 402.00   15.0000    0.0000   15.0000  256.2250  256.2250  0.000000       0.00000       0.00000        1282102.0901    0.000000    -0.00005     0.00000    0.000000000    0.000001638    0.000001496  252.060159  94423.7688
 414.00   15.0000    0.0000   15.0000  256.6096  256.6096  0.000000       0.00000       0.00000        1196447.7342    0.000000    -0.00005     0.00000    0.000000000    0.000001529    0.000001387  252.321328  94270.3983
 426.00   15.0000    0.0000   15.0000  256.9764  256.9764  0.000000       0.00000       0.00000        1126392.0987    0.000000    -0.00005     0.00000    0.000000000    0.000001438    0.000001296  252.564799  94117.4299
 438.00   15.0000    0.0000   15.0000  257.3180  257.3180  0.000000       0.00000       0.00000        1065009.5005    0.000000    -0.00004     0.00000    0.000000000    0.000001356    0.000001214  252.783380  93964.8492
 450.00   15.0000    0.0000   15.0000  257.6471  257.6471  0.000000       0.00000       0.00000        1014238.7689    0.000000    -0.00004     0.00000    0.000000000    0.000001288    0.000001146  252.989476  93812.6437
 462.00   15.0000    0.0000   15.0000  257.9575  257.9575  0.000000       0.00000       0.00000         964629.3238    0.000000    -0.00004     0.00000    0.000000000    0.000001218    0.000001076  253.177162  93660.8029
 474.00   15.0000    0.0000   15.0000  258.2560  258.2560  0.000000       0.00000       0.00000         922074.5750    0.000000    -0.00004     0.00000    0.000000000    0.000001156    0.000001015  253.352984  93509.3165
 486.00   15.0000    0.0000   15.0000  258.5403  258.5403  0.000000       0.00000       0.00000         882615.2822    0.000000    -0.00004     0.00000    0.000000000    0.000001098    0.000000956  253.514699  93358.1759
 498.00   15.0000    0.0000   15.0000  258.8145  258.8145  0.000000       0.00000       0.00000         848833.8038    0.000000    -0.00004     0.00000    0.000000000    0.000001047    0.000000905  253.666404  93207.3726
 510.00   15.0000    0.0000   15.0000  259.0780  259.0780  0.000000       0.00000       0.00000         817677.6378    0.000000    -0.00004     0.00000    0.000000000    0.000000999    0.000000857  253.807475  93056.8998
 522.00   15.0000    0.0000   15.0000  259.3329  259.3329  0.000000       0.00000       0.00000         789370.6325    0.000000    -0.00004     0.00000    0.000000000    0.000000955    0.000000812  253.940119  92906.7508
 534.00   15.0000    0.0000   15.0000  259.5790  259.5790  0.000000       0.00000       0.00000         763817.6560    0.000000    -0.00004     0.00000    0.000000000    0.000000914    0.000000771  254.063864  92756.9197
 546.00   15.0000    0.0000   15.0000  259.8182  259.8182  0.000000       0.00000       0.00000         740458.2387    0.000000    -0.00004     0.00000    0.000000000    0.000000876    0.000000733  254.180859  92607.4010
 558.00   15.0000    0.0000   15.0000  260.0498  260.0498  0.000000       0.00000       0.00000         720324.9470    0.000000    -0.00004     0.00000    0.000000000    0.000000844    0.000000700  254.290291  92458.1898
 570.00   15.0000    0.0000   15.0000  260.2766  260.2766  0.000000       0.00000       0.00000         701613.3789    0.000000    -0.00004     0.00000    0.000000000    0.000000813    0.000000669  254.394954  92309.2816
 582.00   15.0000    0.0000   15.0000  260.4967  260.4967  0.000000       0.00000       0.00000         683478.1633    0.000000    -0.00004     0.00000    0.000000000    0.000000783    0.000000639  254.492922  92160.6724
 594.00   15.0000    0.0000   15.0000  260.7123  260.7123  0.000000       0.00000       0.00000         665507.3333    0.000000    -0.00004     0.00000    0.000000000    0.000000752    0.000000607  254.586457  92012.3582
 606.00   15.0000    0.0000   15.0000  260.9213  260.9213  0.000000       0.00000       0.00000         648437.1451    0.000000    -0.00004     0.00000    0.000000000    0.000000722    0.000000577  254.673385  91864.3351
 618.00   15.0000    0.0000   15.0000  261.1264  261.1264  0.000000       0.00000       0.00000         633782.0590    0.000000    -0.00004     0.00000    0.000000000    0.000000696    0.000000551  254.756422  91716.5994
 630.00   15.0000    0.0000   15.0000  261.3264  261.3264  0.000000       0.00000       0.00000         619673.4742    0.000000    -0.00004     0.00000    0.000000000    0.000000671    0.000000525  254.834345  91569.1479
 642.00   15.0000    0.0000   15.0000  261.5227  261.5227  0.000000       0.00000       0.00000         607459.3552    0.000000    -0.00004     0.00000    0.000000000    0.000000649    0.000000503  254.908704  91421.9773
 654.00   15.0000    0.0000   15.0000  261.7151  261.7151  0.000000       0.00000       0.00000         595856.0325    0.000000    -0.00004     0.00000    0.000000000    0.000000628    0.000000481  254.979120  91275.0850
 666.00   15.0000    0.0000   15.0000  261.9044  261.9044  0.000000       0.00000       0.00000         585743.9493    0.000000    -0.00004     0.00000    0.000000000    0.000000610    0.000000463  255.046342  91128.4683
 678.00   15.0000    0.0000   15.0000  262.0906  262.0906  0.000000       0.00000       0.00000         576467.5535    0.000000    -0.00004     0.00000    0.000000000    0.000000593    0.000000446  255.110544  90982.1247
 690.00   15.0000    0.0000   15.0000  262.2741  262.2741  0.000000       0.00000       0.00000         568403.9656    0.000000    -0.00004     0.00000    0.000000000    0.000000579    0.000000431  255.172067  90836.0522
 702.00   15.0000    0.0000   15.0000  262.4554  262.4554  0.000000       0.00000       0.00000         561242.0114    0.000000    -0.00004     0.00000    0.000000000    0.000000566    0.000000418  255.231320  90690.2486
 714.00   15.0000    0.0000   15.0000  262.6346  262.6346  0.000000       0.00000       0.00000         555248.7791    0.000000    -0.00004     0.00000    0.000000000    0.000000556    0.000000407  255.288451  90544.7122
 726.00   15.0000    0.0000   15.0000  262.8123  262.8123  0.000000       0.00000       0.00000         550637.2662    0.000000    -0.00004     0.00000    0.000000000    0.000000549    0.000000399  255.344039  90399.4414
 738.00   15.0000    0.0000   15.0000  262.9888  262.9888  0.000000       0.00000       0.00000         547048.3812    0.000000    -0.00004     0.00000    0.000000000    0.000000544    0.000000394  255.398364  90254.4349
 750.00   15.0000    0.0000   15.0000  263.1644  263.1644  0.000000       0.00000       0.00000         544326.7007    0.000000    -0.00004     0.00000    0.000000000    0.000000541    0.000000390  255.451781  90109.6915
 762.00   15.0000    0.0000   15.0000  263.3394  263.3394  0.000000       0.00000       0.00000         543399.5304    0.000000    -0.00004     0.00000    0.000000000    0.000000542    0.000000390  255.504476  89965.2102
 774.00   15.0000    0.0000   15.0000  263.5146  263.5146  0.000000       0.00000       0.00000         543821.4396    0.000000    -0.00004     0.00000    0.000000000    0.000000547    0.000000394  255.557383  89820.9904
 786.00   15.0000    0.0000   15.0000  263.6901  263.6901  0.000000       0.00000       0.00000         545631.4890    0.000000    -0.00004     0.00000    0.000000000    0.000000555    0.000000400  255.610413  89677.0315
 798.00   15.0000    0.0000   15.0000  263.8667  263.8667  0.000000       0.00000       0.00000         548247.6074    0.000000    -0.00004     0.00000    0.000000000    0.000000564    0.000000409  255.664523  89533.3335
 810.00   15.0000    0.0000   15.0000  264.0441  264.0441  0.000000       0.00000       0.00000         551553.2129    0.000000    -0.00005     0.00000    0.000000000    0.000000576    0.000000420  255.719261  89389.8963
 822.00   15.0000    0.0000   15.0000  264.2232  264.2232  0.000000       0.00000       0.00000         556871.2449    0.000000    -0.00005     0.00000    0.000000000    0.000000593    0.000000435  255.775513  89246.7199
 834.00   15.0000    0.0000   15.0000  264.4042  264.4042  0.000000       0.00000       0.00000         564720.4754    0.000000    -0.00005     0.00000    0.000000000    0.000000616    0.000000457  255.833657  89103.8048
 846.00   15.0000    0.0000   15.0000  264.5886  264.5886  0.000000       0.00000       0.00000         576394.0150    0.000000    -0.00005     0.00000    0.000000000    0.000000649    0.000000488  255.894902  88961.1518
 858.00   15.0000    0.0000   15.0000  264.7775  264.7775  0.000000       0.00000       0.00000         590161.5356    0.000000    -0.00005     0.00000    0.000000000    0.000000688    0.000000525  255.960440  88818.7624
 870.00   15.0000    0.0000   15.0000  264.9710  264.9710  0.000000       0.00000       0.00000         612554.8555    0.000000    -0.00006     0.00000    0.000000000    0.000000749    0.000000584  256.030403  88676.6385
 882.00   15.0000    0.0000   15.0000  265.1747  265.1747  0.000000       0.00000       0.00000         631545.3098    0.000000    -0.00006     0.00000    0.000000000    0.000000803    0.000000636  256.110072  88534.7834
 894.00   15.0000    0.0000   15.0000  265.3809  265.3809  0.000000       0.00000       0.00000         673144.0716    0.000000    -0.00006     0.00000    0.000000000    0.000000917    0.000000745  256.192058  88393.2000
 906.00   15.0000    0.0000   15.0000  265.6119  265.6119  0.000000       0.00000       0.00000         691511.6182    0.000000    -0.00006     0.00000    0.000000000    0.000000972    0.000000799  256.297932  88251.8947
 918.00   15.0000    0.0000   15.0000  265.8304  265.8304  0.000000       0.00000       0.00000         779964.2760    0.000000    -0.00008     0.00000    0.000000000    0.000001214    0.000001031  256.391622  88110.8702
 930.00   15.0000    0.0000   15.0000  266.1193  266.1193  0.000000       0.00000       0.00000         783317.5106    0.000000    -0.00006     0.00000    0.000000000    0.000001235    0.000001055  256.553137  87970.1410
 942.00   15.0000    0.0000   15.0000  266.3405  266.3405  0.000000       0.00000       0.00000         995518.2543    0.000000    -0.00013     0.00000    0.000000000    0.000001827    0.000001616  256.649271  87829.7071
 954.00   15.0000    0.0000   15.0000  266.7682  266.7682  0.000000       0.00000       0.00000         949730.1038    0.000000    -0.00006     0.00000    0.000000000    0.000001721    0.000001537  256.944195  87689.6040
 966.00   15.0000    0.0000   15.0000  266.9606  266.9606  0.000000       0.00000       0.00000        1460734.9895    0.000000    -0.00023     0.00000    0.000000000    0.000003213    0.000002918  257.012352  87549.8231
 978.00   15.0000    0.0000   15.0000  267.7226  267.7226  0.000000       0.00000       0.00000        1349607.6002    0.000000    -0.00004     0.00000    0.000000000    0.000002925    0.000002759  257.628676  87410.4503
 990.00   15.0000    0.0000   15.0000  267.8449  267.8449  0.000000       0.00000       0.00000        3494143.8263    0.000000    -0.00067     0.00000    0.000000000    0.000009885    0.000008821  257.629235  87271.4661
1002.00   15.0000    0.0000   15.0000  270.0130  270.0130  0.000000       0.00000       0.00000        3399063.1610    0.000000    -0.00002     0.00000    0.000000000    0.000009675    0.000010012  259.597114  87133.2282
1014.00   15.0000    0.0000   15.0000  270.0910  270.0910  0.000000       0.00000       0.00000         236005.2723    0.000000    -0.00002     0.00000    0.000000000   -0.000000242   -0.000000438  259.554994  86995.7232
1026.00   15.0000    0.0000   15.0000  270.1690  270.1690  0.000000       0.00000       0.00000         235937.1356    0.000000    -0.00002     0.00000    0.000000000   -0.000000242   -0.000000437  259.512841  86858.4129
1038.00   15.0000    0.0000   15.0000  270.2470  270.2470  0.000000       0.00000       0.00000         235869.0383    0.000000    -0.00003     0.00000    0.000000000   -0.000000242   -0.000000437  259.470654  86721.2971
1050.00   15.0000    0.0000   15.0000  270.3250  270.3250  0.000000       0.00000       0.00000         235800.9803    0.000000    -0.00003     0.00000    0.000000000   -0.000000242   -0.000000437  259.428433  86584.3755
1062.00   15.0000    0.0000   15.0000  270.4030  270.4030  0.000000       0.00000       0.00000         235732.9615    0.000000    -0.00003     0.00000    0.000000000   -0.000000242   -0.000000436  259.386178  86447.6479
1074.00   15.0000    0.0000   15.0000  270.4810  270.4810  0.000000       0.00000       0.00000         235664.9820    0.000000    -0.00003     0.00000    0.000000000   -0.000000242   -0.000000436  259.343889  86311.1139
1086.00   15.0000    0.0000   15.0000  270.5590  270.5590  0.000000       0.00000       0.00000         235597.0417    0.000000    -0.00003     0.00000    0.000000000   -0.000000242   -0.000000436  259.301567  86174.7734
1098.00   15.0000    0.0000   15.0000  270.6370  270.6370  0.000000       0.00000       0.00000         235529.1405    0.000000    -0.00003     0.00000    0.000000000   -0.000000242   -0.000000435  259.259211  86038.6260
1110.00   15.0000    0.0000   15.0000  270.7150  270.7150  0.000000       0.00000       0.00000         235461.2785    0.000000    -0.00003     0.00000    0.000000000   -0.000000242   -0.000000435  259.216821  85902.6715
1122.00   15.0000    0.0000   15.0000  270.7930  270.7930  0.000000       0.00000       0.00000         235393.4555    0.000000    -0.00003     0.00000    0.000000000   -0.000000242   -0.000000435  259.174398  85766.9096
1134.00   15.0000    0.0000   15.0000  270.8710  270.8710  0.000000       0.00000       0.00000         235325.6716    0.000000    -0.00003     0.00000    0.000000000   -0.000000242   -0.000000434  259.131940  85631.3401
1146.00   15.0000    0.0000   15.0000  270.9490  270.9490  0.000000       0.00000       0.00000         235257.9268    0.000000    -0.00003     0.00000    0.000000000   -0.000000242   -0.000000434  259.089449  85495.9628
1158.00   15.0000    0.0000   15.0000  271.0270  271.0270  0.000000       0.00000       0.00000         235190.2209    0.000000    -0.00003     0.00000    0.000000000   -0.000000242   -0.000000434  259.046925  85360.7773
1170.00   15.0000    0.0000   15.0000  271.1050  271.1050  0.000000       0.00000       0.00000         235122.5540    0.000000    -0.00003     0.00000    0.000000000   -0.000000242   -0.000000433  259.004366  85225.7834
1182.00   15.0000    0.0000   15.0000  271.1830  271.1830  0.000000       0.00000       0.00000         235054.9260    0.000000    -0.00003     0.00000    0.000000000   -0.000000242   -0.000000433  258.961774  85090.9808
1194.00   15.0000    0.0000   15.0000  271.2610  271.2610  0.000000       0.00000       0.00000         234987.3369    0.000000    -0.00003     0.00000    0.000000000   -0.000000242   -0.000000432  258.919149  84956.3693
1206.00   15.0000    0.0000   15.0000  271.3390  271.3390  0.000000       0.00000       0.00000         234919.7867    0.000000    -0.00003     0.00000    0.000000000   -0.000000242   -0.000000432  258.876489  84821.9487
1218.00   15.0000    0.0000   15.0000  271.4170  271.4170  0.000000       0.00000       0.00000         234852.2753    0.000000    -0.00003     0.00000    0.000000000   -0.000000242   -0.000000432  258.833796  84687.7187
1230.00   15.0000    0.0000   15.0000  271.4950  271.4950  0.000000       0.00000       0.00000         234784.8027    0.000000    -0.00003     0.00000    0.000000000   -0.000000242   -0.000000431  258.791069  84553.6789
1242.00   15.0000    0.0000   15.0000  271.5730  271.5730  0.000000       0.00000       0.00000         234717.3688    0.000000    -0.00003     0.00000    0.000000000   -0.000000242   -0.000000431  258.748309  84419.8293
1254.00   15.0000    0.0000   15.0000  271.6510  271.6510  0.000000       0.00000       0.00000         234649.9737    0.000000    -0.00003     0.00000    0.000000000   -0.000000242   -0.000000431  258.705515  84286.1694
1266.00   15.0000    0.0000   15.0000  271.7290  271.7290  0.000000       0.00000       0.00000         234582.6172    0.000000    -0.00003     0.00000    0.000000000   -0.000000242   -0.000000430  258.662687  84152.6991
1278.00   15.0000    0.0000   15.0000  271.8070  271.8070  0.000000       0.00000       0.00000         234515.2995    0.000000    -0.00003     0.00000    0.000000000   -0.000000242   -0.000000430  258.619826  84019.4181
1290.00   15.0000    0.0000   15.0000  271.8850  271.8850  0.000000       0.00000       0.00000         234448.0203    0.000000    -0.00003     0.00000    0.000000000   -0.000000242   -0.000000430  258.576931  83886.3261
1302.00   15.0000    0.0000   15.0000  271.9630  271.9630  0.000000       0.00000       0.00000         234380.7797    0.000000    -0.00003     0.00000    0.000000000   -0.000000242   -0.000000429  258.534003  83753.4230
1314.00   15.0000    0.0000   15.0000  272.0410  272.0410  0.000000       0.00000       0.00000         234313.5777    0.000000    -0.00003     0.00000    0.000000000   -0.000000242   -0.000000429  258.491041  83620.7083
1326.00   15.0000    0.0000   15.0000  272.1190  272.1190  0.000000       0.00000       0.00000         234246.4143    0.000000    -0.00003     0.00000    0.000000000   -0.000000242   -0.000000429  258.448045  83488.1820
1338.00   15.0000    0.0000   15.0000  272.1970  272.1970  0.000000       0.00000       0.00000         234179.2893    0.000000    -0.00003     0.00000    0.000000000   -0.000000242   -0.000000428  258.405016  83355.8436
1350.00   15.0000    0.0000   15.0000  272.2750  272.2750  0.000000       0.00000       0.00000         234112.2027    0.000000    -0.00003     0.00000    0.000000000   -0.000000242   -0.000000428  258.361953  83223.6931
1362.00   15.0000    0.0000   15.0000  272.3530  272.3530  0.000000       0.00000       0.00000         234045.1546    0.000000    -0.00003     0.00000    0.000000000   -0.000000242   -0.000000427  258.318857  83091.7301
1374.00   15.0000    0.0000   15.0000  272.4310  272.4310  0.000000       0.00000       0.00000         233978.1449    0.000000    -0.00003     0.00000    0.000000000   -0.000000242   -0.000000427  258.275727  82959.9543
1386.00   15.0000    0.0000   15.0000  272.5090  272.5090  0.000000       0.00000       0.00000         233911.1736    0.000000    -0.00003     0.00000    0.000000000   -0.000000242   -0.000000427  258.232564  82828.3656
1398.00   15.0000    0.0000   15.0000  272.5870  272.5870  0.000000       0.00000       0.00000         233844.2406    0.000000    -0.00003     0.00000    0.000000000   -0.000000242   -0.000000426  258.189367  82696.9636
1410.00   15.0000    0.0000   15.0000  272.6650  272.6650  0.000000       0.00000       0.00000         233777.3458    0.000000    -0.00003     0.00000    0.000000000   -0.000000242   -0.000000426  258.146137  82565.7482
1422.00   15.0000    0.0000   15.0000  272.7430  272.7430  0.000000       0.00000       0.00000         233710.4894    0.000000    -0.00003     0.00000    0.000000000   -0.000000242   -0.000000426  258.102873  82434.7190
1434.00   15.0000    0.0000   15.0000  272.8210  272.8210  0.000000       0.00000       0.00000         233643.6711    0.000000    -0.00003     0.00000    0.000000000   -0.000000242   -0.000000425  258.059576  82303.8758
1446.00   15.0000    0.0000   15.0000  272.8990  272.8990  0.000000       0.00000       0.00000         233576.8911    0.000000    -0.00004     0.00000    0.000000000   -0.000000242   -0.000000425  258.016245  82173.2184
1458.00   15.0000    0.0000   15.0000  272.9770  272.9770  0.000000       0.00000       0.00000         233510.1492    0.000000    -0.00004     0.00000    0.000000000   -0.000000242   -0.000000424  257.972881  82042.7466
1470.00   15.0000    0.0000   15.0000  273.0550  273.0550  0.000000       0.00000       0.00000         233443.4455    0.000000    -0.00004     0.00000    0.000000000   -0.000000242   -0.000000424  257.929483  81912.4600
1482.00   15.0000    0.0000   15.0000  273.1330  273.1330  0.000000       0.00000       0.00000         233376.7798    0.000000    -0.00004     0.00000    0.000000000   -0.000000242   -0.000000424  257.886052  81782.3584
1494.00   15.0000    0.0000   15.0000  273.2110  273.2110  0.000000       0.00000       0.00000         233310.1522    0.000000    -0.00004     0.00000    0.000000000   -0.000000242   -0.000000423  257.842587  81652.4416
1506.00   15.0000    0.0000   15.0000  273.2890  273.2890  0.000000       0.00000       0.00000         233243.5627    0.000000    -0.00004     0.00000    0.000000000   -0.000000242   -0.000000423  257.799089  81522.7093
1518.00   15.0000    0.0000   15.0000  273.3670  273.3670  0.000000       0.00000       0.00000         233177.0111    0.000000    -0.00004     0.00000    0.000000000   -0.000000242   -0.000000422  257.755558  81393.1612
1530.00   15.0000    0.0000   15.0000  273.4450  273.4450  0.000000       0.00000       0.00000         233110.4975    0.000000    -0.00004     0.00000    0.000000000   -0.000000242   -0.000000422  257.711993  81263.7973
1542.00   15.0000    0.0000   15.0000  273.5230  273.5230  0.000000       0.00000       0.00000         233044.0219    0.000000    -0.00004     0.00000    0.000000000   -0.000000242   -0.000000422  257.668395  81134.6171
1554.00   15.0000    0.0000   15.0000  273.6010  273.6010  0.000000       0.00000       0.00000         232977.5841    0.000000    -0.00004     0.00000    0.000000000   -0.000000242   -0.000000421  257.624763  81005.6204
1566.00   15.0000    0.0000   15.0000  273.6790  273.6790  0.000000       0.00000       0.00000         232911.1843    0.000000    -0.00004     0.00000    0.000000000   -0.000000242   -0.000000421  257.581098  80876.8070
1578.00   15.0000    0.0000   15.0000  273.7570  273.7570  0.000000       0.00000       0.00000         232844.8222    0.000000    -0.00004     0.00000    0.000000000   -0.000000242   -0.000000420  257.537400  80748.1767
1590.00   15.0000    0.0000   15.0000  273.8350  273.8350  0.000000       0.00000       0.00000         232778.4980    0.000000    -0.00004     0.00000    0.000000000   -0.000000242   -0.000000420  257.493668  80619.7291
1602.00   15.0000    0.0000   15.0000  273.9130  273.9130  0.000000       0.00000       0.00000         232712.2115    0.000000    -0.00004     0.00000    0.000000000   -0.000000242   -0.000000420  257.449903  80491.4641
1614.00   15.0000    0.0000   15.0000  273.9910  273.9910  0.000000       0.00000       0.00000         232645.9628    0.000000    -0.00004     0.00000    0.000000000   -0.000000242   -0.000000419  257.406104  80363.3814
1626.00   15.0000    0.0000   15.0000  274.0690  274.0690  0.000000       0.00000       0.00000         232579.7518    0.000000    -0.00004     0.00000    0.000000000   -0.000000242   -0.000000419  257.362272  80235.4808
1638.00   15.0000    0.0000   15.0000  274.1470  274.1470  0.000000       0.00000       0.00000         232513.5785    0.000000    -0.00004     0.00000    0.000000000   -0.000000242   -0.000000418  257.318407  80107.7620
1650.00   15.0000    0.0000   15.0000  274.2250  274.2250  0.000000       0.00000       0.00000         232447.4428    0.000000    -0.00004     0.00000    0.000000000   -0.000000242   -0.000000418  257.274509  79980.2248
1662.00   15.0000    0.0000   15.0000  274.3030  274.3030  0.000000       0.00000       0.00000         232381.3447    0.000000    -0.00004     0.00000    0.000000000   -0.000000242   -0.000000418  257.230577  79852.8688
1674.00   15.0000    0.0000   15.0000  274.3810  274.3810  0.000000       0.00000       0.00000         232315.2842    0.000000    -0.00004     0.00000    0.000000000   -0.000000242   -0.000000417  257.186612  79725.6940
1686.00   15.0000    0.0000   15.0000  274.4590  274.4590  0.000000       0.00000       0.00000         232249.2613    0.000000    -0.00004     0.00000    0.000000000   -0.000000242   -0.000000417  257.142614  79598.7000
1698.00   15.0000    0.0000   15.0000  274.5370  274.5370  0.000000       0.00000       0.00000         232183.2758    0.000000    -0.00004     0.00000    0.000000000   -0.000000242   -0.000000416  257.098582  79471.8866
1710.00   15.0000    0.0000   15.0000  274.6150  274.6150  0.000000       0.00000       0.00000         232117.3279    0.000000    -0.00004     0.00000    0.000000000   -0.000000241   -0.000000416  257.054517  79345.2536
1722.00   15.0000    0.0000   15.0000  274.6930  274.6930  0.000000       0.00000       0.00000         232051.4174    0.000000    -0.00004     0.00000    0.000000000   -0.000000241   -0.000000416  257.010419  79218.8007
1734.00   15.0000    0.0000   15.0000  274.7710  274.7710  0.000000       0.00000       0.00000         231985.5443    0.000000    -0.00004     0.00000    0.000000000   -0.000000241   -0.000000415  256.966288  79092.5277
1746.00   15.0000    0.0000   15.0000  274.8490  274.8490  0.000000       0.00000       0.00000         231919.7086    0.000000    -0.00004     0.00000    0.000000000   -0.000000241   -0.000000415  256.922123  78966.4343
1758.00   15.0000    0.0000   15.0000  274.9270  274.9270  0.000000       0.00000       0.00000         231853.9103    0.000000    -0.00004     0.00000    0.000000000   -0.000000241   -0.000000414  256.877925  78840.5203
1770.00   15.0000    0.0000   15.0000  275.0050  275.0050  0.000000       0.00000       0.00000         231788.1493    0.000000    -0.00004     0.00000    0.000000000   -0.000000241   -0.000000414  256.833694  78714.7854
1782.00   15.0000    0.0000   15.0000  275.0830  275.0830  0.000000       0.00000       0.00000         231722.4256    0.000000    -0.00004     0.00000    0.000000000   -0.000000241   -0.000000413  256.789430  78589.2294
1794.00   15.0000    0.0000   15.0000  275.1610  275.1610  0.000000       0.00000       0.00000         231656.7391    0.000000    -0.00004     0.00000    0.000000000   -0.000000241   -0.000000413  256.745132  78463.8521
1806.00   15.0000    0.0000   15.0000  275.2390  275.2390  0.000000       0.00000       0.00000         231591.0899    0.000000    -0.00004     0.00000    0.000000000   -0.000000241   -0.000000413  256.700802  78338.6533
1818.00   15.0000    0.0000   15.0000  275.3170  275.3170  0.000000       0.00000       0.00000         231525.4779    0.000000    -0.00004     0.00000    0.000000000   -0.000000241   -0.000000412  256.656438  78213.6326
1830.00   15.0000    0.0000   15.0000  275.3950  275.3950  0.000000       0.00000       0.00000         231459.9030    0.000000    -0.00004     0.00000    0.000000000   -0.000000241   -0.000000412  256.612041  78088.7899
1842.00   15.0000    0.0000   15.0000  275.4730  275.4730  0.000000       0.00000       0.00000         231394.3653    0.000000    -0.00004     0.00000    0.000000000   -0.000000241   -0.000000411  256.567611  77964.1249
1854.00   15.0000    0.0000   15.0000  275.5510  275.5510  0.000000       0.00000       0.00000         231328.8647    0.000000    -0.00005     0.00000    0.000000000   -0.000000241   -0.000000411  256.523147  77839.6374
1866.00   15.0000    0.0000   15.0000  275.6290  275.6290  0.000000       0.00000       0.00000         231263.4012    0.000000    -0.00005     0.00000    0.000000000   -0.000000241   -0.000000410  256.478651  77715.3271
1878.00   15.0000    0.0000   15.0000  275.7070  275.7070  0.000000       0.00000       0.00000         231197.9747    0.000000    -0.00005     0.00000    0.000000000   -0.000000241   -0.000000410  256.434121  77591.1938
1890.00   15.0000    0.0000   15.0000  275.7850  275.7850  0.000000       0.00000       0.00000         231132.5852    0.000000    -0.00005     0.00000    0.000000000   -0.000000241   -0.000000410  256.389558  77467.2373
1902.00   15.0000    0.0000   15.0000  275.8630  275.8630  0.000000       0.00000       0.00000         231067.2326    0.000000    -0.00005     0.00000    0.000000000   -0.000000241   -0.000000409  256.344962  77343.4573
1914.00   15.0000    0.0000   15.0000  275.9410  275.9410  0.000000       0.00000       0.00000         231001.9171    0.000000    -0.00005     0.00000    0.000000000   -0.000000240   -0.000000409  256.300333  77219.8536
1926.00   15.0000    0.0000   15.0000  276.0190  276.0190  0.000000       0.00000       0.00000         230936.6384    0.000000    -0.00005     0.00000    0.000000000   -0.000000240   -0.000000408  256.255671  77096.4259
1938.00   15.0000    0.0000   15.0000  276.0970  276.0970  0.000000       0.00000       0.00000         230871.3966    0.000000    -0.00005     0.00000    0.000000000   -0.000000240   -0.000000408  256.210976  76973.1741
1950.00   15.0000    0.0000   15.0000  276.1750  276.1750  0.000000       0.00000       0.00000         230806.1917    0.000000    -0.00005     0.00000    0.000000000   -0.000000240   -0.000000407  256.166248  76850.0978
1962.00   15.0000    0.0000   15.0000  276.2530  276.2530  0.000000       0.00000       0.00000         230741.0236    0.000000    -0.00005     0.00000    0.000000000   -0.000000240   -0.000000407  256.121487  76727.1969
1974.00   15.0000    0.0000   15.0000  276.3310  276.3310  0.000000       0.00000       0.00000         230675.8923    0.000000    -0.00005     0.00000    0.000000000   -0.000000240   -0.000000406  256.076692  76604.4711
1986.00   15.0000    0.0000   15.0000  276.4090  276.4090  0.000000       0.00000       0.00000         230610.7978    0.000000    -0.00005     0.00000    0.000000000   -0.000000240   -0.000000406  256.031865  76481.9202
1998.00   15.0000    0.0000   15.0000  276.4870  276.4870  0.000000       0.00000       0.00000         230545.7399    0.000000    -0.00005     0.00000    0.000000000   -0.000000240   -0.000000406  255.987004  76359.5439
2010.00   15.0000    0.0000   15.0000  276.5650  276.5650  0.000000       0.00000       0.00000         230480.7188    0.000000    -0.00005     0.00000    0.000000000   -0.000000240   -0.000000405  255.942111  76237.3420
2022.00   15.0000    0.0000   15.0000  276.6430  276.6430  0.000000       0.00000       0.00000         230415.7344    0.000000    -0.00005     0.00000    0.000000000   -0.000000240   -0.000000405  255.897184  76115.3143
2034.00   15.0000    0.0000   15.0000  276.7210  276.7210  0.000000       0.00000       0.00000         230350.7865    0.000000    -0.00005     0.00000    0.000000000   -0.000000240   -0.000000404  255.852225  75993.4605
2046.00   15.0000    0.0000   15.0000  276.7990  276.7990  0.000000       0.00000       0.00000         230285.8753    0.000000    -0.00005     0.00000    0.000000000   -0.000000240   -0.000000404  255.807232  75871.7804
2058.00   15.0000    0.0000   15.0000  276.8770  276.8770  0.000000       0.00000       0.00000         230221.0007    0.000000    -0.00005     0.00000    0.000000000   -0.000000239   -0.000000403  255.762206  75750.2738
2070.00   15.0000    0.0000   15.0000  276.9550  276.9550  0.000000       0.00000       0.00000         230156.1626    0.000000    -0.00005     0.00000    0.000000000   -0.000000239   -0.000000403  255.717148  75628.9405
2082.00   15.0000    0.0000   15.0000  277.0330  277.0330  0.000000       0.00000       0.00000         230091.3610    0.000000    -0.00005     0.00000    0.000000000   -0.000000239   -0.000000402  255.672056  75507.7801
2094.00   15.0000    0.0000   15.0000  277.1110  277.1110  0.000000       0.00000       0.00000         230026.5958    0.000000    -0.00005     0.00000    0.000000000   -0.000000239   -0.000000402  255.626932  75386.7926
2106.00   15.0000    0.0000   15.0000  277.1890  277.1890  0.000000       0.00000       0.00000         229961.8672    0.000000    -0.00005     0.00000    0.000000000   -0.000000239   -0.000000401  255.581774  75265.9775
2118.00   15.0000    0.0000   15.0000  277.2670  277.2670  0.000000       0.00000       0.00000         229897.1749    0.000000    -0.00005     0.00000    0.000000000   -0.000000239   -0.000000401  255.536584  75145.3348
2130.00   15.0000    0.0000   15.0000  277.3450  277.3450  0.000000       0.00000       0.00000         229832.5191    0.000000    -0.00005     0.00000    0.000000000   -0.000000239   -0.000000401  255.491361  75024.8642
2142.00   15.0000    0.0000   15.0000  277.4230  277.4230  0.000000       0.00000       0.00000         229767.8996    0.000000    -0.00005     0.00000    0.000000000   -0.000000239   -0.000000400  255.446104  74904.5654
2154.00   15.0000    0.0000   15.0000  277.5010  277.5010  0.000000       0.00000       0.00000         229703.3164    0.000000    -0.00005     0.00000    0.000000000   -0.000000239   -0.000000400  255.400815  74784.4383
2166.00   15.0000    0.0000   15.0000  277.5790  277.5790  0.000000       0.00000       0.00000         229638.7695    0.000000    -0.00005     0.00000    0.000000000   -0.000000239   -0.000000399  255.355493  74664.4825
2178.00   15.0000    0.0000   15.0000  277.6570  277.6570  0.000000       0.00000       0.00000         229574.2589    0.000000    -0.00005     0.00000    0.000000000   -0.000000239   -0.000000399  255.310138  74544.6979
2190.00   15.0000    0.0000   15.0000  277.7350  277.7350  0.000000       0.00000       0.00000         229509.7845    0.000000    -0.00005     0.00000    0.000000000   -0.000000238   -0.000000398  255.264750  74425.0842
2202.00   15.0000    0.0000   15.0000  277.8130  277.8130  0.000000       0.00000       0.00000         229445.3463    0.000000    -0.00005     0.00000    0.000000000   -0.000000238   -0.000000398  255.219329  74305.6413
2214.00   15.0000    0.0000   15.0000  277.8910  277.8910  0.000000       0.00000       0.00000         229380.9443    0.000000    -0.00005     0.00000    0.000000000   -0.000000238   -0.000000397  255.173876  74186.3688
2226.00   15.0000    0.0000   15.0000  277.9690  277.9690  0.000000       0.00000       0.00000         229316.5785    0.000000    -0.00005     0.00000    0.000000000   -0.000000238   -0.000000397  255.128389  74067.2665
2238.00   15.0000    0.0000   15.0000  278.0470  278.0470  0.000000       0.00000       0.00000         229252.2487    0.000000    -0.00005     0.00000    0.000000000   -0.000000238   -0.000000396  255.082870  73948.3343
2250.00   15.0000    0.0000   15.0000  278.1250  278.1250  0.000000       0.00000       0.00000         229187.9551    0.000000    -0.00005     0.00000    0.000000000   -0.000000238   -0.000000396  255.037318  73829.5719
2262.00   15.0000    0.0000   15.0000  278.2030  278.2030  0.000000       0.00000       0.00000         229123.6974    0.000000    -0.00006     0.00000    0.000000000   -0.000000238   -0.000000395  254.991732  73710.9790
2274.00   15.0000    0.0000   15.0000  278.2810  278.2810  0.000000       0.00000       0.00000         229059.4759    0.000000    -0.00006     0.00000    0.000000000   -0.000000238   -0.000000395  254.946115  73592.5555
2286.00   15.0000    0.0000   15.0000  278.3590  278.3590  0.000000       0.00000       0.00000         228995.2903    0.000000    -0.00006     0.00000    0.000000000   -0.000000238   -0.000000394  254.900464  73474.3011
2298.00   15.0000    0.0000   15.0000  278.4370  278.4370  0.000000       0.00000       0.00000         228931.1406    0.000000    -0.00006     0.00000    0.000000000   -0.000000237   -0.000000394  254.854780  73356.2156
2310.00   15.0000    0.0000   15.0000  278.5150  278.5150  0.000000       0.00000       0.00000         228867.0269    0.000000    -0.00006     0.00000    0.000000000   -0.000000237   -0.000000393  254.809064  73238.2987
2322.00   15.0000    0.0000   15.0000  278.5930  278.5930  0.000000       0.00000       0.00000         228802.9491    0.000000    -0.00006     0.00000    0.000000000   -0.000000237   -0.000000393  254.763315  73120.5502
2334.00   15.0000    0.0000   15.0000  278.6710  278.6710  0.000000       0.00000       0.00000         228738.9072    0.000000    -0.00006     0.00000    0.000000000   -0.000000237   -0.000000392  254.717533  73002.9700
2346.00   15.0000    0.0000   15.0000  278.7490  278.7490  0.000000       0.00000       0.00000         228674.9011    0.000000    -0.00006     0.00000    0.000000000   -0.000000237   -0.000000392  254.671718  72885.5577
2358.00   15.0000    0.0000   15.0000  278.8270  278.8270  0.000000       0.00000       0.00000         228610.9308    0.000000    -0.00006     0.00000    0.000000000   -0.000000237   -0.000000391  254.625871  72768.3132
2370.00   15.0000    0.0000   15.0000  278.9050  278.9050  0.000000       0.00000       0.00000         228546.9963    0.000000    -0.00006     0.00000    0.000000000   -0.000000237   -0.000000391  254.579990  72651.2363
2382.00   15.0000    0.0000   15.0000  278.9830  278.9830  0.000000       0.00000       0.00000              0.0000    0.000000    -0.00006     0.00000    0.000000000    0.000000000    0.000000000  254.534078  72534.3266
2394.00   15.0000    0.0000   15.0000  279.0610  279.0610  0.000000       0.00000       0.00000              0.0000    0.000000     0.00000     0.00000    0.000000000    0.000000000    0.000000000  254.488132  72417.5840
