   0.00    0.0000    0.0000    0.0000  238.6002  238.6002  0.000000       0.00000       0.00000              0.0000    0.000000     0.00000     0.00000    0.000000000    0.000000000    0.000000000    0.000000      0.0000
   6.00    8.0407    3.4764    8.7600  239.9205  239.9205  0.000000       0.77052       0.77052              0.0000    0.000000     0.00000     0.00000   -0.000003538    0.000000000    0.000000000  239.832723  99871.9621
  18.00    9.0360    3.8382    9.8174  239.9983  239.9983  0.000000       2.52758       2.52758              0.0432    0.000000    -0.00000     0.00000   -0.000013179    0.000000000    0.000000000  239.764080  99658.7235
  30.00    9.6542    4.0256   10.4599  240.0483  240.0483  0.000000       2.52464       2.52464              0.0640    0.000000    -0.00000     0.00000   -0.000016793   -0.000000096   -0.000000123  239.696959  99488.4439
  42.00   10.2084    4.1619   11.0242  240.0948  240.0948  0.000000       2.80618       2.80618              0.0763    0.000000    -0.00000     0.00000   -0.000018599   -0.000000102   -0.000000129  239.626294  99318.4063
  54.00   10.7022    4.2557   11.5173  240.1379  240.1379  0.000000       2.82467       2.82467              0.0890    0.000000    -0.00000     0.00000   -0.000019932   -0.000000106   -0.000000132  239.552183  99148.6081
  66.00   11.1643    4.3181   11.9703  240.1800  240.1800  0.000000       2.80446       2.80446              0.1002    0.000000    -0.00000     0.00000   -0.000021033   -0.000000107   -0.000000132  239.477048  98979.0474
  78.00   11.6027    4.3531   12.3924  240.2218  240.2218  0.000000       2.71497       2.71497              0.1111    0.000000    -0.00000     0.00000   -0.000021995   -0.000000106   -0.000000132  239.401631  98809.7235
  90.00   12.0242    4.3632   12.7914  240.2641  240.2641  0.000000       2.59062       2.59062              0.1219    0.000000    -0.00000     0.00000   -0.000022893   -0.000000104   -0.000000130  239.326682  98640.6363
 102.00   12.4323    4.3495   13.1711  240.3074  240.3074  0.000000       2.43790       2.43790              0.1327    0.000000    -0.00000     0.00000   -0.000023738   -0.000000101   -0.000000127  239.252729  98471.7859
 114.00   12.8292    4.3126   13.5347  240.3523  240.3523  0.000000       2.26706       2.26706              0.1438    0.000000    -0.00000     0.00000   -0.000024554   -0.000000098   -0.000000123  239.180273  98303.1730
 126.00   13.2165    4.2524   13.8837  240.3991  240.3991  0.000000       2.08390       2.08390              0.1554    0.000000    -0.00000     0.00000   -0.000025373   -0.000000093   -0.000000119  239.109808  98134.7986
 138.00   13.5946    4.1685   14.2194  240.4486  240.4486  0.000000       1.89348       1.89348              0.1677    0.000000    -0.00000     0.00000   -0.000026202   -0.000000088   -0.000000113  239.041871  97966.6640
 150.00   13.9639    4.0600   14.5421  240.5012  240.5012  0.000000       1.69955       1.69955              0.1810    0.000000    -0.00000     0.00000   -0.000027053   -0.000000081   -0.000000107  238.977077  97798.7708
 162.00   14.3238    3.9258   14.8520  240.5577  240.5577  0.000000       1.50520       1.50520              0.1954    0.000000    -0.00000     0.00000   -0.000027932   -0.000000073   -0.000000099  238.916177  97631.1214
 174.00   14.6735    3.7645   15.1487  240.6192  240.6192  0.000000       1.31298       1.31298              0.2115    0.000000    -0.00000     0.00000   -0.000028845   -0.000000063   -0.000000090  238.860118  97463.7184
 186.00   15.0116    3.5738   15.4311  240.6869  240.6869  0.000000       1.12509       1.12509              0.2298    0.000000    -0.00000     0.00000   -0.000029789   -0.000000051   -0.000000078  238.810159  97296.5654
 198.00   15.3359    3.3513   15.6978  240.7624  240.7624  0.000000       0.94356       0.94356              0.2509    0.000000    -0.00001     0.00000   -0.000030828   -0.000000035   -0.000000062  238.768036  97129.6669
 210.00   15.6433    3.0936   15.9462  240.8485  240.8485  0.000000       0.77027       0.77027              0.2760    0.000000    -0.00001     0.00000   -0.000031955   -0.000000013   -0.000000041  238.736254  96963.0289
 222.00   15.9288    2.7959   16.1723  240.9489  240.9489  0.000000       0.60735       0.60735              0.3067    0.000000    -0.00001     0.00000   -0.000033360    0.000000017   -0.000000013  238.718620  96796.6596
 234.00   16.1849    2.4523   16.3697  241.0697  241.0697  0.000000       0.45690       0.45690              0.3458    0.000000    -0.00001     0.00000   -0.000034831    0.000000063    0.000000031  238.721266  96630.5705
 246.00   16.3988    2.0538   16.5269  241.2222  241.2222  0.000000       0.32132       0.32132              0.3984    0.000000    -0.00002     0.00000   -0.000036978    0.000000137    0.000000101  238.755080  96464.7791
 258.00   16.5462    1.5888   16.6223  241.4275  241.4275  0.000000       0.20455       0.20455              0.4741    0.000000    -0.00002     0.00000   -0.000040558    0.000000275    0.000000232  238.841160  96299.3136
 270.00   16.5768    1.0434   16.6096  241.7341  241.7341  0.000000       0.10948       0.10948              0.5959    0.000000    -0.00003     0.00000   -0.000048156    0.000000580    0.000000519  239.027350  96134.2260
 282.00   16.3751    0.4300   16.3807  242.2673  242.2673  0.000000       0.04511       0.04511              0.8210    0.000000     0.00000     0.00000   -0.000076702    0.000001607    0.000001451  239.437372  95969.6263
 294.00   15.6584   -0.1222   15.6589  243.5950  243.5950  0.000000       0.00033       0.00033              2.9672    0.000000    -0.00046     0.00000   -0.000203657    0.000007610    0.000006111  240.632236  95805.8562
 306.00   15.0017   -0.0043   15.0017  248.6392  248.6392  0.000000       0.00000       0.00000             13.5150    0.000000    -0.00013     0.00000   -0.000005824    0.000008495    0.000009401  245.496611  95644.3855
 318.00   15.0000   -0.0000   15.0000  249.9977  249.9977  0.000000       0.00000       0.00000         102038.5096    0.000000    -0.00010     0.00000   -0.000000002    0.000003819    0.000003669  246.720613  95485.1951
 330.00   15.0000   -0.0000   15.0000  251.0436  251.0436  0.000000       0.00000       0.00000        3094918.3062    0.000000    -0.00009     0.00000    0.000000000    0.000003197    0.000003045  247.635419  95326.9573
 342.00   15.0000   -0.0000   15.0000  251.8992  251.8992  0.000000       0.00000       0.00000        2542315.6344    0.000000    -0.00008     0.00000    0.000000000    0.000002734    0.000002588  248.362133  95169.5043
 354.00   15.0000   -0.0000   15.0000  252.6109  252.6109  0.000000       0.00000       0.00000        2158042.0517    0.000000    -0.00007     0.00000    0.000000000    0.000002385    0.000002242  248.946547  95012.7256
 366.00   15.0000   -0.0000   15.0000  253.2334  253.2334  0.000000       0.00000       0.00000        1905867.0180    0.000000    -0.00006     0.00000    0.000000000    0.000002152    0.000002011  249.442763  94856.5444
 378.00   15.0000    0.0000   15.0000  253.7920  253.7920  0.000000       0.00000       0.00000        1710165.5247    0.000000    -0.00006     0.00000    0.000000000    0.000001961    0.000001823  249.875847  94700.9099
 390.00   15.0000    0.0000   15.0000  254.2956  254.2956  0.000000       0.00000       0.00000        1561870.3585    0.000000    -0.00006     0.00000    0.000000000    0.000001813    0.000001676  250.254404  94545.7827
 402.00   15.0000    0.0000   15.0000  254.7641  254.7641  0.000000       0.00000       0.00000        1439182.9810    0.000000    -0.00005     0.00000    0.000000000    0.000001685    0.000001550  250.598243  94391.1329
 414.00   15.0000    0.0000   15.0000  255.1929  255.1929  0.000000       0.00000       0.00000        1334572.5466    0.000000    -0.00005     0.00000    0.000000000    0.000001571    0.000001436  250.902872  94236.9356
 426.00   15.0000    0.0000   15.0000  255.5976  255.5976  0.000000       0.00000       0.00000        1247920.6666    0.000000    -0.00005     0.00000    0.000000000    0.000001473    0.000001340  251.183545  94083.1695
 438.00   15.0000    0.0000   15.0000  255.9735  255.9735  0.000000       0.00000       0.00000        1173325.5307    0.000000    -0.00005     0.00000    0.000000000    0.000001387    0.000001253  251.435825  93929.8169
 450.00   15.0000    0.0000   15.0000  256.3326  256.3326  0.000000       0.00000       0.00000        1111859.8626    0.000000    -0.00005     0.00000    0.000000000    0.000001315    0.000001182  251.671364  93776.8627
 462.00   15.0000    0.0000   15.0000  256.6710  256.6710  0.000000       0.00000       0.00000        1057321.9594    0.000000    -0.00005     0.00000    0.000000000    0.000001249    0.000001116  251.886462  93624.2940
 474.00   15.0000    0.0000   15.0000  256.9968  256.9968  0.000000       0.00000       0.00000        1011269.5108    0.000000    -0.00005     0.00000    0.000000000    0.000001193    0.000001060  252.088965  93472.0997
 486.00   15.0000    0.0000   15.0000  257.3071  257.3071  0.000000       0.00000       0.00000         966625.1873    0.000000    -0.00005     0.00000    0.000000000    0.000001136    0.000001003  252.276176  93320.2702
 498.00   15.0000    0.0000   15.0000  257.6055  257.6055  0.000000       0.00000       0.00000         926905.4208    0.000000    -0.00004     0.00000    0.000000000    0.000001084    0.000000951  252.451578  93168.7960
 510.00   15.0000    0.0000   15.0000  257.8914  257.8914  0.000000       0.00000       0.00000         891075.6608    0.000000    -0.00004     0.00000    0.000000000    0.000001036    0.000000903  252.614664  93017.6690
 522.00   15.0000    0.0000   15.0000  258.1679  258.1679  0.000000       0.00000       0.00000         859271.1878    0.000000    -0.00004     0.00000    0.000000000    0.000000993    0.000000859  252.768284  92866.8817
 534.00   15.0000    0.0000   15.0000  258.4343  258.4343  0.000000       0.00000       0.00000         830311.8842    0.000000    -0.00004     0.00000    0.000000000    0.000000953    0.000000819  252.912030  92716.4272
 546.00   15.0000    0.0000   15.0000  258.6930  258.6930  0.000000       0.00000       0.00000         803362.5996    0.000000    -0.00004     0.00000    0.000000000    0.000000915    0.000000781  253.048027  92566.2995
 558.00   15.0000    0.0000   15.0000  258.9430  258.9430  0.000000       0.00000       0.00000         779414.1690    0.000000    -0.00004     0.00000    0.000000000    0.000000881    0.000000746  253.175361  92416.4927
 570.00   15.0000    0.0000   15.0000  259.1869  259.1869  0.000000       0.00000       0.00000         757826.3209    0.000000    -0.00004     0.00000    0.000000000    0.000000850    0.000000714  253.296769  92267.0018
 582.00   15.0000    0.0000   15.0000  259.4237  259.4237  0.000000       0.00000       0.00000         738468.4037    0.000000    -0.00004     0.00000    0.000000000    0.000000822    0.000000686  253.410953  92117.8221
 594.00   15.0000    0.0000   15.0000  259.6558  259.6558  0.000000       0.00000       0.00000         721192.9954    0.000000    -0.00004     0.00000    0.000000000    0.000000797    0.000000660  253.520567  91968.9493
 606.00   15.0000    0.0000   15.0000  259.8820  259.8820  0.000000       0.00000       0.00000         705355.0793    0.000000    -0.00004     0.00000    0.000000000    0.000000773    0.000000637  253.624230  91820.3795
 618.00   15.0000    0.0000   15.0000  260.1044  260.1044  0.000000       0.00000       0.00000         690640.5502    0.000000    -0.00004     0.00000    0.000000000    0.000000752    0.000000615  253.724196  91672.1092
 630.00   15.0000    0.0000   15.0000  260.3216  260.3216  0.000000       0.00000       0.00000         675403.2202    0.000000    -0.00004     0.00000    0.000000000    0.000000728    0.000000590  253.818895  91524.1350
 642.00   15.0000    0.0000   15.0000  260.5347  260.5347  0.000000       0.00000       0.00000         661961.2097    0.000000    -0.00004     0.00000    0.000000000    0.000000707    0.000000569  253.909555  91376.4536
 654.00   15.0000    0.0000   15.0000  260.7437  260.7437  0.000000       0.00000       0.00000         649748.5129    0.000000    -0.00004     0.00000    0.000000000    0.000000689    0.000000550  253.996051  91229.0619
 666.00   15.0000    0.0000   15.0000  260.9493  260.9493  0.000000       0.00000       0.00000         639224.7349    0.000000    -0.00004     0.00000    0.000000000    0.000000673    0.000000533  254.079260  91081.9571
 678.00   15.0000    0.0000   15.0000  261.1519  261.1519  0.000000       0.00000       0.00000         629678.4269    0.000000    -0.00004     0.00000    0.000000000    0.000000658    0.000000519  254.159345  90935.1366
 690.00   15.0000    0.0000   15.0000  261.3518  261.3518  0.000000       0.00000       0.00000         621526.5204    0.000000    -0.00004     0.00000    0.000000000    0.000000647    0.000000506  254.236741  90788.5981
 702.00   15.0000    0.0000   15.0000  261.5494  261.5494  0.000000       0.00000       0.00000         614402.3143    0.000000    -0.00004     0.00000    0.000000000    0.000000637    0.000000495  254.311873  90642.3397
 714.00   15.0000    0.0000   15.0000  261.7451  261.7451  0.000000       0.00000       0.00000         608603.8394    0.000000    -0.00004     0.00000    0.000000000    0.000000629    0.000000487  254.384949  90496.3593
 726.00   15.0000    0.0000   15.0000  261.9393  261.9393  0.000000       0.00000       0.00000         604396.1837    0.000000    -0.00004     0.00000    0.000000000    0.000000625    0.000000482  254.456580  90350.6555
 738.00   15.0000    0.0000   15.0000  262.1325  262.1325  0.000000       0.00000       0.00000         601461.5589    0.000000    -0.00004     0.00000    0.000000000    0.000000624    0.000000480  254.527143  90205.2269
 750.00   15.0000    0.0000   15.0000  262.3251  262.3251  0.000000       0.00000       0.00000         599577.8617    0.000000    -0.00004     0.00000    0.000000000    0.000000624    0.000000480  254.597051  90060.0724
 762.00   15.0000    0.0000   15.0000  262.5174  262.5174  0.000000       0.00000       0.00000         599171.8570    0.000000    -0.00005     0.00000    0.000000000    0.000000628    0.000000482  254.666543  89915.1910
 774.00   15.0000    0.0000   15.0000  262.7101  262.7101  0.000000       0.00000       0.00000         600425.8080    0.000000    -0.00005     0.00000    0.000000000    0.000000636    0.000000489  254.736299  89770.5823
 786.00   15.0000    0.0000   15.0000  262.9035  262.9035  0.000000       0.00000       0.00000         602719.6501    0.000000    -0.00005     0.00000    0.000000000    0.000000646    0.000000498  254.806675  89626.2459
 798.00   15.0000    0.0000   15.0000  263.0979  263.0979  0.000000       0.00000       0.00000         605992.9772    0.000000    -0.00005     0.00000    0.000000000    0.000000658    0.000000509  254.877965  89482.1815
 810.00   15.0000    0.0000   15.0000  263.2937  263.2937  0.000000       0.00000       0.00000         611463.0917    0.000000    -0.00005     0.00000    0.000000000    0.000000676    0.000000525  254.950488  89338.3892
 822.00   15.0000    0.0000   15.0000  263.4919  263.4919  0.000000       0.00000       0.00000         619957.4355    0.000000    -0.00005     0.00000    0.000000000    0.000000701    0.000000549  255.025299  89194.8694
 834.00   15.0000    0.0000   15.0000  263.6934  263.6934  0.000000       0.00000       0.00000         630873.5344    0.000000    -0.00005     0.00000    0.000000000    0.000000732    0.000000578  255.103235  89051.6231
 846.00   15.0000    0.0000   15.0000  263.8990  263.8990  0.000000       0.00000       0.00000         646915.5893    0.000000    -0.00006     0.00000    0.000000000    0.000000776    0.000000619  255.184979  88908.6515
 858.00   15.0000    0.0000   15.0000  264.1113  264.1113  0.000000       0.00000       0.00000         663343.3880    0.000000    -0.00006     0.00000    0.000000000    0.000000821    0.000000663  255.273059  88765.9569
 870.00   15.0000    0.0000   15.0000  264.3278  264.3278  0.000000       0.00000       0.00000         692304.5219    0.000000    -0.00006     0.00000    0.000000000    0.000000898    0.000000736  255.365206  88623.5416
 882.00   15.0000    0.0000   15.0000  264.5591  264.5591  0.000000       0.00000       0.00000         712445.4216    0.000000    -0.00006     0.00000    0.000000000    0.000000955    0.000000792  255.471533  88481.4100
 894.00   15.0000    0.0000   15.0000  264.7891  264.7891  0.000000       0.00000       0.00000         765928.1083    0.000000    -0.00007     0.00000    0.000000000    0.000001097    0.000000927  255.576456  88339.5649
 906.00   15.0000    0.0000   15.0000  265.0555  265.0555  0.000000       0.00000       0.00000         779987.9371    0.000000    -0.00007     0.00000    0.000000000    0.000001143    0.000000973  255.716410  88198.0149
 918.00   15.0000    0.0000   15.0000  265.2950  265.2950  0.000000       0.00000       0.00000         892945.4610    0.000000    -0.00010     0.00000    0.000000000    0.000001442    0.000001258  255.830409  88056.7619
 930.00   15.0000    0.0000   15.0000  265.6352  265.6352  0.000000       0.00000       0.00000         884719.2230    0.000000    -0.00007     0.00000    0.000000000    0.000001438    0.000001262  256.041276  87915.8245
 942.00   15.0000    0.0000   15.0000  265.8702  265.8702  0.000000       0.00000       0.00000        1138835.6368    0.000000    -0.00015     0.00000    0.000000000    0.000002129    0.000001909  256.150625  87775.2007
 954.00   15.0000    0.0000   15.0000  266.3762  266.3762  0.000000       0.00000       0.00000        1077210.1420    0.000000    -0.00006     0.00000    0.000000000    0.000001991    0.000001813  256.520948  87634.9329
 966.00   15.0000    0.0000   15.0000  266.5724  266.5724  0.000000       0.00000       0.00000        1648742.5696    0.000000    -0.00026     0.00000    0.000000000    0.000003633    0.000003309  256.592770  87495.0099
 978.00   15.0000    0.0000   15.0000  267.4519  267.4519  0.000000       0.00000       0.00000        1540540.3663    0.000000    -0.00004     0.00000    0.000000000    0.000003367    0.000003218  257.321967  87355.5275
 990.00   15.0000    0.0000   15.0000  267.5808  267.5808  0.000000       0.00000       0.00000        3910989.8280    0.000000    -0.00075     0.00000    0.000000000    0.000011030    0.000009767  257.328905  87216.4670
1002.00   15.0000    0.0000   15.0000  270.0130  270.0130  0.000000       0.00000       0.00000        3798668.1185    0.000000    -0.00002     0.00000    0.000000000    0.000010793    0.000011298  259.550296  87078.2228
1014.00   15.0000    0.0000   15.0000  270.0910  270.0910  0.000000       0.00000       0.00000         236005.2723    0.000000    -0.00002     0.00000    0.000000000   -0.000000241   -0.000000436  259.508163  86940.7799
1026.00   15.0000    0.0000   15.0000  270.1690  270.1690  0.000000       0.00000       0.00000         235937.1356    0.000000    -0.00002     0.00000    0.000000000   -0.000000241   -0.000000436  259.465996  86803.5316
1038.00   15.0000    0.0000   15.0000  270.2470  270.2470  0.000000       0.00000       0.00000         235869.0383    0.000000    -0.00003     0.00000    0.000000000   -0.000000241   -0.000000436  259.423795  86666.4777
1050.00   15.0000    0.0000   15.0000  270.3250  270.3250  0.000000       0.00000       0.00000         235800.9803    0.000000    -0.00003     0.00000    0.000000000   -0.000000241   -0.000000435  259.381561  86529.6180
1062.00   15.0000    0.0000   15.0000  270.4030  270.4030  0.000000       0.00000       0.00000         235732.9615    0.000000    -0.00003     0.00000    0.000000000   -0.000000241   -0.000000435  259.339292  86392.9521
1074.00   15.0000    0.0000   15.0000  270.4810  270.4810  0.000000       0.00000       0.00000         235664.9820    0.000000    -0.00003     0.00000    0.000000000   -0.000000241   -0.000000435  259.296990  86256.4799
1086.00   15.0000    0.0000   15.0000  270.5590  270.5590  0.000000       0.00000       0.00000         235597.0417    0.000000    -0.00003     0.00000    0.000000000   -0.000000242   -0.000000434  259.254655  86120.2010
1098.00   15.0000    0.0000   15.0000  270.6370  270.6370  0.000000       0.00000       0.00000         235529.1405    0.000000    -0.00003     0.00000    0.000000000   -0.000000242   -0.000000434  259.212285  85984.1152
1110.00   15.0000    0.0000   15.0000  270.7150  270.7150  0.000000       0.00000       0.00000         235461.2785    0.000000    -0.00003     0.00000    0.000000000   -0.000000242   -0.000000434  259.169882  85848.2222
1122.00   15.0000    0.0000   15.0000  270.7930  270.7930  0.000000       0.00000       0.00000         235393.4555    0.000000    -0.00003     0.00000    0.000000000   -0.000000242   -0.000000433  259.127445  85712.5219
1134.00   15.0000    0.0000   15.0000  270.8710  270.8710  0.000000       0.00000       0.00000         235325.6716    0.000000    -0.00003     0.00000    0.000000000   -0.000000242   -0.000000433  259.084974  85577.0138
1146.00   15.0000    0.0000   15.0000  270.9490  270.9490  0.000000       0.00000       0.00000         235257.9268    0.000000    -0.00003     0.00000    0.000000000   -0.000000242   -0.000000433  259.042469  85441.6978
1158.00   15.0000    0.0000   15.0000  271.0270  271.0270  0.000000       0.00000       0.00000         235190.2209    0.000000    -0.00003     0.00000    0.000000000   -0.000000242   -0.000000432  258.999931  85306.5736
1170.00   15.0000    0.0000   15.0000  271.1050  271.1050  0.000000       0.00000       0.00000         235122.5540    0.000000    -0.00003     0.00000    0.000000000   -0.000000242   -0.000000432  258.957359  85171.6410
1182.00   15.0000    0.0000   15.0000  271.1830  271.1830  0.000000       0.00000       0.00000         235054.9260    0.000000    -0.00003     0.00000    0.000000000   -0.000000242   -0.000000432  258.914754  85036.8997
1194.00   15.0000    0.0000   15.0000  271.2610  271.2610  0.000000       0.00000       0.00000         234987.3369    0.000000    -0.00003     0.00000    0.000000000   -0.000000242   -0.000000431  258.872114  84902.3493
1206.00   15.0000    0.0000   15.0000  271.3390  271.3390  0.000000       0.00000       0.00000         234919.7867    0.000000    -0.00003     0.00000    0.000000000   -0.000000242   -0.000000431  258.829442  84767.9898
1218.00   15.0000    0.0000   15.0000  271.4170  271.4170  0.000000       0.00000       0.00000         234852.2753    0.000000    -0.00003     0.00000    0.000000000   -0.000000242   -0.000000431  258.786735  84633.8208
1230.00   15.0000    0.0000   15.0000  271.4950  271.4950  0.000000       0.00000       0.00000         234784.8027    0.000000    -0.00003     0.00000    0.000000000   -0.000000242   -0.000000430  258.743995  84499.8420
1242.00   15.0000    0.0000   15.0000  271.5730  271.5730  0.000000       0.00000       0.00000         234717.3688    0.000000    -0.00003     0.00000    0.000000000   -0.000000242   -0.000000430  258.701221  84366.0532
1254.00   15.0000    0.0000   15.0000  271.6510  271.6510  0.000000       0.00000       0.00000         234649.9737    0.000000    -0.00003     0.00000    0.000000000   -0.000000242   -0.000000430  258.658413  84232.4542
1266.00   15.0000    0.0000   15.0000  271.7290  271.7290  0.000000       0.00000       0.00000         234582.6172    0.000000    -0.00003     0.00000    0.000000000   -0.000000242   -0.000000429  258.615572  84099.0447
1278.00   15.0000    0.0000   15.0000  271.8070  271.8070  0.000000       0.00000       0.00000         234515.2995    0.000000    -0.00003     0.00000    0.000000000   -0.000000242   -0.000000429  258.572697  83965.8244
1290.00   15.0000    0.0000   15.0000  271.8850  271.8850  0.000000       0.00000       0.00000         234448.0203    0.000000    -0.00003     0.00000    0.000000000   -0.000000242   -0.000000429  258.529789  83832.7931
1302.00   15.0000    0.0000   15.0000  271.9630  271.9630  0.000000       0.00000       0.00000         234380.7797    0.000000    -0.00003     0.00000    0.000000000   -0.000000242   -0.000000428  258.486847  83699.9505
1314.00   15.0000    0.0000   15.0000  272.0410  272.0410  0.000000       0.00000       0.00000         234313.5777    0.000000    -0.00003     0.00000    0.000000000   -0.000000242   -0.000000428  258.443871  83567.2964
1326.00   15.0000    0.0000   15.0000  272.1190  272.1190  0.000000       0.00000       0.00000         234246.4143    0.000000    -0.00003     0.00000    0.000000000   -0.000000242   -0.000000427  258.400862  83434.8306
1338.00   15.0000    0.0000   15.0000  272.1970  272.1970  0.000000       0.00000       0.00000         234179.2893    0.000000    -0.00003     0.00000    0.000000000   -0.000000242   -0.000000427  258.357820  83302.5527
1350.00   15.0000    0.0000   15.0000  272.2750  272.2750  0.000000       0.00000       0.00000         234112.2027    0.000000    -0.00003     0.00000    0.000000000   -0.000000242   -0.000000427  258.314743  83170.4625
1362.00   15.0000    0.0000   15.0000  272.3530  272.3530  0.000000       0.00000       0.00000         234045.1546    0.000000    -0.00003     0.00000    0.000000000   -0.000000242   -0.000000426  258.271634  83038.5598
1374.00   15.0000    0.0000   15.0000  272.4310  272.4310  0.000000       0.00000       0.00000         233978.1449    0.000000    -0.00003     0.00000    0.000000000   -0.000000242   -0.000000426  258.228490  82906.8443
1386.00   15.0000    0.0000   15.0000  272.5090  272.5090  0.000000       0.00000       0.00000         233911.1736    0.000000    -0.00003     0.00000    0.000000000   -0.000000242   -0.000000426  258.185314  82775.3158
1398.00   15.0000    0.0000   15.0000  272.5870  272.5870  0.000000       0.00000       0.00000         233844.2406    0.000000    -0.00003     0.00000    0.000000000   -0.000000242   -0.000000425  258.142103  82643.9739
1410.00   15.0000    0.0000   15.0000  272.6650  272.6650  0.000000       0.00000       0.00000         233777.3458    0.000000    -0.00003     0.00000    0.000000000   -0.000000242   -0.000000425  258.098859  82512.8186
1422.00   15.0000    0.0000   15.0000  272.7430  272.7430  0.000000       0.00000       0.00000         233710.4894    0.000000    -0.00003     0.00000    0.000000000   -0.000000242   -0.000000424  258.055582  82381.8494
1434.00   15.0000    0.0000   15.0000  272.8210  272.8210  0.000000       0.00000       0.00000         233643.6711    0.000000    -0.00003     0.00000    0.000000000   -0.000000242   -0.000000424  258.012271  82251.0662
1446.00   15.0000    0.0000   15.0000  272.8990  272.8990  0.000000       0.00000       0.00000         233576.8911    0.000000    -0.00004     0.00000    0.000000000   -0.000000242   -0.000000424  257.968927  82120.4688
1458.00   15.0000    0.0000   15.0000  272.9770  272.9770  0.000000       0.00000       0.00000         233510.1492    0.000000    -0.00004     0.00000    0.000000000   -0.000000242   -0.000000423  257.925549  81990.0567
1470.00   15.0000    0.0000   15.0000  273.0550  273.0550  0.000000       0.00000       0.00000         233443.4455    0.000000    -0.00004     0.00000    0.000000000   -0.000000242   -0.000000423  257.882138  81859.8299
1482.00   15.0000    0.0000   15.0000  273.1330  273.1330  0.000000       0.00000       0.00000         233376.7798    0.000000    -0.00004     0.00000    0.000000000   -0.000000242   -0.000000422  257.838693  81729.7881
1494.00   15.0000    0.0000   15.0000  273.2110  273.2110  0.000000       0.00000       0.00000         233310.1522    0.000000    -0.00004     0.00000    0.000000000   -0.000000242   -0.000000422  257.795215  81599.9309
1506.00   15.0000    0.0000   15.0000  273.2890  273.2890  0.000000       0.00000       0.00000         233243.5627    0.000000    -0.00004     0.00000    0.000000000   -0.000000242   -0.000000422  257.751703  81470.2583
1518.00   15.0000    0.0000   15.0000  273.3670  273.3670  0.000000       0.00000       0.00000         233177.0111    0.000000    -0.00004     0.00000    0.000000000   -0.000000242   -0.000000421  257.708158  81340.7698
1530.00   15.0000    0.0000   15.0000  273.4450  273.4450  0.000000       0.00000       0.00000         233110.4975    0.000000    -0.00004     0.00000    0.000000000   -0.000000242   -0.000000421  257.664580  81211.4653
1542.00   15.0000    0.0000   15.0000  273.5230  273.5230  0.000000       0.00000       0.00000         233044.0219    0.000000    -0.00004     0.00000    0.000000000   -0.000000242   -0.000000421  257.620968  81082.3446
1554.00   15.0000    0.0000   15.0000  273.6010  273.6010  0.000000       0.00000       0.00000         232977.5841    0.000000    -0.00004     0.00000    0.000000000   -0.000000241   -0.000000420  257.577323  80953.4073
1566.00   15.0000    0.0000   15.0000  273.6790  273.6790  0.000000       0.00000       0.00000         232911.1843    0.000000    -0.00004     0.00000    0.000000000   -0.000000241   -0.000000420  257.533645  80824.6532
1578.00   15.0000    0.0000   15.0000  273.7570  273.7570  0.000000       0.00000       0.00000         232844.8222    0.000000    -0.00004     0.00000    0.000000000   -0.000000241   -0.000000419  257.489933  80696.0822
1590.00   15.0000    0.0000   15.0000  273.8350  273.8350  0.000000       0.00000       0.00000         232778.4980    0.000000    -0.00004     0.00000    0.000000000   -0.000000241   -0.000000419  257.446187  80567.6938
1602.00   15.0000    0.0000   15.0000  273.9130  273.9130  0.000000       0.00000       0.00000         232712.2115    0.000000    -0.00004     0.00000    0.000000000   -0.000000241   -0.000000419  257.402409  80439.4880
1614.00   15.0000    0.0000   15.0000  273.9910  273.9910  0.000000       0.00000       0.00000         232645.9628    0.000000    -0.00004     0.00000    0.000000000   -0.000000241   -0.000000418  257.358597  80311.4644
1626.00   15.0000    0.0000   15.0000  274.0690  274.0690  0.000000       0.00000       0.00000         232579.7518    0.000000    -0.00004     0.00000    0.000000000   -0.000000241   -0.000000418  257.314751  80183.6228
1638.00   15.0000    0.0000   15.0000  274.1470  274.1470  0.000000       0.00000       0.00000         232513.5785    0.000000    -0.00004     0.00000    0.000000000   -0.000000241   -0.000000417  257.270873  80055.9630
1650.00   15.0000    0.0000   15.0000  274.2250  274.2250  0.000000       0.00000       0.00000         232447.4428    0.000000    -0.00004     0.00000    0.000000000   -0.000000241   -0.000000417  257.226961  79928.4847
1662.00   15.0000    0.0000   15.0000  274.3030  274.3030  0.000000       0.00000       0.00000         232381.3447    0.000000    -0.00004     0.00000    0.000000000   -0.000000241   -0.000000416  257.183015  79801.1877
1674.00   15.0000    0.0000   15.0000  274.3810  274.3810  0.000000       0.00000       0.00000         232315.2842    0.000000    -0.00004     0.00000    0.000000000   -0.000000241   -0.000000416  257.139037  79674.0717
1686.00   15.0000    0.0000   15.0000  274.4590  274.4590  0.000000       0.00000       0.00000         232249.2613    0.000000    -0.00004     0.00000    0.000000000   -0.000000241   -0.000000416  257.095025  79547.1364
1698.00   15.0000    0.0000   15.0000  274.5370  274.5370  0.000000       0.00000       0.00000         232183.2758    0.000000    -0.00004     0.00000    0.000000000   -0.000000241   -0.000000415  257.050980  79420.3818
1710.00   15.0000    0.0000   15.0000  274.6150  274.6150  0.000000       0.00000       0.00000         232117.3279    0.000000    -0.00004     0.00000    0.000000000   -0.000000241   -0.000000415  257.006902  79293.8074
1722.00   15.0000    0.0000   15.0000  274.6930  274.6930  0.000000       0.00000       0.00000         232051.4174    0.000000    -0.00004     0.00000    0.000000000   -0.000000241   -0.000000414  256.962790  79167.4131
1734.00   15.0000    0.0000   15.0000  274.7710  274.7710  0.000000       0.00000       0.00000         231985.5443    0.000000    -0.00004     0.00000    0.000000000   -0.000000241   -0.000000414  256.918645  79041.1986
1746.00   15.0000    0.0000   15.0000  274.8490  274.8490  0.000000       0.00000       0.00000         231919.7086    0.000000    -0.00004     0.00000    0.000000000   -0.000000241   -0.000000414  256.874467  78915.1636
1758.00   15.0000    0.0000   15.0000  274.9270  274.9270  0.000000       0.00000       0.00000         231853.9103    0.000000    -0.00004     0.00000    0.000000000   -0.000000241   -0.000000413  256.830255  78789.3080
1770.00   15.0000    0.0000   15.0000  275.0050  275.0050  0.000000       0.00000       0.00000         231788.1493    0.000000    -0.00004     0.00000    0.000000000   -0.000000241   -0.000000413  256.786011  78663.6315
1782.00   15.0000    0.0000   15.0000  275.0830  275.0830  0.000000       0.00000       0.00000         231722.4256    0.000000    -0.00004     0.00000    0.000000000   -0.000000241   -0.000000412  256.741733  78538.1339
1794.00   15.0000    0.0000   15.0000  275.1610  275.1610  0.000000       0.00000       0.00000         231656.7391    0.000000    -0.00004     0.00000    0.000000000   -0.000000241   -0.000000412  256.697422  78412.8149
1806.00   15.0000    0.0000   15.0000  275.2390  275.2390  0.000000       0.00000       0.00000         231591.0899    0.000000    -0.00004     0.00000    0.000000000   -0.000000241   -0.000000411  256.653078  78287.6742
1818.00   15.0000    0.0000   15.0000  275.3170  275.3170  0.000000       0.00000       0.00000         231525.4779    0.000000    -0.00004     0.00000    0.000000000   -0.000000240   -0.000000411  256.608700  78162.7117
1830.00   15.0000    0.0000   15.0000  275.3950  275.3950  0.000000       0.00000       0.00000         231459.9030    0.000000    -0.00004     0.00000    0.000000000   -0.000000240   -0.000000411  256.564290  78037.9271
1842.00   15.0000    0.0000   15.0000  275.4730  275.4730  0.000000       0.00000       0.00000         231394.3653    0.000000    -0.00004     0.00000    0.000000000   -0.000000240   -0.000000410  256.519846  77913.3201
1854.00   15.0000    0.0000   15.0000  275.5510  275.5510  0.000000       0.00000       0.00000         231328.8647    0.000000    -0.00005     0.00000    0.000000000   -0.000000240   -0.000000410  256.475369  77788.8905
1866.00   15.0000    0.0000   15.0000  275.6290  275.6290  0.000000       0.00000       0.00000         231263.4012    0.000000    -0.00005     0.00000    0.000000000   -0.000000240   -0.000000409  256.430859  77664.6382
1878.00   15.0000    0.0000   15.0000  275.7070  275.7070  0.000000       0.00000       0.00000         231197.9747    0.000000    -0.00005     0.00000    0.000000000   -0.000000240   -0.000000409  256.386316  77540.5627
1890.00   15.0000    0.0000   15.0000  275.7850  275.7850  0.000000       0.00000       0.00000         231132.5852    0.000000    -0.00005     0.00000    0.000000000   -0.000000240   -0.000000408  256.341740  77416.6640
1902.00   15.0000    0.0000   15.0000  275.8630  275.8630  0.000000       0.00000       0.00000         231067.2326    0.000000    -0.00005     0.00000    0.000000000   -0.000000240   -0.000000408  256.297130  77292.9418
1914.00   15.0000    0.0000   15.0000  275.9410  275.9410  0.000000       0.00000       0.00000         231001.9171    0.000000    -0.00005     0.00000    0.000000000   -0.000000240   -0.000000408  256.252488  77169.3957
1926.00   15.0000    0.0000   15.0000  276.0190  276.0190  0.000000       0.00000       0.00000         230936.6384    0.000000    -0.00005     0.00000    0.000000000   -0.000000240   -0.000000407  256.207812  77046.0257
1938.00   15.0000    0.0000   15.0000  276.0970  276.0970  0.000000       0.00000       0.00000         230871.3966    0.000000    -0.00005     0.00000    0.000000000   -0.000000240   -0.000000407  256.163103  76922.8314
1950.00   15.0000    0.0000   15.0000  276.1750  276.1750  0.000000       0.00000       0.00000         230806.1917    0.000000    -0.00005     0.00000    0.000000000   -0.000000240   -0.000000406  256.118362  76799.8127
1962.00   15.0000    0.0000   15.0000  276.2530  276.2530  0.000000       0.00000       0.00000         230741.0236    0.000000    -0.00005     0.00000    0.000000000   -0.000000240   -0.000000406  256.073587  76676.9693
1974.00   15.0000    0.0000   15.0000  276.3310  276.3310  0.000000       0.00000       0.00000         230675.8923    0.000000    -0.00005     0.00000    0.000000000   -0.000000240   -0.000000405  256.028779  76554.3009
1986.00   15.0000    0.0000   15.0000  276.4090  276.4090  0.000000       0.00000       0.00000         230610.7978    0.000000    -0.00005     0.00000    0.000000000   -0.000000239   -0.000000405  255.983938  76431.8073
1998.00   15.0000    0.0000   15.0000  276.4870  276.4870  0.000000       0.00000       0.00000         230545.7399    0.000000    -0.00005     0.00000    0.000000000   -0.000000239   -0.000000404  255.939064  76309.4883
2010.00   15.0000    0.0000   15.0000  276.5650  276.5650  0.000000       0.00000       0.00000         230480.7188    0.000000    -0.00005     0.00000    0.000000000   -0.000000239   -0.000000404  255.894157  76187.3436
2022.00   15.0000    0.0000   15.0000  276.6430  276.6430  0.000000       0.00000       0.00000         230415.7344    0.000000    -0.00005     0.00000    0.000000000   -0.000000239   -0.000000404  255.849217  76065.3731
2034.00   15.0000    0.0000   15.0000  276.7210  276.7210  0.000000       0.00000       0.00000         230350.7865    0.000000    -0.00005     0.00000    0.000000000   -0.000000239   -0.000000403  255.804244  75943.5765
2046.00   15.0000    0.0000   15.0000  276.7990  276.7990  0.000000       0.00000       0.00000         230285.8753    0.000000    -0.00005     0.00000    0.000000000   -0.000000239   -0.000000403  255.759238  75821.9535
2058.00   15.0000    0.0000   15.0000  276.8770  276.8770  0.000000       0.00000       0.00000         230221.0007    0.000000    -0.00005     0.00000    0.000000000   -0.000000239   -0.000000402  255.714199  75700.5039
2070.00   15.0000    0.0000   15.0000  276.9550  276.9550  0.000000       0.00000       0.00000         230156.1626    0.000000    -0.00005     0.00000    0.000000000   -0.000000239   -0.000000402  255.669126  75579.2275
2082.00   15.0000    0.0000   15.0000  277.0330  277.0330  0.000000       0.00000       0.00000         230091.3610    0.000000    -0.00005     0.00000    0.000000000   -0.000000239   -0.000000401  255.624021  75458.1241
2094.00   15.0000    0.0000   15.0000  277.1110  277.1110  0.000000       0.00000       0.00000         230026.5958    0.000000    -0.00005     0.00000    0.000000000   -0.000000239   -0.000000401  255.578883  75337.1934
2106.00   15.0000    0.0000   15.0000  277.1890  277.1890  0.000000       0.00000       0.00000         229961.8672    0.000000    -0.00005     0.00000    0.000000000   -0.000000239   -0.000000400  255.533712  75216.4352
2118.00   15.0000    0.0000   15.0000  277.2670  277.2670  0.000000       0.00000       0.00000         229897.1749    0.000000    -0.00005     0.00000    0.000000000   -0.000000238   -0.000000400  255.488508  75095.8492
2130.00   15.0000    0.0000   15.0000  277.3450  277.3450  0.000000       0.00000       0.00000         229832.5191    0.000000    -0.00005     0.00000    0.000000000   -0.000000238   -0.000000399  255.443272  74975.4353
2142.00   15.0000    0.0000   15.0000  277.4230  277.4230  0.000000       0.00000       0.00000         229767.8996    0.000000    -0.00005     0.00000    0.000000000   -0.000000238   -0.000000399  255.398002  74855.1931
2154.00   15.0000    0.0000   15.0000  277.5010  277.5010  0.000000       0.00000       0.00000         229703.3164    0.000000    -0.00005     0.00000    0.000000000   -0.000000238   -0.000000398  255.352699  74735.1225
2166.00   15.0000    0.0000   15.0000  277.5790  277.5790  0.000000       0.00000       0.00000         229638.7695    0.000000    -0.00005     0.00000    0.000000000   -0.000000238   -0.000000398  255.307363  74615.2233
2178.00   15.0000    0.0000   15.0000  277.6570  277.6570  0.000000       0.00000       0.00000         229574.2589    0.000000    -0.00005     0.00000    0.000000000   -0.000000238   -0.000000398  255.261995  74495.4952
2190.00   15.0000    0.0000   15.0000  277.7350  277.7350  0.000000       0.00000       0.00000         229509.7845    0.000000    -0.00005     0.00000    0.000000000   -0.000000238   -0.000000397  255.216593  74375.9379
2202.00   15.0000    0.0000   15.0000  277.8130  277.8130  0.000000       0.00000       0.00000         229445.3463    0.000000    -0.00005     0.00000    0.000000000   -0.000000238   -0.000000397  255.171159  74256.5513
2214.00   15.0000    0.0000   15.0000  277.8910  277.8910  0.000000       0.00000       0.00000         229380.9443    0.000000    -0.00005     0.00000    0.000000000   -0.000000238   -0.000000396  255.125692  74137.3352
2226.00   15.0000    0.0000   15.0000  277.9690  277.9690  0.000000       0.00000       0.00000         229316.5785    0.000000    -0.00005     0.00000    0.000000000   -0.000000238   -0.000000396  255.080192  74018.2892
2238.00   15.0000    0.0000   15.0000  278.0470  278.0470  0.000000       0.00000       0.00000         229252.2487    0.000000    -0.00005     0.00000    0.000000000   -0.000000237   -0.000000395  255.034659  73899.4132
2250.00   15.0000    0.0000   15.0000  278.1250  278.1250  0.000000       0.00000       0.00000         229187.9551    0.000000    -0.00005     0.00000    0.000000000   -0.000000237   -0.000000395  254.989093  73780.7069
2262.00   15.0000    0.0000   15.0000  278.2030  278.2030  0.000000       0.00000       0.00000         229123.6974    0.000000    -0.00006     0.00000    0.000000000   -0.000000237   -0.000000394  254.943495  73662.1701
2274.00   15.0000    0.0000   15.0000  278.2810  278.2810  0.000000       0.00000       0.00000         229059.4759    0.000000    -0.00006     0.00000    0.000000000   -0.000000237   -0.000000394  254.897863  73543.8026
2286.00   15.0000    0.0000   15.0000  278.3590  278.3590  0.000000       0.00000       0.00000         228995.2903    0.000000    -0.00006     0.00000    0.000000000   -0.000000237   -0.000000393  254.852199  73425.6042
2298.00   15.0000    0.0000   15.0000  278.4370  278.4370  0.000000       0.00000       0.00000         228931.1406    0.000000    -0.00006     0.00000    0.000000000   -0.000000237   -0.000000393  254.806502  73307.5746
2310.00   15.0000    0.0000   15.0000  278.5150  278.5150  0.000000       0.00000       0.00000         228867.0269    0.000000    -0.00006     0.00000    0.000000000   -0.000000237   -0.000000392  254.760772  73189.7136
2322.00   15.0000    0.0000   15.0000  278.5930  278.5930  0.000000       0.00000       0.00000         228802.9491    0.000000    -0.00006     0.00000    0.000000000   -0.000000237   -0.000000392  254.715009  73072.0209
2334.00   15.0000    0.0000   15.0000  278.6710  278.6710  0.000000       0.00000       0.00000         228738.9072    0.000000    -0.00006     0.00000    0.000000000   -0.000000236   -0.000000391  254.669214  72954.4965
2346.00   15.0000    0.0000   15.0000  278.7490  278.7490  0.000000       0.00000       0.00000         228674.9011    0.000000    -0.00006     0.00000    0.000000000   -0.000000236   -0.000000391  254.623386  72837.1399
2358.00   15.0000    0.0000   15.0000  278.8270  278.8270  0.000000       0.00000       0.00000         228610.9308    0.000000    -0.00006     0.00000    0.000000000   -0.000000236   -0.000000390  254.577525  72719.9511
2370.00   15.0000    0.0000   15.0000  278.9050  278.9050  0.000000       0.00000       0.00000         228546.9963    0.000000    -0.00006     0.00000    0.000000000   -0.000000236   -0.000000390  254.531631  72602.9297
2382.00   15.0000    0.0000   15.0000  278.9830  278.9830  0.000000       0.00000       0.00000              0.0000    0.000000    -0.00006     0.00000    0.000000000    0.000000000    0.000000000  254.485704  72486.0756
2394.00   15.0000    0.0000   15.0000  279.0610  279.0610  0.000000       0.00000       0.00000              0.0000    0.000000     0.00000     0.00000    0.000000000    0.000000000    0.000000000  254.439745  72369.3885
