   0.00    0.0000    0.0000    0.0000  239.8324  239.8324  0.000000       0.00000       0.00000              0.0000    0.000000     0.00000     0.00000    0.000000000    0.000000000    0.000000000    0.000000      0.0000
   6.00    7.9258    3.4869    8.6589  241.2579  241.2579  0.000000       0.74879       0.74879              0.0000    0.000000     0.00000     0.00000   -0.000007867    0.000000000    0.000000000  241.170131  99872.6713
  18.00    8.9411    3.8602    9.7388  241.3516  241.3516  0.000000       2.38601       2.38601              0.0493    0.000000    -0.00000     0.00000   -0.000018713    0.000000000    0.000000000  241.117370  99660.6184
  30.00    9.5807    4.0548   10.4034  241.4126  241.4126  0.000000       2.33969       2.33969              0.0721    0.000000    -0.00000     0.00000   -0.000022838   -0.000000086   -0.000000117  241.061209  99491.2943
  42.00   10.1602    4.1960   10.9926  241.4698  241.4698  0.000000       2.58531       2.58531              0.0852    0.000000    -0.00000     0.00000   -0.000024924   -0.000000093   -0.000000125  241.001218  99322.2173
  54.00   10.6789    4.2919   11.5091  241.5229  241.5229  0.000000       2.57935       2.57935              0.0988    0.000000    -0.00000     0.00000   -0.000026528   -0.000000099   -0.000000129  240.937162  99153.3842
  66.00   11.1665    4.3537   11.9852  241.5750  241.5750  0.000000       2.54614       2.54614              0.1108    0.000000    -0.00000     0.00000   -0.000027881   -0.000000100   -0.000000130  240.871999  98984.7929
  78.00   11.6300    4.3855   12.4294  241.6268  241.6268  0.000000       2.45042       2.45042              0.1225    0.000000    -0.00000     0.00000   -0.000029095   -0.000000099   -0.000000129  240.806548  98816.4426
  90.00   12.0763    4.3896   12.8494  241.6793  241.6793  0.000000       2.32615       2.32615              0.1339    0.000000    -0.00000     0.00000   -0.000030253   -0.000000097   -0.000000127  240.741700  98648.3333
 102.00   12.5084    4.3674   13.2490  241.7329  241.7329  0.000000       2.17800       2.17800              0.1454    0.000000    -0.00000     0.00000   -0.000031383   -0.000000093   -0.000000124  240.678060  98480.4652
 114.00   12.9285    4.3192   13.6309  241.7884  241.7884  0.000000       2.01543       2.01543              0.1571    0.000000    -0.00000     0.00000   -0.000032525   -0.000000089   -0.000000119  240.616206  98312.8390
 126.00   13.3375    4.2451   13.9968  241.8463  241.8463  0.000000       1.84333       1.84333              0.1694    0.000000    -0.00000     0.00000   -0.000033682   -0.000000083   -0.000000113  240.556699  98145.4561
 138.00   13.7358    4.1446   14.3475  241.9072  241.9072  0.000000       1.66603       1.66603              0.1824    0.000000    -0.00000     0.00000   -0.000034886   -0.000000076   -0.000000107  240.500145  97978.3178
 150.00   14.1231    4.0170   14.6833  241.9718  241.9718  0.000000       1.48665       1.48665              0.1965    0.000000    -0.00000     0.00000   -0.000036158   -0.000000067   -0.000000098  240.447240  97811.4262
 162.00   14.4986    3.8613   15.0039  242.0409  242.0409  0.000000       1.30772       1.30772              0.2119    0.000000    -0.00000     0.00000   -0.000037516   -0.000000057   -0.000000088  240.398829  97644.7838
 174.00   14.8609    3.6762   15.3088  242.1157  242.1157  0.000000       1.13120       1.13120              0.2291    0.000000    -0.00000     0.00000   -0.000038981   -0.000000044   -0.000000076  240.355989  97478.3938
 186.00   15.2081    3.4598   15.5966  242.1976  242.1976  0.000000       0.95892       0.95892              0.2489    0.000000    -0.00001     0.00000   -0.000040597   -0.000000028   -0.000000060  240.320168  97312.2602
 198.00   15.5374    3.2097   15.8655  242.2886  242.2886  0.000000       0.79206       0.79206              0.2721    0.000000    -0.00001     0.00000   -0.000042366   -0.000000007   -0.000000040  240.293417  97146.3881
 210.00   15.8449    2.9228   16.1122  242.3920  242.3920  0.000000       0.63290       0.63290              0.3004    0.000000    -0.00001     0.00000   -0.000044497    0.000000023   -0.000000012  240.278791  96980.7845
 222.00   16.1250    2.5941   16.3323  242.5127  242.5127  0.000000       0.48118       0.48118              0.3366    0.000000    -0.00001     0.00000   -0.000046836    0.000000066    0.000000030  240.281293  96815.4590
 234.00   16.3675    2.2172   16.5170  242.6594  242.6594  0.000000       0.34326       0.34326              0.3852    0.000000    -0.00001     0.00000   -0.000049836    0.000000138    0.000000098  240.309525  96650.4259
 246.00   16.5560    1.7774   16.6512  242.8514  242.8514  0.000000       0.21194       0.21194              0.4610    0.000000    -0.00002     0.00000   -0.000054001    0.000000273    0.000000226  240.382531  96485.7088
 258.00   16.6458    1.2631   16.6937  243.1292  243.1292  0.000000       0.11579       0.11579              0.5831    0.000000    -0.00002     0.00000   -0.000062672    0.000000657    0.000000587  240.540370  96321.3512
 270.00   16.4968    0.6027   16.5079  243.6846  243.6846  0.000000       0.01563       0.01563              1.1553    0.000000     0.00000     0.00000   -0.000047954    0.000004862    0.000004030  240.972614  96157.4743
 282.00   15.3536   -0.0849   15.3538  247.3003  247.3003  0.000000       0.00074       0.00074              2.4787    0.000000    -0.00028     0.00000   -0.000197441    0.000009398    0.000009071  244.430289  95995.1772
 294.00   15.0028   -0.0038   15.0028  250.4562  250.4562  0.000000       0.00000       0.00000             32.7967    0.000000    -0.00013     0.00000   -0.000008062    0.000007675    0.000007846  247.431544  95835.2822
 306.00   15.0000   -0.0000   15.0000  251.9149  251.9149  0.000000       0.00000       0.00000          95952.7866    0.000000    -0.00009     0.00000   -0.000000000    0.000004417    0.000004291  248.755223  95677.0490
 318.00   15.0000   -0.0000   15.0000  252.8358  252.8358  0.000000       0.00000       0.00000        2777713.4999    0.000000    -0.00008     0.00000    0.000000000    0.000003338    0.000003170  249.547300  95519.7481
 330.00   15.0000   -0.0000   15.0000  253.6337  253.6337  0.000000       0.00000       0.00000        2345371.4105    0.000000    -0.00007     0.00000    0.000000000    0.000002913    0.000002757  250.217483  95363.1650
 342.00   15.0000   -0.0000   15.0000  254.2917  254.2917  0.000000       0.00000       0.00000        1990460.6481    0.000000    -0.00006     0.00000    0.000000000    0.000002523    0.000002368  250.749368  95207.2136
 354.00   15.0000   -0.0000   15.0000  254.8724  254.8724  0.000000       0.00000       0.00000        1757816.7693    0.000000    -0.00006     0.00000    0.000000000    0.000002261    0.000002110  251.204793  95051.8232
 366.00   15.0000    0.0000   15.0000  255.3881  255.3881  0.000000       0.00000       0.00000        1583241.3886    0.000000    -0.00005     0.00000    0.000000000    0.000002058    0.000001908  251.595869  94896.9475
 378.00   15.0000    0.0000   15.0000  255.8620  255.8620  0.000000       0.00000       0.00000        1442522.4682    0.000000    -0.00005     0.00000    0.000000000    0.000001886    0.000001739  251.945477  94742.5515
 390.00   15.0000    0.0000   15.0000  256.2914  256.2914  0.000000       0.00000       0.00000        1328316.6283    0.000000    -0.00005     0.00000    0.000000000    0.000001742    0.000001595  252.251142  94588.6068
 402.00   15.0000    0.0000   15.0000  256.6951  256.6951  0.000000       0.00000       0.00000        1232562.0628    0.000000    -0.00005     0.00000    0.000000000    0.000001617    0.000001471  252.531321  94435.0905
 414.00   15.0000    0.0000   15.0000  257.0657  257.0657  0.000000       0.00000       0.00000        1153248.6628    0.000000    -0.00005     0.00000    0.000000000    0.000001511    0.000001365  252.778720  94281.9833
 426.00   15.0000    0.0000   15.0000  257.4207  257.4207  0.000000       0.00000       0.00000        1088884.3195    0.000000    -0.00004     0.00000    0.000000000    0.000001424    0.000001279  253.010575  94129.2691
 438.00   15.0000    0.0000   15.0000  257.7517  257.7517  0.000000       0.00000       0.00000        1031062.2010    0.000000    -0.00004     0.00000    0.000000000    0.000001343    0.000001198  253.218776  93976.9346
 450.00   15.0000    0.0000   15.0000  258.0711  258.0711  0.000000       0.00000       0.00000         981635.5939    0.000000    -0.00004     0.00000    0.000000000    0.000001272    0.000001128  253.415350  93824.9682
 462.00   15.0000    0.0000   15.0000  258.3717  258.3717  0.000000       0.00000       0.00000         933565.9914    0.000000    -0.00004     0.00000    0.000000000    0.000001200    0.000001056  253.593394  93673.3594
 474.00   15.0000    0.0000   15.0000  258.6614  258.6614  0.000000       0.00000       0.00000         893937.6127    0.000000    -0.00004     0.00000    0.000000000    0.000001141    0.000000996  253.760562  93522.0986
 486.00   15.0000    0.0000   15.0000  258.9376  258.9376  0.000000       0.00000       0.00000         856590.0294    0.000000    -0.00004     0.00000    0.000000000    0.000001083    0.000000938  253.914377  93371.1774
 498.00   15.0000    0.0000   15.0000  259.2042  259.2042  0.000000       0.00000       0.00000         824349.9293    0.000000    -0.00004     0.00000    0.000000000    0.000001032    0.000000887  254.058672  93220.5881
 510.00   15.0000    0.0000   15.0000  259.4605  259.4605  0.000000       0.00000       0.00000         794698.5836    0.000000    -0.00004     0.00000    0.000000000    0.000000985    0.000000839  254.192745  93070.3240
 522.00   15.0000    0.0000   15.0000  259.7088  259.7088  0.000000       0.00000       0.00000         767794.3693    0.000000    -0.00004     0.00000    0.000000000    0.000000941    0.000000795  254.318864  92920.3788
 534.00   15.0000    0.0000   15.0000  259.9485  259.9485  0.000000       0.00000       0.00000         743430.1088    0.000000    -0.00004     0.00000    0.000000000    0.000000900    0.000000754  254.436436  92770.7468
 546.00   15.0000    0.0000   15.0000  260.1818  260.1818  0.000000       0.00000       0.00000         721353.4818    0.000000    -0.00004     0.00000    0.000000000    0.000000863    0.000000717  254.547604  92621.4229
 558.00   15.0000    0.0000   15.0000  260.4079  260.4079  0.000000       0.00000       0.00000         702458.5422    0.000000    -0.00004     0.00000    0.000000000    0.000000832    0.000000685  254.651627  92472.4023
 570.00   15.0000    0.0000   15.0000  260.6295  260.6295  0.000000       0.00000       0.00000         683438.7437    0.000000    -0.00004     0.00000    0.000000000    0.000000799    0.000000652  254.751202  92323.6808
 582.00   15.0000    0.0000   15.0000  260.8438  260.8438  0.000000       0.00000       0.00000         664525.0172    0.000000    -0.00004     0.00000    0.000000000    0.000000765    0.000000618  254.843538  92175.2544
 594.00   15.0000    0.0000   15.0000  261.0537  261.0537  0.000000       0.00000       0.00000         647063.9444    0.000000    -0.00004     0.00000    0.000000000    0.000000733    0.000000586  254.931471  92027.1190
 606.00   15.0000    0.0000   15.0000  261.2572  261.2572  0.000000       0.00000       0.00000         630709.7027    0.000000    -0.00004     0.00000    0.000000000    0.000000703    0.000000555  255.013056  91879.2708
 618.00   15.0000    0.0000   15.0000  261.4570  261.4570  0.000000       0.00000       0.00000         616460.7445    0.000000    -0.00004     0.00000    0.000000000    0.000000677    0.000000529  255.090911  91731.7063
 630.00   15.0000    0.0000   15.0000  261.6517  261.6517  0.000000       0.00000       0.00000         602586.1002    0.000000    -0.00004     0.00000    0.000000000    0.000000651    0.000000502  255.163721  91584.4222
 642.00   15.0000    0.0000   15.0000  261.8428  261.8428  0.000000       0.00000       0.00000         590581.8752    0.000000    -0.00004     0.00000    0.000000000    0.000000629    0.000000480  255.233021  91437.4154
 654.00   15.0000    0.0000   15.0000  262.0301  262.0301  0.000000       0.00000       0.00000         579117.8410    0.000000    -0.00004     0.00000    0.000000000    0.000000607    0.000000457  255.298436  91290.6834
 666.00   15.0000    0.0000   15.0000  262.2142  262.2142  0.000000       0.00000       0.00000         569104.4602    0.000000    -0.00004     0.00000    0.000000000    0.000000588    0.000000438  255.360667  91144.2234
 678.00   15.0000    0.0000   15.0000  262.3953  262.3953  0.000000       0.00000       0.00000         559912.1507    0.000000    -0.00004     0.00000    0.000000000    0.000000571    0.000000420  255.419912  90998.0331
 690.00   15.0000    0.0000   15.0000  262.5738  262.5738  0.000000       0.00000       0.00000         551866.4798    0.000000    -0.00004     0.00000    0.000000000    0.000000556    0.000000405  255.476480  90852.1104
 702.00   15.0000    0.0000   15.0000  262.7499  262.7499  0.000000       0.00000       0.00000         544673.5941    0.000000    -0.00004     0.00000    0.000000000    0.000000542    0.000000391  255.530771  90706.4532
 714.00   15.0000    0.0000   15.0000  262.9240  262.9240  0.000000       0.00000       0.00000         538858.3680    0.000000    -0.00004     0.00000    0.000000000    0.000000532    0.000000380  255.582914  90561.0599
 726.00   15.0000    0.0000   15.0000  263.0967  263.0967  0.000000       0.00000       0.00000         534543.9377    0.000000    -0.00004     0.00000    0.000000000    0.000000525    0.000000372  255.633638  90415.9287
 738.00   15.0000    0.0000   15.0000  263.2682  263.2682  0.000000       0.00000       0.00000         531020.6143    0.000000    -0.00004     0.00000    0.000000000    0.000000519    0.000000366  255.683149  90271.0586
 750.00   15.0000    0.0000   15.0000  263.4388  263.4388  0.000000       0.00000       0.00000         528238.6644    0.000000    -0.00004     0.00000    0.000000000    0.000000516    0.000000362  255.731732  90126.4482
 762.00   15.0000    0.0000   15.0000  263.6088  263.6088  0.000000       0.00000       0.00000         526804.7905    0.000000    -0.00004     0.00000    0.000000000    0.000000515    0.000000361  255.779565  89982.0968
 774.00   15.0000    0.0000   15.0000  263.7787  263.7787  0.000000       0.00000       0.00000         526610.4567    0.000000    -0.00004     0.00000    0.000000000    0.000000518    0.000000362  255.827313  89838.0034
 786.00   15.0000    0.0000   15.0000  263.9487  263.9487  0.000000       0.00000       0.00000         527767.4588    0.000000    -0.00004     0.00000    0.000000000    0.000000524    0.000000367  255.875085  89694.1676
 798.00   15.0000    0.0000   15.0000  264.1196  264.1196  0.000000       0.00000       0.00000         529275.1220    0.000000    -0.00004     0.00000    0.000000000    0.000000530    0.000000373  255.923619  89550.5891
 810.00   15.0000    0.0000   15.0000  264.2908  264.2908  0.000000       0.00000       0.00000         531529.2049    0.000000    -0.00004     0.00000    0.000000000    0.000000539    0.000000381  255.972399  89407.2677
 822.00   15.0000    0.0000   15.0000  264.4634  264.4634  0.000000       0.00000       0.00000         536200.1854    0.000000    -0.00004     0.00000    0.000000000    0.000000554    0.000000394  256.022407  89264.2032
 834.00   15.0000    0.0000   15.0000  264.6379  264.6379  0.000000       0.00000       0.00000         543546.3177    0.000000    -0.00005     0.00000    0.000000000    0.000000576    0.000000415  256.074178  89121.3960
 846.00   15.0000    0.0000   15.0000  264.8154  264.8154  0.000000       0.00000       0.00000         554116.8509    0.000000    -0.00005     0.00000    0.000000000    0.000000606    0.000000444  256.128859  88978.8469
 858.00   15.0000    0.0000   15.0000  264.9970  264.9970  0.000000       0.00000       0.00000         566968.3916    0.000000    -0.00005     0.00000    0.000000000    0.000000642    0.000000478  256.187328  88836.5572
 870.00   15.0000    0.0000   15.0000  265.1831  265.1831  0.000000       0.00000       0.00000         587337.2421    0.000000    -0.00005     0.00000    0.000000000    0.000000699    0.000000532  256.250145  88694.5287
 882.00   15.0000    0.0000   15.0000  265.3782  265.3782  0.000000       0.00000       0.00000         605713.9189    0.000000    -0.00005     0.00000    0.000000000    0.000000751    0.000000583  256.321475  88552.7643
 894.00   15.0000    0.0000   15.0000  265.5765  265.5765  0.000000       0.00000       0.00000         643596.0901    0.000000    -0.00006     0.00000    0.000000000    0.000000856    0.000000683  256.395924  88411.2666
 906.00   15.0000    0.0000   15.0000  265.7965  265.7965  0.000000       0.00000       0.00000         662807.2082    0.000000    -0.00006     0.00000    0.000000000    0.000000913    0.000000739  256.491130  88270.0418
 918.00   15.0000    0.0000   15.0000  266.0077  266.0077  0.000000       0.00000       0.00000         743599.3687    0.000000    -0.00008     0.00000    0.000000000    0.000001136    0.000000953  256.577795  88129.0925
 930.00   15.0000    0.0000   15.0000  266.2806  266.2806  0.000000       0.00000       0.00000         750270.1988    0.000000    -0.00006     0.00000    0.000000000    0.000001165    0.000000984  256.723858  87988.4320
 942.00   15.0000    0.0000   15.0000  266.4966  266.4966  0.000000       0.00000       0.00000         948395.4642    0.000000    -0.00012     0.00000    0.000000000    0.000001722    0.000001514  256.815006  87848.0609
 954.00   15.0000    0.0000   15.0000  266.8991  266.8991  0.000000       0.00000       0.00000         908609.8854    0.000000    -0.00006     0.00000    0.000000000    0.000001630    0.000001444  257.085707  87708.0122
 966.00   15.0000    0.0000   15.0000  267.0901  267.0901  0.000000       0.00000       0.00000        1392950.4131    0.000000    -0.00022     0.00000    0.000000000    0.000003053    0.000002767  257.152538  87568.2785
 978.00   15.0000    0.0000   15.0000  267.8097  267.8097  0.000000       0.00000       0.00000        1295339.5944    0.000000    -0.00004     0.00000    0.000000000    0.000002798    0.000002626  257.728040  87428.9412
 990.00   15.0000    0.0000   15.0000  267.9391  267.9391  0.000000       0.00000       0.00000        3360123.1422    0.000000    -0.00064     0.00000    0.000000000    0.000009511    0.000008513  257.735510  87289.9830
1002.00   15.0000    0.0000   15.0000  270.0130  270.0130  0.000000       0.00000       0.00000        3256432.1607    0.000000    -0.00002     0.00000    0.000000000    0.000009268    0.000009551  259.612872  87151.7485
1014.00   15.0000    0.0000   15.0000  270.0910  270.0910  0.000000       0.00000       0.00000         236005.2723    0.000000    -0.00002     0.00000    0.000000000   -0.000000242   -0.000000438  259.570757  87014.2226
1026.00   15.0000    0.0000   15.0000  270.1690  270.1690  0.000000       0.00000       0.00000         235937.1356    0.000000    -0.00002     0.00000    0.000000000   -0.000000242   -0.000000438  259.528609  86876.8915
1038.00   15.0000    0.0000   15.0000  270.2470  270.2470  0.000000       0.00000       0.00000         235869.0383    0.000000    -0.00003     0.00000    0.000000000   -0.000000242   -0.000000437  259.486426  86739.7549
1050.00   15.0000    0.0000   15.0000  270.3250  270.3250  0.000000       0.00000       0.00000         235800.9803    0.000000    -0.00003     0.00000    0.000000000   -0.000000242   -0.000000437  259.444210  86602.8125
1062.00   15.0000    0.0000   15.0000  270.4030  270.4030  0.000000       0.00000       0.00000         235732.9615    0.000000    -0.00003     0.00000    0.000000000   -0.000000242   -0.000000437  259.401959  86466.0640
1074.00   15.0000    0.0000   15.0000  270.4810  270.4810  0.000000       0.00000       0.00000         235664.9820    0.000000    -0.00003     0.00000    0.000000000   -0.000000242   -0.000000436  259.359675  86329.5093
1086.00   15.0000    0.0000   15.0000  270.5590  270.5590  0.000000       0.00000       0.00000         235597.0417    0.000000    -0.00003     0.00000    0.000000000   -0.000000242   -0.000000436  259.317358  86193.1479
1098.00   15.0000    0.0000   15.0000  270.6370  270.6370  0.000000       0.00000       0.00000         235529.1405    0.000000    -0.00003     0.00000    0.000000000   -0.000000242   -0.000000436  259.275006  86056.9798
1110.00   15.0000    0.0000   15.0000  270.7150  270.7150  0.000000       0.00000       0.00000         235461.2785    0.000000    -0.00003     0.00000    0.000000000   -0.000000242   -0.000000435  259.232621  85921.0046
1122.00   15.0000    0.0000   15.0000  270.7930  270.7930  0.000000       0.00000       0.00000         235393.4555    0.000000    -0.00003     0.00000    0.000000000   -0.000000242   -0.000000435  259.190202  85785.2220
1134.00   15.0000    0.0000   15.0000  270.8710  270.8710  0.000000       0.00000       0.00000         235325.6716    0.000000    -0.00003     0.00000    0.000000000   -0.000000242   -0.000000435  259.147749  85649.6318
1146.00   15.0000    0.0000   15.0000  270.9490  270.9490  0.000000       0.00000       0.00000         235257.9268    0.000000    -0.00003     0.00000    0.000000000   -0.000000242   -0.000000434  259.105263  85514.2338
1158.00   15.0000    0.0000   15.0000  271.0270  271.0270  0.000000       0.00000       0.00000         235190.2209    0.000000    -0.00003     0.00000    0.000000000   -0.000000242   -0.000000434  259.062743  85379.0277
1170.00   15.0000    0.0000   15.0000  271.1050  271.1050  0.000000       0.00000       0.00000         235122.5540    0.000000    -0.00003     0.00000    0.000000000   -0.000000242   -0.000000434  259.020189  85244.0132
1182.00   15.0000    0.0000   15.0000  271.1830  271.1830  0.000000       0.00000       0.00000         235054.9260    0.000000    -0.00003     0.00000    0.000000000   -0.000000242   -0.000000433  258.977601  85109.1900
1194.00   15.0000    0.0000   15.0000  271.2610  271.2610  0.000000       0.00000       0.00000         234987.3369    0.000000    -0.00003     0.00000    0.000000000   -0.000000242   -0.000000433  258.934980  84974.5580
1206.00   15.0000    0.0000   15.0000  271.3390  271.3390  0.000000       0.00000       0.00000         234919.7867    0.000000    -0.00003     0.00000    0.000000000   -0.000000242   -0.000000433  258.892325  84840.1168
1218.00   15.0000    0.0000   15.0000  271.4170  271.4170  0.000000       0.00000       0.00000         234852.2753    0.000000    -0.00003     0.00000    0.000000000   -0.000000242   -0.000000432  258.849637  84705.8662
1230.00   15.0000    0.0000   15.0000  271.4950  271.4950  0.000000       0.00000       0.00000         234784.8027    0.000000    -0.00003     0.00000    0.000000000   -0.000000242   -0.000000432  258.806915  84571.8059
1242.00   15.0000    0.0000   15.0000  271.5730  271.5730  0.000000       0.00000       0.00000         234717.3688    0.000000    -0.00003     0.00000    0.000000000   -0.000000242   -0.000000431  258.764159  84437.9358
1254.00   15.0000    0.0000   15.0000  271.6510  271.6510  0.000000       0.00000       0.00000         234649.9737    0.000000    -0.00003     0.00000    0.000000000   -0.000000242   -0.000000431  258.721369  84304.2554
1266.00   15.0000    0.0000   15.0000  271.7290  271.7290  0.000000       0.00000       0.00000         234582.6172    0.000000    -0.00003     0.00000    0.000000000   -0.000000242   -0.000000431  258.678546  84170.7646
1278.00   15.0000    0.0000   15.0000  271.8070  271.8070  0.000000       0.00000       0.00000         234515.2995    0.000000    -0.00003     0.00000    0.000000000   -0.000000242   -0.000000430  258.635690  84037.4632
1290.00   15.0000    0.0000   15.0000  271.8850  271.8850  0.000000       0.00000       0.00000         234448.0203    0.000000    -0.00003     0.00000    0.000000000   -0.000000242   -0.000000430  258.592799  83904.3508
1302.00   15.0000    0.0000   15.0000  271.9630  271.9630  0.000000       0.00000       0.00000         234380.7797    0.000000    -0.00003     0.00000    0.000000000   -0.000000242   -0.000000430  258.549875  83771.4272
1314.00   15.0000    0.0000   15.0000  272.0410  272.0410  0.000000       0.00000       0.00000         234313.5777    0.000000    -0.00003     0.00000    0.000000000   -0.000000242   -0.000000429  258.506918  83638.6922
1326.00   15.0000    0.0000   15.0000  272.1190  272.1190  0.000000       0.00000       0.00000         234246.4143    0.000000    -0.00003     0.00000    0.000000000   -0.000000242   -0.000000429  258.463927  83506.1455
1338.00   15.0000    0.0000   15.0000  272.1970  272.1970  0.000000       0.00000       0.00000         234179.2893    0.000000    -0.00003     0.00000    0.000000000   -0.000000242   -0.000000429  258.420902  83373.7868
1350.00   15.0000    0.0000   15.0000  272.2750  272.2750  0.000000       0.00000       0.00000         234112.2027    0.000000    -0.00003     0.00000    0.000000000   -0.000000242   -0.000000428  258.377844  83241.6159
1362.00   15.0000    0.0000   15.0000  272.3530  272.3530  0.000000       0.00000       0.00000         234045.1546    0.000000    -0.00003     0.00000    0.000000000   -0.000000242   -0.000000428  258.334753  83109.6326
1374.00   15.0000    0.0000   15.0000  272.4310  272.4310  0.000000       0.00000       0.00000         233978.1449    0.000000    -0.00003     0.00000    0.000000000   -0.000000242   -0.000000427  258.291627  82977.8366
1386.00   15.0000    0.0000   15.0000  272.5090  272.5090  0.000000       0.00000       0.00000         233911.1736    0.000000    -0.00003     0.00000    0.000000000   -0.000000242   -0.000000427  258.248469  82846.2276
1398.00   15.0000    0.0000   15.0000  272.5870  272.5870  0.000000       0.00000       0.00000         233844.2406    0.000000    -0.00003     0.00000    0.000000000   -0.000000242   -0.000000427  258.205276  82714.8053
1410.00   15.0000    0.0000   15.0000  272.6650  272.6650  0.000000       0.00000       0.00000         233777.3458    0.000000    -0.00003     0.00000    0.000000000   -0.000000242   -0.000000426  258.162051  82583.5697
1422.00   15.0000    0.0000   15.0000  272.7430  272.7430  0.000000       0.00000       0.00000         233710.4894    0.000000    -0.00003     0.00000    0.000000000   -0.000000242   -0.000000426  258.118791  82452.5203
1434.00   15.0000    0.0000   15.0000  272.8210  272.8210  0.000000       0.00000       0.00000         233643.6711    0.000000    -0.00003     0.00000    0.000000000   -0.000000242   -0.000000426  258.075498  82321.6569
1446.00   15.0000    0.0000   15.0000  272.8990  272.8990  0.000000       0.00000       0.00000         233576.8911    0.000000    -0.00004     0.00000    0.000000000   -0.000000242   -0.000000425  258.032172  82190.9794
1458.00   15.0000    0.0000   15.0000  272.9770  272.9770  0.000000       0.00000       0.00000         233510.1492    0.000000    -0.00004     0.00000    0.000000000   -0.000000242   -0.000000425  257.988813  82060.4873
1470.00   15.0000    0.0000   15.0000  273.0550  273.0550  0.000000       0.00000       0.00000         233443.4455    0.000000    -0.00004     0.00000    0.000000000   -0.000000242   -0.000000424  257.945419  81930.1806
1482.00   15.0000    0.0000   15.0000  273.1330  273.1330  0.000000       0.00000       0.00000         233376.7798    0.000000    -0.00004     0.00000    0.000000000   -0.000000242   -0.000000424  257.901993  81800.0589
1494.00   15.0000    0.0000   15.0000  273.2110  273.2110  0.000000       0.00000       0.00000         233310.1522    0.000000    -0.00004     0.00000    0.000000000   -0.000000242   -0.000000424  257.858533  81670.1220
1506.00   15.0000    0.0000   15.0000  273.2890  273.2890  0.000000       0.00000       0.00000         233243.5627    0.000000    -0.00004     0.00000    0.000000000   -0.000000242   -0.000000423  257.815039  81540.3697
1518.00   15.0000    0.0000   15.0000  273.3670  273.3670  0.000000       0.00000       0.00000         233177.0111    0.000000    -0.00004     0.00000    0.000000000   -0.000000242   -0.000000423  257.771512  81410.8016
1530.00   15.0000    0.0000   15.0000  273.4450  273.4450  0.000000       0.00000       0.00000         233110.4975    0.000000    -0.00004     0.00000    0.000000000   -0.000000242   -0.000000422  257.727952  81281.4176
1542.00   15.0000    0.0000   15.0000  273.5230  273.5230  0.000000       0.00000       0.00000         233044.0219    0.000000    -0.00004     0.00000    0.000000000   -0.000000242   -0.000000422  257.684358  81152.2173
1554.00   15.0000    0.0000   15.0000  273.6010  273.6010  0.000000       0.00000       0.00000         232977.5841    0.000000    -0.00004     0.00000    0.000000000   -0.000000242   -0.000000422  257.640731  81023.2007
1566.00   15.0000    0.0000   15.0000  273.6790  273.6790  0.000000       0.00000       0.00000         232911.1843    0.000000    -0.00004     0.00000    0.000000000   -0.000000242   -0.000000421  257.597071  80894.3673
1578.00   15.0000    0.0000   15.0000  273.7570  273.7570  0.000000       0.00000       0.00000         232844.8222    0.000000    -0.00004     0.00000    0.000000000   -0.000000242   -0.000000421  257.553377  80765.7170
1590.00   15.0000    0.0000   15.0000  273.8350  273.8350  0.000000       0.00000       0.00000         232778.4980    0.000000    -0.00004     0.00000    0.000000000   -0.000000242   -0.000000420  257.509650  80637.2495
1602.00   15.0000    0.0000   15.0000  273.9130  273.9130  0.000000       0.00000       0.00000         232712.2115    0.000000    -0.00004     0.00000    0.000000000   -0.000000242   -0.000000420  257.465889  80508.9646
1614.00   15.0000    0.0000   15.0000  273.9910  273.9910  0.000000       0.00000       0.00000         232645.9628    0.000000    -0.00004     0.00000    0.000000000   -0.000000242   -0.000000420  257.422095  80380.8620
1626.00   15.0000    0.0000   15.0000  274.0690  274.0690  0.000000       0.00000       0.00000         232579.7518    0.000000    -0.00004     0.00000    0.000000000   -0.000000242   -0.000000419  257.378268  80252.9415
1638.00   15.0000    0.0000   15.0000  274.1470  274.1470  0.000000       0.00000       0.00000         232513.5785    0.000000    -0.00004     0.00000    0.000000000   -0.000000242   -0.000000419  257.334407  80125.2029
1650.00   15.0000    0.0000   15.0000  274.2250  274.2250  0.000000       0.00000       0.00000         232447.4428    0.000000    -0.00004     0.00000    0.000000000   -0.000000242   -0.000000418  257.290513  79997.6458
1662.00   15.0000    0.0000   15.0000  274.3030  274.3030  0.000000       0.00000       0.00000         232381.3447    0.000000    -0.00004     0.00000    0.000000000   -0.000000242   -0.000000418  257.246586  79870.2701
1674.00   15.0000    0.0000   15.0000  274.3810  274.3810  0.000000       0.00000       0.00000         232315.2842    0.000000    -0.00004     0.00000    0.000000000   -0.000000242   -0.000000418  257.202626  79743.0754
1686.00   15.0000    0.0000   15.0000  274.4590  274.4590  0.000000       0.00000       0.00000         232249.2613    0.000000    -0.00004     0.00000    0.000000000   -0.000000242   -0.000000417  257.158632  79616.0617
1698.00   15.0000    0.0000   15.0000  274.5370  274.5370  0.000000       0.00000       0.00000         232183.2758    0.000000    -0.00004     0.00000    0.000000000   -0.000000242   -0.000000417  257.114605  79489.2285
1710.00   15.0000    0.0000   15.0000  274.6150  274.6150  0.000000       0.00000       0.00000         232117.3279    0.000000    -0.00004     0.00000    0.000000000   -0.000000242   -0.000000416  257.070545  79362.5757
1722.00   15.0000    0.0000   15.0000  274.6930  274.6930  0.000000       0.00000       0.00000         232051.4174    0.000000    -0.00004     0.00000    0.000000000   -0.000000242   -0.000000416  257.026451  79236.1031
1734.00   15.0000    0.0000   15.0000  274.7710  274.7710  0.000000       0.00000       0.00000         231985.5443    0.000000    -0.00004     0.00000    0.000000000   -0.000000242   -0.000000415  256.982324  79109.8104
1746.00   15.0000    0.0000   15.0000  274.8490  274.8490  0.000000       0.00000       0.00000         231919.7086    0.000000    -0.00004     0.00000    0.000000000   -0.000000242   -0.000000415  256.938164  78983.6973
1758.00   15.0000    0.0000   15.0000  274.9270  274.9270  0.000000       0.00000       0.00000         231853.9103    0.000000    -0.00004     0.00000    0.000000000   -0.000000241   -0.000000415  256.893971  78857.7636
1770.00   15.0000    0.0000   15.0000  275.0050  275.0050  0.000000       0.00000       0.00000         231788.1493    0.000000    -0.00004     0.00000    0.000000000   -0.000000241   -0.000000414  256.849744  78732.0091
1782.00   15.0000    0.0000   15.0000  275.0830  275.0830  0.000000       0.00000       0.00000         231722.4256    0.000000    -0.00004     0.00000    0.000000000   -0.000000241   -0.000000414  256.805485  78606.4335
1794.00   15.0000    0.0000   15.0000  275.1610  275.1610  0.000000       0.00000       0.00000         231656.7391    0.000000    -0.00004     0.00000    0.000000000   -0.000000241   -0.000000413  256.761192  78481.0366
1806.00   15.0000    0.0000   15.0000  275.2390  275.2390  0.000000       0.00000       0.00000         231591.0899    0.000000    -0.00004     0.00000    0.000000000   -0.000000241   -0.000000413  256.716865  78355.8181
1818.00   15.0000    0.0000   15.0000  275.3170  275.3170  0.000000       0.00000       0.00000         231525.4779    0.000000    -0.00004     0.00000    0.000000000   -0.000000241   -0.000000413  256.672506  78230.7779
1830.00   15.0000    0.0000   15.0000  275.3950  275.3950  0.000000       0.00000       0.00000         231459.9030    0.000000    -0.00004     0.00000    0.000000000   -0.000000241   -0.000000412  256.628114  78105.9156
1842.00   15.0000    0.0000   15.0000  275.4730  275.4730  0.000000       0.00000       0.00000         231394.3653    0.000000    -0.00004     0.00000    0.000000000   -0.000000241   -0.000000412  256.583688  77981.2311
1854.00   15.0000    0.0000   15.0000  275.5510  275.5510  0.000000       0.00000       0.00000         231328.8647    0.000000    -0.00005     0.00000    0.000000000   -0.000000241   -0.000000411  256.539229  77856.7241
1866.00   15.0000    0.0000   15.0000  275.6290  275.6290  0.000000       0.00000       0.00000         231263.4012    0.000000    -0.00005     0.00000    0.000000000   -0.000000241   -0.000000411  256.494737  77732.3943
1878.00   15.0000    0.0000   15.0000  275.7070  275.7070  0.000000       0.00000       0.00000         231197.9747    0.000000    -0.00005     0.00000    0.000000000   -0.000000241   -0.000000410  256.450212  77608.2415
1890.00   15.0000    0.0000   15.0000  275.7850  275.7850  0.000000       0.00000       0.00000         231132.5852    0.000000    -0.00005     0.00000    0.000000000   -0.000000241   -0.000000410  256.405654  77484.2655
1902.00   15.0000    0.0000   15.0000  275.8630  275.8630  0.000000       0.00000       0.00000         231067.2326    0.000000    -0.00005     0.00000    0.000000000   -0.000000241   -0.000000409  256.361063  77360.4661
1914.00   15.0000    0.0000   15.0000  275.9410  275.9410  0.000000       0.00000       0.00000         231001.9171    0.000000    -0.00005     0.00000    0.000000000   -0.000000241   -0.000000409  256.316438  77236.8430
1926.00   15.0000    0.0000   15.0000  276.0190  276.0190  0.000000       0.00000       0.00000         230936.6384    0.000000    -0.00005     0.00000    0.000000000   -0.000000241   -0.000000409  256.271781  77113.3959
1938.00   15.0000    0.0000   15.0000  276.0970  276.0970  0.000000       0.00000       0.00000         230871.3966    0.000000    -0.00005     0.00000    0.000000000   -0.000000240   -0.000000408  256.227090  76990.1247
1950.00   15.0000    0.0000   15.0000  276.1750  276.1750  0.000000       0.00000       0.00000         230806.1917    0.000000    -0.00005     0.00000    0.000000000   -0.000000240   -0.000000408  256.182366  76867.0291
1962.00   15.0000    0.0000   15.0000  276.2530  276.2530  0.000000       0.00000       0.00000         230741.0236    0.000000    -0.00005     0.00000    0.000000000   -0.000000240   -0.000000407  256.137610  76744.1088
1974.00   15.0000    0.0000   15.0000  276.3310  276.3310  0.000000       0.00000       0.00000         230675.8923    0.000000    -0.00005     0.00000    0.000000000   -0.000000240   -0.000000407  256.092820  76621.3637
1986.00   15.0000    0.0000   15.0000  276.4090  276.4090  0.000000       0.00000       0.00000         230610.7978    0.000000    -0.00005     0.00000    0.000000000   -0.000000240   -0.000000406  256.047997  76498.7934
1998.00   15.0000    0.0000   15.0000  276.4870  276.4870  0.000000       0.00000       0.00000         230545.7399    0.000000    -0.00005     0.00000    0.000000000   -0.000000240   -0.000000406  256.003141  76376.3978
2010.00   15.0000    0.0000   15.0000  276.5650  276.5650  0.000000       0.00000       0.00000         230480.7188    0.000000    -0.00005     0.00000    0.000000000   -0.000000240   -0.000000405  255.958252  76254.1767
2022.00   15.0000    0.0000   15.0000  276.6430  276.6430  0.000000       0.00000       0.00000         230415.7344    0.000000    -0.00005     0.00000    0.000000000   -0.000000240   -0.000000405  255.913330  76132.1297
2034.00   15.0000    0.0000   15.0000  276.7210  276.7210  0.000000       0.00000       0.00000         230350.7865    0.000000    -0.00005     0.00000    0.000000000   -0.000000240   -0.000000405  255.868375  76010.2567
2046.00   15.0000    0.0000   15.0000  276.7990  276.7990  0.000000       0.00000       0.00000         230285.8753    0.000000    -0.00005     0.00000    0.000000000   -0.000000240   -0.000000404  255.823387  75888.5574
2058.00   15.0000    0.0000   15.0000  276.8770  276.8770  0.000000       0.00000       0.00000         230221.0007    0.000000    -0.00005     0.00000    0.000000000   -0.000000240   -0.000000404  255.778366  75767.0316
2070.00   15.0000    0.0000   15.0000  276.9550  276.9550  0.000000       0.00000       0.00000         230156.1626    0.000000    -0.00005     0.00000    0.000000000   -0.000000240   -0.000000403  255.733312  75645.6791
2082.00   15.0000    0.0000   15.0000  277.0330  277.0330  0.000000       0.00000       0.00000         230091.3610    0.000000    -0.00005     0.00000    0.000000000   -0.000000239   -0.000000403  255.688225  75524.4996
2094.00   15.0000    0.0000   15.0000  277.1110  277.1110  0.000000       0.00000       0.00000         230026.5958    0.000000    -0.00005     0.00000    0.000000000   -0.000000239   -0.000000402  255.643105  75403.4929
2106.00   15.0000    0.0000   15.0000  277.1890  277.1890  0.000000       0.00000       0.00000         229961.8672    0.000000    -0.00005     0.00000    0.000000000   -0.000000239   -0.000000402  255.597952  75282.6587
2118.00   15.0000    0.0000   15.0000  277.2670  277.2670  0.000000       0.00000       0.00000         229897.1749    0.000000    -0.00005     0.00000    0.000000000   -0.000000239   -0.000000401  255.552766  75161.9969
2130.00   15.0000    0.0000   15.0000  277.3450  277.3450  0.000000       0.00000       0.00000         229832.5191    0.000000    -0.00005     0.00000    0.000000000   -0.000000239   -0.000000401  255.507547  75041.5072
2142.00   15.0000    0.0000   15.0000  277.4230  277.4230  0.000000       0.00000       0.00000         229767.8996    0.000000    -0.00005     0.00000    0.000000000   -0.000000239   -0.000000400  255.462296  74921.1893
2154.00   15.0000    0.0000   15.0000  277.5010  277.5010  0.000000       0.00000       0.00000         229703.3164    0.000000    -0.00005     0.00000    0.000000000   -0.000000239   -0.000000400  255.417011  74801.0431
2166.00   15.0000    0.0000   15.0000  277.5790  277.5790  0.000000       0.00000       0.00000         229638.7695    0.000000    -0.00005     0.00000    0.000000000   -0.000000239   -0.000000399  255.371693  74681.0683
2178.00   15.0000    0.0000   15.0000  277.6570  277.6570  0.000000       0.00000       0.00000         229574.2589    0.000000    -0.00005     0.00000    0.000000000   -0.000000239   -0.000000399  255.326343  74561.2647
2190.00   15.0000    0.0000   15.0000  277.7350  277.7350  0.000000       0.00000       0.00000         229509.7845    0.000000    -0.00005     0.00000    0.000000000   -0.000000239   -0.000000399  255.280960  74441.6321
2202.00   15.0000    0.0000   15.0000  277.8130  277.8130  0.000000       0.00000       0.00000         229445.3463    0.000000    -0.00005     0.00000    0.000000000   -0.000000238   -0.000000398  255.235543  74322.1701
2214.00   15.0000    0.0000   15.0000  277.8910  277.8910  0.000000       0.00000       0.00000         229380.9443    0.000000    -0.00005     0.00000    0.000000000   -0.000000238   -0.000000398  255.190094  74202.8787
2226.00   15.0000    0.0000   15.0000  277.9690  277.9690  0.000000       0.00000       0.00000         229316.5785    0.000000    -0.00005     0.00000    0.000000000   -0.000000238   -0.000000397  255.144612  74083.7575
2238.00   15.0000    0.0000   15.0000  278.0470  278.0470  0.000000       0.00000       0.00000         229252.2487    0.000000    -0.00005     0.00000    0.000000000   -0.000000238   -0.000000397  255.099097  73964.8064
2250.00   15.0000    0.0000   15.0000  278.1250  278.1250  0.000000       0.00000       0.00000         229187.9551    0.000000    -0.00005     0.00000    0.000000000   -0.000000238   -0.000000396  255.053550  73846.0250
2262.00   15.0000    0.0000   15.0000  278.2030  278.2030  0.000000       0.00000       0.00000         229123.6974    0.000000    -0.00006     0.00000    0.000000000   -0.000000238   -0.000000396  255.007969  73727.4133
2274.00   15.0000    0.0000   15.0000  278.2810  278.2810  0.000000       0.00000       0.00000         229059.4759    0.000000    -0.00006     0.00000    0.000000000   -0.000000238   -0.000000395  254.962356  73608.9709
2286.00   15.0000    0.0000   15.0000  278.3590  278.3590  0.000000       0.00000       0.00000         228995.2903    0.000000    -0.00006     0.00000    0.000000000   -0.000000238   -0.000000395  254.916710  73490.6976
2298.00   15.0000    0.0000   15.0000  278.4370  278.4370  0.000000       0.00000       0.00000         228931.1406    0.000000    -0.00006     0.00000    0.000000000   -0.000000238   -0.000000394  254.871031  73372.5933
2310.00   15.0000    0.0000   15.0000  278.5150  278.5150  0.000000       0.00000       0.00000         228867.0269    0.000000    -0.00006     0.00000    0.000000000   -0.000000237   -0.000000394  254.825319  73254.6576
2322.00   15.0000    0.0000   15.0000  278.5930  278.5930  0.000000       0.00000       0.00000         228802.9491    0.000000    -0.00006     0.00000    0.000000000   -0.000000237   -0.000000393  254.779574  73136.8903
2334.00   15.0000    0.0000   15.0000  278.6710  278.6710  0.000000       0.00000       0.00000         228738.9072    0.000000    -0.00006     0.00000    0.000000000   -0.000000237   -0.000000393  254.733797  73019.2913
2346.00   15.0000    0.0000   15.0000  278.7490  278.7490  0.000000       0.00000       0.00000         228674.9011    0.000000    -0.00006     0.00000    0.000000000   -0.000000237   -0.000000392  254.687987  72901.8603
2358.00   15.0000    0.0000   15.0000  278.8270  278.8270  0.000000       0.00000       0.00000         228610.9308    0.000000    -0.00006     0.00000    0.000000000   -0.000000237   -0.000000392  254.642144  72784.5971
2370.00   15.0000    0.0000   15.0000  278.9050  278.9050  0.000000       0.00000       0.00000         228546.9963    0.000000    -0.00006     0.00000    0.000000000   -0.000000237   -0.000000391  254.596268  72667.5014
2382.00   15.0000    0.0000   15.0000  278.9830  278.9830  0.000000       0.00000       0.00000              0.0000    0.000000    -0.00006     0.00000    0.000000000    0.000000000    0.000000000  254.550360  72550.5730
2394.00   15.0000    0.0000   15.0000  279.0610  279.0610  0.000000       0.00000       0.00000              0.0000    0.000000     0.00000     0.00000    0.000000000    0.000000000    0.000000000  254.504419  72433.8118
