   0.00    0.0000    0.0000    0.0000  239.6262  239.6262  0.000000       0.00000       0.00000              0.0000    0.000000     0.00000     0.00000    0.000000000    0.000000000    0.000000000    0.000000      0.0000
   6.00    7.9385    3.5054    8.6780  241.0319  241.0319  0.000000       0.75283       0.75283              0.0000    0.000000     0.00000     0.00000   -0.000006886    0.000000000    0.000000000  240.944138  99872.5520
  18.00    8.9491    3.8795    9.7538  241.1227  241.1227  0.000000       2.41007       2.41007              0.0482    0.000000    -0.00000     0.00000   -0.000017446    0.000000000    0.000000000  240.888443  99660.2996
  30.00    9.5842    4.0747   10.4144  241.1817  241.1817  0.000000       2.36846       2.36846              0.0707    0.000000    -0.00000     0.00000   -0.000021439   -0.000000088   -0.000000119  240.830293  99490.8146
  42.00   10.1588    4.2170   10.9993  241.2370  241.2370  0.000000       2.61703       2.61703              0.0838    0.000000    -0.00000     0.00000   -0.000023424   -0.000000095   -0.000000126  240.768430  99321.5757
  54.00   10.6729    4.3145   11.5120  241.2885  241.2885  0.000000       2.61123       2.61123              0.0974    0.000000    -0.00000     0.00000   -0.000024923   -0.000000100   -0.000000130  240.702688  99152.5800
  66.00   11.1562    4.3783   11.9846  241.3390  241.3390  0.000000       2.57583       2.57583              0.1094    0.000000    -0.00000     0.00000   -0.000026161   -0.000000101   -0.000000130  240.635947  98983.8254
  78.00   11.6160    4.4125   12.4258  241.3893  241.3893  0.000000       2.47637       2.47637              0.1212    0.000000    -0.00000     0.00000   -0.000027258   -0.000000100   -0.000000129  240.569039  98815.3112
  90.00   12.0589    4.4194   12.8432  241.4404  241.4404  0.000000       2.34707       2.34707              0.1327    0.000000    -0.00000     0.00000   -0.000028274   -0.000000097   -0.000000127  240.502864  98647.0375
 102.00   12.4883    4.4003   13.2408  241.4929  241.4929  0.000000       2.19299       2.19299              0.1444    0.000000    -0.00000     0.00000   -0.000029243   -0.000000093   -0.000000123  240.438054  98479.0046
 114.00   12.9064    4.3553   13.6215  241.5474  241.5474  0.000000       2.02385       2.02385              0.1564    0.000000    -0.00000     0.00000   -0.000030199   -0.000000089   -0.000000118  240.375236  98311.2134
 126.00   13.3143    4.2844   13.9867  241.6046  241.6046  0.000000       1.84483       1.84483              0.1691    0.000000    -0.00000     0.00000   -0.000031143   -0.000000082   -0.000000112  240.315037  98143.6653
 138.00   13.7125    4.1868   14.3375  241.6652  241.6652  0.000000       1.66054       1.66054              0.1826    0.000000    -0.00000     0.00000   -0.000032104   -0.000000075   -0.000000105  240.258160  97976.3620
 150.00   14.1008    4.0616   14.6741  241.7299  241.7299  0.000000       1.47437       1.47437              0.1973    0.000000    -0.00000     0.00000   -0.000033083   -0.000000065   -0.000000095  240.205434  97809.3059
 162.00   14.4785    3.9071   14.9964  241.7999  241.7999  0.000000       1.28917       1.28917              0.2136    0.000000    -0.00000     0.00000   -0.000034101   -0.000000053   -0.000000084  240.157897  97642.4998
 174.00   14.8442    3.7215   15.3036  241.8766  241.8766  0.000000       1.10727       1.10727              0.2320    0.000000    -0.00000     0.00000   -0.000035164   -0.000000038   -0.000000070  240.116907  97475.9475
 186.00   15.1958    3.5020   15.5941  241.9617  241.9617  0.000000       0.93078       0.93078              0.2531    0.000000    -0.00001     0.00000   -0.000036283   -0.000000019   -0.000000051  240.084324  97309.6539
 198.00   15.5303    3.2453   15.8658  242.0581  242.0581  0.000000       0.76159       0.76159              0.2782    0.000000    -0.00001     0.00000   -0.000037487    0.000000007   -0.000000026  240.062827  97143.6252
 210.00   15.8429    2.9467   16.1146  242.1698  242.1698  0.000000       0.60184       0.60184              0.3089    0.000000    -0.00001     0.00000   -0.000038930    0.000000043    0.000000009  240.056486  96977.8703
 222.00   16.1262    2.5996   16.3344  242.3035  242.3035  0.000000       0.45351       0.45351              0.3480    0.000000    -0.00001     0.00000   -0.000040391    0.000000098    0.000000061  240.071876  96812.4012
 234.00   16.3675    2.1948   16.5140  242.4710  242.4710  0.000000       0.31932       0.31932              0.4007    0.000000    -0.00002     0.00000   -0.000042451    0.000000189    0.000000147  240.120699  96647.2366
 246.00   16.5431    1.7187   16.6321  242.6956  242.6956  0.000000       0.20255       0.20255              0.4773    0.000000    -0.00003     0.00000   -0.000045714    0.000000360    0.000000309  240.225996  96482.4066
 258.00   16.6014    1.1544   16.6415  243.0307  243.0307  0.000000       0.10798       0.10798              0.6016    0.000000    -0.00003     0.00000   -0.000052603    0.000000750    0.000000675  240.440518  96317.9670
 270.00   16.4171    0.5022   16.4248  243.6247  243.6247  0.000000       0.04172       0.04172              0.8470    0.000000     0.00000     0.00000   -0.000078007    0.000002185    0.000001968  240.910908  96154.0409
 282.00   15.6619   -0.1071   15.6623  245.1996  245.1996  0.000000       0.00047       0.00047              2.7284    0.000000    -0.00042     0.00000   -0.000222757    0.000008704    0.000007161  242.350977  95991.0386
 294.00   15.0030   -0.0058   15.0030  250.0426  250.0426  0.000000       0.00000       0.00000             13.0230    0.000000    -0.00013     0.00000   -0.000007932    0.000009442    0.000010360  247.019317  95830.3280
 306.00   15.0000   -0.0000   15.0000  251.4191  251.4191  0.000000       0.00000       0.00000          52481.7194    0.000000    -0.00010     0.00000   -0.000000002    0.000004284    0.000004132  248.261796  95671.8140
 318.00   15.0000   -0.0000   15.0000  252.4285  252.4285  0.000000       0.00000       0.00000        2981931.9549    0.000000    -0.00008     0.00000    0.000000000    0.000003486    0.000003322  249.141177  95514.2373
 330.00   15.0000   -0.0000   15.0000  253.2613  253.2613  0.000000       0.00000       0.00000        2442714.0254    0.000000    -0.00007     0.00000    0.000000000    0.000002958    0.000002803  249.845826  95357.4194
 342.00   15.0000   -0.0000   15.0000  253.9426  253.9426  0.000000       0.00000       0.00000        2061925.4891    0.000000    -0.00006     0.00000    0.000000000    0.000002554    0.000002400  250.400635  95201.2530
 354.00   15.0000   -0.0000   15.0000  254.5428  254.5428  0.000000       0.00000       0.00000        1814593.1001    0.000000    -0.00006     0.00000    0.000000000    0.000002286    0.000002136  250.875232  95045.6623
 366.00   15.0000    0.0000   15.0000  255.0730  255.0730  0.000000       0.00000       0.00000        1627933.8834    0.000000    -0.00006     0.00000    0.000000000    0.000002075    0.000001926  251.280578  94890.5979
 378.00   15.0000    0.0000   15.0000  255.5590  255.5590  0.000000       0.00000       0.00000        1481272.5466    0.000000    -0.00005     0.00000    0.000000000    0.000001902    0.000001756  251.642180  94736.0224
 390.00   15.0000    0.0000   15.0000  255.9994  255.9994  0.000000       0.00000       0.00000        1362293.1825    0.000000    -0.00005     0.00000    0.000000000    0.000001757    0.000001612  251.958645  94581.9064
 402.00   15.0000    0.0000   15.0000  256.4125  256.4125  0.000000       0.00000       0.00000        1262188.0935    0.000000    -0.00005     0.00000    0.000000000    0.000001630    0.000001486  252.248025  94428.2258
 414.00   15.0000    0.0000   15.0000  256.7915  256.7915  0.000000       0.00000       0.00000        1179066.1858    0.000000    -0.00005     0.00000    0.000000000    0.000001522    0.000001378  252.503658  94274.9605
 426.00   15.0000    0.0000   15.0000  257.1535  257.1535  0.000000       0.00000       0.00000        1111277.3709    0.000000    -0.00004     0.00000    0.000000000    0.000001432    0.000001290  252.742457  94122.0936
 438.00   15.0000    0.0000   15.0000  257.4908  257.4908  0.000000       0.00000       0.00000        1051538.1575    0.000000    -0.00004     0.00000    0.000000000    0.000001351    0.000001208  252.956850  93969.6112
 450.00   15.0000    0.0000   15.0000  257.8161  257.8161  0.000000       0.00000       0.00000        1001338.9302    0.000000    -0.00004     0.00000    0.000000000    0.000001282    0.000001139  253.159247  93817.5012
 462.00   15.0000    0.0000   15.0000  258.1226  258.1226  0.000000       0.00000       0.00000         952157.3450    0.000000    -0.00004     0.00000    0.000000000    0.000001211    0.000001068  253.343061  93665.7531
 474.00   15.0000    0.0000   15.0000  258.4176  258.4176  0.000000       0.00000       0.00000         910766.6109    0.000000    -0.00004     0.00000    0.000000000    0.000001150    0.000001007  253.515413  93514.3568
 486.00   15.0000    0.0000   15.0000  258.6986  258.6986  0.000000       0.00000       0.00000         872189.5849    0.000000    -0.00004     0.00000    0.000000000    0.000001092    0.000000949  253.673949  93363.3037
 498.00   15.0000    0.0000   15.0000  258.9698  258.9698  0.000000       0.00000       0.00000         839036.2343    0.000000    -0.00004     0.00000    0.000000000    0.000001041    0.000000898  253.822704  93212.5859
 510.00   15.0000    0.0000   15.0000  259.2304  259.2304  0.000000       0.00000       0.00000         808434.7637    0.000000    -0.00004     0.00000    0.000000000    0.000000993    0.000000850  253.960964  93062.1964
 522.00   15.0000    0.0000   15.0000  259.4827  259.4827  0.000000       0.00000       0.00000         780684.4395    0.000000    -0.00004     0.00000    0.000000000    0.000000949    0.000000805  254.090983  92912.1287
 534.00   15.0000    0.0000   15.0000  259.7262  259.7262  0.000000       0.00000       0.00000         755603.2841    0.000000    -0.00004     0.00000    0.000000000    0.000000909    0.000000765  254.212243  92762.3771
 546.00   15.0000    0.0000   15.0000  259.9630  259.9630  0.000000       0.00000       0.00000         732736.1601    0.000000    -0.00004     0.00000    0.000000000    0.000000871    0.000000727  254.326889  92612.9361
 558.00   15.0000    0.0000   15.0000  260.1924  260.1924  0.000000       0.00000       0.00000         713149.1004    0.000000    -0.00004     0.00000    0.000000000    0.000000839    0.000000694  254.434128  92463.8009
 570.00   15.0000    0.0000   15.0000  260.4171  260.4171  0.000000       0.00000       0.00000         694551.5101    0.000000    -0.00004     0.00000    0.000000000    0.000000808    0.000000663  254.536769  92314.9672
 582.00   15.0000    0.0000   15.0000  260.6350  260.6350  0.000000       0.00000       0.00000         675992.6180    0.000000    -0.00004     0.00000    0.000000000    0.000000776    0.000000631  254.632603  92166.4309
 594.00   15.0000    0.0000   15.0000  260.8483  260.8483  0.000000       0.00000       0.00000         658018.7726    0.000000    -0.00004     0.00000    0.000000000    0.000000744    0.000000599  254.723841  92018.1881
 606.00   15.0000    0.0000   15.0000  261.0551  261.0551  0.000000       0.00000       0.00000         641306.2975    0.000000    -0.00004     0.00000    0.000000000    0.000000714    0.000000568  254.808622  91870.2348
 618.00   15.0000    0.0000   15.0000  261.2580  261.2580  0.000000       0.00000       0.00000         626826.5518    0.000000    -0.00004     0.00000    0.000000000    0.000000689    0.000000542  254.889574  91722.5673
 630.00   15.0000    0.0000   15.0000  261.4559  261.4559  0.000000       0.00000       0.00000         612819.3441    0.000000    -0.00004     0.00000    0.000000000    0.000000663    0.000000516  254.965450  91575.1826
 642.00   15.0000    0.0000   15.0000  261.6502  261.6502  0.000000       0.00000       0.00000         600690.6239    0.000000    -0.00004     0.00000    0.000000000    0.000000641    0.000000494  255.037777  91428.0774
 654.00   15.0000    0.0000   15.0000  261.8405  261.8405  0.000000       0.00000       0.00000         589152.4224    0.000000    -0.00004     0.00000    0.000000000    0.000000620    0.000000472  255.106191  91281.2489
 666.00   15.0000    0.0000   15.0000  262.0277  262.0277  0.000000       0.00000       0.00000         579075.9637    0.000000    -0.00004     0.00000    0.000000000    0.000000601    0.000000453  255.171416  91134.6947
 678.00   15.0000    0.0000   15.0000  262.2119  262.2119  0.000000       0.00000       0.00000         569832.9590    0.000000    -0.00004     0.00000    0.000000000    0.000000584    0.000000436  255.233631  90988.4122
 690.00   15.0000    0.0000   15.0000  262.3934  262.3934  0.000000       0.00000       0.00000         561785.0418    0.000000    -0.00004     0.00000    0.000000000    0.000000570    0.000000420  255.293170  90842.3994
 702.00   15.0000    0.0000   15.0000  262.5726  262.5726  0.000000       0.00000       0.00000         554618.5457    0.000000    -0.00004     0.00000    0.000000000    0.000000557    0.000000407  255.350440  90696.6542
 714.00   15.0000    0.0000   15.0000  262.7498  262.7498  0.000000       0.00000       0.00000         548596.7421    0.000000    -0.00004     0.00000    0.000000000    0.000000546    0.000000396  255.405579  90551.1748
 726.00   15.0000    0.0000   15.0000  262.9254  262.9254  0.000000       0.00000       0.00000         543905.0431    0.000000    -0.00004     0.00000    0.000000000    0.000000539    0.000000388  255.459160  90405.9596
 738.00   15.0000    0.0000   15.0000  263.0998  263.0998  0.000000       0.00000       0.00000         540357.5935    0.000000    -0.00004     0.00000    0.000000000    0.000000534    0.000000382  255.511438  90261.0074
 750.00   15.0000    0.0000   15.0000  263.2733  263.2733  0.000000       0.00000       0.00000         538037.3074    0.000000    -0.00004     0.00000    0.000000000    0.000000532    0.000000379  255.562870  90116.3169
 762.00   15.0000    0.0000   15.0000  263.4464  263.4464  0.000000       0.00000       0.00000         537011.4009    0.000000    -0.00004     0.00000    0.000000000    0.000000532    0.000000379  255.613764  89971.8872
 774.00   15.0000    0.0000   15.0000  263.6196  263.6196  0.000000       0.00000       0.00000         536931.8702    0.000000    -0.00004     0.00000    0.000000000    0.000000535    0.000000381  255.664621  89827.7177
 786.00   15.0000    0.0000   15.0000  263.7928  263.7928  0.000000       0.00000       0.00000         538536.6145    0.000000    -0.00004     0.00000    0.000000000    0.000000542    0.000000387  255.715533  89683.8078
 798.00   15.0000    0.0000   15.0000  263.9672  263.9672  0.000000       0.00000       0.00000         540840.7336    0.000000    -0.00004     0.00000    0.000000000    0.000000551    0.000000395  255.767461  89540.1573
 810.00   15.0000    0.0000   15.0000  264.1422  264.1422  0.000000       0.00000       0.00000         543571.1181    0.000000    -0.00004     0.00000    0.000000000    0.000000561    0.000000404  255.819883  89396.7662
 822.00   15.0000    0.0000   15.0000  264.3186  264.3186  0.000000       0.00000       0.00000         548507.7148    0.000000    -0.00005     0.00000    0.000000000    0.000000577    0.000000419  255.873590  89253.6344
 834.00   15.0000    0.0000   15.0000  264.4970  264.4970  0.000000       0.00000       0.00000         556229.7669    0.000000    -0.00005     0.00000    0.000000000    0.000000600    0.000000440  255.929175  89110.7622
 846.00   15.0000    0.0000   15.0000  264.6787  264.6787  0.000000       0.00000       0.00000         567468.6328    0.000000    -0.00005     0.00000    0.000000000    0.000000632    0.000000470  255.987792  88968.1505
 858.00   15.0000    0.0000   15.0000  264.8646  264.8646  0.000000       0.00000       0.00000         580884.8660    0.000000    -0.00005     0.00000    0.000000000    0.000000670    0.000000507  256.050498  88825.8007
 870.00   15.0000    0.0000   15.0000  265.0552  265.0552  0.000000       0.00000       0.00000         602468.4678    0.000000    -0.00005     0.00000    0.000000000    0.000000729    0.000000564  256.117610  88683.7148
 882.00   15.0000    0.0000   15.0000  265.2554  265.2554  0.000000       0.00000       0.00000         621231.7680    0.000000    -0.00006     0.00000    0.000000000    0.000000783    0.000000615  256.193939  88541.8957
 894.00   15.0000    0.0000   15.0000  265.4585  265.4585  0.000000       0.00000       0.00000         661348.8789    0.000000    -0.00006     0.00000    0.000000000    0.000000893    0.000000720  256.272929  88400.3464
 906.00   15.0000    0.0000   15.0000  265.6851  265.6851  0.000000       0.00000       0.00000         680084.7433    0.000000    -0.00006     0.00000    0.000000000    0.000000949    0.000000775  256.374534  88259.0730
 918.00   15.0000    0.0000   15.0000  265.9007  265.9007  0.000000       0.00000       0.00000         765465.2158    0.000000    -0.00008     0.00000    0.000000000    0.000001183    0.000001000  256.465452  88118.0784
 930.00   15.0000    0.0000   15.0000  266.1832  266.1832  0.000000       0.00000       0.00000         770172.4323    0.000000    -0.00006     0.00000    0.000000000    0.000001207    0.000001027  256.620780  87977.3765
 942.00   15.0000    0.0000   15.0000  266.4024  266.4024  0.000000       0.00000       0.00000         976801.0748    0.000000    -0.00012     0.00000    0.000000000    0.000001786    0.000001576  256.714974  87836.9675
 954.00   15.0000    0.0000   15.0000  266.8201  266.8201  0.000000       0.00000       0.00000         933550.8065    0.000000    -0.00006     0.00000    0.000000000    0.000001685    0.000001500  257.000241  87696.8859
 966.00   15.0000    0.0000   15.0000  267.0120  267.0120  0.000000       0.00000       0.00000        1432589.4222    0.000000    -0.00022     0.00000    0.000000000    0.000003146    0.000002855  257.068007  87557.1239
 978.00   15.0000    0.0000   15.0000  267.7562  267.7562  0.000000       0.00000       0.00000        1330274.7234    0.000000    -0.00004     0.00000    0.000000000    0.000002881    0.000002712  257.667218  87417.7649
 990.00   15.0000    0.0000   15.0000  267.8837  267.8837  0.000000       0.00000       0.00000        3442306.2182    0.000000    -0.00066     0.00000    0.000000000    0.000009741    0.000008704  257.672821  87278.7912
1002.00   15.0000    0.0000   15.0000  270.0130  270.0130  0.000000       0.00000       0.00000        3340207.5377    0.000000    -0.00002     0.00000    0.000000000    0.000009507    0.000009822  259.603348  87140.5551
1014.00   15.0000    0.0000   15.0000  270.0910  270.0910  0.000000       0.00000       0.00000         236005.2723    0.000000    -0.00002     0.00000    0.000000000   -0.000000242   -0.000000438  259.561231  87003.0418
1026.00   15.0000    0.0000   15.0000  270.1690  270.1690  0.000000       0.00000       0.00000         235937.1356    0.000000    -0.00002     0.00000    0.000000000   -0.000000242   -0.000000437  259.519079  86865.7233
1038.00   15.0000    0.0000   15.0000  270.2470  270.2470  0.000000       0.00000       0.00000         235869.0383    0.000000    -0.00003     0.00000    0.000000000   -0.000000242   -0.000000437  259.476894  86728.5993
1050.00   15.0000    0.0000   15.0000  270.3250  270.3250  0.000000       0.00000       0.00000         235800.9803    0.000000    -0.00003     0.00000    0.000000000   -0.000000242   -0.000000437  259.434674  86591.6694
1062.00   15.0000    0.0000   15.0000  270.4030  270.4030  0.000000       0.00000       0.00000         235732.9615    0.000000    -0.00003     0.00000    0.000000000   -0.000000242   -0.000000436  259.392422  86454.9336
1074.00   15.0000    0.0000   15.0000  270.4810  270.4810  0.000000       0.00000       0.00000         235664.9820    0.000000    -0.00003     0.00000    0.000000000   -0.000000242   -0.000000436  259.350135  86318.3914
1086.00   15.0000    0.0000   15.0000  270.5590  270.5590  0.000000       0.00000       0.00000         235597.0417    0.000000    -0.00003     0.00000    0.000000000   -0.000000242   -0.000000436  259.307814  86182.0426
1098.00   15.0000    0.0000   15.0000  270.6370  270.6370  0.000000       0.00000       0.00000         235529.1405    0.000000    -0.00003     0.00000    0.000000000   -0.000000242   -0.000000435  259.265460  86045.8870
1110.00   15.0000    0.0000   15.0000  270.7150  270.7150  0.000000       0.00000       0.00000         235461.2785    0.000000    -0.00003     0.00000    0.000000000   -0.000000242   -0.000000435  259.223072  85909.9243
1122.00   15.0000    0.0000   15.0000  270.7930  270.7930  0.000000       0.00000       0.00000         235393.4555    0.000000    -0.00003     0.00000    0.000000000   -0.000000242   -0.000000435  259.180650  85774.1542
1134.00   15.0000    0.0000   15.0000  270.8710  270.8710  0.000000       0.00000       0.00000         235325.6716    0.000000    -0.00003     0.00000    0.000000000   -0.000000242   -0.000000434  259.138195  85638.5766
1146.00   15.0000    0.0000   15.0000  270.9490  270.9490  0.000000       0.00000       0.00000         235257.9268    0.000000    -0.00003     0.00000    0.000000000   -0.000000242   -0.000000434  259.095706  85503.1910
1158.00   15.0000    0.0000   15.0000  271.0270  271.0270  0.000000       0.00000       0.00000         235190.2209    0.000000    -0.00003     0.00000    0.000000000   -0.000000242   -0.000000434  259.053183  85367.9974
1170.00   15.0000    0.0000   15.0000  271.1050  271.1050  0.000000       0.00000       0.00000         235122.5540    0.000000    -0.00003     0.00000    0.000000000   -0.000000242   -0.000000433  259.010626  85232.9953
1182.00   15.0000    0.0000   15.0000  271.1830  271.1830  0.000000       0.00000       0.00000         235054.9260    0.000000    -0.00003     0.00000    0.000000000   -0.000000242   -0.000000433  258.968036  85098.1846
1194.00   15.0000    0.0000   15.0000  271.2610  271.2610  0.000000       0.00000       0.00000         234987.3369    0.000000    -0.00003     0.00000    0.000000000   -0.000000242   -0.000000433  258.925412  84963.5650
1206.00   15.0000    0.0000   15.0000  271.3390  271.3390  0.000000       0.00000       0.00000         234919.7867    0.000000    -0.00003     0.00000    0.000000000   -0.000000242   -0.000000432  258.882754  84829.1362
1218.00   15.0000    0.0000   15.0000  271.4170  271.4170  0.000000       0.00000       0.00000         234852.2753    0.000000    -0.00003     0.00000    0.000000000   -0.000000242   -0.000000432  258.840063  84694.8981
1230.00   15.0000    0.0000   15.0000  271.4950  271.4950  0.000000       0.00000       0.00000         234784.8027    0.000000    -0.00003     0.00000    0.000000000   -0.000000242   -0.000000432  258.797338  84560.8502
1242.00   15.0000    0.0000   15.0000  271.5730  271.5730  0.000000       0.00000       0.00000         234717.3688    0.000000    -0.00003     0.00000    0.000000000   -0.000000242   -0.000000431  258.754580  84426.9924
1254.00   15.0000    0.0000   15.0000  271.6510  271.6510  0.000000       0.00000       0.00000         234649.9737    0.000000    -0.00003     0.00000    0.000000000   -0.000000242   -0.000000431  258.711787  84293.3245
1266.00   15.0000    0.0000   15.0000  271.7290  271.7290  0.000000       0.00000       0.00000         234582.6172    0.000000    -0.00003     0.00000    0.000000000   -0.000000242   -0.000000430  258.668962  84159.8461
1278.00   15.0000    0.0000   15.0000  271.8070  271.8070  0.000000       0.00000       0.00000         234515.2995    0.000000    -0.00003     0.00000    0.000000000   -0.000000242   -0.000000430  258.626102  84026.5570
1290.00   15.0000    0.0000   15.0000  271.8850  271.8850  0.000000       0.00000       0.00000         234448.0203    0.000000    -0.00003     0.00000    0.000000000   -0.000000242   -0.000000430  258.583209  83893.4569
1302.00   15.0000    0.0000   15.0000  271.9630  271.9630  0.000000       0.00000       0.00000         234380.7797    0.000000    -0.00003     0.00000    0.000000000   -0.000000242   -0.000000429  258.540283  83760.5457
1314.00   15.0000    0.0000   15.0000  272.0410  272.0410  0.000000       0.00000       0.00000         234313.5777    0.000000    -0.00003     0.00000    0.000000000   -0.000000242   -0.000000429  258.497322  83627.8230
1326.00   15.0000    0.0000   15.0000  272.1190  272.1190  0.000000       0.00000       0.00000         234246.4143    0.000000    -0.00003     0.00000    0.000000000   -0.000000242   -0.000000429  258.454329  83495.2886
1338.00   15.0000    0.0000   15.0000  272.1970  272.1970  0.000000       0.00000       0.00000         234179.2893    0.000000    -0.00003     0.00000    0.000000000   -0.000000242   -0.000000428  258.411301  83362.9422
1350.00   15.0000    0.0000   15.0000  272.2750  272.2750  0.000000       0.00000       0.00000         234112.2027    0.000000    -0.00003     0.00000    0.000000000   -0.000000242   -0.000000428  258.368240  83230.7836
1362.00   15.0000    0.0000   15.0000  272.3530  272.3530  0.000000       0.00000       0.00000         234045.1546    0.000000    -0.00003     0.00000    0.000000000   -0.000000242   -0.000000428  258.325146  83098.8125
1374.00   15.0000    0.0000   15.0000  272.4310  272.4310  0.000000       0.00000       0.00000         233978.1449    0.000000    -0.00003     0.00000    0.000000000   -0.000000242   -0.000000427  258.282018  82967.0288
1386.00   15.0000    0.0000   15.0000  272.5090  272.5090  0.000000       0.00000       0.00000         233911.1736    0.000000    -0.00003     0.00000    0.000000000   -0.000000242   -0.000000427  258.238856  82835.4320
1398.00   15.0000    0.0000   15.0000  272.5870  272.5870  0.000000       0.00000       0.00000         233844.2406    0.000000    -0.00003     0.00000    0.000000000   -0.000000242   -0.000000426  258.195661  82704.0220
1410.00   15.0000    0.0000   15.0000  272.6650  272.6650  0.000000       0.00000       0.00000         233777.3458    0.000000    -0.00003     0.00000    0.000000000   -0.000000242   -0.000000426  258.152433  82572.7986
1422.00   15.0000    0.0000   15.0000  272.7430  272.7430  0.000000       0.00000       0.00000         233710.4894    0.000000    -0.00003     0.00000    0.000000000   -0.000000242   -0.000000426  258.109171  82441.7614
1434.00   15.0000    0.0000   15.0000  272.8210  272.8210  0.000000       0.00000       0.00000         233643.6711    0.000000    -0.00003     0.00000    0.000000000   -0.000000242   -0.000000425  258.065875  82310.9103
1446.00   15.0000    0.0000   15.0000  272.8990  272.8990  0.000000       0.00000       0.00000         233576.8911    0.000000    -0.00004     0.00000    0.000000000   -0.000000242   -0.000000425  258.022546  82180.2449
1458.00   15.0000    0.0000   15.0000  272.9770  272.9770  0.000000       0.00000       0.00000         233510.1492    0.000000    -0.00004     0.00000    0.000000000   -0.000000242   -0.000000425  257.979184  82049.7650
1470.00   15.0000    0.0000   15.0000  273.0550  273.0550  0.000000       0.00000       0.00000         233443.4455    0.000000    -0.00004     0.00000    0.000000000   -0.000000242   -0.000000424  257.935788  81919.4705
1482.00   15.0000    0.0000   15.0000  273.1330  273.1330  0.000000       0.00000       0.00000         233376.7798    0.000000    -0.00004     0.00000    0.000000000   -0.000000242   -0.000000424  257.892359  81789.3609
1494.00   15.0000    0.0000   15.0000  273.2110  273.2110  0.000000       0.00000       0.00000         233310.1522    0.000000    -0.00004     0.00000    0.000000000   -0.000000242   -0.000000423  257.848896  81659.4362
1506.00   15.0000    0.0000   15.0000  273.2890  273.2890  0.000000       0.00000       0.00000         233243.5627    0.000000    -0.00004     0.00000    0.000000000   -0.000000242   -0.000000423  257.805400  81529.6959
1518.00   15.0000    0.0000   15.0000  273.3670  273.3670  0.000000       0.00000       0.00000         233177.0111    0.000000    -0.00004     0.00000    0.000000000   -0.000000242   -0.000000423  257.761870  81400.1400
1530.00   15.0000    0.0000   15.0000  273.4450  273.4450  0.000000       0.00000       0.00000         233110.4975    0.000000    -0.00004     0.00000    0.000000000   -0.000000242   -0.000000422  257.718307  81270.7681
1542.00   15.0000    0.0000   15.0000  273.5230  273.5230  0.000000       0.00000       0.00000         233044.0219    0.000000    -0.00004     0.00000    0.000000000   -0.000000242   -0.000000422  257.674710  81141.5800
1554.00   15.0000    0.0000   15.0000  273.6010  273.6010  0.000000       0.00000       0.00000         232977.5841    0.000000    -0.00004     0.00000    0.000000000   -0.000000242   -0.000000421  257.631081  81012.5754
1566.00   15.0000    0.0000   15.0000  273.6790  273.6790  0.000000       0.00000       0.00000         232911.1843    0.000000    -0.00004     0.00000    0.000000000   -0.000000242   -0.000000421  257.587417  80883.7541
1578.00   15.0000    0.0000   15.0000  273.7570  273.7570  0.000000       0.00000       0.00000         232844.8222    0.000000    -0.00004     0.00000    0.000000000   -0.000000242   -0.000000421  257.543721  80755.1159
1590.00   15.0000    0.0000   15.0000  273.8350  273.8350  0.000000       0.00000       0.00000         232778.4980    0.000000    -0.00004     0.00000    0.000000000   -0.000000242   -0.000000420  257.499991  80626.6604
1602.00   15.0000    0.0000   15.0000  273.9130  273.9130  0.000000       0.00000       0.00000         232712.2115    0.000000    -0.00004     0.00000    0.000000000   -0.000000242   -0.000000420  257.456227  80498.3875
1614.00   15.0000    0.0000   15.0000  273.9910  273.9910  0.000000       0.00000       0.00000         232645.9628    0.000000    -0.00004     0.00000    0.000000000   -0.000000242   -0.000000419  257.412431  80370.2970
1626.00   15.0000    0.0000   15.0000  274.0690  274.0690  0.000000       0.00000       0.00000         232579.7518    0.000000    -0.00004     0.00000    0.000000000   -0.000000242   -0.000000419  257.368601  80242.3885
1638.00   15.0000    0.0000   15.0000  274.1470  274.1470  0.000000       0.00000       0.00000         232513.5785    0.000000    -0.00004     0.00000    0.000000000   -0.000000242   -0.000000419  257.324737  80114.6618
1650.00   15.0000    0.0000   15.0000  274.2250  274.2250  0.000000       0.00000       0.00000         232447.4428    0.000000    -0.00004     0.00000    0.000000000   -0.000000242   -0.000000418  257.280841  79987.1167
1662.00   15.0000    0.0000   15.0000  274.3030  274.3030  0.000000       0.00000       0.00000         232381.3447    0.000000    -0.00004     0.00000    0.000000000   -0.000000242   -0.000000418  257.236911  79859.7530
1674.00   15.0000    0.0000   15.0000  274.3810  274.3810  0.000000       0.00000       0.00000         232315.2842    0.000000    -0.00004     0.00000    0.000000000   -0.000000242   -0.000000417  257.192948  79732.5703
1686.00   15.0000    0.0000   15.0000  274.4590  274.4590  0.000000       0.00000       0.00000         232249.2613    0.000000    -0.00004     0.00000    0.000000000   -0.000000242   -0.000000417  257.148951  79605.5685
1698.00   15.0000    0.0000   15.0000  274.5370  274.5370  0.000000       0.00000       0.00000         232183.2758    0.000000    -0.00004     0.00000    0.000000000   -0.000000242   -0.000000417  257.104921  79478.7473
1710.00   15.0000    0.0000   15.0000  274.6150  274.6150  0.000000       0.00000       0.00000         232117.3279    0.000000    -0.00004     0.00000    0.000000000   -0.000000242   -0.000000416  257.060858  79352.1065
1722.00   15.0000    0.0000   15.0000  274.6930  274.6930  0.000000       0.00000       0.00000         232051.4174    0.000000    -0.00004     0.00000    0.000000000   -0.000000242   -0.000000416  257.016762  79225.6458
1734.00   15.0000    0.0000   15.0000  274.7710  274.7710  0.000000       0.00000       0.00000         231985.5443    0.000000    -0.00004     0.00000    0.000000000   -0.000000241   -0.000000415  256.972632  79099.3649
1746.00   15.0000    0.0000   15.0000  274.8490  274.8490  0.000000       0.00000       0.00000         231919.7086    0.000000    -0.00004     0.00000    0.000000000   -0.000000241   -0.000000415  256.928469  78973.2637
1758.00   15.0000    0.0000   15.0000  274.9270  274.9270  0.000000       0.00000       0.00000         231853.9103    0.000000    -0.00004     0.00000    0.000000000   -0.000000241   -0.000000414  256.884273  78847.3419
1770.00   15.0000    0.0000   15.0000  275.0050  275.0050  0.000000       0.00000       0.00000         231788.1493    0.000000    -0.00004     0.00000    0.000000000   -0.000000241   -0.000000414  256.840044  78721.5993
1782.00   15.0000    0.0000   15.0000  275.0830  275.0830  0.000000       0.00000       0.00000         231722.4256    0.000000    -0.00004     0.00000    0.000000000   -0.000000241   -0.000000414  256.795782  78596.0356
1794.00   15.0000    0.0000   15.0000  275.1610  275.1610  0.000000       0.00000       0.00000         231656.7391    0.000000    -0.00004     0.00000    0.000000000   -0.000000241   -0.000000413  256.751486  78470.6505
1806.00   15.0000    0.0000   15.0000  275.2390  275.2390  0.000000       0.00000       0.00000         231591.0899    0.000000    -0.00004     0.00000    0.000000000   -0.000000241   -0.000000413  256.707157  78345.4439
1818.00   15.0000    0.0000   15.0000  275.3170  275.3170  0.000000       0.00000       0.00000         231525.4779    0.000000    -0.00004     0.00000    0.000000000   -0.000000241   -0.000000412  256.662795  78220.4155
1830.00   15.0000    0.0000   15.0000  275.3950  275.3950  0.000000       0.00000       0.00000         231459.9030    0.000000    -0.00004     0.00000    0.000000000   -0.000000241   -0.000000412  256.618400  78095.5651
1842.00   15.0000    0.0000   15.0000  275.4730  275.4730  0.000000       0.00000       0.00000         231394.3653    0.000000    -0.00004     0.00000    0.000000000   -0.000000241   -0.000000411  256.573971  77970.8924
1854.00   15.0000    0.0000   15.0000  275.5510  275.5510  0.000000       0.00000       0.00000         231328.8647    0.000000    -0.00005     0.00000    0.000000000   -0.000000241   -0.000000411  256.529510  77846.3971
1866.00   15.0000    0.0000   15.0000  275.6290  275.6290  0.000000       0.00000       0.00000         231263.4012    0.000000    -0.00005     0.00000    0.000000000   -0.000000241   -0.000000411  256.485015  77722.0791
1878.00   15.0000    0.0000   15.0000  275.7070  275.7070  0.000000       0.00000       0.00000         231197.9747    0.000000    -0.00005     0.00000    0.000000000   -0.000000241   -0.000000410  256.440487  77597.9381
1890.00   15.0000    0.0000   15.0000  275.7850  275.7850  0.000000       0.00000       0.00000         231132.5852    0.000000    -0.00005     0.00000    0.000000000   -0.000000241   -0.000000410  256.395926  77473.9739
1902.00   15.0000    0.0000   15.0000  275.8630  275.8630  0.000000       0.00000       0.00000         231067.2326    0.000000    -0.00005     0.00000    0.000000000   -0.000000241   -0.000000409  256.351332  77350.1862
1914.00   15.0000    0.0000   15.0000  275.9410  275.9410  0.000000       0.00000       0.00000         231001.9171    0.000000    -0.00005     0.00000    0.000000000   -0.000000241   -0.000000409  256.306705  77226.5748
1926.00   15.0000    0.0000   15.0000  276.0190  276.0190  0.000000       0.00000       0.00000         230936.6384    0.000000    -0.00005     0.00000    0.000000000   -0.000000240   -0.000000408  256.262045  77103.1395
1938.00   15.0000    0.0000   15.0000  276.0970  276.0970  0.000000       0.00000       0.00000         230871.3966    0.000000    -0.00005     0.00000    0.000000000   -0.000000240   -0.000000408  256.217351  76979.8800
1950.00   15.0000    0.0000   15.0000  276.1750  276.1750  0.000000       0.00000       0.00000         230806.1917    0.000000    -0.00005     0.00000    0.000000000   -0.000000240   -0.000000407  256.172625  76856.7960
1962.00   15.0000    0.0000   15.0000  276.2530  276.2530  0.000000       0.00000       0.00000         230741.0236    0.000000    -0.00005     0.00000    0.000000000   -0.000000240   -0.000000407  256.127865  76733.8875
1974.00   15.0000    0.0000   15.0000  276.3310  276.3310  0.000000       0.00000       0.00000         230675.8923    0.000000    -0.00005     0.00000    0.000000000   -0.000000240   -0.000000407  256.083073  76611.1540
1986.00   15.0000    0.0000   15.0000  276.4090  276.4090  0.000000       0.00000       0.00000         230610.7978    0.000000    -0.00005     0.00000    0.000000000   -0.000000240   -0.000000406  256.038247  76488.5954
1998.00   15.0000    0.0000   15.0000  276.4870  276.4870  0.000000       0.00000       0.00000         230545.7399    0.000000    -0.00005     0.00000    0.000000000   -0.000000240   -0.000000406  255.993388  76366.2115
2010.00   15.0000    0.0000   15.0000  276.5650  276.5650  0.000000       0.00000       0.00000         230480.7188    0.000000    -0.00005     0.00000    0.000000000   -0.000000240   -0.000000405  255.948497  76244.0020
2022.00   15.0000    0.0000   15.0000  276.6430  276.6430  0.000000       0.00000       0.00000         230415.7344    0.000000    -0.00005     0.00000    0.000000000   -0.000000240   -0.000000405  255.903572  76121.9667
2034.00   15.0000    0.0000   15.0000  276.7210  276.7210  0.000000       0.00000       0.00000         230350.7865    0.000000    -0.00005     0.00000    0.000000000   -0.000000240   -0.000000404  255.858614  76000.1053
2046.00   15.0000    0.0000   15.0000  276.7990  276.7990  0.000000       0.00000       0.00000         230285.8753    0.000000    -0.00005     0.00000    0.000000000   -0.000000240   -0.000000404  255.813623  75878.4176
2058.00   15.0000    0.0000   15.0000  276.8770  276.8770  0.000000       0.00000       0.00000         230221.0007    0.000000    -0.00005     0.00000    0.000000000   -0.000000240   -0.000000403  255.768600  75756.9034
2070.00   15.0000    0.0000   15.0000  276.9550  276.9550  0.000000       0.00000       0.00000         230156.1626    0.000000    -0.00005     0.00000    0.000000000   -0.000000239   -0.000000403  255.723543  75635.5625
2082.00   15.0000    0.0000   15.0000  277.0330  277.0330  0.000000       0.00000       0.00000         230091.3610    0.000000    -0.00005     0.00000    0.000000000   -0.000000239   -0.000000403  255.678453  75514.3946
2094.00   15.0000    0.0000   15.0000  277.1110  277.1110  0.000000       0.00000       0.00000         230026.5958    0.000000    -0.00005     0.00000    0.000000000   -0.000000239   -0.000000402  255.633330  75393.3994
2106.00   15.0000    0.0000   15.0000  277.1890  277.1890  0.000000       0.00000       0.00000         229961.8672    0.000000    -0.00005     0.00000    0.000000000   -0.000000239   -0.000000402  255.588175  75272.5768
2118.00   15.0000    0.0000   15.0000  277.2670  277.2670  0.000000       0.00000       0.00000         229897.1749    0.000000    -0.00005     0.00000    0.000000000   -0.000000239   -0.000000401  255.542986  75151.9265
2130.00   15.0000    0.0000   15.0000  277.3450  277.3450  0.000000       0.00000       0.00000         229832.5191    0.000000    -0.00005     0.00000    0.000000000   -0.000000239   -0.000000401  255.497765  75031.4484
2142.00   15.0000    0.0000   15.0000  277.4230  277.4230  0.000000       0.00000       0.00000         229767.8996    0.000000    -0.00005     0.00000    0.000000000   -0.000000239   -0.000000400  255.452510  74911.1420
2154.00   15.0000    0.0000   15.0000  277.5010  277.5010  0.000000       0.00000       0.00000         229703.3164    0.000000    -0.00005     0.00000    0.000000000   -0.000000239   -0.000000400  255.407223  74791.0074
2166.00   15.0000    0.0000   15.0000  277.5790  277.5790  0.000000       0.00000       0.00000         229638.7695    0.000000    -0.00005     0.00000    0.000000000   -0.000000239   -0.000000399  255.361902  74671.0441
2178.00   15.0000    0.0000   15.0000  277.6570  277.6570  0.000000       0.00000       0.00000         229574.2589    0.000000    -0.00005     0.00000    0.000000000   -0.000000239   -0.000000399  255.316549  74551.2519
2190.00   15.0000    0.0000   15.0000  277.7350  277.7350  0.000000       0.00000       0.00000         229509.7845    0.000000    -0.00005     0.00000    0.000000000   -0.000000238   -0.000000398  255.271163  74431.6308
2202.00   15.0000    0.0000   15.0000  277.8130  277.8130  0.000000       0.00000       0.00000         229445.3463    0.000000    -0.00005     0.00000    0.000000000   -0.000000238   -0.000000398  255.225744  74312.1803
2214.00   15.0000    0.0000   15.0000  277.8910  277.8910  0.000000       0.00000       0.00000         229380.9443    0.000000    -0.00005     0.00000    0.000000000   -0.000000238   -0.000000397  255.180292  74192.9003
2226.00   15.0000    0.0000   15.0000  277.9690  277.9690  0.000000       0.00000       0.00000         229316.5785    0.000000    -0.00005     0.00000    0.000000000   -0.000000238   -0.000000397  255.134808  74073.7906
2238.00   15.0000    0.0000   15.0000  278.0470  278.0470  0.000000       0.00000       0.00000         229252.2487    0.000000    -0.00005     0.00000    0.000000000   -0.000000238   -0.000000396  255.089290  73954.8509
2250.00   15.0000    0.0000   15.0000  278.1250  278.1250  0.000000       0.00000       0.00000         229187.9551    0.000000    -0.00005     0.00000    0.000000000   -0.000000238   -0.000000396  255.043740  73836.0810
2262.00   15.0000    0.0000   15.0000  278.2030  278.2030  0.000000       0.00000       0.00000         229123.6974    0.000000    -0.00006     0.00000    0.000000000   -0.000000238   -0.000000395  254.998156  73717.4806
2274.00   15.0000    0.0000   15.0000  278.2810  278.2810  0.000000       0.00000       0.00000         229059.4759    0.000000    -0.00006     0.00000    0.000000000   -0.000000238   -0.000000395  254.952540  73599.0496
2286.00   15.0000    0.0000   15.0000  278.3590  278.3590  0.000000       0.00000       0.00000         228995.2903    0.000000    -0.00006     0.00000    0.000000000   -0.000000238   -0.000000395  254.906891  73480.7878
2298.00   15.0000    0.0000   15.0000  278.4370  278.4370  0.000000       0.00000       0.00000         228931.1406    0.000000    -0.00006     0.00000    0.000000000   -0.000000237   -0.000000394  254.861209  73362.6948
2310.00   15.0000    0.0000   15.0000  278.5150  278.5150  0.000000       0.00000       0.00000         228867.0269    0.000000    -0.00006     0.00000    0.000000000   -0.000000237   -0.000000394  254.815495  73244.7705
2322.00   15.0000    0.0000   15.0000  278.5930  278.5930  0.000000       0.00000       0.00000         228802.9491    0.000000    -0.00006     0.00000    0.000000000   -0.000000237   -0.000000393  254.769748  73127.0146
2334.00   15.0000    0.0000   15.0000  278.6710  278.6710  0.000000       0.00000       0.00000         228738.9072    0.000000    -0.00006     0.00000    0.000000000   -0.000000237   -0.000000393  254.723967  73009.4269
2346.00   15.0000    0.0000   15.0000  278.7490  278.7490  0.000000       0.00000       0.00000         228674.9011    0.000000    -0.00006     0.00000    0.000000000   -0.000000237   -0.000000392  254.678155  72892.0072
2358.00   15.0000    0.0000   15.0000  278.8270  278.8270  0.000000       0.00000       0.00000         228610.9308    0.000000    -0.00006     0.00000    0.000000000   -0.000000237   -0.000000392  254.632309  72774.7553
2370.00   15.0000    0.0000   15.0000  278.9050  278.9050  0.000000       0.00000       0.00000         228546.9963    0.000000    -0.00006     0.00000    0.000000000   -0.000000237   -0.000000391  254.586430  72657.6710
2382.00   15.0000    0.0000   15.0000  278.9830  278.9830  0.000000       0.00000       0.00000              0.0000    0.000000    -0.00006     0.00000    0.000000000    0.000000000    0.000000000  254.540519  72540.7539
2394.00   15.0000    0.0000   15.0000  279.0610  279.0610  0.000000       0.00000       0.00000              0.0000    0.000000     0.00000     0.00000    0.000000000    0.000000000    0.000000000  254.494575  72424.0039
