   0.00    0.0000    0.0000    0.0000  241.7007  241.7007  0.000000       0.00000       0.00000              0.0000    0.000000     0.00000     0.00000    0.000000000    0.000000000    0.000000000    0.000000      0.0000
   6.00    7.6970    3.5634    8.4819  243.3052  243.3052  0.000000       0.71200       0.71200              0.0000    0.000000     0.00000     0.00000   -0.000011665    0.000000000    0.000000000  243.217407  99873.7417
  18.00    8.7423    3.9649    9.5994  243.4284  243.4284  0.000000       2.15455       2.15455              0.0597    0.000000    -0.00000     0.00000   -0.000024546    0.000000000    0.000000000  243.194182  99663.4804
  30.00    9.4168    4.1771   10.3017  243.5109  243.5109  0.000000       2.04393       2.04393              0.0860    0.000000    -0.00000     0.00000   -0.000029394   -0.000000047   -0.000000088  243.159450  99495.6038
  42.00   10.0392    4.3312   10.9337  243.5899  243.5899  0.000000       2.22715       2.22715              0.1010    0.000000    -0.00000     0.00000   -0.000031809   -0.000000057   -0.000000098  243.121295  99327.9849
  54.00   10.6019    4.4336   11.4916  243.6646  243.6646  0.000000       2.17645       2.17645              0.1169    0.000000    -0.00000     0.00000   -0.000033653   -0.000000063   -0.000000104  243.078652  99160.6207
  66.00   11.1362    4.4959   12.0095  243.7389  243.7389  0.000000       2.11337       2.11337              0.1309    0.000000    -0.00000     0.00000   -0.000035239   -0.000000063   -0.000000103  243.035692  98993.5090
  78.00   11.6480    4.5216   12.4948  243.8140  243.8140  0.000000       1.99745       1.99745              0.1448    0.000000    -0.00000     0.00000   -0.000036715   -0.000000059   -0.000000099  242.993461  98826.6498
  90.00   12.1437    4.5127   12.9550  243.8912  243.8912  0.000000       1.86251       1.86251              0.1586    0.000000    -0.00000     0.00000   -0.000038206   -0.000000052   -0.000000093  242.953328  98660.0436
 102.00   12.6258    4.4695   13.3935  243.9716  243.9716  0.000000       1.71126       1.71126              0.1726    0.000000    -0.00000     0.00000   -0.000039719   -0.000000043   -0.000000084  242.916252  98493.6918
 114.00   13.0957    4.3917   13.8124  244.0560  244.0560  0.000000       1.55261       1.55261              0.1872    0.000000    -0.00000     0.00000   -0.000041333   -0.000000032   -0.000000073  242.883242  98327.5966
 126.00   13.5533    4.2785   14.2126  244.1457  244.1457  0.000000       1.39071       1.39071              0.2026    0.000000    -0.00000     0.00000   -0.000043099   -0.000000018   -0.000000059  242.855320  98161.7607
 138.00   13.9977    4.1284   14.5938  244.2416  244.2416  0.000000       1.22951       1.22951              0.2190    0.000000    -0.00000     0.00000   -0.000045110   -0.000000001   -0.000000043  242.833635  97996.1876
 150.00   14.4268    3.9396   14.9550  244.3452  244.3452  0.000000       1.07174       1.07174              0.2369    0.000000    -0.00001     0.00000   -0.000047449    0.000000020   -0.000000023  242.819510  97830.8816
 162.00   14.8374    3.7103   15.2943  244.4580  244.4580  0.000000       0.91956       0.91956              0.2567    0.000000    -0.00001     0.00000   -0.000050377    0.000000046    0.000000001  242.814539  97665.8480
 174.00   15.2252    3.4385   15.6086  244.5821  244.5821  0.000000       0.77491       0.77491              0.2788    0.000000    -0.00001     0.00000   -0.000053861    0.000000077    0.000000031  242.820642  97501.0932
 186.00   15.5842    3.1221   15.8939  244.7199  244.7199  0.000000       0.63819       0.63819              0.3041    0.000000    -0.00001     0.00000   -0.000058317    0.000000115    0.000000068  242.840309  97336.6249
 198.00   15.9064    2.7598   16.1440  244.8745  244.8745  0.000000       0.51240       0.51240              0.3336    0.000000    -0.00001     0.00000   -0.000064042    0.000000163    0.000000114  242.876617  97172.4531
 210.00   16.1818    2.3501   16.3516  245.0506  245.0506  0.000000       0.39292       0.39292              0.3698    0.000000    -0.00001     0.00000   -0.000071734    0.000000224    0.000000172  242.934189  97008.5897
 222.00   16.3948    1.8969   16.5042  245.2530  245.2530  0.000000       0.29288       0.29288              0.4131    0.000000    -0.00002     0.00000   -0.000082296    0.000000310    0.000000254  243.017702  96845.0502
 234.00   16.5285    1.3946   16.5873  245.4953  245.4953  0.000000       0.18227       0.18227              0.4814    0.000000    -0.00002     0.00000   -0.000098056    0.000000408    0.000000347  243.140597  96681.8555
 246.00   16.5460    0.8929   16.5700  245.7706  245.7706  0.000000       0.13324       0.13324              0.5396    0.000000    -0.00002     0.00000   -0.000132000    0.000000571    0.000000502  243.296142  96519.0291
 258.00   16.3611    0.3448   16.3647  246.1321  246.1321  0.000000       0.00184       0.00184              1.9796    0.000000     0.00000     0.00000   -0.000126876    0.000010674    0.000007962  243.536834  96356.6090
 270.00   15.0325   -0.0153   15.0325  252.2202  252.2202  0.000000       0.00018       0.00018              3.4180    0.000000    -0.00009     0.00000   -0.000041994    0.000012673    0.000014741  249.442196  96196.4576
 282.00   15.0000   -0.0000   15.0000  253.3528  253.3528  0.000000       0.00000       0.00000           1636.1328    0.000000    -0.00010     0.00000   -0.000000700    0.000004902    0.000004666  250.444876  96038.8033
 294.00   15.0000   -0.0000   15.0000  254.4919  254.4919  0.000000       0.00000       0.00000        3079352.3702    0.000000    -0.00007     0.00000    0.000000000    0.000004369    0.000004208  251.453525  95882.0377
 306.00   15.0000   -0.0000   15.0000  255.2796  255.2796  0.000000       0.00000       0.00000        2294087.8115    0.000000    -0.00006     0.00000    0.000000000    0.000003317    0.000003144  252.114632  95726.0469
 318.00   15.0000   -0.0000   15.0000  255.9251  255.9251  0.000000       0.00000       0.00000        1925772.6038    0.000000    -0.00006     0.00000    0.000000000    0.000002828    0.000002658  252.634841  95570.6743
 330.00   15.0000   -0.0000   15.0000  256.4858  256.4858  0.000000       0.00000       0.00000        1676744.1620    0.000000    -0.00005     0.00000    0.000000000    0.000002484    0.000002317  253.071133  95415.8470
 342.00   15.0000   -0.0000   15.0000  256.9776  256.9776  0.000000       0.00000       0.00000        1492191.5329    0.000000    -0.00005     0.00000    0.000000000    0.000002218    0.000002054  253.439159  95261.5159
 354.00   15.0000    0.0000   15.0000  257.4243  257.4243  0.000000       0.00000       0.00000        1352413.2229    0.000000    -0.00004     0.00000    0.000000000    0.000002011    0.000001849  253.762487  95107.6443
 366.00   15.0000    0.0000   15.0000  257.8296  257.8296  0.000000       0.00000       0.00000        1244854.8586    0.000000    -0.00004     0.00000    0.000000000    0.000001849    0.000001687  254.044885  94954.2044
 378.00   15.0000    0.0000   15.0000  258.2098  258.2098  0.000000       0.00000       0.00000        1152886.3089    0.000000    -0.00004     0.00000    0.000000000    0.000001704    0.000001544  254.302271  94801.1746
 390.00   15.0000    0.0000   15.0000  258.5582  258.5582  0.000000       0.00000       0.00000        1082261.6383    0.000000    -0.00004     0.00000    0.000000000    0.000001593    0.000001432  254.528217  94648.5364
 402.00   15.0000    0.0000   15.0000  258.8946  258.8946  0.000000       0.00000       0.00000        1018111.1256    0.000000    -0.00004     0.00000    0.000000000    0.000001488    0.000001328  254.742243  94496.2755
 414.00   15.0000    0.0000   15.0000  259.2033  259.2033  0.000000       0.00000       0.00000         961818.1091    0.000000    -0.00004     0.00000    0.000000000    0.000001393    0.000001233  254.928766  94344.3790
 426.00   15.0000    0.0000   15.0000  259.5048  259.5048  0.000000       0.00000       0.00000         915074.1873    0.000000    -0.00004     0.00000    0.000000000    0.000001313    0.000001154  255.108131  94192.8354
 438.00   15.0000    0.0000   15.0000  259.7844  259.7844  0.000000       0.00000       0.00000         869152.2721    0.000000    -0.00004     0.00000    0.000000000    0.000001231    0.000001072  255.265895  94041.6350
 450.00   15.0000    0.0000   15.0000  260.0573  260.0573  0.000000       0.00000       0.00000         834527.2140    0.000000    -0.00004     0.00000    0.000000000    0.000001170    0.000001011  255.416922  93890.7685
 462.00   15.0000    0.0000   15.0000  260.3155  260.3155  0.000000       0.00000       0.00000         798962.4765    0.000000    -0.00004     0.00000    0.000000000    0.000001105    0.000000945  255.553365  93740.2288
 474.00   15.0000    0.0000   15.0000  260.5663  260.5663  0.000000       0.00000       0.00000         770937.8431    0.000000    -0.00004     0.00000    0.000000000    0.000001054    0.000000894  255.682426  93590.0084
 486.00   15.0000    0.0000   15.0000  260.8072  260.8072  0.000000       0.00000       0.00000         743784.6531    0.000000    -0.00004     0.00000    0.000000000    0.000001003    0.000000842  255.801586  93440.1015
 498.00   15.0000    0.0000   15.0000  261.0411  261.0411  0.000000       0.00000       0.00000         720626.9226    0.000000    -0.00004     0.00000    0.000000000    0.000000959    0.000000798  255.913873  93290.5024
 510.00   15.0000    0.0000   15.0000  261.2675  261.2675  0.000000       0.00000       0.00000         698346.9251    0.000000    -0.00003     0.00000    0.000000000    0.000000916    0.000000755  256.018734  93141.2060
 522.00   15.0000    0.0000   15.0000  261.4876  261.4876  0.000000       0.00000       0.00000         675985.6815    0.000000    -0.00003     0.00000    0.000000000    0.000000872    0.000000710  256.117245  92992.2077
 534.00   15.0000    0.0000   15.0000  261.7001  261.7001  0.000000       0.00000       0.00000         655391.6668    0.000000    -0.00003     0.00000    0.000000000    0.000000830    0.000000668  256.208258  92843.5028
 546.00   15.0000    0.0000   15.0000  261.9074  261.9074  0.000000       0.00000       0.00000         636020.8973    0.000000    -0.00003     0.00000    0.000000000    0.000000790    0.000000628  256.294006  92695.0868
 558.00   15.0000    0.0000   15.0000  262.1078  262.1078  0.000000       0.00000       0.00000         618866.2666    0.000000    -0.00003     0.00000    0.000000000    0.000000754    0.000000592  256.373008  92546.9557
 570.00   15.0000    0.0000   15.0000  262.3044  262.3044  0.000000       0.00000       0.00000         601446.6380    0.000000    -0.00003     0.00000    0.000000000    0.000000717    0.000000554  256.448115  92399.1057
 582.00   15.0000    0.0000   15.0000  262.4939  262.4939  0.000000       0.00000       0.00000         585526.8837    0.000000    -0.00003     0.00000    0.000000000    0.000000682    0.000000519  256.516298  92251.5331
 594.00   15.0000    0.0000   15.0000  262.6805  262.6805  0.000000       0.00000       0.00000         570568.6140    0.000000    -0.00003     0.00000    0.000000000    0.000000650    0.000000486  256.581510  92104.2345
 606.00   15.0000    0.0000   15.0000  262.8607  262.8607  0.000000       0.00000       0.00000         555421.9085    0.000000    -0.00003     0.00000    0.000000000    0.000000616    0.000000452  256.640394  91957.2066
 618.00   15.0000    0.0000   15.0000  263.0378  263.0378  0.000000       0.00000       0.00000         542737.7996    0.000000    -0.00003     0.00000    0.000000000    0.000000587    0.000000424  256.696175  91810.4461
 630.00   15.0000    0.0000   15.0000  263.2101  263.2101  0.000000       0.00000       0.00000         529458.3057    0.000000    -0.00003     0.00000    0.000000000    0.000000557    0.000000393  256.747167  91663.9503
 642.00   15.0000    0.0000   15.0000  263.3789  263.3789  0.000000       0.00000       0.00000         517935.4984    0.000000    -0.00003     0.00000    0.000000000    0.000000530    0.000000366  256.794671  91517.7164
 654.00   15.0000    0.0000   15.0000  263.5439  263.5439  0.000000       0.00000       0.00000         506848.1421    0.000000    -0.00003     0.00000    0.000000000    0.000000504    0.000000340  256.838483  91371.7416
 666.00   15.0000    0.0000   15.0000  263.7058  263.7058  0.000000       0.00000       0.00000         497180.0783    0.000000    -0.00003     0.00000    0.000000000    0.000000482    0.000000317  256.879073  91226.0236
 678.00   15.0000    0.0000   15.0000  263.8648  263.8648  0.000000       0.00000       0.00000         488470.6489    0.000000    -0.00003     0.00000    0.000000000    0.000000461    0.000000297  256.916857  91080.5602
 690.00   15.0000    0.0000   15.0000  264.0212  264.0212  0.000000       0.00000       0.00000         480691.2606    0.000000    -0.00003     0.00000    0.000000000    0.000000443    0.000000278  256.952018  90935.3493
 702.00   15.0000    0.0000   15.0000  264.1754  264.1754  0.000000       0.00000       0.00000         473810.7062    0.000000    -0.00003     0.00000    0.000000000    0.000000427    0.000000262  256.984952  90790.3891
 714.00   15.0000    0.0000   15.0000  264.3276  264.3276  0.000000       0.00000       0.00000         467394.7794    0.000000    -0.00003     0.00000    0.000000000    0.000000412    0.000000246  257.015823  90645.6780
 726.00   15.0000    0.0000   15.0000  264.4778  264.4778  0.000000       0.00000       0.00000         461318.1946    0.000000    -0.00003     0.00000    0.000000000    0.000000397    0.000000232  257.044757  90501.2143
 738.00   15.0000    0.0000   15.0000  264.6261  264.6261  0.000000       0.00000       0.00000         455906.1230    0.000000    -0.00003     0.00000    0.000000000    0.000000385    0.000000218  257.071839  90356.9965
 750.00   15.0000    0.0000   15.0000  264.7730  264.7730  0.000000       0.00000       0.00000         451414.8757    0.000000    -0.00003     0.00000    0.000000000    0.000000374    0.000000207  257.097399  90213.0233
 762.00   15.0000    0.0000   15.0000  264.9187  264.9187  0.000000       0.00000       0.00000         448166.7524    0.000000    -0.00003     0.00000    0.000000000    0.000000367    0.000000200  257.121683  90069.2935
 774.00   15.0000    0.0000   15.0000  265.0636  265.0636  0.000000       0.00000       0.00000         445551.5674    0.000000    -0.00003     0.00000    0.000000000    0.000000361    0.000000194  257.145226  89925.8059
 786.00   15.0000    0.0000   15.0000  265.2077  265.2077  0.000000       0.00000       0.00000         444047.3593    0.000000    -0.00004     0.00000    0.000000000    0.000000358    0.000000190  257.167890  89782.5598
 798.00   15.0000    0.0000   15.0000  265.3518  265.3518  0.000000       0.00000       0.00000         443518.8397    0.000000    -0.00004     0.00000    0.000000000    0.000000358    0.000000190  257.190511  89639.5545
 810.00   15.0000    0.0000   15.0000  265.4957  265.4957  0.000000       0.00000       0.00000         444484.8454    0.000000    -0.00004     0.00000    0.000000000    0.000000362    0.000000193  257.212867  89496.7894
 822.00   15.0000    0.0000   15.0000  265.6406  265.6406  0.000000       0.00000       0.00000         446407.3731    0.000000    -0.00004     0.00000    0.000000000    0.000000369    0.000000199  257.236120  89354.2643
 834.00   15.0000    0.0000   15.0000  265.7859  265.7859  0.000000       0.00000       0.00000         449265.6971    0.000000    -0.00004     0.00000    0.000000000    0.000000378    0.000000207  257.259712  89211.9791
 846.00   15.0000    0.0000   15.0000  265.9328  265.9328  0.000000       0.00000       0.00000         454439.3357    0.000000    -0.00004     0.00000    0.000000000    0.000000394    0.000000222  257.284789  89069.9340
 858.00   15.0000    0.0000   15.0000  266.0817  266.0817  0.000000       0.00000       0.00000         461944.3352    0.000000    -0.00004     0.00000    0.000000000    0.000000416    0.000000243  257.311667  88928.1293
 870.00   15.0000    0.0000   15.0000  266.2337  266.2337  0.000000       0.00000       0.00000         473240.9352    0.000000    -0.00004     0.00000    0.000000000    0.000000449    0.000000275  257.341500  88786.5659
 882.00   15.0000    0.0000   15.0000  266.3900  266.3900  0.000000       0.00000       0.00000         486371.1594    0.000000    -0.00004     0.00000    0.000000000    0.000000488    0.000000312  257.375525  88645.2455
 894.00   15.0000    0.0000   15.0000  266.5507  266.5507  0.000000       0.00000       0.00000         507309.9573    0.000000    -0.00005     0.00000    0.000000000    0.000000549    0.000000371  257.413668  88504.1697
 906.00   15.0000    0.0000   15.0000  266.7210  266.7210  0.000000       0.00000       0.00000         526362.9735    0.000000    -0.00005     0.00000    0.000000000    0.000000605    0.000000426  257.460929  88363.3418
 918.00   15.0000    0.0000   15.0000  266.8943  266.8943  0.000000       0.00000       0.00000         572903.3146    0.000000    -0.00006     0.00000    0.000000000    0.000000741    0.000000557  257.511138  88222.7645
 930.00   15.0000    0.0000   15.0000  267.0952  267.0952  0.000000       0.00000       0.00000         590650.5034    0.000000    -0.00005     0.00000    0.000000000    0.000000797    0.000000611  257.587788  88082.4455
 942.00   15.0000    0.0000   15.0000  267.2804  267.2804  0.000000       0.00000       0.00000         718054.9232    0.000000    -0.00008     0.00000    0.000000000    0.000001172    0.000000973  257.649301  87942.3871
 954.00   15.0000    0.0000   15.0000  267.5649  267.5649  0.000000       0.00000       0.00000         706233.9771    0.000000    -0.00005     0.00000    0.000000000    0.000001146    0.000000954  257.806351  87802.6107
 966.00   15.0000    0.0000   15.0000  267.7429  267.7429  0.000000       0.00000       0.00000        1069284.0632    0.000000    -0.00016     0.00000    0.000000000    0.000002247    0.000002000  257.860726  87663.1137
 978.00   15.0000    0.0000   15.0000  268.2655  268.2655  0.000000       0.00000       0.00000         991771.9555    0.000000    -0.00004     0.00000    0.000000000    0.000002030    0.000001838  258.246881  87523.9569
 990.00   15.0000    0.0000   15.0000  268.3940  268.3940  0.000000       0.00000       0.00000        2660359.3863    0.000000    -0.00050     0.00000    0.000000000    0.000007499    0.000006788  258.253440  87385.1267
1002.00   15.0000    0.0000   15.0000  270.0130  270.0130  0.000000       0.00000       0.00000        2568018.8501    0.000000    -0.00002     0.00000    0.000000000    0.000007255    0.000007312  259.693800  87246.9023
1014.00   15.0000    0.0000   15.0000  270.0910  270.0910  0.000000       0.00000       0.00000         236005.2723    0.000000    -0.00002     0.00000    0.000000000   -0.000000243   -0.000000440  259.651709  87109.2691
1026.00   15.0000    0.0000   15.0000  270.1690  270.1690  0.000000       0.00000       0.00000         235937.1356    0.000000    -0.00002     0.00000    0.000000000   -0.000000243   -0.000000440  259.609583  86971.8309
1038.00   15.0000    0.0000   15.0000  270.2470  270.2470  0.000000       0.00000       0.00000         235869.0383    0.000000    -0.00003     0.00000    0.000000000   -0.000000243   -0.000000439  259.567424  86834.5872
1050.00   15.0000    0.0000   15.0000  270.3250  270.3250  0.000000       0.00000       0.00000         235800.9803    0.000000    -0.00003     0.00000    0.000000000   -0.000000243   -0.000000439  259.525231  86697.5378
1062.00   15.0000    0.0000   15.0000  270.4030  270.4030  0.000000       0.00000       0.00000         235732.9615    0.000000    -0.00003     0.00000    0.000000000   -0.000000243   -0.000000439  259.483004  86560.6825
1074.00   15.0000    0.0000   15.0000  270.4810  270.4810  0.000000       0.00000       0.00000         235664.9820    0.000000    -0.00003     0.00000    0.000000000   -0.000000243   -0.000000438  259.440744  86424.0209
1086.00   15.0000    0.0000   15.0000  270.5590  270.5590  0.000000       0.00000       0.00000         235597.0417    0.000000    -0.00003     0.00000    0.000000000   -0.000000243   -0.000000438  259.398449  86287.5530
1098.00   15.0000    0.0000   15.0000  270.6370  270.6370  0.000000       0.00000       0.00000         235529.1405    0.000000    -0.00003     0.00000    0.000000000   -0.000000243   -0.000000438  259.356121  86151.2783
1110.00   15.0000    0.0000   15.0000  270.7150  270.7150  0.000000       0.00000       0.00000         235461.2785    0.000000    -0.00003     0.00000    0.000000000   -0.000000243   -0.000000437  259.313759  86015.1966
1122.00   15.0000    0.0000   15.0000  270.7930  270.7930  0.000000       0.00000       0.00000         235393.4555    0.000000    -0.00003     0.00000    0.000000000   -0.000000243   -0.000000437  259.271364  85879.3077
1134.00   15.0000    0.0000   15.0000  270.8710  270.8710  0.000000       0.00000       0.00000         235325.6716    0.000000    -0.00003     0.00000    0.000000000   -0.000000243   -0.000000437  259.228934  85743.6113
1146.00   15.0000    0.0000   15.0000  270.9490  270.9490  0.000000       0.00000       0.00000         235257.9268    0.000000    -0.00003     0.00000    0.000000000   -0.000000243   -0.000000436  259.186471  85608.1071
1158.00   15.0000    0.0000   15.0000  271.0270  271.0270  0.000000       0.00000       0.00000         235190.2209    0.000000    -0.00003     0.00000    0.000000000   -0.000000243   -0.000000436  259.143975  85472.7949
1170.00   15.0000    0.0000   15.0000  271.1050  271.1050  0.000000       0.00000       0.00000         235122.5540    0.000000    -0.00003     0.00000    0.000000000   -0.000000243   -0.000000435  259.101444  85337.6745
1182.00   15.0000    0.0000   15.0000  271.1830  271.1830  0.000000       0.00000       0.00000         235054.9260    0.000000    -0.00003     0.00000    0.000000000   -0.000000243   -0.000000435  259.058880  85202.7455
1194.00   15.0000    0.0000   15.0000  271.2610  271.2610  0.000000       0.00000       0.00000         234987.3369    0.000000    -0.00003     0.00000    0.000000000   -0.000000243   -0.000000435  259.016282  85068.0077
1206.00   15.0000    0.0000   15.0000  271.3390  271.3390  0.000000       0.00000       0.00000         234919.7867    0.000000    -0.00003     0.00000    0.000000000   -0.000000243   -0.000000434  258.973651  84933.4609
1218.00   15.0000    0.0000   15.0000  271.4170  271.4170  0.000000       0.00000       0.00000         234852.2753    0.000000    -0.00003     0.00000    0.000000000   -0.000000243   -0.000000434  258.930986  84799.1048
1230.00   15.0000    0.0000   15.0000  271.4950  271.4950  0.000000       0.00000       0.00000         234784.8027    0.000000    -0.00003     0.00000    0.000000000   -0.000000243   -0.000000434  258.888287  84664.9391
1242.00   15.0000    0.0000   15.0000  271.5730  271.5730  0.000000       0.00000       0.00000         234717.3688    0.000000    -0.00003     0.00000    0.000000000   -0.000000243   -0.000000433  258.845554  84530.9636
1254.00   15.0000    0.0000   15.0000  271.6510  271.6510  0.000000       0.00000       0.00000         234649.9737    0.000000    -0.00003     0.00000    0.000000000   -0.000000243   -0.000000433  258.802788  84397.1781
1266.00   15.0000    0.0000   15.0000  271.7290  271.7290  0.000000       0.00000       0.00000         234582.6172    0.000000    -0.00003     0.00000    0.000000000   -0.000000243   -0.000000433  258.759989  84263.5822
1278.00   15.0000    0.0000   15.0000  271.8070  271.8070  0.000000       0.00000       0.00000         234515.2995    0.000000    -0.00003     0.00000    0.000000000   -0.000000243   -0.000000432  258.717155  84130.1757
1290.00   15.0000    0.0000   15.0000  271.8850  271.8850  0.000000       0.00000       0.00000         234448.0203    0.000000    -0.00003     0.00000    0.000000000   -0.000000243   -0.000000432  258.674288  83996.9584
1302.00   15.0000    0.0000   15.0000  271.9630  271.9630  0.000000       0.00000       0.00000         234380.7797    0.000000    -0.00003     0.00000    0.000000000   -0.000000243   -0.000000432  258.631388  83863.9300
1314.00   15.0000    0.0000   15.0000  272.0410  272.0410  0.000000       0.00000       0.00000         234313.5777    0.000000    -0.00003     0.00000    0.000000000   -0.000000243   -0.000000431  258.588454  83731.0903
1326.00   15.0000    0.0000   15.0000  272.1190  272.1190  0.000000       0.00000       0.00000         234246.4143    0.000000    -0.00003     0.00000    0.000000000   -0.000000243   -0.000000431  258.545486  83598.4389
1338.00   15.0000    0.0000   15.0000  272.1970  272.1970  0.000000       0.00000       0.00000         234179.2893    0.000000    -0.00003     0.00000    0.000000000   -0.000000243   -0.000000430  258.502485  83465.9757
1350.00   15.0000    0.0000   15.0000  272.2750  272.2750  0.000000       0.00000       0.00000         234112.2027    0.000000    -0.00003     0.00000    0.000000000   -0.000000243   -0.000000430  258.459450  83333.7005
1362.00   15.0000    0.0000   15.0000  272.3530  272.3530  0.000000       0.00000       0.00000         234045.1546    0.000000    -0.00003     0.00000    0.000000000   -0.000000243   -0.000000430  258.416382  83201.6128
1374.00   15.0000    0.0000   15.0000  272.4310  272.4310  0.000000       0.00000       0.00000         233978.1449    0.000000    -0.00003     0.00000    0.000000000   -0.000000243   -0.000000429  258.373280  83069.7126
1386.00   15.0000    0.0000   15.0000  272.5090  272.5090  0.000000       0.00000       0.00000         233911.1736    0.000000    -0.00003     0.00000    0.000000000   -0.000000243   -0.000000429  258.330145  82937.9995
1398.00   15.0000    0.0000   15.0000  272.5870  272.5870  0.000000       0.00000       0.00000         233844.2406    0.000000    -0.00003     0.00000    0.000000000   -0.000000243   -0.000000429  258.286976  82806.4732
1410.00   15.0000    0.0000   15.0000  272.6650  272.6650  0.000000       0.00000       0.00000         233777.3458    0.000000    -0.00003     0.00000    0.000000000   -0.000000243   -0.000000428  258.243773  82675.1337
1422.00   15.0000    0.0000   15.0000  272.7430  272.7430  0.000000       0.00000       0.00000         233710.4894    0.000000    -0.00003     0.00000    0.000000000   -0.000000243   -0.000000428  258.200537  82543.9805
1434.00   15.0000    0.0000   15.0000  272.8210  272.8210  0.000000       0.00000       0.00000         233643.6711    0.000000    -0.00003     0.00000    0.000000000   -0.000000243   -0.000000427  258.157268  82413.0134
1446.00   15.0000    0.0000   15.0000  272.8990  272.8990  0.000000       0.00000       0.00000         233576.8911    0.000000    -0.00004     0.00000    0.000000000   -0.000000243   -0.000000427  258.113965  82282.2322
1458.00   15.0000    0.0000   15.0000  272.9770  272.9770  0.000000       0.00000       0.00000         233510.1492    0.000000    -0.00004     0.00000    0.000000000   -0.000000243   -0.000000427  258.070629  82151.6367
1470.00   15.0000    0.0000   15.0000  273.0550  273.0550  0.000000       0.00000       0.00000         233443.4455    0.000000    -0.00004     0.00000    0.000000000   -0.000000243   -0.000000426  258.027259  82021.2266
1482.00   15.0000    0.0000   15.0000  273.1330  273.1330  0.000000       0.00000       0.00000         233376.7798    0.000000    -0.00004     0.00000    0.000000000   -0.000000243   -0.000000426  257.983856  81891.0016
1494.00   15.0000    0.0000   15.0000  273.2110  273.2110  0.000000       0.00000       0.00000         233310.1522    0.000000    -0.00004     0.00000    0.000000000   -0.000000243   -0.000000426  257.940419  81760.9615
1506.00   15.0000    0.0000   15.0000  273.2890  273.2890  0.000000       0.00000       0.00000         233243.5627    0.000000    -0.00004     0.00000    0.000000000   -0.000000243   -0.000000425  257.896949  81631.1060
1518.00   15.0000    0.0000   15.0000  273.3670  273.3670  0.000000       0.00000       0.00000         233177.0111    0.000000    -0.00004     0.00000    0.000000000   -0.000000243   -0.000000425  257.853446  81501.4349
1530.00   15.0000    0.0000   15.0000  273.4450  273.4450  0.000000       0.00000       0.00000         233110.4975    0.000000    -0.00004     0.00000    0.000000000   -0.000000243   -0.000000424  257.809909  81371.9480
1542.00   15.0000    0.0000   15.0000  273.5230  273.5230  0.000000       0.00000       0.00000         233044.0219    0.000000    -0.00004     0.00000    0.000000000   -0.000000243   -0.000000424  257.766338  81242.6450
1554.00   15.0000    0.0000   15.0000  273.6010  273.6010  0.000000       0.00000       0.00000         232977.5841    0.000000    -0.00004     0.00000    0.000000000   -0.000000243   -0.000000424  257.722735  81113.5256
1566.00   15.0000    0.0000   15.0000  273.6790  273.6790  0.000000       0.00000       0.00000         232911.1843    0.000000    -0.00004     0.00000    0.000000000   -0.000000243   -0.000000423  257.679097  80984.5896
1578.00   15.0000    0.0000   15.0000  273.7570  273.7570  0.000000       0.00000       0.00000         232844.8222    0.000000    -0.00004     0.00000    0.000000000   -0.000000243   -0.000000423  257.635427  80855.8368
1590.00   15.0000    0.0000   15.0000  273.8350  273.8350  0.000000       0.00000       0.00000         232778.4980    0.000000    -0.00004     0.00000    0.000000000   -0.000000243   -0.000000422  257.591723  80727.2669
1602.00   15.0000    0.0000   15.0000  273.9130  273.9130  0.000000       0.00000       0.00000         232712.2115    0.000000    -0.00004     0.00000    0.000000000   -0.000000243   -0.000000422  257.547986  80598.8797
1614.00   15.0000    0.0000   15.0000  273.9910  273.9910  0.000000       0.00000       0.00000         232645.9628    0.000000    -0.00004     0.00000    0.000000000   -0.000000243   -0.000000422  257.504215  80470.6749
1626.00   15.0000    0.0000   15.0000  274.0690  274.0690  0.000000       0.00000       0.00000         232579.7518    0.000000    -0.00004     0.00000    0.000000000   -0.000000243   -0.000000421  257.460411  80342.6523
1638.00   15.0000    0.0000   15.0000  274.1470  274.1470  0.000000       0.00000       0.00000         232513.5785    0.000000    -0.00004     0.00000    0.000000000   -0.000000243   -0.000000421  257.416574  80214.8116
1650.00   15.0000    0.0000   15.0000  274.2250  274.2250  0.000000       0.00000       0.00000         232447.4428    0.000000    -0.00004     0.00000    0.000000000   -0.000000243   -0.000000420  257.372704  80087.1526
1662.00   15.0000    0.0000   15.0000  274.3030  274.3030  0.000000       0.00000       0.00000         232381.3447    0.000000    -0.00004     0.00000    0.000000000   -0.000000243   -0.000000420  257.328800  79959.6751
1674.00   15.0000    0.0000   15.0000  274.3810  274.3810  0.000000       0.00000       0.00000         232315.2842    0.000000    -0.00004     0.00000    0.000000000   -0.000000243   -0.000000419  257.284863  79832.3787
1686.00   15.0000    0.0000   15.0000  274.4590  274.4590  0.000000       0.00000       0.00000         232249.2613    0.000000    -0.00004     0.00000    0.000000000   -0.000000243   -0.000000419  257.240892  79705.2633
1698.00   15.0000    0.0000   15.0000  274.5370  274.5370  0.000000       0.00000       0.00000         232183.2758    0.000000    -0.00004     0.00000    0.000000000   -0.000000243   -0.000000419  257.196889  79578.3287
1710.00   15.0000    0.0000   15.0000  274.6150  274.6150  0.000000       0.00000       0.00000         232117.3279    0.000000    -0.00004     0.00000    0.000000000   -0.000000243   -0.000000418  257.152852  79451.5745
1722.00   15.0000    0.0000   15.0000  274.6930  274.6930  0.000000       0.00000       0.00000         232051.4174    0.000000    -0.00004     0.00000    0.000000000   -0.000000243   -0.000000418  257.108782  79325.0005
1734.00   15.0000    0.0000   15.0000  274.7710  274.7710  0.000000       0.00000       0.00000         231985.5443    0.000000    -0.00004     0.00000    0.000000000   -0.000000242   -0.000000417  257.064678  79198.6065
1746.00   15.0000    0.0000   15.0000  274.8490  274.8490  0.000000       0.00000       0.00000         231919.7086    0.000000    -0.00004     0.00000    0.000000000   -0.000000242   -0.000000417  257.020541  79072.3923
1758.00   15.0000    0.0000   15.0000  274.9270  274.9270  0.000000       0.00000       0.00000         231853.9103    0.000000    -0.00004     0.00000    0.000000000   -0.000000242   -0.000000417  256.976372  78946.3576
1770.00   15.0000    0.0000   15.0000  275.0050  275.0050  0.000000       0.00000       0.00000         231788.1493    0.000000    -0.00004     0.00000    0.000000000   -0.000000242   -0.000000416  256.932168  78820.5021
1782.00   15.0000    0.0000   15.0000  275.0830  275.0830  0.000000       0.00000       0.00000         231722.4256    0.000000    -0.00004     0.00000    0.000000000   -0.000000242   -0.000000416  256.887932  78694.8257
1794.00   15.0000    0.0000   15.0000  275.1610  275.1610  0.000000       0.00000       0.00000         231656.7391    0.000000    -0.00004     0.00000    0.000000000   -0.000000242   -0.000000415  256.843662  78569.3281
1806.00   15.0000    0.0000   15.0000  275.2390  275.2390  0.000000       0.00000       0.00000         231591.0899    0.000000    -0.00004     0.00000    0.000000000   -0.000000242   -0.000000415  256.799360  78444.0090
1818.00   15.0000    0.0000   15.0000  275.3170  275.3170  0.000000       0.00000       0.00000         231525.4779    0.000000    -0.00004     0.00000    0.000000000   -0.000000242   -0.000000414  256.755024  78318.8682
1830.00   15.0000    0.0000   15.0000  275.3950  275.3950  0.000000       0.00000       0.00000         231459.9030    0.000000    -0.00004     0.00000    0.000000000   -0.000000242   -0.000000414  256.710655  78193.9055
1842.00   15.0000    0.0000   15.0000  275.4730  275.4730  0.000000       0.00000       0.00000         231394.3653    0.000000    -0.00004     0.00000    0.000000000   -0.000000242   -0.000000414  256.666252  78069.1206
1854.00   15.0000    0.0000   15.0000  275.5510  275.5510  0.000000       0.00000       0.00000         231328.8647    0.000000    -0.00005     0.00000    0.000000000   -0.000000242   -0.000000413  256.621817  77944.5133
1866.00   15.0000    0.0000   15.0000  275.6290  275.6290  0.000000       0.00000       0.00000         231263.4012    0.000000    -0.00005     0.00000    0.000000000   -0.000000242   -0.000000413  256.577348  77820.0834
1878.00   15.0000    0.0000   15.0000  275.7070  275.7070  0.000000       0.00000       0.00000         231197.9747    0.000000    -0.00005     0.00000    0.000000000   -0.000000242   -0.000000412  256.532847  77695.8306
1890.00   15.0000    0.0000   15.0000  275.7850  275.7850  0.000000       0.00000       0.00000         231132.5852    0.000000    -0.00005     0.00000    0.000000000   -0.000000242   -0.000000412  256.488312  77571.7546
1902.00   15.0000    0.0000   15.0000  275.8630  275.8630  0.000000       0.00000       0.00000         231067.2326    0.000000    -0.00005     0.00000    0.000000000   -0.000000242   -0.000000411  256.443744  77447.8553
1914.00   15.0000    0.0000   15.0000  275.9410  275.9410  0.000000       0.00000       0.00000         231001.9171    0.000000    -0.00005     0.00000    0.000000000   -0.000000242   -0.000000411  256.399143  77324.1324
1926.00   15.0000    0.0000   15.0000  276.0190  276.0190  0.000000       0.00000       0.00000         230936.6384    0.000000    -0.00005     0.00000    0.000000000   -0.000000242   -0.000000411  256.354509  77200.5857
1938.00   15.0000    0.0000   15.0000  276.0970  276.0970  0.000000       0.00000       0.00000         230871.3966    0.000000    -0.00005     0.00000    0.000000000   -0.000000241   -0.000000410  256.309841  77077.2149
1950.00   15.0000    0.0000   15.0000  276.1750  276.1750  0.000000       0.00000       0.00000         230806.1917    0.000000    -0.00005     0.00000    0.000000000   -0.000000241   -0.000000410  256.265141  76954.0198
1962.00   15.0000    0.0000   15.0000  276.2530  276.2530  0.000000       0.00000       0.00000         230741.0236    0.000000    -0.00005     0.00000    0.000000000   -0.000000241   -0.000000409  256.220408  76831.0001
1974.00   15.0000    0.0000   15.0000  276.3310  276.3310  0.000000       0.00000       0.00000         230675.8923    0.000000    -0.00005     0.00000    0.000000000   -0.000000241   -0.000000409  256.175641  76708.1557
1986.00   15.0000    0.0000   15.0000  276.4090  276.4090  0.000000       0.00000       0.00000         230610.7978    0.000000    -0.00005     0.00000    0.000000000   -0.000000241   -0.000000408  256.130842  76585.4863
1998.00   15.0000    0.0000   15.0000  276.4870  276.4870  0.000000       0.00000       0.00000         230545.7399    0.000000    -0.00005     0.00000    0.000000000   -0.000000241   -0.000000408  256.086009  76462.9916
2010.00   15.0000    0.0000   15.0000  276.5650  276.5650  0.000000       0.00000       0.00000         230480.7188    0.000000    -0.00005     0.00000    0.000000000   -0.000000241   -0.000000407  256.041144  76340.6714
2022.00   15.0000    0.0000   15.0000  276.6430  276.6430  0.000000       0.00000       0.00000         230415.7344    0.000000    -0.00005     0.00000    0.000000000   -0.000000241   -0.000000407  255.996245  76218.5256
2034.00   15.0000    0.0000   15.0000  276.7210  276.7210  0.000000       0.00000       0.00000         230350.7865    0.000000    -0.00005     0.00000    0.000000000   -0.000000241   -0.000000406  255.951313  76096.5537
2046.00   15.0000    0.0000   15.0000  276.7990  276.7990  0.000000       0.00000       0.00000         230285.8753    0.000000    -0.00005     0.00000    0.000000000   -0.000000241   -0.000000406  255.906349  75974.7557
2058.00   15.0000    0.0000   15.0000  276.8770  276.8770  0.000000       0.00000       0.00000         230221.0007    0.000000    -0.00005     0.00000    0.000000000   -0.000000241   -0.000000406  255.861351  75853.1313
2070.00   15.0000    0.0000   15.0000  276.9550  276.9550  0.000000       0.00000       0.00000         230156.1626    0.000000    -0.00005     0.00000    0.000000000   -0.000000241   -0.000000405  255.816320  75731.6803
2082.00   15.0000    0.0000   15.0000  277.0330  277.0330  0.000000       0.00000       0.00000         230091.3610    0.000000    -0.00005     0.00000    0.000000000   -0.000000240   -0.000000405  255.771257  75610.4023
2094.00   15.0000    0.0000   15.0000  277.1110  277.1110  0.000000       0.00000       0.00000         230026.5958    0.000000    -0.00005     0.00000    0.000000000   -0.000000240   -0.000000404  255.726160  75489.2973
2106.00   15.0000    0.0000   15.0000  277.1890  277.1890  0.000000       0.00000       0.00000         229961.8672    0.000000    -0.00005     0.00000    0.000000000   -0.000000240   -0.000000404  255.681031  75368.3649
2118.00   15.0000    0.0000   15.0000  277.2670  277.2670  0.000000       0.00000       0.00000         229897.1749    0.000000    -0.00005     0.00000    0.000000000   -0.000000240   -0.000000403  255.635868  75247.6050
2130.00   15.0000    0.0000   15.0000  277.3450  277.3450  0.000000       0.00000       0.00000         229832.5191    0.000000    -0.00005     0.00000    0.000000000   -0.000000240   -0.000000403  255.590673  75127.0172
2142.00   15.0000    0.0000   15.0000  277.4230  277.4230  0.000000       0.00000       0.00000         229767.8996    0.000000    -0.00005     0.00000    0.000000000   -0.000000240   -0.000000402  255.545444  75006.6014
2154.00   15.0000    0.0000   15.0000  277.5010  277.5010  0.000000       0.00000       0.00000         229703.3164    0.000000    -0.00005     0.00000    0.000000000   -0.000000240   -0.000000402  255.500183  74886.3573
2166.00   15.0000    0.0000   15.0000  277.5790  277.5790  0.000000       0.00000       0.00000         229638.7695    0.000000    -0.00005     0.00000    0.000000000   -0.000000240   -0.000000401  255.454889  74766.2848
2178.00   15.0000    0.0000   15.0000  277.6570  277.6570  0.000000       0.00000       0.00000         229574.2589    0.000000    -0.00005     0.00000    0.000000000   -0.000000240   -0.000000401  255.409562  74646.3835
2190.00   15.0000    0.0000   15.0000  277.7350  277.7350  0.000000       0.00000       0.00000         229509.7845    0.000000    -0.00005     0.00000    0.000000000   -0.000000240   -0.000000400  255.364202  74526.6533
2202.00   15.0000    0.0000   15.0000  277.8130  277.8130  0.000000       0.00000       0.00000         229445.3463    0.000000    -0.00005     0.00000    0.000000000   -0.000000239   -0.000000400  255.318809  74407.0939
2214.00   15.0000    0.0000   15.0000  277.8910  277.8910  0.000000       0.00000       0.00000         229380.9443    0.000000    -0.00005     0.00000    0.000000000   -0.000000239   -0.000000400  255.273383  74287.7050
2226.00   15.0000    0.0000   15.0000  277.9690  277.9690  0.000000       0.00000       0.00000         229316.5785    0.000000    -0.00005     0.00000    0.000000000   -0.000000239   -0.000000399  255.227925  74168.4866
2238.00   15.0000    0.0000   15.0000  278.0470  278.0470  0.000000       0.00000       0.00000         229252.2487    0.000000    -0.00005     0.00000    0.000000000   -0.000000239   -0.000000399  255.182433  74049.4382
2250.00   15.0000    0.0000   15.0000  278.1250  278.1250  0.000000       0.00000       0.00000         229187.9551    0.000000    -0.00005     0.00000    0.000000000   -0.000000239   -0.000000398  255.136909  73930.5598
2262.00   15.0000    0.0000   15.0000  278.2030  278.2030  0.000000       0.00000       0.00000         229123.6974    0.000000    -0.00006     0.00000    0.000000000   -0.000000239   -0.000000398  255.091352  73811.8511
2274.00   15.0000    0.0000   15.0000  278.2810  278.2810  0.000000       0.00000       0.00000         229059.4759    0.000000    -0.00006     0.00000    0.000000000   -0.000000239   -0.000000397  255.045762  73693.3118
2286.00   15.0000    0.0000   15.0000  278.3590  278.3590  0.000000       0.00000       0.00000         228995.2903    0.000000    -0.00006     0.00000    0.000000000   -0.000000239   -0.000000397  255.000139  73574.9417
2298.00   15.0000    0.0000   15.0000  278.4370  278.4370  0.000000       0.00000       0.00000         228931.1406    0.000000    -0.00006     0.00000    0.000000000   -0.000000239   -0.000000396  254.954483  73456.7406
2310.00   15.0000    0.0000   15.0000  278.5150  278.5150  0.000000       0.00000       0.00000         228867.0269    0.000000    -0.00006     0.00000    0.000000000   -0.000000238   -0.000000396  254.908795  73338.7083
2322.00   15.0000    0.0000   15.0000  278.5930  278.5930  0.000000       0.00000       0.00000         228802.9491    0.000000    -0.00006     0.00000    0.000000000   -0.000000238   -0.000000395  254.863074  73220.8445
2334.00   15.0000    0.0000   15.0000  278.6710  278.6710  0.000000       0.00000       0.00000         228738.9072    0.000000    -0.00006     0.00000    0.000000000   -0.000000238   -0.000000395  254.817320  73103.1490
2346.00   15.0000    0.0000   15.0000  278.7490  278.7490  0.000000       0.00000       0.00000         228674.9011    0.000000    -0.00006     0.00000    0.000000000   -0.000000238   -0.000000394  254.771533  72985.6217
2358.00   15.0000    0.0000   15.0000  278.8270  278.8270  0.000000       0.00000       0.00000         228610.9308    0.000000    -0.00006     0.00000    0.000000000   -0.000000238   -0.000000394  254.725714  72868.2622
2370.00   15.0000    0.0000   15.0000  278.9050  278.9050  0.000000       0.00000       0.00000         228546.9963    0.000000    -0.00006     0.00000    0.000000000   -0.000000238   -0.000000393  254.679861  72751.0703
2382.00   15.0000    0.0000   15.0000  278.9830  278.9830  0.000000       0.00000       0.00000              0.0000    0.000000    -0.00006     0.00000    0.000000000    0.000000000    0.000000000  254.633976  72634.0459
2394.00   15.0000    0.0000   15.0000  279.0610  279.0610  0.000000       0.00000       0.00000              0.0000    0.000000     0.00000     0.00000    0.000000000    0.000000000    0.000000000  254.588058  72517.1887
