   0.00    0.0000    0.0000    0.0000  240.9698  240.9698  0.000000       0.00000       0.00000              0.0000    0.000000     0.00000     0.00000    0.000000000    0.000000000    0.000000000    0.000000      0.0000
   6.00    7.8090    3.5214    8.5663  242.4984  242.4984  0.000000       0.72845       0.72845              0.0000    0.000000     0.00000     0.00000   -0.000011911    0.000000000    0.000000000  242.410601  99873.3220
  18.00    8.8426    3.9096    9.6684  242.6085  242.6085  0.000000       2.25632       2.25632              0.0551    0.000000    -0.00000     0.00000   -0.000024002    0.000000000    0.000000000  242.374288  99662.3578
  30.00    9.5024    4.1137   10.3546  242.6812  242.6812  0.000000       2.17408       2.17408              0.0797    0.000000    -0.00000     0.00000   -0.000028601   -0.000000068   -0.000000105  242.329751  99493.9123
  42.00   10.1057    4.2621   10.9677  242.7499  242.7499  0.000000       2.38656       2.38656              0.0938    0.000000    -0.00000     0.00000   -0.000030924   -0.000000078   -0.000000114  242.281301  99325.7192
  54.00   10.6482    4.3622   11.5071  242.8141  242.8141  0.000000       2.35739       2.35739              0.1085    0.000000    -0.00000     0.00000   -0.000032713   -0.000000084   -0.000000120  242.228292  99157.7754
  66.00   11.1605    4.4254   12.0058  242.8774  242.8774  0.000000       2.30950       2.30950              0.1214    0.000000    -0.00000     0.00000   -0.000034234   -0.000000085   -0.000000121  242.174296  98990.0785
  78.00   11.6489    4.4556   12.4719  242.9406  242.9406  0.000000       2.20419       2.20419              0.1340    0.000000    -0.00000     0.00000   -0.000035607   -0.000000084   -0.000000119  242.120232  98822.6279
  90.00   12.1202    4.4554   12.9131  243.0049  243.0049  0.000000       2.07509       2.07509              0.1464    0.000000    -0.00000     0.00000   -0.000036928   -0.000000080   -0.000000116  242.067200  98655.4237
 102.00   12.5772    4.4256   13.3331  243.0710  243.0710  0.000000       1.92554       1.92554              0.1590    0.000000    -0.00000     0.00000   -0.000038226   -0.000000075   -0.000000111  242.015950  98488.4664
 114.00   13.0218    4.3665   13.7344  243.1397  243.1397  0.000000       1.76449       1.76449              0.1721    0.000000    -0.00000     0.00000   -0.000039517   -0.000000068   -0.000000104  241.967238  98321.7572
 126.00   13.4547    4.2780   14.1184  243.2118  243.2118  0.000000       1.59623       1.59623              0.1858    0.000000    -0.00000     0.00000   -0.000040827   -0.000000059   -0.000000096  241.921820  98155.2979
 138.00   13.8759    4.1592   14.4858  243.2880  243.2880  0.000000       1.42475       1.42475              0.2005    0.000000    -0.00000     0.00000   -0.000042183   -0.000000049   -0.000000085  241.880554  97989.0906
 150.00   14.2847    4.0091   14.8366  243.3695  243.3695  0.000000       1.25286       1.25286              0.2166    0.000000    -0.00000     0.00000   -0.000043601   -0.000000035   -0.000000072  241.844460  97823.1383
 162.00   14.6797    3.8260   15.1701  243.4576  243.4576  0.000000       1.08290       1.08290              0.2345    0.000000    -0.00000     0.00000   -0.000045123   -0.000000018   -0.000000056  241.814835  97657.4446
 174.00   15.0588    3.6081   15.4850  243.5539  243.5539  0.000000       0.91677       0.91677              0.2550    0.000000    -0.00001     0.00000   -0.000046747    0.000000003   -0.000000035  241.793407  97492.0140
 186.00   15.4190    3.3525   15.7793  243.6610  243.6610  0.000000       0.75611       0.75611              0.2791    0.000000    -0.00001     0.00000   -0.000048609    0.000000032   -0.000000008  241.782624  97326.8527
 198.00   15.7560    3.0556   16.0495  243.7826  243.7826  0.000000       0.60280       0.60280              0.3084    0.000000    -0.00001     0.00000   -0.000050463    0.000000072    0.000000030  241.786119  97161.9687
 210.00   16.0632    2.7119   16.2906  243.9246  243.9246  0.000000       0.45750       0.45750              0.3458    0.000000    -0.00001     0.00000   -0.000052689    0.000000131    0.000000087  241.809909  96997.3733
 222.00   16.3297    2.3137   16.4928  244.0978  244.0978  0.000000       0.32497       0.32497              0.3962    0.000000    -0.00002     0.00000   -0.000055269    0.000000229    0.000000180  241.864408  96833.0833
 234.00   16.5361    1.8461   16.6388  244.3246  244.3246  0.000000       0.20216       0.20216              0.4735    0.000000    -0.00002     0.00000   -0.000058662    0.000000417    0.000000358  241.971991  96669.1264
 246.00   16.6339    1.2927   16.6841  244.6557  244.6557  0.000000       0.10793       0.10793              0.6009    0.000000    -0.00003     0.00000   -0.000064719    0.000000931    0.000000841  242.182700  96505.5547
 258.00   16.4775    0.5974   16.4883  245.3008  245.3008  0.000000       0.02230       0.02230              1.0366    0.000000     0.00000     0.00000   -0.000057538    0.000004620    0.000003973  242.704042  96342.5057
 270.00   15.4572   -0.0930   15.4575  248.2261  248.2261  0.000000       0.00075       0.00075              2.4419    0.000000    -0.00030     0.00000   -0.000224770    0.000010340    0.000009542  245.480793  96180.8253
 282.00   15.0038   -0.0051   15.0038  251.8293  251.8293  0.000000       0.00000       0.00000             21.3416    0.000000    -0.00012     0.00000   -0.000009423    0.000009171    0.000009591  248.925996  96021.4432
 294.00   15.0000   -0.0000   15.0000  253.1971  253.1971  0.000000       0.00000       0.00000          52119.9927    0.000000    -0.00008     0.00000   -0.000000000    0.000004734    0.000004587  250.160654  95863.8232
 306.00   15.0000   -0.0000   15.0000  254.1109  254.1109  0.000000       0.00000       0.00000        2686535.0074    0.000000    -0.00007     0.00000    0.000000000    0.000003606    0.000003432  250.946157  95707.0965
 318.00   15.0000   -0.0000   15.0000  254.8679  254.8679  0.000000       0.00000       0.00000        2222952.3073    0.000000    -0.00006     0.00000    0.000000000    0.000003065    0.000002898  251.576434  95551.0666
 330.00   15.0000   -0.0000   15.0000  255.4974  255.4974  0.000000       0.00000       0.00000        1881973.4254    0.000000    -0.00006     0.00000    0.000000000    0.000002632    0.000002469  252.080650  95395.6419
 342.00   15.0000   -0.0000   15.0000  256.0446  256.0446  0.000000       0.00000       0.00000        1658857.6602    0.000000    -0.00005     0.00000    0.000000000    0.000002344    0.000002182  252.503301  95240.7549
 354.00   15.0000    0.0000   15.0000  256.5369  256.5369  0.000000       0.00000       0.00000        1489501.3295    0.000000    -0.00005     0.00000    0.000000000    0.000002115    0.000001957  252.871582  95086.3612
 366.00   15.0000    0.0000   15.0000  256.9798  256.9798  0.000000       0.00000       0.00000        1358610.7218    0.000000    -0.00005     0.00000    0.000000000    0.000001934    0.000001776  253.190919  94932.4270
 378.00   15.0000    0.0000   15.0000  257.3914  257.3914  0.000000       0.00000       0.00000        1249464.1382    0.000000    -0.00004     0.00000    0.000000000    0.000001776    0.000001620  253.479253  94778.9263
 390.00   15.0000    0.0000   15.0000  257.7669  257.7669  0.000000       0.00000       0.00000        1163535.1773    0.000000    -0.00004     0.00000    0.000000000    0.000001650    0.000001494  253.731842  94625.8371
 402.00   15.0000    0.0000   15.0000  258.1254  258.1254  0.000000       0.00000       0.00000        1090502.4100    0.000000    -0.00004     0.00000    0.000000000    0.000001539    0.000001385  253.967585  94473.1421
 414.00   15.0000    0.0000   15.0000  258.4557  258.4557  0.000000       0.00000       0.00000        1029033.7733    0.000000    -0.00004     0.00000    0.000000000    0.000001445    0.000001290  254.175454  94320.8265
 426.00   15.0000    0.0000   15.0000  258.7763  258.7763  0.000000       0.00000       0.00000         975606.7238    0.000000    -0.00004     0.00000    0.000000000    0.000001360    0.000001207  254.373512  94168.8777
 438.00   15.0000    0.0000   15.0000  259.0736  259.0736  0.000000       0.00000       0.00000         924262.3813    0.000000    -0.00004     0.00000    0.000000000    0.000001276    0.000001121  254.548623  94017.2849
 450.00   15.0000    0.0000   15.0000  259.3623  259.3623  0.000000       0.00000       0.00000         884246.7538    0.000000    -0.00004     0.00000    0.000000000    0.000001210    0.000001056  254.715110  93866.0376
 462.00   15.0000    0.0000   15.0000  259.6349  259.6349  0.000000       0.00000       0.00000         844368.9253    0.000000    -0.00004     0.00000    0.000000000    0.000001142    0.000000987  254.865654  93715.1274
 474.00   15.0000    0.0000   15.0000  259.8988  259.8988  0.000000       0.00000       0.00000         812184.0273    0.000000    -0.00004     0.00000    0.000000000    0.000001087    0.000000932  255.007591  93564.5463
 486.00   15.0000    0.0000   15.0000  260.1515  260.1515  0.000000       0.00000       0.00000         781131.6164    0.000000    -0.00004     0.00000    0.000000000    0.000001032    0.000000877  255.138343  93414.2874
 498.00   15.0000    0.0000   15.0000  260.3962  260.3962  0.000000       0.00000       0.00000         754370.0655    0.000000    -0.00004     0.00000    0.000000000    0.000000984    0.000000829  255.261151  93264.3442
 510.00   15.0000    0.0000   15.0000  260.6322  260.6322  0.000000       0.00000       0.00000         729820.8414    0.000000    -0.00004     0.00000    0.000000000    0.000000940    0.000000784  255.375419  93114.7112
 522.00   15.0000    0.0000   15.0000  260.8617  260.8617  0.000000       0.00000       0.00000         707420.6860    0.000000    -0.00004     0.00000    0.000000000    0.000000899    0.000000743  255.483094  92965.3831
 534.00   15.0000    0.0000   15.0000  261.0839  261.0839  0.000000       0.00000       0.00000         686211.5545    0.000000    -0.00004     0.00000    0.000000000    0.000000859    0.000000703  255.583549  92816.3552
 546.00   15.0000    0.0000   15.0000  261.3001  261.3001  0.000000       0.00000       0.00000         664839.0793    0.000000    -0.00004     0.00000    0.000000000    0.000000817    0.000000661  255.678131  92667.6229
 558.00   15.0000    0.0000   15.0000  261.5090  261.5090  0.000000       0.00000       0.00000         645862.6774    0.000000    -0.00004     0.00000    0.000000000    0.000000780    0.000000623  255.765373  92519.1817
 570.00   15.0000    0.0000   15.0000  261.7135  261.7135  0.000000       0.00000       0.00000         627609.0590    0.000000    -0.00003     0.00000    0.000000000    0.000000743    0.000000587  255.848218  92371.0275
 582.00   15.0000    0.0000   15.0000  261.9110  261.9110  0.000000       0.00000       0.00000         611322.5974    0.000000    -0.00004     0.00000    0.000000000    0.000000711    0.000000554  255.924161  92223.1563
 594.00   15.0000    0.0000   15.0000  262.1053  262.1053  0.000000       0.00000       0.00000         596273.1356    0.000000    -0.00003     0.00000    0.000000000    0.000000680    0.000000523  255.996922  92075.5648
 606.00   15.0000    0.0000   15.0000  262.2935  262.2935  0.000000       0.00000       0.00000         581100.6932    0.000000    -0.00003     0.00000    0.000000000    0.000000648    0.000000491  256.063546  91928.2495
 618.00   15.0000    0.0000   15.0000  262.4784  262.4784  0.000000       0.00000       0.00000         567853.3754    0.000000    -0.00003     0.00000    0.000000000    0.000000621    0.000000463  256.126895  91781.2073
 630.00   15.0000    0.0000   15.0000  262.6583  262.6583  0.000000       0.00000       0.00000         554059.3469    0.000000    -0.00003     0.00000    0.000000000    0.000000591    0.000000433  256.185305  91634.4351
 642.00   15.0000    0.0000   15.0000  262.8345  262.8345  0.000000       0.00000       0.00000         542189.2693    0.000000    -0.00003     0.00000    0.000000000    0.000000565    0.000000407  256.240087  91487.9299
 654.00   15.0000    0.0000   15.0000  263.0070  263.0070  0.000000       0.00000       0.00000         531110.1741    0.000000    -0.00003     0.00000    0.000000000    0.000000541    0.000000383  256.291128  91341.6892
 666.00   15.0000    0.0000   15.0000  263.1764  263.1764  0.000000       0.00000       0.00000         521405.9933    0.000000    -0.00003     0.00000    0.000000000    0.000000520    0.000000361  256.339028  91195.7104
 678.00   15.0000    0.0000   15.0000  263.3428  263.3428  0.000000       0.00000       0.00000         512397.7369    0.000000    -0.00003     0.00000    0.000000000    0.000000500    0.000000341  256.384043  91049.9912
 690.00   15.0000    0.0000   15.0000  263.5066  263.5066  0.000000       0.00000       0.00000         504377.8788    0.000000    -0.00003     0.00000    0.000000000    0.000000483    0.000000323  256.426348  90904.5297
 702.00   15.0000    0.0000   15.0000  263.6681  263.6681  0.000000       0.00000       0.00000         497249.5069    0.000000    -0.00003     0.00000    0.000000000    0.000000467    0.000000307  256.466384  90759.3239
 714.00   15.0000    0.0000   15.0000  263.8275  263.8275  0.000000       0.00000       0.00000         491193.6440    0.000000    -0.00004     0.00000    0.000000000    0.000000454    0.000000294  256.504264  90614.3720
 726.00   15.0000    0.0000   15.0000  263.9853  263.9853  0.000000       0.00000       0.00000         486411.8311    0.000000    -0.00004     0.00000    0.000000000    0.000000444    0.000000283  256.540544  90469.6725
 738.00   15.0000    0.0000   15.0000  264.1417  264.1417  0.000000       0.00000       0.00000         482235.5900    0.000000    -0.00004     0.00000    0.000000000    0.000000436    0.000000274  256.575465  90325.2241
 750.00   15.0000    0.0000   15.0000  264.2970  264.2970  0.000000       0.00000       0.00000         478075.8177    0.000000    -0.00004     0.00000    0.000000000    0.000000427    0.000000265  256.609165  90181.0256
 762.00   15.0000    0.0000   15.0000  264.4510  264.4510  0.000000       0.00000       0.00000         474875.6972    0.000000    -0.00004     0.00000    0.000000000    0.000000420    0.000000258  256.641514  90037.0758
 774.00   15.0000    0.0000   15.0000  264.6043  264.6043  0.000000       0.00000       0.00000         472741.1894    0.000000    -0.00004     0.00000    0.000000000    0.000000417    0.000000254  256.673241  89893.3737
 786.00   15.0000    0.0000   15.0000  264.7571  264.7571  0.000000       0.00000       0.00000         471841.0583    0.000000    -0.00004     0.00000    0.000000000    0.000000416    0.000000253  256.704285  89749.9185
 798.00   15.0000    0.0000   15.0000  264.9101  264.9101  0.000000       0.00000       0.00000         472265.8808    0.000000    -0.00004     0.00000    0.000000000    0.000000419    0.000000255  256.735483  89606.7096
 810.00   15.0000    0.0000   15.0000  265.0633  265.0633  0.000000       0.00000       0.00000         473928.3482    0.000000    -0.00004     0.00000    0.000000000    0.000000425    0.000000260  256.766830  89463.7466
 822.00   15.0000    0.0000   15.0000  265.2175  265.2175  0.000000       0.00000       0.00000         476684.6773    0.000000    -0.00004     0.00000    0.000000000    0.000000435    0.000000269  256.799108  89321.0294
 834.00   15.0000    0.0000   15.0000  265.3727  265.3727  0.000000       0.00000       0.00000         481218.0281    0.000000    -0.00004     0.00000    0.000000000    0.000000449    0.000000282  256.832226  89178.5579
 846.00   15.0000    0.0000   15.0000  265.5300  265.5300  0.000000       0.00000       0.00000         488298.8191    0.000000    -0.00004     0.00000    0.000000000    0.000000470    0.000000302  256.867392  89036.3326
 858.00   15.0000    0.0000   15.0000  265.6900  265.6900  0.000000       0.00000       0.00000         497840.9042    0.000000    -0.00004     0.00000    0.000000000    0.000000497    0.000000328  256.905002  88894.3542
 870.00   15.0000    0.0000   15.0000  265.8537  265.8537  0.000000       0.00000       0.00000         512241.2812    0.000000    -0.00005     0.00000    0.000000000    0.000000539    0.000000368  256.946212  88752.6240
 882.00   15.0000    0.0000   15.0000  266.0233  266.0233  0.000000       0.00000       0.00000         527686.2773    0.000000    -0.00005     0.00000    0.000000000    0.000000584    0.000000411  256.992927  88611.1439
 894.00   15.0000    0.0000   15.0000  266.1973  266.1973  0.000000       0.00000       0.00000         554298.7921    0.000000    -0.00005     0.00000    0.000000000    0.000000660    0.000000484  257.043910  88469.9161
 906.00   15.0000    0.0000   15.0000  266.3844  266.3844  0.000000       0.00000       0.00000         574316.7839    0.000000    -0.00005     0.00000    0.000000000    0.000000719    0.000000541  257.107430  88328.9449
 918.00   15.0000    0.0000   15.0000  266.5717  266.5717  0.000000       0.00000       0.00000         632601.1431    0.000000    -0.00006     0.00000    0.000000000    0.000000885    0.000000702  257.171098  88188.2330
 930.00   15.0000    0.0000   15.0000  266.7971  266.7971  0.000000       0.00000       0.00000         647410.9950    0.000000    -0.00006     0.00000    0.000000000    0.000000933    0.000000750  257.271383  88047.7900
 942.00   15.0000    0.0000   15.0000  266.9944  266.9944  0.000000       0.00000       0.00000         800465.0671    0.000000    -0.00010     0.00000    0.000000000    0.000001376    0.000001175  257.344545  87907.6179
 954.00   15.0000    0.0000   15.0000  267.3201  267.3201  0.000000       0.00000       0.00000         778619.1287    0.000000    -0.00005     0.00000    0.000000000    0.000001326    0.000001135  257.541306  87767.7423
 966.00   15.0000    0.0000   15.0000  267.5038  267.5038  0.000000       0.00000       0.00000        1187964.1269    0.000000    -0.00018     0.00000    0.000000000    0.000002552    0.000002292  257.601144  87628.1587
 978.00   15.0000    0.0000   15.0000  268.0979  268.0979  0.000000       0.00000       0.00000        1101537.9242    0.000000    -0.00004     0.00000    0.000000000    0.000002316    0.000002130  258.055963  87488.9359
 990.00   15.0000    0.0000   15.0000  268.2266  268.2266  0.000000       0.00000       0.00000        2917459.8164    0.000000    -0.00055     0.00000    0.000000000    0.000008250    0.000007439  258.062732  87350.0588
1002.00   15.0000    0.0000   15.0000  270.0130  270.0130  0.000000       0.00000       0.00000        2821415.8311    0.000000    -0.00002     0.00000    0.000000000    0.000008006    0.000008139  259.663979  87211.8307
1014.00   15.0000    0.0000   15.0000  270.0910  270.0910  0.000000       0.00000       0.00000         236005.2723    0.000000    -0.00002     0.00000    0.000000000   -0.000000242   -0.000000439  259.621879  87074.2371
1026.00   15.0000    0.0000   15.0000  270.1690  270.1690  0.000000       0.00000       0.00000         235937.1356    0.000000    -0.00002     0.00000    0.000000000   -0.000000243   -0.000000439  259.579745  86936.8383
1038.00   15.0000    0.0000   15.0000  270.2470  270.2470  0.000000       0.00000       0.00000         235869.0383    0.000000    -0.00003     0.00000    0.000000000   -0.000000243   -0.000000438  259.537577  86799.6341
1050.00   15.0000    0.0000   15.0000  270.3250  270.3250  0.000000       0.00000       0.00000         235800.9803    0.000000    -0.00003     0.00000    0.000000000   -0.000000243   -0.000000438  259.495376  86662.6241
1062.00   15.0000    0.0000   15.0000  270.4030  270.4030  0.000000       0.00000       0.00000         235732.9615    0.000000    -0.00003     0.00000    0.000000000   -0.000000243   -0.000000438  259.453140  86525.8082
1074.00   15.0000    0.0000   15.0000  270.4810  270.4810  0.000000       0.00000       0.00000         235664.9820    0.000000    -0.00003     0.00000    0.000000000   -0.000000243   -0.000000437  259.410871  86389.1860
1086.00   15.0000    0.0000   15.0000  270.5590  270.5590  0.000000       0.00000       0.00000         235597.0417    0.000000    -0.00003     0.00000    0.000000000   -0.000000243   -0.000000437  259.368568  86252.7573
1098.00   15.0000    0.0000   15.0000  270.6370  270.6370  0.000000       0.00000       0.00000         235529.1405    0.000000    -0.00003     0.00000    0.000000000   -0.000000243   -0.000000437  259.326231  86116.5219
1110.00   15.0000    0.0000   15.0000  270.7150  270.7150  0.000000       0.00000       0.00000         235461.2785    0.000000    -0.00003     0.00000    0.000000000   -0.000000243   -0.000000436  259.283861  85980.4795
1122.00   15.0000    0.0000   15.0000  270.7930  270.7930  0.000000       0.00000       0.00000         235393.4555    0.000000    -0.00003     0.00000    0.000000000   -0.000000243   -0.000000436  259.241457  85844.6298
1134.00   15.0000    0.0000   15.0000  270.8710  270.8710  0.000000       0.00000       0.00000         235325.6716    0.000000    -0.00003     0.00000    0.000000000   -0.000000243   -0.000000436  259.199019  85708.9725
1146.00   15.0000    0.0000   15.0000  270.9490  270.9490  0.000000       0.00000       0.00000         235257.9268    0.000000    -0.00003     0.00000    0.000000000   -0.000000243   -0.000000435  259.156547  85573.5075
1158.00   15.0000    0.0000   15.0000  271.0270  271.0270  0.000000       0.00000       0.00000         235190.2209    0.000000    -0.00003     0.00000    0.000000000   -0.000000243   -0.000000435  259.114042  85438.2344
1170.00   15.0000    0.0000   15.0000  271.1050  271.1050  0.000000       0.00000       0.00000         235122.5540    0.000000    -0.00003     0.00000    0.000000000   -0.000000243   -0.000000435  259.071503  85303.1529
1182.00   15.0000    0.0000   15.0000  271.1830  271.1830  0.000000       0.00000       0.00000         235054.9260    0.000000    -0.00003     0.00000    0.000000000   -0.000000243   -0.000000434  259.028930  85168.2630
1194.00   15.0000    0.0000   15.0000  271.2610  271.2610  0.000000       0.00000       0.00000         234987.3369    0.000000    -0.00003     0.00000    0.000000000   -0.000000243   -0.000000434  258.986323  85033.5642
1206.00   15.0000    0.0000   15.0000  271.3390  271.3390  0.000000       0.00000       0.00000         234919.7867    0.000000    -0.00003     0.00000    0.000000000   -0.000000243   -0.000000434  258.943683  84899.0563
1218.00   15.0000    0.0000   15.0000  271.4170  271.4170  0.000000       0.00000       0.00000         234852.2753    0.000000    -0.00003     0.00000    0.000000000   -0.000000243   -0.000000433  258.901010  84764.7390
1230.00   15.0000    0.0000   15.0000  271.4950  271.4950  0.000000       0.00000       0.00000         234784.8027    0.000000    -0.00003     0.00000    0.000000000   -0.000000243   -0.000000433  258.858302  84630.6122
1242.00   15.0000    0.0000   15.0000  271.5730  271.5730  0.000000       0.00000       0.00000         234717.3688    0.000000    -0.00003     0.00000    0.000000000   -0.000000243   -0.000000433  258.815561  84496.6755
1254.00   15.0000    0.0000   15.0000  271.6510  271.6510  0.000000       0.00000       0.00000         234649.9737    0.000000    -0.00003     0.00000    0.000000000   -0.000000243   -0.000000432  258.772786  84362.9288
1266.00   15.0000    0.0000   15.0000  271.7290  271.7290  0.000000       0.00000       0.00000         234582.6172    0.000000    -0.00003     0.00000    0.000000000   -0.000000243   -0.000000432  258.729978  84229.3716
1278.00   15.0000    0.0000   15.0000  271.8070  271.8070  0.000000       0.00000       0.00000         234515.2995    0.000000    -0.00003     0.00000    0.000000000   -0.000000243   -0.000000432  258.687136  84096.0038
1290.00   15.0000    0.0000   15.0000  271.8850  271.8850  0.000000       0.00000       0.00000         234448.0203    0.000000    -0.00003     0.00000    0.000000000   -0.000000243   -0.000000431  258.644261  83962.8252
1302.00   15.0000    0.0000   15.0000  271.9630  271.9630  0.000000       0.00000       0.00000         234380.7797    0.000000    -0.00003     0.00000    0.000000000   -0.000000243   -0.000000431  258.601352  83829.8354
1314.00   15.0000    0.0000   15.0000  272.0410  272.0410  0.000000       0.00000       0.00000         234313.5777    0.000000    -0.00003     0.00000    0.000000000   -0.000000243   -0.000000430  258.558409  83697.0343
1326.00   15.0000    0.0000   15.0000  272.1190  272.1190  0.000000       0.00000       0.00000         234246.4143    0.000000    -0.00003     0.00000    0.000000000   -0.000000243   -0.000000430  258.515433  83564.4215
1338.00   15.0000    0.0000   15.0000  272.1970  272.1970  0.000000       0.00000       0.00000         234179.2893    0.000000    -0.00003     0.00000    0.000000000   -0.000000243   -0.000000430  258.472423  83431.9968
1350.00   15.0000    0.0000   15.0000  272.2750  272.2750  0.000000       0.00000       0.00000         234112.2027    0.000000    -0.00003     0.00000    0.000000000   -0.000000243   -0.000000429  258.429379  83299.7600
1362.00   15.0000    0.0000   15.0000  272.3530  272.3530  0.000000       0.00000       0.00000         234045.1546    0.000000    -0.00003     0.00000    0.000000000   -0.000000243   -0.000000429  258.386302  83167.7108
1374.00   15.0000    0.0000   15.0000  272.4310  272.4310  0.000000       0.00000       0.00000         233978.1449    0.000000    -0.00003     0.00000    0.000000000   -0.000000243   -0.000000429  258.343192  83035.8490
1386.00   15.0000    0.0000   15.0000  272.5090  272.5090  0.000000       0.00000       0.00000         233911.1736    0.000000    -0.00003     0.00000    0.000000000   -0.000000243   -0.000000428  258.300048  82904.1743
1398.00   15.0000    0.0000   15.0000  272.5870  272.5870  0.000000       0.00000       0.00000         233844.2406    0.000000    -0.00003     0.00000    0.000000000   -0.000000243   -0.000000428  258.256871  82772.6864
1410.00   15.0000    0.0000   15.0000  272.6650  272.6650  0.000000       0.00000       0.00000         233777.3458    0.000000    -0.00003     0.00000    0.000000000   -0.000000243   -0.000000427  258.213659  82641.3851
1422.00   15.0000    0.0000   15.0000  272.7430  272.7430  0.000000       0.00000       0.00000         233710.4894    0.000000    -0.00003     0.00000    0.000000000   -0.000000243   -0.000000427  258.170415  82510.2701
1434.00   15.0000    0.0000   15.0000  272.8210  272.8210  0.000000       0.00000       0.00000         233643.6711    0.000000    -0.00003     0.00000    0.000000000   -0.000000243   -0.000000427  258.127137  82379.3413
1446.00   15.0000    0.0000   15.0000  272.8990  272.8990  0.000000       0.00000       0.00000         233576.8911    0.000000    -0.00004     0.00000    0.000000000   -0.000000243   -0.000000426  258.083826  82248.5983
1458.00   15.0000    0.0000   15.0000  272.9770  272.9770  0.000000       0.00000       0.00000         233510.1492    0.000000    -0.00004     0.00000    0.000000000   -0.000000243   -0.000000426  258.040481  82118.0409
1470.00   15.0000    0.0000   15.0000  273.0550  273.0550  0.000000       0.00000       0.00000         233443.4455    0.000000    -0.00004     0.00000    0.000000000   -0.000000243   -0.000000426  257.997102  81987.6689
1482.00   15.0000    0.0000   15.0000  273.1330  273.1330  0.000000       0.00000       0.00000         233376.7798    0.000000    -0.00004     0.00000    0.000000000   -0.000000243   -0.000000425  257.953690  81857.4820
1494.00   15.0000    0.0000   15.0000  273.2110  273.2110  0.000000       0.00000       0.00000         233310.1522    0.000000    -0.00004     0.00000    0.000000000   -0.000000243   -0.000000425  257.910245  81727.4799
1506.00   15.0000    0.0000   15.0000  273.2890  273.2890  0.000000       0.00000       0.00000         233243.5627    0.000000    -0.00004     0.00000    0.000000000   -0.000000243   -0.000000424  257.866766  81597.6624
1518.00   15.0000    0.0000   15.0000  273.3670  273.3670  0.000000       0.00000       0.00000         233177.0111    0.000000    -0.00004     0.00000    0.000000000   -0.000000243   -0.000000424  257.823254  81468.0293
1530.00   15.0000    0.0000   15.0000  273.4450  273.4450  0.000000       0.00000       0.00000         233110.4975    0.000000    -0.00004     0.00000    0.000000000   -0.000000243   -0.000000424  257.779709  81338.5803
1542.00   15.0000    0.0000   15.0000  273.5230  273.5230  0.000000       0.00000       0.00000         233044.0219    0.000000    -0.00004     0.00000    0.000000000   -0.000000243   -0.000000423  257.736130  81209.3152
1554.00   15.0000    0.0000   15.0000  273.6010  273.6010  0.000000       0.00000       0.00000         232977.5841    0.000000    -0.00004     0.00000    0.000000000   -0.000000243   -0.000000423  257.692517  81080.2337
1566.00   15.0000    0.0000   15.0000  273.6790  273.6790  0.000000       0.00000       0.00000         232911.1843    0.000000    -0.00004     0.00000    0.000000000   -0.000000243   -0.000000422  257.648872  80951.3355
1578.00   15.0000    0.0000   15.0000  273.7570  273.7570  0.000000       0.00000       0.00000         232844.8222    0.000000    -0.00004     0.00000    0.000000000   -0.000000243   -0.000000422  257.605193  80822.6205
1590.00   15.0000    0.0000   15.0000  273.8350  273.8350  0.000000       0.00000       0.00000         232778.4980    0.000000    -0.00004     0.00000    0.000000000   -0.000000243   -0.000000422  257.561480  80694.0883
1602.00   15.0000    0.0000   15.0000  273.9130  273.9130  0.000000       0.00000       0.00000         232712.2115    0.000000    -0.00004     0.00000    0.000000000   -0.000000243   -0.000000421  257.517734  80565.7388
1614.00   15.0000    0.0000   15.0000  273.9910  273.9910  0.000000       0.00000       0.00000         232645.9628    0.000000    -0.00004     0.00000    0.000000000   -0.000000243   -0.000000421  257.473955  80437.5717
1626.00   15.0000    0.0000   15.0000  274.0690  274.0690  0.000000       0.00000       0.00000         232579.7518    0.000000    -0.00004     0.00000    0.000000000   -0.000000243   -0.000000420  257.430143  80309.5867
1638.00   15.0000    0.0000   15.0000  274.1470  274.1470  0.000000       0.00000       0.00000         232513.5785    0.000000    -0.00004     0.00000    0.000000000   -0.000000243   -0.000000420  257.386297  80181.7836
1650.00   15.0000    0.0000   15.0000  274.2250  274.2250  0.000000       0.00000       0.00000         232447.4428    0.000000    -0.00004     0.00000    0.000000000   -0.000000242   -0.000000420  257.342418  80054.1622
1662.00   15.0000    0.0000   15.0000  274.3030  274.3030  0.000000       0.00000       0.00000         232381.3447    0.000000    -0.00004     0.00000    0.000000000   -0.000000242   -0.000000419  257.298505  79926.7222
1674.00   15.0000    0.0000   15.0000  274.3810  274.3810  0.000000       0.00000       0.00000         232315.2842    0.000000    -0.00004     0.00000    0.000000000   -0.000000242   -0.000000419  257.254560  79799.4633
1686.00   15.0000    0.0000   15.0000  274.4590  274.4590  0.000000       0.00000       0.00000         232249.2613    0.000000    -0.00004     0.00000    0.000000000   -0.000000242   -0.000000418  257.210581  79672.3854
1698.00   15.0000    0.0000   15.0000  274.5370  274.5370  0.000000       0.00000       0.00000         232183.2758    0.000000    -0.00004     0.00000    0.000000000   -0.000000242   -0.000000418  257.166568  79545.4881
1710.00   15.0000    0.0000   15.0000  274.6150  274.6150  0.000000       0.00000       0.00000         232117.3279    0.000000    -0.00004     0.00000    0.000000000   -0.000000242   -0.000000418  257.122523  79418.7713
1722.00   15.0000    0.0000   15.0000  274.6930  274.6930  0.000000       0.00000       0.00000         232051.4174    0.000000    -0.00004     0.00000    0.000000000   -0.000000242   -0.000000417  257.078444  79292.2347
1734.00   15.0000    0.0000   15.0000  274.7710  274.7710  0.000000       0.00000       0.00000         231985.5443    0.000000    -0.00004     0.00000    0.000000000   -0.000000242   -0.000000417  257.034332  79165.8780
1746.00   15.0000    0.0000   15.0000  274.8490  274.8490  0.000000       0.00000       0.00000         231919.7086    0.000000    -0.00004     0.00000    0.000000000   -0.000000242   -0.000000416  256.990186  79039.7011
1758.00   15.0000    0.0000   15.0000  274.9270  274.9270  0.000000       0.00000       0.00000         231853.9103    0.000000    -0.00004     0.00000    0.000000000   -0.000000242   -0.000000416  256.946008  78913.7036
1770.00   15.0000    0.0000   15.0000  275.0050  275.0050  0.000000       0.00000       0.00000         231788.1493    0.000000    -0.00004     0.00000    0.000000000   -0.000000242   -0.000000415  256.901796  78787.8853
1782.00   15.0000    0.0000   15.0000  275.0830  275.0830  0.000000       0.00000       0.00000         231722.4256    0.000000    -0.00004     0.00000    0.000000000   -0.000000242   -0.000000415  256.857551  78662.2461
1794.00   15.0000    0.0000   15.0000  275.1610  275.1610  0.000000       0.00000       0.00000         231656.7391    0.000000    -0.00004     0.00000    0.000000000   -0.000000242   -0.000000415  256.813273  78536.7856
1806.00   15.0000    0.0000   15.0000  275.2390  275.2390  0.000000       0.00000       0.00000         231591.0899    0.000000    -0.00004     0.00000    0.000000000   -0.000000242   -0.000000414  256.768962  78411.5036
1818.00   15.0000    0.0000   15.0000  275.3170  275.3170  0.000000       0.00000       0.00000         231525.4779    0.000000    -0.00004     0.00000    0.000000000   -0.000000242   -0.000000414  256.724617  78286.3998
1830.00   15.0000    0.0000   15.0000  275.3950  275.3950  0.000000       0.00000       0.00000         231459.9030    0.000000    -0.00004     0.00000    0.000000000   -0.000000242   -0.000000413  256.680239  78161.4741
1842.00   15.0000    0.0000   15.0000  275.4730  275.4730  0.000000       0.00000       0.00000         231394.3653    0.000000    -0.00004     0.00000    0.000000000   -0.000000242   -0.000000413  256.635828  78036.7262
1854.00   15.0000    0.0000   15.0000  275.5510  275.5510  0.000000       0.00000       0.00000         231328.8647    0.000000    -0.00005     0.00000    0.000000000   -0.000000242   -0.000000412  256.591384  77912.1559
1866.00   15.0000    0.0000   15.0000  275.6290  275.6290  0.000000       0.00000       0.00000         231263.4012    0.000000    -0.00005     0.00000    0.000000000   -0.000000242   -0.000000412  256.546907  77787.7629
1878.00   15.0000    0.0000   15.0000  275.7070  275.7070  0.000000       0.00000       0.00000         231197.9747    0.000000    -0.00005     0.00000    0.000000000   -0.000000241   -0.000000412  256.502397  77663.5469
1890.00   15.0000    0.0000   15.0000  275.7850  275.7850  0.000000       0.00000       0.00000         231132.5852    0.000000    -0.00005     0.00000    0.000000000   -0.000000241   -0.000000411  256.457853  77539.5078
1902.00   15.0000    0.0000   15.0000  275.8630  275.8630  0.000000       0.00000       0.00000         231067.2326    0.000000    -0.00005     0.00000    0.000000000   -0.000000241   -0.000000411  256.413277  77415.6453
1914.00   15.0000    0.0000   15.0000  275.9410  275.9410  0.000000       0.00000       0.00000         231001.9171    0.000000    -0.00005     0.00000    0.000000000   -0.000000241   -0.000000410  256.368667  77291.9592
1926.00   15.0000    0.0000   15.0000  276.0190  276.0190  0.000000       0.00000       0.00000         230936.6384    0.000000    -0.00005     0.00000    0.000000000   -0.000000241   -0.000000410  256.324024  77168.4492
1938.00   15.0000    0.0000   15.0000  276.0970  276.0970  0.000000       0.00000       0.00000         230871.3966    0.000000    -0.00005     0.00000    0.000000000   -0.000000241   -0.000000409  256.279349  77045.1151
1950.00   15.0000    0.0000   15.0000  276.1750  276.1750  0.000000       0.00000       0.00000         230806.1917    0.000000    -0.00005     0.00000    0.000000000   -0.000000241   -0.000000409  256.234640  76921.9566
1962.00   15.0000    0.0000   15.0000  276.2530  276.2530  0.000000       0.00000       0.00000         230741.0236    0.000000    -0.00005     0.00000    0.000000000   -0.000000241   -0.000000408  256.189898  76798.9736
1974.00   15.0000    0.0000   15.0000  276.3310  276.3310  0.000000       0.00000       0.00000         230675.8923    0.000000    -0.00005     0.00000    0.000000000   -0.000000241   -0.000000408  256.145123  76676.1658
1986.00   15.0000    0.0000   15.0000  276.4090  276.4090  0.000000       0.00000       0.00000         230610.7978    0.000000    -0.00005     0.00000    0.000000000   -0.000000241   -0.000000408  256.100314  76553.5329
1998.00   15.0000    0.0000   15.0000  276.4870  276.4870  0.000000       0.00000       0.00000         230545.7399    0.000000    -0.00005     0.00000    0.000000000   -0.000000241   -0.000000407  256.055473  76431.0747
2010.00   15.0000    0.0000   15.0000  276.5650  276.5650  0.000000       0.00000       0.00000         230480.7188    0.000000    -0.00005     0.00000    0.000000000   -0.000000241   -0.000000407  256.010599  76308.7911
2022.00   15.0000    0.0000   15.0000  276.6430  276.6430  0.000000       0.00000       0.00000         230415.7344    0.000000    -0.00005     0.00000    0.000000000   -0.000000241   -0.000000406  255.965692  76186.6817
2034.00   15.0000    0.0000   15.0000  276.7210  276.7210  0.000000       0.00000       0.00000         230350.7865    0.000000    -0.00005     0.00000    0.000000000   -0.000000240   -0.000000406  255.920752  76064.7462
2046.00   15.0000    0.0000   15.0000  276.7990  276.7990  0.000000       0.00000       0.00000         230285.8753    0.000000    -0.00005     0.00000    0.000000000   -0.000000240   -0.000000405  255.875778  75942.9846
2058.00   15.0000    0.0000   15.0000  276.8770  276.8770  0.000000       0.00000       0.00000         230221.0007    0.000000    -0.00005     0.00000    0.000000000   -0.000000240   -0.000000405  255.830772  75821.3966
2070.00   15.0000    0.0000   15.0000  276.9550  276.9550  0.000000       0.00000       0.00000         230156.1626    0.000000    -0.00005     0.00000    0.000000000   -0.000000240   -0.000000404  255.785733  75699.9818
2082.00   15.0000    0.0000   15.0000  277.0330  277.0330  0.000000       0.00000       0.00000         230091.3610    0.000000    -0.00005     0.00000    0.000000000   -0.000000240   -0.000000404  255.740661  75578.7402
2094.00   15.0000    0.0000   15.0000  277.1110  277.1110  0.000000       0.00000       0.00000         230026.5958    0.000000    -0.00005     0.00000    0.000000000   -0.000000240   -0.000000403  255.695555  75457.6714
2106.00   15.0000    0.0000   15.0000  277.1890  277.1890  0.000000       0.00000       0.00000         229961.8672    0.000000    -0.00005     0.00000    0.000000000   -0.000000240   -0.000000403  255.650417  75336.7752
2118.00   15.0000    0.0000   15.0000  277.2670  277.2670  0.000000       0.00000       0.00000         229897.1749    0.000000    -0.00005     0.00000    0.000000000   -0.000000240   -0.000000403  255.605246  75216.0514
2130.00   15.0000    0.0000   15.0000  277.3450  277.3450  0.000000       0.00000       0.00000         229832.5191    0.000000    -0.00005     0.00000    0.000000000   -0.000000240   -0.000000402  255.560042  75095.4998
2142.00   15.0000    0.0000   15.0000  277.4230  277.4230  0.000000       0.00000       0.00000         229767.8996    0.000000    -0.00005     0.00000    0.000000000   -0.000000240   -0.000000402  255.514805  74975.1201
2154.00   15.0000    0.0000   15.0000  277.5010  277.5010  0.000000       0.00000       0.00000         229703.3164    0.000000    -0.00005     0.00000    0.000000000   -0.000000240   -0.000000401  255.469535  74854.9121
2166.00   15.0000    0.0000   15.0000  277.5790  277.5790  0.000000       0.00000       0.00000         229638.7695    0.000000    -0.00005     0.00000    0.000000000   -0.000000239   -0.000000401  255.424233  74734.8755
2178.00   15.0000    0.0000   15.0000  277.6570  277.6570  0.000000       0.00000       0.00000         229574.2589    0.000000    -0.00005     0.00000    0.000000000   -0.000000239   -0.000000400  255.378897  74615.0103
2190.00   15.0000    0.0000   15.0000  277.7350  277.7350  0.000000       0.00000       0.00000         229509.7845    0.000000    -0.00005     0.00000    0.000000000   -0.000000239   -0.000000400  255.333528  74495.3160
2202.00   15.0000    0.0000   15.0000  277.8130  277.8130  0.000000       0.00000       0.00000         229445.3463    0.000000    -0.00005     0.00000    0.000000000   -0.000000239   -0.000000399  255.288127  74375.7925
2214.00   15.0000    0.0000   15.0000  277.8910  277.8910  0.000000       0.00000       0.00000         229380.9443    0.000000    -0.00005     0.00000    0.000000000   -0.000000239   -0.000000399  255.242692  74256.4396
2226.00   15.0000    0.0000   15.0000  277.9690  277.9690  0.000000       0.00000       0.00000         229316.5785    0.000000    -0.00005     0.00000    0.000000000   -0.000000239   -0.000000398  255.197225  74137.2570
2238.00   15.0000    0.0000   15.0000  278.0470  278.0470  0.000000       0.00000       0.00000         229252.2487    0.000000    -0.00005     0.00000    0.000000000   -0.000000239   -0.000000398  255.151725  74018.2444
2250.00   15.0000    0.0000   15.0000  278.1250  278.1250  0.000000       0.00000       0.00000         229187.9551    0.000000    -0.00005     0.00000    0.000000000   -0.000000239   -0.000000397  255.106192  73899.4018
2262.00   15.0000    0.0000   15.0000  278.2030  278.2030  0.000000       0.00000       0.00000         229123.6974    0.000000    -0.00006     0.00000    0.000000000   -0.000000239   -0.000000397  255.060626  73780.7288
2274.00   15.0000    0.0000   15.0000  278.2810  278.2810  0.000000       0.00000       0.00000         229059.4759    0.000000    -0.00006     0.00000    0.000000000   -0.000000238   -0.000000396  255.015028  73662.2252
2286.00   15.0000    0.0000   15.0000  278.3590  278.3590  0.000000       0.00000       0.00000         228995.2903    0.000000    -0.00006     0.00000    0.000000000   -0.000000238   -0.000000396  254.969396  73543.8908
2298.00   15.0000    0.0000   15.0000  278.4370  278.4370  0.000000       0.00000       0.00000         228931.1406    0.000000    -0.00006     0.00000    0.000000000   -0.000000238   -0.000000395  254.923732  73425.7254
2310.00   15.0000    0.0000   15.0000  278.5150  278.5150  0.000000       0.00000       0.00000         228867.0269    0.000000    -0.00006     0.00000    0.000000000   -0.000000238   -0.000000395  254.878035  73307.7287
2322.00   15.0000    0.0000   15.0000  278.5930  278.5930  0.000000       0.00000       0.00000         228802.9491    0.000000    -0.00006     0.00000    0.000000000   -0.000000238   -0.000000395  254.832305  73189.9005
2334.00   15.0000    0.0000   15.0000  278.6710  278.6710  0.000000       0.00000       0.00000         228738.9072    0.000000    -0.00006     0.00000    0.000000000   -0.000000238   -0.000000394  254.786543  73072.2406
2346.00   15.0000    0.0000   15.0000  278.7490  278.7490  0.000000       0.00000       0.00000         228674.9011    0.000000    -0.00006     0.00000    0.000000000   -0.000000238   -0.000000394  254.740747  72954.7487
2358.00   15.0000    0.0000   15.0000  278.8270  278.8270  0.000000       0.00000       0.00000         228610.9308    0.000000    -0.00006     0.00000    0.000000000   -0.000000238   -0.000000393  254.694919  72837.4247
2370.00   15.0000    0.0000   15.0000  278.9050  278.9050  0.000000       0.00000       0.00000         228546.9963    0.000000    -0.00006     0.00000    0.000000000   -0.000000237   -0.000000393  254.649058  72720.2683
2382.00   15.0000    0.0000   15.0000  278.9830  278.9830  0.000000       0.00000       0.00000              0.0000    0.000000    -0.00006     0.00000    0.000000000    0.000000000    0.000000000  254.603165  72603.2792
2394.00   15.0000    0.0000   15.0000  279.0610  279.0610  0.000000       0.00000       0.00000              0.0000    0.000000     0.00000     0.00000    0.000000000    0.000000000    0.000000000  254.557238  72486.4574
