   0.00    0.0000    0.0000    0.0000  238.8174  238.8174  0.000000       0.00000       0.00000              0.0000    0.000000     0.00000     0.00000    0.000000000    0.000000000    0.000000000    0.000000      0.0000
   6.00    8.0319    3.4537    8.7430  240.1565  240.1565  0.000000       0.76673       0.76673              0.0000    0.000000     0.00000     0.00000   -0.000004650    0.000000000    0.000000000  240.068723  99872.0878
  18.00    9.0322    3.8141    9.8045  240.2370  240.2370  0.000000       2.50431       2.50431              0.0442    0.000000    -0.00000     0.00000   -0.000014548    0.000000000    0.000000000  240.002755  99659.0594
  30.00    9.6548    4.0006   10.4508  240.2888  240.2888  0.000000       2.49627       2.49627              0.0653    0.000000    -0.00000     0.00000   -0.000018293   -0.000000095   -0.000000123  239.937399  99488.9490
  42.00   10.2139    4.1355   11.0193  240.3369  240.3369  0.000000       2.77526       2.77526              0.0776    0.000000    -0.00000     0.00000   -0.000020186   -0.000000102   -0.000000129  239.868359  99319.0814
  54.00   10.7120    4.2276   11.5161  240.3814  240.3814  0.000000       2.79407       2.79407              0.0903    0.000000    -0.00000     0.00000   -0.000021611   -0.000000106   -0.000000132  239.795686  99149.4538
  66.00   11.1783    4.2879   11.9725  240.4248  240.4248  0.000000       2.77688       2.77688              0.1014    0.000000    -0.00000     0.00000   -0.000022810   -0.000000107   -0.000000133  239.721862  98980.0642
  78.00   11.6203    4.3205   12.3976  240.4678  240.4678  0.000000       2.69212       2.69212              0.1123    0.000000    -0.00000     0.00000   -0.000023881   -0.000000106   -0.000000133  239.647627  98810.9118
  90.00   12.0449    4.3279   12.7989  240.5111  240.5111  0.000000       2.57395       2.57395              0.1228    0.000000    -0.00000     0.00000   -0.000024894   -0.000000105   -0.000000131  239.573719  98641.9963
 102.00   12.4554    4.3114   13.1805  240.5553  240.5553  0.000000       2.42840       2.42840              0.1334    0.000000    -0.00000     0.00000   -0.000025873   -0.000000102   -0.000000128  239.500639  98473.3179
 114.00   12.8541    4.2716   13.5452  240.6009  240.6009  0.000000       2.26542       2.26542              0.1442    0.000000    -0.00000     0.00000   -0.000026840   -0.000000099   -0.000000125  239.428849  98304.8771
 126.00   13.2421    4.2086   13.8948  240.6481  240.6481  0.000000       2.09050       2.09050              0.1553    0.000000    -0.00000     0.00000   -0.000027839   -0.000000095   -0.000000121  239.358783  98136.6746
 138.00   13.6202    4.1222   14.2303  240.6976  240.6976  0.000000       1.90839       1.90839              0.1671    0.000000    -0.00000     0.00000   -0.000028868   -0.000000090   -0.000000116  239.290897  97968.7115
 150.00   13.9882    4.0121   14.5521  240.7498  240.7498  0.000000       1.72252       1.72252              0.1796    0.000000    -0.00000     0.00000   -0.000029957   -0.000000084   -0.000000111  239.225696  97800.9893
 162.00   14.3457    3.8773   14.8605  240.8054  240.8054  0.000000       1.53566       1.53566              0.1932    0.000000    -0.00000     0.00000   -0.000031107   -0.000000077   -0.000000104  239.163773  97633.5098
 174.00   14.6920    3.7170   15.1549  240.8650  240.8650  0.000000       1.35001       1.35001              0.2082    0.000000    -0.00000     0.00000   -0.000032337   -0.000000069   -0.000000096  239.105857  97466.2752
 186.00   15.0256    3.5298   15.4347  240.9296  240.9296  0.000000       1.16735       1.16735              0.2250    0.000000    -0.00000     0.00000   -0.000033675   -0.000000059   -0.000000086  239.052896  97299.2884
 198.00   15.3448    3.3140   15.6986  241.0005  241.0005  0.000000       0.98936       0.98936              0.2443    0.000000    -0.00000     0.00000   -0.000035181   -0.000000046   -0.000000073  239.006161  97132.5530
 210.00   15.6469    3.0675   15.9447  241.0796  241.0796  0.000000       0.81719       0.81719              0.2671    0.000000    -0.00001     0.00000   -0.000036881   -0.000000029   -0.000000057  238.967461  96966.0736
 222.00   15.9281    2.7872   16.1701  241.1695  241.1695  0.000000       0.65303       0.65303              0.2948    0.000000    -0.00001     0.00000   -0.000038840   -0.000000006   -0.000000035  238.939488  96799.8563
 234.00   16.1832    2.4686   16.3704  241.2748  241.2748  0.000000       0.49648       0.49648              0.3303    0.000000    -0.00001     0.00000   -0.000041339    0.000000028   -0.000000003  238.926684  96633.9098
 246.00   16.4026    2.1058   16.5372  241.4030  241.4030  0.000000       0.35476       0.35476              0.3780    0.000000    -0.00001     0.00000   -0.000044306    0.000000084    0.000000051  238.936507  96468.2468
 258.00   16.5707    1.6848   16.6561  241.5712  241.5712  0.000000       0.21821       0.21821              0.4529    0.000000    -0.00002     0.00000   -0.000048763    0.000000188    0.000000149  238.985839  96302.8882
 270.00   16.6449    1.1977   16.6880  241.8136  241.8136  0.000000       0.12131       0.12131              0.5705    0.000000    -0.00002     0.00000   -0.000058652    0.000000483    0.000000426  239.108558  96137.8723
 282.00   16.4903    0.5724   16.5003  242.3003  242.3003  0.000000       0.01311       0.01311              1.2156    0.000000     0.00000     0.00000   -0.000044515    0.000004473    0.000003648  239.472578  95973.3065
 294.00   15.3043   -0.0847   15.3045  246.1207  246.1207  0.000000       0.00066       0.00066              2.5554    0.000000    -0.00027     0.00000   -0.000175816    0.000008332    0.000008156  243.130499  95810.3801
 306.00   15.0021   -0.0032   15.0021  249.1041  249.1041  0.000000       0.00000       0.00000             42.3290    0.000000    -0.00014     0.00000   -0.000006837    0.000006627    0.000006712  245.959714  95649.8899
 318.00   15.0000   -0.0000   15.0000  250.5901  250.5901  0.000000       0.00000       0.00000         150460.3365    0.000000    -0.00009     0.00000   -0.000000000    0.000004014    0.000003896  247.309560  95491.0294
 330.00   15.0000   -0.0000   15.0000  251.5315  251.5315  0.000000       0.00000       0.00000        2854799.0278    0.000000    -0.00008     0.00000    0.000000000    0.000003052    0.000002896  248.121321  95333.1251
 342.00   15.0000   -0.0000   15.0000  252.3475  252.3475  0.000000       0.00000       0.00000        2432958.6157    0.000000    -0.00007     0.00000    0.000000000    0.000002702    0.000002554  248.808936  95175.9572
 354.00   15.0000   -0.0000   15.0000  253.0341  253.0341  0.000000       0.00000       0.00000        2078238.3915    0.000000    -0.00007     0.00000    0.000000000    0.000002366    0.000002221  249.368636  95019.4412
 366.00   15.0000   -0.0000   15.0000  253.6345  253.6345  0.000000       0.00000       0.00000        1840715.1470    0.000000    -0.00006     0.00000    0.000000000    0.000002136    0.000001993  249.843092  94863.5060
 378.00   15.0000    0.0000   15.0000  254.1767  254.1767  0.000000       0.00000       0.00000        1659182.4986    0.000000    -0.00006     0.00000    0.000000000    0.000001952    0.000001812  250.259965  94708.1041
 390.00   15.0000    0.0000   15.0000  254.6666  254.6666  0.000000       0.00000       0.00000        1518539.8839    0.000000    -0.00006     0.00000    0.000000000    0.000001806    0.000001667  250.625114  94553.1988
 402.00   15.0000    0.0000   15.0000  255.1231  255.1231  0.000000       0.00000       0.00000        1400222.6478    0.000000    -0.00005     0.00000    0.000000000    0.000001676    0.000001539  250.957201  94398.7616
 414.00   15.0000    0.0000   15.0000  255.5408  255.5408  0.000000       0.00000       0.00000        1299764.0363    0.000000    -0.00005     0.00000    0.000000000    0.000001562    0.000001425  251.250918  94244.7688
 426.00   15.0000    0.0000   15.0000  255.9360  255.9360  0.000000       0.00000       0.00000        1217405.1370    0.000000    -0.00005     0.00000    0.000000000    0.000001466    0.000001331  251.522236  94091.1997
 438.00   15.0000    0.0000   15.0000  256.3034  256.3034  0.000000       0.00000       0.00000        1146096.2029    0.000000    -0.00005     0.00000    0.000000000    0.000001381    0.000001245  251.766120  93938.0378
 450.00   15.0000    0.0000   15.0000  256.6549  256.6549  0.000000       0.00000       0.00000        1087482.4882    0.000000    -0.00005     0.00000    0.000000000    0.000001309    0.000001174  251.994225  93785.2683
 462.00   15.0000    0.0000   15.0000  256.9864  256.9864  0.000000       0.00000       0.00000        1035306.0699    0.000000    -0.00005     0.00000    0.000000000    0.000001245    0.000001109  252.202602  93632.8793
 474.00   15.0000    0.0000   15.0000  257.3060  257.3060  0.000000       0.00000       0.00000         989912.3112    0.000000    -0.00004     0.00000    0.000000000    0.000001187    0.000001052  252.399055  93480.8598
 486.00   15.0000    0.0000   15.0000  257.6098  257.6098  0.000000       0.00000       0.00000         945516.5381    0.000000    -0.00004     0.00000    0.000000000    0.000001128    0.000000992  252.579891  93329.2004
 498.00   15.0000    0.0000   15.0000  257.9021  257.9021  0.000000       0.00000       0.00000         907291.7684    0.000000    -0.00004     0.00000    0.000000000    0.000001076    0.000000941  252.749338  93177.8919
 510.00   15.0000    0.0000   15.0000  258.1825  258.1825  0.000000       0.00000       0.00000         872799.8272    0.000000    -0.00004     0.00000    0.000000000    0.000001028    0.000000893  252.906922  93026.9264
 522.00   15.0000    0.0000   15.0000  258.4536  258.4536  0.000000       0.00000       0.00000         841937.0282    0.000000    -0.00004     0.00000    0.000000000    0.000000985    0.000000849  253.055369  92876.2966
 534.00   15.0000    0.0000   15.0000  258.7150  258.7150  0.000000       0.00000       0.00000         813694.6963    0.000000    -0.00004     0.00000    0.000000000    0.000000944    0.000000808  253.194157  92725.9959
 546.00   15.0000    0.0000   15.0000  258.9688  258.9688  0.000000       0.00000       0.00000         787510.7451    0.000000    -0.00004     0.00000    0.000000000    0.000000906    0.000000770  253.325390  92576.0184
 558.00   15.0000    0.0000   15.0000  259.2141  259.2141  0.000000       0.00000       0.00000         764454.5975    0.000000    -0.00004     0.00000    0.000000000    0.000000872    0.000000735  253.448205  92426.3584
 570.00   15.0000    0.0000   15.0000  259.4538  259.4538  0.000000       0.00000       0.00000         743516.5081    0.000000    -0.00004     0.00000    0.000000000    0.000000841    0.000000704  253.565373  92277.0111
 582.00   15.0000    0.0000   15.0000  259.6862  259.6862  0.000000       0.00000       0.00000         724702.4877    0.000000    -0.00004     0.00000    0.000000000    0.000000813    0.000000675  253.675415  92127.9719
 594.00   15.0000    0.0000   15.0000  259.9143  259.9143  0.000000       0.00000       0.00000         708094.3129    0.000000    -0.00004     0.00000    0.000000000    0.000000788    0.000000650  253.781102  91979.2365
 606.00   15.0000    0.0000   15.0000  260.1366  260.1366  0.000000       0.00000       0.00000         692048.6948    0.000000    -0.00004     0.00000    0.000000000    0.000000763    0.000000625  253.881017  91830.8014
 618.00   15.0000    0.0000   15.0000  260.3549  260.3549  0.000000       0.00000       0.00000         676413.4764    0.000000    -0.00004     0.00000    0.000000000    0.000000739    0.000000600  253.976907  91682.6629
 630.00   15.0000    0.0000   15.0000  260.5676  260.5676  0.000000       0.00000       0.00000         661173.6544    0.000000    -0.00004     0.00000    0.000000000    0.000000714    0.000000575  254.067266  91534.8176
 642.00   15.0000    0.0000   15.0000  260.7766  260.7766  0.000000       0.00000       0.00000         648266.9323    0.000000    -0.00004     0.00000    0.000000000    0.000000694    0.000000554  254.153829  91387.2620
 654.00   15.0000    0.0000   15.0000  260.9814  260.9814  0.000000       0.00000       0.00000         636245.2119    0.000000    -0.00004     0.00000    0.000000000    0.000000674    0.000000534  254.236300  91239.9933
 666.00   15.0000    0.0000   15.0000  261.1829  261.1829  0.000000       0.00000       0.00000         625838.6982    0.000000    -0.00004     0.00000    0.000000000    0.000000658    0.000000517  254.315514  91093.0085
 678.00   15.0000    0.0000   15.0000  261.3814  261.3814  0.000000       0.00000       0.00000         616368.8654    0.000000    -0.00004     0.00000    0.000000000    0.000000643    0.000000501  254.391632  90946.3054
 690.00   15.0000    0.0000   15.0000  261.5772  261.5772  0.000000       0.00000       0.00000         608239.1887    0.000000    -0.00004     0.00000    0.000000000    0.000000631    0.000000488  254.465067  90799.8815
 702.00   15.0000    0.0000   15.0000  261.7708  261.7708  0.000000       0.00000       0.00000         601102.8586    0.000000    -0.00004     0.00000    0.000000000    0.000000620    0.000000477  254.536232  90653.7348
 714.00   15.0000    0.0000   15.0000  261.9623  261.9623  0.000000       0.00000       0.00000         595256.9287    0.000000    -0.00004     0.00000    0.000000000    0.000000612    0.000000468  254.605327  90507.8635
 726.00   15.0000    0.0000   15.0000  262.1524  262.1524  0.000000       0.00000       0.00000         590936.1657    0.000000    -0.00004     0.00000    0.000000000    0.000000607    0.000000463  254.672952  90362.2661
 738.00   15.0000    0.0000   15.0000  262.3414  262.3414  0.000000       0.00000       0.00000         587846.0709    0.000000    -0.00004     0.00000    0.000000000    0.000000605    0.000000459  254.739452  90216.9410
 750.00   15.0000    0.0000   15.0000  262.5298  262.5298  0.000000       0.00000       0.00000         585780.1921    0.000000    -0.00004     0.00000    0.000000000    0.000000605    0.000000458  254.805246  90071.8874
 762.00   15.0000    0.0000   15.0000  262.7178  262.7178  0.000000       0.00000       0.00000         585197.8171    0.000000    -0.00004     0.00000    0.000000000    0.000000608    0.000000460  254.870553  89927.1042
 774.00   15.0000    0.0000   15.0000  262.9061  262.9061  0.000000       0.00000       0.00000         586069.7779    0.000000    -0.00005     0.00000    0.000000000    0.000000614    0.000000466  254.936078  89782.5908
 786.00   15.0000    0.0000   15.0000  263.0949  263.0949  0.000000       0.00000       0.00000         588113.0914    0.000000    -0.00005     0.00000    0.000000000    0.000000623    0.000000474  255.002022  89638.3467
 798.00   15.0000    0.0000   15.0000  263.2848  263.2848  0.000000       0.00000       0.00000         591111.8634    0.000000    -0.00005     0.00000    0.000000000    0.000000635    0.000000484  255.068916  89494.3719
 810.00   15.0000    0.0000   15.0000  263.4758  263.4758  0.000000       0.00000       0.00000         596090.3832    0.000000    -0.00005     0.00000    0.000000000    0.000000651    0.000000499  255.136829  89350.6663
 822.00   15.0000    0.0000   15.0000  263.6691  263.6691  0.000000       0.00000       0.00000         604100.7451    0.000000    -0.00005     0.00000    0.000000000    0.000000675    0.000000521  255.206930  89207.2303
 834.00   15.0000    0.0000   15.0000  263.8656  263.8656  0.000000       0.00000       0.00000         614701.5953    0.000000    -0.00005     0.00000    0.000000000    0.000000705    0.000000550  255.279948  89064.0645
 846.00   15.0000    0.0000   15.0000  264.0661  264.0661  0.000000       0.00000       0.00000         629991.1799    0.000000    -0.00005     0.00000    0.000000000    0.000000747    0.000000590  255.356779  88921.1705
 858.00   15.0000    0.0000   15.0000  264.2727  264.2727  0.000000       0.00000       0.00000         645753.3809    0.000000    -0.00006     0.00000    0.000000000    0.000000791    0.000000631  255.439467  88778.5503
 870.00   15.0000    0.0000   15.0000  264.4837  264.4837  0.000000       0.00000       0.00000         672797.3021    0.000000    -0.00006     0.00000    0.000000000    0.000000863    0.000000701  255.526280  88636.2059
 882.00   15.0000    0.0000   15.0000  264.7082  264.7082  0.000000       0.00000       0.00000         692607.9601    0.000000    -0.00006     0.00000    0.000000000    0.000000920    0.000000755  255.626016  88494.1417
 894.00   15.0000    0.0000   15.0000  264.9324  264.9324  0.000000       0.00000       0.00000         743024.5424    0.000000    -0.00007     0.00000    0.000000000    0.000001054    0.000000883  255.725389  88352.3603
 906.00   15.0000    0.0000   15.0000  265.1900  265.1900  0.000000       0.00000       0.00000         758370.1735    0.000000    -0.00007     0.00000    0.000000000    0.000001103    0.000000932  255.856839  88210.8699
 918.00   15.0000    0.0000   15.0000  265.4246  265.4246  0.000000       0.00000       0.00000         865245.1988    0.000000    -0.00009     0.00000    0.000000000    0.000001388    0.000001204  255.966073  88069.6724
 930.00   15.0000    0.0000   15.0000  265.7520  265.7520  0.000000       0.00000       0.00000         859970.7607    0.000000    -0.00007     0.00000    0.000000000    0.000001390    0.000001213  256.164650  87928.7856
 942.00   15.0000    0.0000   15.0000  265.9839  265.9839  0.000000       0.00000       0.00000        1104058.8485    0.000000    -0.00014     0.00000    0.000000000    0.000002058    0.000001841  256.271039  87788.2079
 954.00   15.0000    0.0000   15.0000  266.4707  266.4707  0.000000       0.00000       0.00000        1046207.7223    0.000000    -0.00006     0.00000    0.000000000    0.000001927    0.000001748  256.622850  87647.9800
 966.00   15.0000    0.0000   15.0000  266.6662  266.6662  0.000000       0.00000       0.00000        1603689.6625    0.000000    -0.00026     0.00000    0.000000000    0.000003535    0.000003218  256.693977  87508.0916
 978.00   15.0000    0.0000   15.0000  267.5173  267.5173  0.000000       0.00000       0.00000        1493848.5308    0.000000    -0.00004     0.00000    0.000000000    0.000003261    0.000003108  257.395980  87368.6359
 990.00   15.0000    0.0000   15.0000  267.6442  267.6442  0.000000       0.00000       0.00000        3810123.0150    0.000000    -0.00073     0.00000    0.000000000    0.000010756    0.000009542  257.400973  87229.5939
1002.00   15.0000    0.0000   15.0000  270.0130  270.0130  0.000000       0.00000       0.00000        3702674.1994    0.000000    -0.00002     0.00000    0.000000000    0.000010527    0.000010990  259.561472  87091.3514
1014.00   15.0000    0.0000   15.0000  270.0910  270.0910  0.000000       0.00000       0.00000         236005.2723    0.000000    -0.00002     0.00000    0.000000000   -0.000000241   -0.000000437  259.519342  86953.8936
1026.00   15.0000    0.0000   15.0000  270.1690  270.1690  0.000000       0.00000       0.00000         235937.1356    0.000000    -0.00002     0.00000    0.000000000   -0.000000241   -0.000000436  259.477179  86816.6305
1038.00   15.0000    0.0000   15.0000  270.2470  270.2470  0.000000       0.00000       0.00000         235869.0383    0.000000    -0.00003     0.00000    0.000000000   -0.000000242   -0.000000436  259.434981  86679.5619
1050.00   15.0000    0.0000   15.0000  270.3250  270.3250  0.000000       0.00000       0.00000         235800.9803    0.000000    -0.00003     0.00000    0.000000000   -0.000000242   -0.000000436  259.392750  86542.6874
1062.00   15.0000    0.0000   15.0000  270.4030  270.4030  0.000000       0.00000       0.00000         235732.9615    0.000000    -0.00003     0.00000    0.000000000   -0.000000242   -0.000000435  259.350485  86406.0067
1074.00   15.0000    0.0000   15.0000  270.4810  270.4810  0.000000       0.00000       0.00000         235664.9820    0.000000    -0.00003     0.00000    0.000000000   -0.000000242   -0.000000435  259.308186  86269.5198
1086.00   15.0000    0.0000   15.0000  270.5590  270.5590  0.000000       0.00000       0.00000         235597.0417    0.000000    -0.00003     0.00000    0.000000000   -0.000000242   -0.000000435  259.265853  86133.2262
1098.00   15.0000    0.0000   15.0000  270.6370  270.6370  0.000000       0.00000       0.00000         235529.1405    0.000000    -0.00003     0.00000    0.000000000   -0.000000242   -0.000000434  259.223487  85997.1257
1110.00   15.0000    0.0000   15.0000  270.7150  270.7150  0.000000       0.00000       0.00000         235461.2785    0.000000    -0.00003     0.00000    0.000000000   -0.000000242   -0.000000434  259.181087  85861.2180
1122.00   15.0000    0.0000   15.0000  270.7930  270.7930  0.000000       0.00000       0.00000         235393.4555    0.000000    -0.00003     0.00000    0.000000000   -0.000000242   -0.000000434  259.138653  85725.5030
1134.00   15.0000    0.0000   15.0000  270.8710  270.8710  0.000000       0.00000       0.00000         235325.6716    0.000000    -0.00003     0.00000    0.000000000   -0.000000242   -0.000000433  259.096186  85589.9803
1146.00   15.0000    0.0000   15.0000  270.9490  270.9490  0.000000       0.00000       0.00000         235257.9268    0.000000    -0.00003     0.00000    0.000000000   -0.000000242   -0.000000433  259.053684  85454.6496
1158.00   15.0000    0.0000   15.0000  271.0270  271.0270  0.000000       0.00000       0.00000         235190.2209    0.000000    -0.00003     0.00000    0.000000000   -0.000000242   -0.000000433  259.011149  85319.5108
1170.00   15.0000    0.0000   15.0000  271.1050  271.1050  0.000000       0.00000       0.00000         235122.5540    0.000000    -0.00003     0.00000    0.000000000   -0.000000242   -0.000000432  258.968581  85184.5636
1182.00   15.0000    0.0000   15.0000  271.1830  271.1830  0.000000       0.00000       0.00000         235054.9260    0.000000    -0.00003     0.00000    0.000000000   -0.000000242   -0.000000432  258.925978  85049.8076
1194.00   15.0000    0.0000   15.0000  271.2610  271.2610  0.000000       0.00000       0.00000         234987.3369    0.000000    -0.00003     0.00000    0.000000000   -0.000000242   -0.000000432  258.883342  84915.2427
1206.00   15.0000    0.0000   15.0000  271.3390  271.3390  0.000000       0.00000       0.00000         234919.7867    0.000000    -0.00003     0.00000    0.000000000   -0.000000242   -0.000000431  258.840673  84780.8686
1218.00   15.0000    0.0000   15.0000  271.4170  271.4170  0.000000       0.00000       0.00000         234852.2753    0.000000    -0.00003     0.00000    0.000000000   -0.000000242   -0.000000431  258.797969  84646.6850
1230.00   15.0000    0.0000   15.0000  271.4950  271.4950  0.000000       0.00000       0.00000         234784.8027    0.000000    -0.00003     0.00000    0.000000000   -0.000000242   -0.000000431  258.755232  84512.6916
1242.00   15.0000    0.0000   15.0000  271.5730  271.5730  0.000000       0.00000       0.00000         234717.3688    0.000000    -0.00003     0.00000    0.000000000   -0.000000242   -0.000000430  258.712462  84378.8883
1254.00   15.0000    0.0000   15.0000  271.6510  271.6510  0.000000       0.00000       0.00000         234649.9737    0.000000    -0.00003     0.00000    0.000000000   -0.000000242   -0.000000430  258.669657  84245.2748
1266.00   15.0000    0.0000   15.0000  271.7290  271.7290  0.000000       0.00000       0.00000         234582.6172    0.000000    -0.00003     0.00000    0.000000000   -0.000000242   -0.000000430  258.626819  84111.8508
1278.00   15.0000    0.0000   15.0000  271.8070  271.8070  0.000000       0.00000       0.00000         234515.2995    0.000000    -0.00003     0.00000    0.000000000   -0.000000242   -0.000000429  258.583948  83978.6160
1290.00   15.0000    0.0000   15.0000  271.8850  271.8850  0.000000       0.00000       0.00000         234448.0203    0.000000    -0.00003     0.00000    0.000000000   -0.000000242   -0.000000429  258.541043  83845.5702
1302.00   15.0000    0.0000   15.0000  271.9630  271.9630  0.000000       0.00000       0.00000         234380.7797    0.000000    -0.00003     0.00000    0.000000000   -0.000000242   -0.000000428  258.498104  83712.7132
1314.00   15.0000    0.0000   15.0000  272.0410  272.0410  0.000000       0.00000       0.00000         234313.5777    0.000000    -0.00003     0.00000    0.000000000   -0.000000242   -0.000000428  258.455132  83580.0446
1326.00   15.0000    0.0000   15.0000  272.1190  272.1190  0.000000       0.00000       0.00000         234246.4143    0.000000    -0.00003     0.00000    0.000000000   -0.000000242   -0.000000428  258.412126  83447.5643
1338.00   15.0000    0.0000   15.0000  272.1970  272.1970  0.000000       0.00000       0.00000         234179.2893    0.000000    -0.00003     0.00000    0.000000000   -0.000000242   -0.000000427  258.369086  83315.2720
1350.00   15.0000    0.0000   15.0000  272.2750  272.2750  0.000000       0.00000       0.00000         234112.2027    0.000000    -0.00003     0.00000    0.000000000   -0.000000242   -0.000000427  258.326013  83183.1674
1362.00   15.0000    0.0000   15.0000  272.3530  272.3530  0.000000       0.00000       0.00000         234045.1546    0.000000    -0.00003     0.00000    0.000000000   -0.000000242   -0.000000427  258.282907  83051.2503
1374.00   15.0000    0.0000   15.0000  272.4310  272.4310  0.000000       0.00000       0.00000         233978.1449    0.000000    -0.00003     0.00000    0.000000000   -0.000000242   -0.000000426  258.239767  82919.5204
1386.00   15.0000    0.0000   15.0000  272.5090  272.5090  0.000000       0.00000       0.00000         233911.1736    0.000000    -0.00003     0.00000    0.000000000   -0.000000242   -0.000000426  258.196593  82787.9775
1398.00   15.0000    0.0000   15.0000  272.5870  272.5870  0.000000       0.00000       0.00000         233844.2406    0.000000    -0.00003     0.00000    0.000000000   -0.000000242   -0.000000425  258.153386  82656.6214
1410.00   15.0000    0.0000   15.0000  272.6650  272.6650  0.000000       0.00000       0.00000         233777.3458    0.000000    -0.00003     0.00000    0.000000000   -0.000000242   -0.000000425  258.110145  82525.4516
1422.00   15.0000    0.0000   15.0000  272.7430  272.7430  0.000000       0.00000       0.00000         233710.4894    0.000000    -0.00003     0.00000    0.000000000   -0.000000242   -0.000000425  258.066871  82394.4682
1434.00   15.0000    0.0000   15.0000  272.8210  272.8210  0.000000       0.00000       0.00000         233643.6711    0.000000    -0.00003     0.00000    0.000000000   -0.000000242   -0.000000424  258.023564  82263.6707
1446.00   15.0000    0.0000   15.0000  272.8990  272.8990  0.000000       0.00000       0.00000         233576.8911    0.000000    -0.00004     0.00000    0.000000000   -0.000000242   -0.000000424  257.980223  82133.0589
1458.00   15.0000    0.0000   15.0000  272.9770  272.9770  0.000000       0.00000       0.00000         233510.1492    0.000000    -0.00004     0.00000    0.000000000   -0.000000242   -0.000000424  257.936848  82002.6326
1470.00   15.0000    0.0000   15.0000  273.0550  273.0550  0.000000       0.00000       0.00000         233443.4455    0.000000    -0.00004     0.00000    0.000000000   -0.000000242   -0.000000423  257.893440  81872.3915
1482.00   15.0000    0.0000   15.0000  273.1330  273.1330  0.000000       0.00000       0.00000         233376.7798    0.000000    -0.00004     0.00000    0.000000000   -0.000000242   -0.000000423  257.849999  81742.3354
1494.00   15.0000    0.0000   15.0000  273.2110  273.2110  0.000000       0.00000       0.00000         233310.1522    0.000000    -0.00004     0.00000    0.000000000   -0.000000242   -0.000000422  257.806524  81612.4640
1506.00   15.0000    0.0000   15.0000  273.2890  273.2890  0.000000       0.00000       0.00000         233243.5627    0.000000    -0.00004     0.00000    0.000000000   -0.000000242   -0.000000422  257.763015  81482.7771
1518.00   15.0000    0.0000   15.0000  273.3670  273.3670  0.000000       0.00000       0.00000         233177.0111    0.000000    -0.00004     0.00000    0.000000000   -0.000000242   -0.000000422  257.719474  81353.2744
1530.00   15.0000    0.0000   15.0000  273.4450  273.4450  0.000000       0.00000       0.00000         233110.4975    0.000000    -0.00004     0.00000    0.000000000   -0.000000242   -0.000000421  257.675898  81223.9557
1542.00   15.0000    0.0000   15.0000  273.5230  273.5230  0.000000       0.00000       0.00000         233044.0219    0.000000    -0.00004     0.00000    0.000000000   -0.000000242   -0.000000421  257.632290  81094.8208
1554.00   15.0000    0.0000   15.0000  273.6010  273.6010  0.000000       0.00000       0.00000         232977.5841    0.000000    -0.00004     0.00000    0.000000000   -0.000000242   -0.000000420  257.588648  80965.8693
1566.00   15.0000    0.0000   15.0000  273.6790  273.6790  0.000000       0.00000       0.00000         232911.1843    0.000000    -0.00004     0.00000    0.000000000   -0.000000242   -0.000000420  257.544973  80837.1011
1578.00   15.0000    0.0000   15.0000  273.7570  273.7570  0.000000       0.00000       0.00000         232844.8222    0.000000    -0.00004     0.00000    0.000000000   -0.000000242   -0.000000420  257.501264  80708.5159
1590.00   15.0000    0.0000   15.0000  273.8350  273.8350  0.000000       0.00000       0.00000         232778.4980    0.000000    -0.00004     0.00000    0.000000000   -0.000000242   -0.000000419  257.457522  80580.1134
1602.00   15.0000    0.0000   15.0000  273.9130  273.9130  0.000000       0.00000       0.00000         232712.2115    0.000000    -0.00004     0.00000    0.000000000   -0.000000241   -0.000000419  257.413746  80451.8935
1614.00   15.0000    0.0000   15.0000  273.9910  273.9910  0.000000       0.00000       0.00000         232645.9628    0.000000    -0.00004     0.00000    0.000000000   -0.000000241   -0.000000418  257.369938  80323.8558
1626.00   15.0000    0.0000   15.0000  274.0690  274.0690  0.000000       0.00000       0.00000         232579.7518    0.000000    -0.00004     0.00000    0.000000000   -0.000000241   -0.000000418  257.326096  80196.0001
1638.00   15.0000    0.0000   15.0000  274.1470  274.1470  0.000000       0.00000       0.00000         232513.5785    0.000000    -0.00004     0.00000    0.000000000   -0.000000241   -0.000000418  257.282220  80068.3262
1650.00   15.0000    0.0000   15.0000  274.2250  274.2250  0.000000       0.00000       0.00000         232447.4428    0.000000    -0.00004     0.00000    0.000000000   -0.000000241   -0.000000417  257.238311  79940.8338
1662.00   15.0000    0.0000   15.0000  274.3030  274.3030  0.000000       0.00000       0.00000         232381.3447    0.000000    -0.00004     0.00000    0.000000000   -0.000000241   -0.000000417  257.194369  79813.5228
1674.00   15.0000    0.0000   15.0000  274.3810  274.3810  0.000000       0.00000       0.00000         232315.2842    0.000000    -0.00004     0.00000    0.000000000   -0.000000241   -0.000000416  257.150394  79686.3927
1686.00   15.0000    0.0000   15.0000  274.4590  274.4590  0.000000       0.00000       0.00000         232249.2613    0.000000    -0.00004     0.00000    0.000000000   -0.000000241   -0.000000416  257.106385  79559.4435
1698.00   15.0000    0.0000   15.0000  274.5370  274.5370  0.000000       0.00000       0.00000         232183.2758    0.000000    -0.00004     0.00000    0.000000000   -0.000000241   -0.000000416  257.062343  79432.6748
1710.00   15.0000    0.0000   15.0000  274.6150  274.6150  0.000000       0.00000       0.00000         232117.3279    0.000000    -0.00004     0.00000    0.000000000   -0.000000241   -0.000000415  257.018268  79306.0864
1722.00   15.0000    0.0000   15.0000  274.6930  274.6930  0.000000       0.00000       0.00000         232051.4174    0.000000    -0.00004     0.00000    0.000000000   -0.000000241   -0.000000415  256.974160  79179.6781
1734.00   15.0000    0.0000   15.0000  274.7710  274.7710  0.000000       0.00000       0.00000         231985.5443    0.000000    -0.00004     0.00000    0.000000000   -0.000000241   -0.000000414  256.930018  79053.4496
1746.00   15.0000    0.0000   15.0000  274.8490  274.8490  0.000000       0.00000       0.00000         231919.7086    0.000000    -0.00004     0.00000    0.000000000   -0.000000241   -0.000000414  256.885843  78927.4007
1758.00   15.0000    0.0000   15.0000  274.9270  274.9270  0.000000       0.00000       0.00000         231853.9103    0.000000    -0.00004     0.00000    0.000000000   -0.000000241   -0.000000413  256.841635  78801.5312
1770.00   15.0000    0.0000   15.0000  275.0050  275.0050  0.000000       0.00000       0.00000         231788.1493    0.000000    -0.00004     0.00000    0.000000000   -0.000000241   -0.000000413  256.797394  78675.8407
1782.00   15.0000    0.0000   15.0000  275.0830  275.0830  0.000000       0.00000       0.00000         231722.4256    0.000000    -0.00004     0.00000    0.000000000   -0.000000241   -0.000000413  256.753119  78550.3292
1794.00   15.0000    0.0000   15.0000  275.1610  275.1610  0.000000       0.00000       0.00000         231656.7391    0.000000    -0.00004     0.00000    0.000000000   -0.000000241   -0.000000412  256.708811  78424.9962
1806.00   15.0000    0.0000   15.0000  275.2390  275.2390  0.000000       0.00000       0.00000         231591.0899    0.000000    -0.00004     0.00000    0.000000000   -0.000000241   -0.000000412  256.664470  78299.8417
1818.00   15.0000    0.0000   15.0000  275.3170  275.3170  0.000000       0.00000       0.00000         231525.4779    0.000000    -0.00004     0.00000    0.000000000   -0.000000241   -0.000000411  256.620096  78174.8653
1830.00   15.0000    0.0000   15.0000  275.3950  275.3950  0.000000       0.00000       0.00000         231459.9030    0.000000    -0.00004     0.00000    0.000000000   -0.000000241   -0.000000411  256.575689  78050.0668
1842.00   15.0000    0.0000   15.0000  275.4730  275.4730  0.000000       0.00000       0.00000         231394.3653    0.000000    -0.00004     0.00000    0.000000000   -0.000000240   -0.000000410  256.531248  77925.4460
1854.00   15.0000    0.0000   15.0000  275.5510  275.5510  0.000000       0.00000       0.00000         231328.8647    0.000000    -0.00005     0.00000    0.000000000   -0.000000240   -0.000000410  256.486775  77801.0026
1866.00   15.0000    0.0000   15.0000  275.6290  275.6290  0.000000       0.00000       0.00000         231263.4012    0.000000    -0.00005     0.00000    0.000000000   -0.000000240   -0.000000410  256.442268  77676.7364
1878.00   15.0000    0.0000   15.0000  275.7070  275.7070  0.000000       0.00000       0.00000         231197.9747    0.000000    -0.00005     0.00000    0.000000000   -0.000000240   -0.000000409  256.397728  77552.6472
1890.00   15.0000    0.0000   15.0000  275.7850  275.7850  0.000000       0.00000       0.00000         231132.5852    0.000000    -0.00005     0.00000    0.000000000   -0.000000240   -0.000000409  256.353155  77428.7346
1902.00   15.0000    0.0000   15.0000  275.8630  275.8630  0.000000       0.00000       0.00000         231067.2326    0.000000    -0.00005     0.00000    0.000000000   -0.000000240   -0.000000408  256.308549  77304.9986
1914.00   15.0000    0.0000   15.0000  275.9410  275.9410  0.000000       0.00000       0.00000         231001.9171    0.000000    -0.00005     0.00000    0.000000000   -0.000000240   -0.000000408  256.263909  77181.4388
1926.00   15.0000    0.0000   15.0000  276.0190  276.0190  0.000000       0.00000       0.00000         230936.6384    0.000000    -0.00005     0.00000    0.000000000   -0.000000240   -0.000000407  256.219237  77058.0550
1938.00   15.0000    0.0000   15.0000  276.0970  276.0970  0.000000       0.00000       0.00000         230871.3966    0.000000    -0.00005     0.00000    0.000000000   -0.000000240   -0.000000407  256.174532  76934.8470
1950.00   15.0000    0.0000   15.0000  276.1750  276.1750  0.000000       0.00000       0.00000         230806.1917    0.000000    -0.00005     0.00000    0.000000000   -0.000000240   -0.000000406  256.129793  76811.8146
1962.00   15.0000    0.0000   15.0000  276.2530  276.2530  0.000000       0.00000       0.00000         230741.0236    0.000000    -0.00005     0.00000    0.000000000   -0.000000240   -0.000000406  256.085021  76688.9574
1974.00   15.0000    0.0000   15.0000  276.3310  276.3310  0.000000       0.00000       0.00000         230675.8923    0.000000    -0.00005     0.00000    0.000000000   -0.000000240   -0.000000406  256.040217  76566.2753
1986.00   15.0000    0.0000   15.0000  276.4090  276.4090  0.000000       0.00000       0.00000         230610.7978    0.000000    -0.00005     0.00000    0.000000000   -0.000000240   -0.000000405  255.995379  76443.7680
1998.00   15.0000    0.0000   15.0000  276.4870  276.4870  0.000000       0.00000       0.00000         230545.7399    0.000000    -0.00005     0.00000    0.000000000   -0.000000240   -0.000000405  255.950508  76321.4354
2010.00   15.0000    0.0000   15.0000  276.5650  276.5650  0.000000       0.00000       0.00000         230480.7188    0.000000    -0.00005     0.00000    0.000000000   -0.000000239   -0.000000404  255.905604  76199.2770
2022.00   15.0000    0.0000   15.0000  276.6430  276.6430  0.000000       0.00000       0.00000         230415.7344    0.000000    -0.00005     0.00000    0.000000000   -0.000000239   -0.000000404  255.860667  76077.2929
2034.00   15.0000    0.0000   15.0000  276.7210  276.7210  0.000000       0.00000       0.00000         230350.7865    0.000000    -0.00005     0.00000    0.000000000   -0.000000239   -0.000000403  255.815698  75955.4826
2046.00   15.0000    0.0000   15.0000  276.7990  276.7990  0.000000       0.00000       0.00000         230285.8753    0.000000    -0.00005     0.00000    0.000000000   -0.000000239   -0.000000403  255.770695  75833.8460
2058.00   15.0000    0.0000   15.0000  276.8770  276.8770  0.000000       0.00000       0.00000         230221.0007    0.000000    -0.00005     0.00000    0.000000000   -0.000000239   -0.000000402  255.725659  75712.3828
2070.00   15.0000    0.0000   15.0000  276.9550  276.9550  0.000000       0.00000       0.00000         230156.1626    0.000000    -0.00005     0.00000    0.000000000   -0.000000239   -0.000000402  255.680590  75591.0928
2082.00   15.0000    0.0000   15.0000  277.0330  277.0330  0.000000       0.00000       0.00000         230091.3610    0.000000    -0.00005     0.00000    0.000000000   -0.000000239   -0.000000402  255.635488  75469.9758
2094.00   15.0000    0.0000   15.0000  277.1110  277.1110  0.000000       0.00000       0.00000         230026.5958    0.000000    -0.00005     0.00000    0.000000000   -0.000000239   -0.000000401  255.590353  75349.0315
2106.00   15.0000    0.0000   15.0000  277.1890  277.1890  0.000000       0.00000       0.00000         229961.8672    0.000000    -0.00005     0.00000    0.000000000   -0.000000239   -0.000000401  255.545186  75228.2597
2118.00   15.0000    0.0000   15.0000  277.2670  277.2670  0.000000       0.00000       0.00000         229897.1749    0.000000    -0.00005     0.00000    0.000000000   -0.000000239   -0.000000400  255.499985  75107.6602
2130.00   15.0000    0.0000   15.0000  277.3450  277.3450  0.000000       0.00000       0.00000         229832.5191    0.000000    -0.00005     0.00000    0.000000000   -0.000000238   -0.000000400  255.454751  74987.2327
2142.00   15.0000    0.0000   15.0000  277.4230  277.4230  0.000000       0.00000       0.00000         229767.8996    0.000000    -0.00005     0.00000    0.000000000   -0.000000238   -0.000000399  255.409485  74866.9771
2154.00   15.0000    0.0000   15.0000  277.5010  277.5010  0.000000       0.00000       0.00000         229703.3164    0.000000    -0.00005     0.00000    0.000000000   -0.000000238   -0.000000399  255.364185  74746.8930
2166.00   15.0000    0.0000   15.0000  277.5790  277.5790  0.000000       0.00000       0.00000         229638.7695    0.000000    -0.00005     0.00000    0.000000000   -0.000000238   -0.000000398  255.318853  74626.9803
2178.00   15.0000    0.0000   15.0000  277.6570  277.6570  0.000000       0.00000       0.00000         229574.2589    0.000000    -0.00005     0.00000    0.000000000   -0.000000238   -0.000000398  255.273488  74507.2387
2190.00   15.0000    0.0000   15.0000  277.7350  277.7350  0.000000       0.00000       0.00000         229509.7845    0.000000    -0.00005     0.00000    0.000000000   -0.000000238   -0.000000397  255.228089  74387.6680
2202.00   15.0000    0.0000   15.0000  277.8130  277.8130  0.000000       0.00000       0.00000         229445.3463    0.000000    -0.00005     0.00000    0.000000000   -0.000000238   -0.000000397  255.182658  74268.2679
2214.00   15.0000    0.0000   15.0000  277.8910  277.8910  0.000000       0.00000       0.00000         229380.9443    0.000000    -0.00005     0.00000    0.000000000   -0.000000238   -0.000000396  255.137194  74149.0383
2226.00   15.0000    0.0000   15.0000  277.9690  277.9690  0.000000       0.00000       0.00000         229316.5785    0.000000    -0.00005     0.00000    0.000000000   -0.000000238   -0.000000396  255.091697  74029.9789
2238.00   15.0000    0.0000   15.0000  278.0470  278.0470  0.000000       0.00000       0.00000         229252.2487    0.000000    -0.00005     0.00000    0.000000000   -0.000000238   -0.000000395  255.046168  73911.0894
2250.00   15.0000    0.0000   15.0000  278.1250  278.1250  0.000000       0.00000       0.00000         229187.9551    0.000000    -0.00005     0.00000    0.000000000   -0.000000237   -0.000000395  255.000605  73792.3698
2262.00   15.0000    0.0000   15.0000  278.2030  278.2030  0.000000       0.00000       0.00000         229123.6974    0.000000    -0.00006     0.00000    0.000000000   -0.000000237   -0.000000395  254.955010  73673.8196
2274.00   15.0000    0.0000   15.0000  278.2810  278.2810  0.000000       0.00000       0.00000         229059.4759    0.000000    -0.00006     0.00000    0.000000000   -0.000000237   -0.000000394  254.909382  73555.4387
2286.00   15.0000    0.0000   15.0000  278.3590  278.3590  0.000000       0.00000       0.00000         228995.2903    0.000000    -0.00006     0.00000    0.000000000   -0.000000237   -0.000000394  254.863721  73437.2269
2298.00   15.0000    0.0000   15.0000  278.4370  278.4370  0.000000       0.00000       0.00000         228931.1406    0.000000    -0.00006     0.00000    0.000000000   -0.000000237   -0.000000393  254.818027  73319.1840
2310.00   15.0000    0.0000   15.0000  278.5150  278.5150  0.000000       0.00000       0.00000         228867.0269    0.000000    -0.00006     0.00000    0.000000000   -0.000000237   -0.000000393  254.772300  73201.3096
2322.00   15.0000    0.0000   15.0000  278.5930  278.5930  0.000000       0.00000       0.00000         228802.9491    0.000000    -0.00006     0.00000    0.000000000   -0.000000237   -0.000000392  254.726541  73083.6037
2334.00   15.0000    0.0000   15.0000  278.6710  278.6710  0.000000       0.00000       0.00000         228738.9072    0.000000    -0.00006     0.00000    0.000000000   -0.000000237   -0.000000392  254.680749  72966.0659
2346.00   15.0000    0.0000   15.0000  278.7490  278.7490  0.000000       0.00000       0.00000         228674.9011    0.000000    -0.00006     0.00000    0.000000000   -0.000000236   -0.000000391  254.634924  72848.6961
2358.00   15.0000    0.0000   15.0000  278.8270  278.8270  0.000000       0.00000       0.00000         228610.9308    0.000000    -0.00006     0.00000    0.000000000   -0.000000236   -0.000000391  254.589066  72731.4939
2370.00   15.0000    0.0000   15.0000  278.9050  278.9050  0.000000       0.00000       0.00000         228546.9963    0.000000    -0.00006     0.00000    0.000000000   -0.000000236   -0.000000390  254.543175  72614.4593
2382.00   15.0000    0.0000   15.0000  278.9830  278.9830  0.000000       0.00000       0.00000              0.0000    0.000000    -0.00006     0.00000    0.000000000    0.000000000    0.000000000  254.497252  72497.5919
2394.00   15.0000    0.0000   15.0000  279.0610  279.0610  0.000000       0.00000       0.00000              0.0000    0.000000     0.00000     0.00000    0.000000000    0.000000000    0.000000000  254.451296  72380.8916
