   0.00    0.0000    0.0000    0.0000  238.7619  238.7619  0.000000       0.00000       0.00000              0.0000    0.000000     0.00000     0.00000    0.000000000    0.000000000    0.000000000    0.000000      0.0000
   6.00    8.0373    3.4579    8.7496  240.0957  240.0957  0.000000       0.76798       0.76798              0.0000    0.000000     0.00000     0.00000   -0.000004457    0.000000000    0.000000000  240.007892  99872.0555
  18.00    9.0365    3.8184    9.8101  240.1754  240.1754  0.000000       2.51190       2.51190              0.0439    0.000000    -0.00000     0.00000   -0.000014284    0.000000000    0.000000000  239.941159  99658.9729
  30.00    9.6580    4.0050   10.4555  240.2267  240.2267  0.000000       2.50586       2.50586              0.0649    0.000000    -0.00000     0.00000   -0.000017993   -0.000000096   -0.000000123  239.875284  99488.8188
  42.00   10.2157    4.1401   11.0228  240.2743  240.2743  0.000000       2.78627       2.78627              0.0772    0.000000    -0.00000     0.00000   -0.000019861   -0.000000102   -0.000000129  239.805750  99318.9073
  54.00   10.7126    4.2327   11.5185  240.3184  240.3184  0.000000       2.80572       2.80572              0.0898    0.000000    -0.00000     0.00000   -0.000021258   -0.000000106   -0.000000132  239.732621  99149.2355
  66.00   11.1776    4.2935   11.9739  240.3613  240.3613  0.000000       2.78839       2.78839              0.1010    0.000000    -0.00000     0.00000   -0.000022432   -0.000000107   -0.000000133  239.658362  98979.8016
  78.00   11.6185    4.3268   12.3980  240.4039  240.4039  0.000000       2.70299       2.70299              0.1118    0.000000    -0.00000     0.00000   -0.000023471   -0.000000106   -0.000000133  239.583711  98810.6048
  90.00   12.0420    4.3350   12.7985  240.4468  240.4468  0.000000       2.58372       2.58372              0.1224    0.000000    -0.00000     0.00000   -0.000024454   -0.000000105   -0.000000131  239.509407  98641.6447
 102.00   12.4515    4.3194   13.1794  240.4906  240.4906  0.000000       2.43673       2.43673              0.1330    0.000000    -0.00000     0.00000   -0.000025397   -0.000000102   -0.000000128  239.435953  98472.9215
 114.00   12.8494    4.2806   13.5436  240.5358  240.5358  0.000000       2.27202       2.27202              0.1438    0.000000    -0.00000     0.00000   -0.000026324   -0.000000099   -0.000000125  239.363818  98304.4357
 126.00   13.2368    4.2188   13.8929  240.5828  240.5828  0.000000       2.09516       2.09516              0.1550    0.000000    -0.00000     0.00000   -0.000027276   -0.000000095   -0.000000121  239.293449  98136.1882
 138.00   13.6145    4.1336   14.2282  240.6320  240.6320  0.000000       1.91096       1.91096              0.1669    0.000000    -0.00000     0.00000   -0.000028253   -0.000000090   -0.000000116  239.225317  97968.1800
 150.00   13.9824    4.0246   14.5501  240.6841  240.6841  0.000000       1.72294       1.72294              0.1795    0.000000    -0.00000     0.00000   -0.000029281   -0.000000084   -0.000000110  239.159947  97800.4127
 162.00   14.3402    3.8908   14.8587  240.7395  240.7395  0.000000       1.53391       1.53391              0.1933    0.000000    -0.00000     0.00000   -0.000030359   -0.000000077   -0.000000103  239.097966  97632.8882
 174.00   14.6871    3.7313   15.1536  240.7992  240.7992  0.000000       1.34616       1.34616              0.2085    0.000000    -0.00000     0.00000   -0.000031511   -0.000000068   -0.000000095  239.040148  97465.6087
 186.00   15.0217    3.5446   15.4342  240.8642  240.8642  0.000000       1.16156       1.16156              0.2256    0.000000    -0.00000     0.00000   -0.000032746   -0.000000058   -0.000000085  238.987507  97298.5773
 198.00   15.3421    3.3287   15.6991  240.9358  240.9358  0.000000       0.98187       0.98187              0.2453    0.000000    -0.00000     0.00000   -0.000034133   -0.000000044   -0.000000071  238.941419  97131.7977
 210.00   15.6458    3.0811   15.9463  241.0160  241.0160  0.000000       0.80844       0.80844              0.2687    0.000000    -0.00001     0.00000   -0.000035685   -0.000000026   -0.000000054  238.903850  96965.2749
 222.00   15.9289    2.7985   16.1728  241.1078  241.1078  0.000000       0.64337       0.64337              0.2972    0.000000    -0.00001     0.00000   -0.000037456   -0.000000001   -0.000000031  238.877760  96799.0155
 234.00   16.1856    2.4758   16.3738  241.2162  241.2162  0.000000       0.48702       0.48702              0.3338    0.000000    -0.00001     0.00000   -0.000039708    0.000000036    0.000000005  238.868036  96633.0286
 246.00   16.4058    2.1061   16.5405  241.3497  241.3497  0.000000       0.34533       0.34533              0.3833    0.000000    -0.00001     0.00000   -0.000042289    0.000000097    0.000000063  238.883084  96467.3283
 258.00   16.5722    1.6750   16.6567  241.5270  241.5270  0.000000       0.21237       0.21237              0.4602    0.000000    -0.00002     0.00000   -0.000046129    0.000000213    0.000000173  238.941503  96301.9374
 270.00   16.6394    1.1704   16.6805  241.7889  241.7889  0.000000       0.11465       0.11465              0.5848    0.000000    -0.00002     0.00000   -0.000053801    0.000000541    0.000000481  239.083403  96136.8992
 282.00   16.4653    0.5310   16.4739  242.3203  242.3203  0.000000       0.01733       0.01733              1.1193    0.000000     0.00000     0.00000   -0.000044918    0.000003730    0.000003132  239.491594  95972.3329
 294.00   15.3687   -0.1014   15.3690  245.5138  245.5138  0.000000       0.00058       0.00058              2.6279    0.000000    -0.00031     0.00000   -0.000191659    0.000008097    0.000007561  242.530172  95809.2149
 306.00   15.0022   -0.0038   15.0022  248.9727  248.9727  0.000000       0.00000       0.00000             31.9049    0.000000    -0.00014     0.00000   -0.000006939    0.000007130    0.000007366  245.828930  95648.4846
 318.00   15.0000   -0.0000   15.0000  250.4478  250.4478  0.000000       0.00000       0.00000         116785.9409    0.000000    -0.00009     0.00000   -0.000000000    0.000003988    0.000003866  247.167948  95489.5387
 330.00   15.0000   -0.0000   15.0000  251.4091  251.4091  0.000000       0.00000       0.00000        2905597.3878    0.000000    -0.00008     0.00000    0.000000000    0.000003080    0.000002924  247.999334  95331.5528
 342.00   15.0000   -0.0000   15.0000  252.2355  252.2355  0.000000       0.00000       0.00000        2460781.1050    0.000000    -0.00007     0.00000    0.000000000    0.000002711    0.000002564  248.697305  95174.3137
 354.00   15.0000   -0.0000   15.0000  252.9281  252.9281  0.000000       0.00000       0.00000        2097517.4807    0.000000    -0.00007     0.00000    0.000000000    0.000002370    0.000002226  249.262919  95017.7321
 366.00   15.0000   -0.0000   15.0000  253.5339  253.5339  0.000000       0.00000       0.00000        1856691.0241    0.000000    -0.00006     0.00000    0.000000000    0.000002140    0.000001998  249.742684  94861.7354
 378.00   15.0000    0.0000   15.0000  254.0802  254.0802  0.000000       0.00000       0.00000        1671795.7993    0.000000    -0.00006     0.00000    0.000000000    0.000001954    0.000001815  250.163561  94706.2752
 390.00   15.0000    0.0000   15.0000  254.5734  254.5734  0.000000       0.00000       0.00000        1529373.0544    0.000000    -0.00006     0.00000    0.000000000    0.000001808    0.000001669  250.532037  94551.3143
 402.00   15.0000    0.0000   15.0000  255.0330  255.0330  0.000000       0.00000       0.00000        1409979.3996    0.000000    -0.00005     0.00000    0.000000000    0.000001679    0.000001542  250.867093  94396.8239
 414.00   15.0000    0.0000   15.0000  255.4535  255.4535  0.000000       0.00000       0.00000        1308414.1281    0.000000    -0.00005     0.00000    0.000000000    0.000001564    0.000001428  251.163523  94242.7798
 426.00   15.0000    0.0000   15.0000  255.8510  255.8510  0.000000       0.00000       0.00000        1225008.1830    0.000000    -0.00005     0.00000    0.000000000    0.000001468    0.000001333  251.437167  94089.1613
 438.00   15.0000    0.0000   15.0000  256.2205  256.2205  0.000000       0.00000       0.00000        1152896.5638    0.000000    -0.00005     0.00000    0.000000000    0.000001382    0.000001247  251.683150  93935.9516
 450.00   15.0000    0.0000   15.0000  256.5739  256.5739  0.000000       0.00000       0.00000        1093551.4710    0.000000    -0.00005     0.00000    0.000000000    0.000001311    0.000001176  251.913112  93783.1358
 462.00   15.0000    0.0000   15.0000  256.9072  256.9072  0.000000       0.00000       0.00000        1040826.2535    0.000000    -0.00005     0.00000    0.000000000    0.000001246    0.000001111  252.123158  93630.7017
 474.00   15.0000    0.0000   15.0000  257.2283  257.2283  0.000000       0.00000       0.00000         995339.5178    0.000000    -0.00004     0.00000    0.000000000    0.000001189    0.000001054  252.321147  93478.6383
 486.00   15.0000    0.0000   15.0000  257.5338  257.5338  0.000000       0.00000       0.00000         950824.4105    0.000000    -0.00004     0.00000    0.000000000    0.000001130    0.000000995  252.503610  93326.9362
 498.00   15.0000    0.0000   15.0000  257.8276  257.8276  0.000000       0.00000       0.00000         912168.8588    0.000000    -0.00004     0.00000    0.000000000    0.000001078    0.000000943  252.674534  93175.5862
 510.00   15.0000    0.0000   15.0000  258.1094  258.1094  0.000000       0.00000       0.00000         877360.7288    0.000000    -0.00004     0.00000    0.000000000    0.000001030    0.000000895  252.833490  93024.5802
 522.00   15.0000    0.0000   15.0000  258.3818  258.3818  0.000000       0.00000       0.00000         846288.5191    0.000000    -0.00004     0.00000    0.000000000    0.000000987    0.000000852  252.983231  92873.9109
 534.00   15.0000    0.0000   15.0000  258.6445  258.6445  0.000000       0.00000       0.00000         817866.1516    0.000000    -0.00004     0.00000    0.000000000    0.000000947    0.000000811  253.123271  92723.5716
 546.00   15.0000    0.0000   15.0000  258.8995  258.8995  0.000000       0.00000       0.00000         791460.9424    0.000000    -0.00004     0.00000    0.000000000    0.000000908    0.000000772  253.255694  92573.5564
 558.00   15.0000    0.0000   15.0000  259.1460  259.1460  0.000000       0.00000       0.00000         768181.4612    0.000000    -0.00004     0.00000    0.000000000    0.000000874    0.000000738  253.379633  92423.8597
 570.00   15.0000    0.0000   15.0000  259.3867  259.3867  0.000000       0.00000       0.00000         747089.4728    0.000000    -0.00004     0.00000    0.000000000    0.000000843    0.000000706  253.497860  92274.4763
 582.00   15.0000    0.0000   15.0000  259.6202  259.6202  0.000000       0.00000       0.00000         728124.5572    0.000000    -0.00004     0.00000    0.000000000    0.000000815    0.000000678  253.608937  92125.4018
 594.00   15.0000    0.0000   15.0000  259.8493  259.8493  0.000000       0.00000       0.00000         711346.8447    0.000000    -0.00004     0.00000    0.000000000    0.000000790    0.000000652  253.715595  91976.6320
 606.00   15.0000    0.0000   15.0000  260.0726  260.0726  0.000000       0.00000       0.00000         695472.6423    0.000000    -0.00004     0.00000    0.000000000    0.000000766    0.000000628  253.816444  91828.1630
 618.00   15.0000    0.0000   15.0000  260.2920  260.2920  0.000000       0.00000       0.00000         680035.5140    0.000000    -0.00004     0.00000    0.000000000    0.000000742    0.000000604  253.913417  91679.9915
 630.00   15.0000    0.0000   15.0000  260.5058  260.5058  0.000000       0.00000       0.00000         664692.4991    0.000000    -0.00004     0.00000    0.000000000    0.000000718    0.000000579  254.004839  91532.1138
 642.00   15.0000    0.0000   15.0000  260.7158  260.7158  0.000000       0.00000       0.00000         651684.7226    0.000000    -0.00004     0.00000    0.000000000    0.000000697    0.000000558  254.092426  91384.5267
 654.00   15.0000    0.0000   15.0000  260.9216  260.9216  0.000000       0.00000       0.00000         639618.3173    0.000000    -0.00004     0.00000    0.000000000    0.000000678    0.000000538  254.175902  91237.2271
 666.00   15.0000    0.0000   15.0000  261.1242  261.1242  0.000000       0.00000       0.00000         629183.6453    0.000000    -0.00004     0.00000    0.000000000    0.000000662    0.000000521  254.256116  91090.2122
 678.00   15.0000    0.0000   15.0000  261.3237  261.3237  0.000000       0.00000       0.00000         619696.9105    0.000000    -0.00004     0.00000    0.000000000    0.000000647    0.000000506  254.333224  90943.4796
 690.00   15.0000    0.0000   15.0000  261.5205  261.5205  0.000000       0.00000       0.00000         611562.4183    0.000000    -0.00004     0.00000    0.000000000    0.000000635    0.000000493  254.407651  90797.0269
 702.00   15.0000    0.0000   15.0000  261.7151  261.7151  0.000000       0.00000       0.00000         604426.6327    0.000000    -0.00004     0.00000    0.000000000    0.000000624    0.000000482  254.479808  90650.8522
 714.00   15.0000    0.0000   15.0000  261.9077  261.9077  0.000000       0.00000       0.00000         598595.9692    0.000000    -0.00004     0.00000    0.000000000    0.000000616    0.000000473  254.549899  90504.9535
 726.00   15.0000    0.0000   15.0000  262.0988  262.0988  0.000000       0.00000       0.00000         594301.9189    0.000000    -0.00004     0.00000    0.000000000    0.000000612    0.000000468  254.618527  90359.3293
 738.00   15.0000    0.0000   15.0000  262.2889  262.2889  0.000000       0.00000       0.00000         591248.5662    0.000000    -0.00004     0.00000    0.000000000    0.000000609    0.000000465  254.686043  90213.9783
 750.00   15.0000    0.0000   15.0000  262.4783  262.4783  0.000000       0.00000       0.00000         589226.8765    0.000000    -0.00004     0.00000    0.000000000    0.000000610    0.000000464  254.752865  90068.8993
 762.00   15.0000    0.0000   15.0000  262.6674  262.6674  0.000000       0.00000       0.00000         588685.1131    0.000000    -0.00004     0.00000    0.000000000    0.000000613    0.000000466  254.819217  89924.0915
 774.00   15.0000    0.0000   15.0000  262.8568  262.8568  0.000000       0.00000       0.00000         589679.5927    0.000000    -0.00005     0.00000    0.000000000    0.000000620    0.000000472  254.885798  89779.5541
 786.00   15.0000    0.0000   15.0000  263.0467  263.0467  0.000000       0.00000       0.00000         591783.0094    0.000000    -0.00005     0.00000    0.000000000    0.000000629    0.000000480  254.952866  89635.2868
 798.00   15.0000    0.0000   15.0000  263.2377  263.2377  0.000000       0.00000       0.00000         594820.1274    0.000000    -0.00005     0.00000    0.000000000    0.000000641    0.000000490  255.020855  89491.2895
 810.00   15.0000    0.0000   15.0000  263.4299  263.4299  0.000000       0.00000       0.00000         599928.5907    0.000000    -0.00005     0.00000    0.000000000    0.000000657    0.000000506  255.089918  89347.5621
 822.00   15.0000    0.0000   15.0000  263.6245  263.6245  0.000000       0.00000       0.00000         608066.1001    0.000000    -0.00005     0.00000    0.000000000    0.000000681    0.000000528  255.161196  89204.1050
 834.00   15.0000    0.0000   15.0000  263.8222  263.8222  0.000000       0.00000       0.00000         618696.8940    0.000000    -0.00005     0.00000    0.000000000    0.000000712    0.000000557  255.235445  89060.9191
 846.00   15.0000    0.0000   15.0000  264.0240  264.0240  0.000000       0.00000       0.00000         634116.2192    0.000000    -0.00005     0.00000    0.000000000    0.000000754    0.000000597  255.313474  88918.0055
 858.00   15.0000    0.0000   15.0000  264.2320  264.2320  0.000000       0.00000       0.00000         650187.5934    0.000000    -0.00006     0.00000    0.000000000    0.000000799    0.000000640  255.397475  88775.3665
 870.00   15.0000    0.0000   15.0000  264.4444  264.4444  0.000000       0.00000       0.00000         677801.8803    0.000000    -0.00006     0.00000    0.000000000    0.000000872    0.000000710  255.485681  88633.0043
 882.00   15.0000    0.0000   15.0000  264.6706  264.6706  0.000000       0.00000       0.00000         697619.8840    0.000000    -0.00006     0.00000    0.000000000    0.000000929    0.000000764  255.587086  88490.9231
 894.00   15.0000    0.0000   15.0000  264.8963  264.8963  0.000000       0.00000       0.00000         748771.1539    0.000000    -0.00007     0.00000    0.000000000    0.000001065    0.000000894  255.687859  88349.1257
 906.00   15.0000    0.0000   15.0000  265.1561  265.1561  0.000000       0.00000       0.00000         763805.2054    0.000000    -0.00007     0.00000    0.000000000    0.000001113    0.000000942  255.821436  88207.6203
 918.00   15.0000    0.0000   15.0000  265.3920  265.3920  0.000000       0.00000       0.00000         872200.1964    0.000000    -0.00009     0.00000    0.000000000    0.000001402    0.000001218  255.931880  88066.4089
 930.00   15.0000    0.0000   15.0000  265.7226  265.7226  0.000000       0.00000       0.00000         866188.7103    0.000000    -0.00007     0.00000    0.000000000    0.000001403    0.000001225  256.133531  87925.5093
 942.00   15.0000    0.0000   15.0000  265.9553  265.9553  0.000000       0.00000       0.00000        1112833.4931    0.000000    -0.00014     0.00000    0.000000000    0.000002076    0.000001858  256.240679  87784.9200
 954.00   15.0000    0.0000   15.0000  266.4469  266.4469  0.000000       0.00000       0.00000        1054203.0938    0.000000    -0.00006     0.00000    0.000000000    0.000001944    0.000001765  256.597150  87644.6821
 966.00   15.0000    0.0000   15.0000  266.6427  266.6427  0.000000       0.00000       0.00000        1613190.5690    0.000000    -0.00026     0.00000    0.000000000    0.000003555    0.000003236  256.668573  87504.7850
 978.00   15.0000    0.0000   15.0000  267.4996  267.4996  0.000000       0.00000       0.00000        1508804.7493    0.000000    -0.00004     0.00000    0.000000000    0.000003297    0.000003144  257.376148  87365.3223
 990.00   15.0000    0.0000   15.0000  267.6304  267.6304  0.000000       0.00000       0.00000        3837364.6156    0.000000    -0.00073     0.00000    0.000000000    0.000010830    0.000009606  257.384917  87226.2759
1002.00   15.0000    0.0000   15.0000  270.0130  270.0130  0.000000       0.00000       0.00000        3723537.6244    0.000000    -0.00002     0.00000    0.000000000    0.000010585    0.000011056  259.558648  87088.0335
1014.00   15.0000    0.0000   15.0000  270.0910  270.0910  0.000000       0.00000       0.00000         236005.2723    0.000000    -0.00002     0.00000    0.000000000   -0.000000241   -0.000000437  259.516517  86950.5795
1026.00   15.0000    0.0000   15.0000  270.1690  270.1690  0.000000       0.00000       0.00000         235937.1356    0.000000    -0.00002     0.00000    0.000000000   -0.000000241   -0.000000436  259.474353  86813.3201
1038.00   15.0000    0.0000   15.0000  270.2470  270.2470  0.000000       0.00000       0.00000         235869.0383    0.000000    -0.00003     0.00000    0.000000000   -0.000000241   -0.000000436  259.432154  86676.2552
1050.00   15.0000    0.0000   15.0000  270.3250  270.3250  0.000000       0.00000       0.00000         235800.9803    0.000000    -0.00003     0.00000    0.000000000   -0.000000242   -0.000000436  259.389922  86539.3844
1062.00   15.0000    0.0000   15.0000  270.4030  270.4030  0.000000       0.00000       0.00000         235732.9615    0.000000    -0.00003     0.00000    0.000000000   -0.000000242   -0.000000435  259.347656  86402.7076
1074.00   15.0000    0.0000   15.0000  270.4810  270.4810  0.000000       0.00000       0.00000         235664.9820    0.000000    -0.00003     0.00000    0.000000000   -0.000000242   -0.000000435  259.305357  86266.2243
1086.00   15.0000    0.0000   15.0000  270.5590  270.5590  0.000000       0.00000       0.00000         235597.0417    0.000000    -0.00003     0.00000    0.000000000   -0.000000242   -0.000000435  259.263023  86129.9344
1098.00   15.0000    0.0000   15.0000  270.6370  270.6370  0.000000       0.00000       0.00000         235529.1405    0.000000    -0.00003     0.00000    0.000000000   -0.000000242   -0.000000434  259.220656  85993.8376
1110.00   15.0000    0.0000   15.0000  270.7150  270.7150  0.000000       0.00000       0.00000         235461.2785    0.000000    -0.00003     0.00000    0.000000000   -0.000000242   -0.000000434  259.178255  85857.9337
1122.00   15.0000    0.0000   15.0000  270.7930  270.7930  0.000000       0.00000       0.00000         235393.4555    0.000000    -0.00003     0.00000    0.000000000   -0.000000242   -0.000000434  259.135821  85722.2224
1134.00   15.0000    0.0000   15.0000  270.8710  270.8710  0.000000       0.00000       0.00000         235325.6716    0.000000    -0.00003     0.00000    0.000000000   -0.000000242   -0.000000433  259.093352  85586.7034
1146.00   15.0000    0.0000   15.0000  270.9490  270.9490  0.000000       0.00000       0.00000         235257.9268    0.000000    -0.00003     0.00000    0.000000000   -0.000000242   -0.000000433  259.050850  85451.3764
1158.00   15.0000    0.0000   15.0000  271.0270  271.0270  0.000000       0.00000       0.00000         235190.2209    0.000000    -0.00003     0.00000    0.000000000   -0.000000242   -0.000000433  259.008314  85316.2413
1170.00   15.0000    0.0000   15.0000  271.1050  271.1050  0.000000       0.00000       0.00000         235122.5540    0.000000    -0.00003     0.00000    0.000000000   -0.000000242   -0.000000432  258.965745  85181.2977
1182.00   15.0000    0.0000   15.0000  271.1830  271.1830  0.000000       0.00000       0.00000         235054.9260    0.000000    -0.00003     0.00000    0.000000000   -0.000000242   -0.000000432  258.923142  85046.5455
1194.00   15.0000    0.0000   15.0000  271.2610  271.2610  0.000000       0.00000       0.00000         234987.3369    0.000000    -0.00003     0.00000    0.000000000   -0.000000242   -0.000000432  258.880505  84911.9842
1206.00   15.0000    0.0000   15.0000  271.3390  271.3390  0.000000       0.00000       0.00000         234919.7867    0.000000    -0.00003     0.00000    0.000000000   -0.000000242   -0.000000431  258.837834  84777.6138
1218.00   15.0000    0.0000   15.0000  271.4170  271.4170  0.000000       0.00000       0.00000         234852.2753    0.000000    -0.00003     0.00000    0.000000000   -0.000000242   -0.000000431  258.795130  84643.4339
1230.00   15.0000    0.0000   15.0000  271.4950  271.4950  0.000000       0.00000       0.00000         234784.8027    0.000000    -0.00003     0.00000    0.000000000   -0.000000242   -0.000000431  258.752392  84509.4442
1242.00   15.0000    0.0000   15.0000  271.5730  271.5730  0.000000       0.00000       0.00000         234717.3688    0.000000    -0.00003     0.00000    0.000000000   -0.000000242   -0.000000430  258.709621  84375.6446
1254.00   15.0000    0.0000   15.0000  271.6510  271.6510  0.000000       0.00000       0.00000         234649.9737    0.000000    -0.00003     0.00000    0.000000000   -0.000000242   -0.000000430  258.666816  84242.0348
1266.00   15.0000    0.0000   15.0000  271.7290  271.7290  0.000000       0.00000       0.00000         234582.6172    0.000000    -0.00003     0.00000    0.000000000   -0.000000242   -0.000000429  258.623977  84108.6144
1278.00   15.0000    0.0000   15.0000  271.8070  271.8070  0.000000       0.00000       0.00000         234515.2995    0.000000    -0.00003     0.00000    0.000000000   -0.000000242   -0.000000429  258.581105  83975.3833
1290.00   15.0000    0.0000   15.0000  271.8850  271.8850  0.000000       0.00000       0.00000         234448.0203    0.000000    -0.00003     0.00000    0.000000000   -0.000000242   -0.000000429  258.538199  83842.3412
1302.00   15.0000    0.0000   15.0000  271.9630  271.9630  0.000000       0.00000       0.00000         234380.7797    0.000000    -0.00003     0.00000    0.000000000   -0.000000242   -0.000000428  258.495259  83709.4878
1314.00   15.0000    0.0000   15.0000  272.0410  272.0410  0.000000       0.00000       0.00000         234313.5777    0.000000    -0.00003     0.00000    0.000000000   -0.000000242   -0.000000428  258.452286  83576.8229
1326.00   15.0000    0.0000   15.0000  272.1190  272.1190  0.000000       0.00000       0.00000         234246.4143    0.000000    -0.00003     0.00000    0.000000000   -0.000000242   -0.000000428  258.409279  83444.3462
1338.00   15.0000    0.0000   15.0000  272.1970  272.1970  0.000000       0.00000       0.00000         234179.2893    0.000000    -0.00003     0.00000    0.000000000   -0.000000242   -0.000000427  258.366239  83312.0576
1350.00   15.0000    0.0000   15.0000  272.2750  272.2750  0.000000       0.00000       0.00000         234112.2027    0.000000    -0.00003     0.00000    0.000000000   -0.000000242   -0.000000427  258.323165  83179.9566
1362.00   15.0000    0.0000   15.0000  272.3530  272.3530  0.000000       0.00000       0.00000         234045.1546    0.000000    -0.00003     0.00000    0.000000000   -0.000000242   -0.000000426  258.280058  83048.0431
1374.00   15.0000    0.0000   15.0000  272.4310  272.4310  0.000000       0.00000       0.00000         233978.1449    0.000000    -0.00003     0.00000    0.000000000   -0.000000242   -0.000000426  258.236917  82916.3169
1386.00   15.0000    0.0000   15.0000  272.5090  272.5090  0.000000       0.00000       0.00000         233911.1736    0.000000    -0.00003     0.00000    0.000000000   -0.000000242   -0.000000426  258.193743  82784.7776
1398.00   15.0000    0.0000   15.0000  272.5870  272.5870  0.000000       0.00000       0.00000         233844.2406    0.000000    -0.00003     0.00000    0.000000000   -0.000000242   -0.000000425  258.150535  82653.4251
1410.00   15.0000    0.0000   15.0000  272.6650  272.6650  0.000000       0.00000       0.00000         233777.3458    0.000000    -0.00003     0.00000    0.000000000   -0.000000242   -0.000000425  258.107293  82522.2590
1422.00   15.0000    0.0000   15.0000  272.7430  272.7430  0.000000       0.00000       0.00000         233710.4894    0.000000    -0.00003     0.00000    0.000000000   -0.000000242   -0.000000425  258.064018  82391.2791
1434.00   15.0000    0.0000   15.0000  272.8210  272.8210  0.000000       0.00000       0.00000         233643.6711    0.000000    -0.00003     0.00000    0.000000000   -0.000000242   -0.000000424  258.020710  82260.4852
1446.00   15.0000    0.0000   15.0000  272.8990  272.8990  0.000000       0.00000       0.00000         233576.8911    0.000000    -0.00004     0.00000    0.000000000   -0.000000242   -0.000000424  257.977368  82129.8771
1458.00   15.0000    0.0000   15.0000  272.9770  272.9770  0.000000       0.00000       0.00000         233510.1492    0.000000    -0.00004     0.00000    0.000000000   -0.000000242   -0.000000423  257.933993  81999.4544
1470.00   15.0000    0.0000   15.0000  273.0550  273.0550  0.000000       0.00000       0.00000         233443.4455    0.000000    -0.00004     0.00000    0.000000000   -0.000000242   -0.000000423  257.890584  81869.2169
1482.00   15.0000    0.0000   15.0000  273.1330  273.1330  0.000000       0.00000       0.00000         233376.7798    0.000000    -0.00004     0.00000    0.000000000   -0.000000242   -0.000000423  257.847142  81739.1644
1494.00   15.0000    0.0000   15.0000  273.2110  273.2110  0.000000       0.00000       0.00000         233310.1522    0.000000    -0.00004     0.00000    0.000000000   -0.000000242   -0.000000422  257.803666  81609.2966
1506.00   15.0000    0.0000   15.0000  273.2890  273.2890  0.000000       0.00000       0.00000         233243.5627    0.000000    -0.00004     0.00000    0.000000000   -0.000000242   -0.000000422  257.760157  81479.6133
1518.00   15.0000    0.0000   15.0000  273.3670  273.3670  0.000000       0.00000       0.00000         233177.0111    0.000000    -0.00004     0.00000    0.000000000   -0.000000242   -0.000000422  257.716614  81350.1142
1530.00   15.0000    0.0000   15.0000  273.4450  273.4450  0.000000       0.00000       0.00000         233110.4975    0.000000    -0.00004     0.00000    0.000000000   -0.000000242   -0.000000421  257.673038  81220.7991
1542.00   15.0000    0.0000   15.0000  273.5230  273.5230  0.000000       0.00000       0.00000         233044.0219    0.000000    -0.00004     0.00000    0.000000000   -0.000000242   -0.000000421  257.629429  81091.6678
1554.00   15.0000    0.0000   15.0000  273.6010  273.6010  0.000000       0.00000       0.00000         232977.5841    0.000000    -0.00004     0.00000    0.000000000   -0.000000242   -0.000000420  257.585786  80962.7199
1566.00   15.0000    0.0000   15.0000  273.6790  273.6790  0.000000       0.00000       0.00000         232911.1843    0.000000    -0.00004     0.00000    0.000000000   -0.000000242   -0.000000420  257.542110  80833.9553
1578.00   15.0000    0.0000   15.0000  273.7570  273.7570  0.000000       0.00000       0.00000         232844.8222    0.000000    -0.00004     0.00000    0.000000000   -0.000000242   -0.000000420  257.498400  80705.3736
1590.00   15.0000    0.0000   15.0000  273.8350  273.8350  0.000000       0.00000       0.00000         232778.4980    0.000000    -0.00004     0.00000    0.000000000   -0.000000241   -0.000000419  257.454657  80576.9747
1602.00   15.0000    0.0000   15.0000  273.9130  273.9130  0.000000       0.00000       0.00000         232712.2115    0.000000    -0.00004     0.00000    0.000000000   -0.000000241   -0.000000419  257.410881  80448.7584
1614.00   15.0000    0.0000   15.0000  273.9910  273.9910  0.000000       0.00000       0.00000         232645.9628    0.000000    -0.00004     0.00000    0.000000000   -0.000000241   -0.000000418  257.367072  80320.7242
1626.00   15.0000    0.0000   15.0000  274.0690  274.0690  0.000000       0.00000       0.00000         232579.7518    0.000000    -0.00004     0.00000    0.000000000   -0.000000241   -0.000000418  257.323229  80192.8721
1638.00   15.0000    0.0000   15.0000  274.1470  274.1470  0.000000       0.00000       0.00000         232513.5785    0.000000    -0.00004     0.00000    0.000000000   -0.000000241   -0.000000418  257.279352  80065.2018
1650.00   15.0000    0.0000   15.0000  274.2250  274.2250  0.000000       0.00000       0.00000         232447.4428    0.000000    -0.00004     0.00000    0.000000000   -0.000000241   -0.000000417  257.235443  79937.7129
1662.00   15.0000    0.0000   15.0000  274.3030  274.3030  0.000000       0.00000       0.00000         232381.3447    0.000000    -0.00004     0.00000    0.000000000   -0.000000241   -0.000000417  257.191500  79810.4054
1674.00   15.0000    0.0000   15.0000  274.3810  274.3810  0.000000       0.00000       0.00000         232315.2842    0.000000    -0.00004     0.00000    0.000000000   -0.000000241   -0.000000416  257.147524  79683.2789
1686.00   15.0000    0.0000   15.0000  274.4590  274.4590  0.000000       0.00000       0.00000         232249.2613    0.000000    -0.00004     0.00000    0.000000000   -0.000000241   -0.000000416  257.103514  79556.3332
1698.00   15.0000    0.0000   15.0000  274.5370  274.5370  0.000000       0.00000       0.00000         232183.2758    0.000000    -0.00004     0.00000    0.000000000   -0.000000241   -0.000000415  257.059472  79429.5681
1710.00   15.0000    0.0000   15.0000  274.6150  274.6150  0.000000       0.00000       0.00000         232117.3279    0.000000    -0.00004     0.00000    0.000000000   -0.000000241   -0.000000415  257.015396  79302.9832
1722.00   15.0000    0.0000   15.0000  274.6930  274.6930  0.000000       0.00000       0.00000         232051.4174    0.000000    -0.00004     0.00000    0.000000000   -0.000000241   -0.000000415  256.971287  79176.5784
1734.00   15.0000    0.0000   15.0000  274.7710  274.7710  0.000000       0.00000       0.00000         231985.5443    0.000000    -0.00004     0.00000    0.000000000   -0.000000241   -0.000000414  256.927144  79050.3535
1746.00   15.0000    0.0000   15.0000  274.8490  274.8490  0.000000       0.00000       0.00000         231919.7086    0.000000    -0.00004     0.00000    0.000000000   -0.000000241   -0.000000414  256.882968  78924.3081
1758.00   15.0000    0.0000   15.0000  274.9270  274.9270  0.000000       0.00000       0.00000         231853.9103    0.000000    -0.00004     0.00000    0.000000000   -0.000000241   -0.000000413  256.838759  78798.4421
1770.00   15.0000    0.0000   15.0000  275.0050  275.0050  0.000000       0.00000       0.00000         231788.1493    0.000000    -0.00004     0.00000    0.000000000   -0.000000241   -0.000000413  256.794517  78672.7552
1782.00   15.0000    0.0000   15.0000  275.0830  275.0830  0.000000       0.00000       0.00000         231722.4256    0.000000    -0.00004     0.00000    0.000000000   -0.000000241   -0.000000413  256.750242  78547.2472
1794.00   15.0000    0.0000   15.0000  275.1610  275.1610  0.000000       0.00000       0.00000         231656.7391    0.000000    -0.00004     0.00000    0.000000000   -0.000000241   -0.000000412  256.705933  78421.9177
1806.00   15.0000    0.0000   15.0000  275.2390  275.2390  0.000000       0.00000       0.00000         231591.0899    0.000000    -0.00004     0.00000    0.000000000   -0.000000241   -0.000000412  256.661591  78296.7667
1818.00   15.0000    0.0000   15.0000  275.3170  275.3170  0.000000       0.00000       0.00000         231525.4779    0.000000    -0.00004     0.00000    0.000000000   -0.000000241   -0.000000411  256.617216  78171.7938
1830.00   15.0000    0.0000   15.0000  275.3950  275.3950  0.000000       0.00000       0.00000         231459.9030    0.000000    -0.00004     0.00000    0.000000000   -0.000000241   -0.000000411  256.572808  78046.9988
1842.00   15.0000    0.0000   15.0000  275.4730  275.4730  0.000000       0.00000       0.00000         231394.3653    0.000000    -0.00004     0.00000    0.000000000   -0.000000240   -0.000000410  256.528367  77922.3815
1854.00   15.0000    0.0000   15.0000  275.5510  275.5510  0.000000       0.00000       0.00000         231328.8647    0.000000    -0.00005     0.00000    0.000000000   -0.000000240   -0.000000410  256.483892  77797.9416
1866.00   15.0000    0.0000   15.0000  275.6290  275.6290  0.000000       0.00000       0.00000         231263.4012    0.000000    -0.00005     0.00000    0.000000000   -0.000000240   -0.000000410  256.439385  77673.6789
1878.00   15.0000    0.0000   15.0000  275.7070  275.7070  0.000000       0.00000       0.00000         231197.9747    0.000000    -0.00005     0.00000    0.000000000   -0.000000240   -0.000000409  256.394844  77549.5932
1890.00   15.0000    0.0000   15.0000  275.7850  275.7850  0.000000       0.00000       0.00000         231132.5852    0.000000    -0.00005     0.00000    0.000000000   -0.000000240   -0.000000409  256.350270  77425.6841
1902.00   15.0000    0.0000   15.0000  275.8630  275.8630  0.000000       0.00000       0.00000         231067.2326    0.000000    -0.00005     0.00000    0.000000000   -0.000000240   -0.000000408  256.305663  77301.9516
1914.00   15.0000    0.0000   15.0000  275.9410  275.9410  0.000000       0.00000       0.00000         231001.9171    0.000000    -0.00005     0.00000    0.000000000   -0.000000240   -0.000000408  256.261023  77178.3953
1926.00   15.0000    0.0000   15.0000  276.0190  276.0190  0.000000       0.00000       0.00000         230936.6384    0.000000    -0.00005     0.00000    0.000000000   -0.000000240   -0.000000407  256.216350  77055.0150
1938.00   15.0000    0.0000   15.0000  276.0970  276.0970  0.000000       0.00000       0.00000         230871.3966    0.000000    -0.00005     0.00000    0.000000000   -0.000000240   -0.000000407  256.171644  76931.8104
1950.00   15.0000    0.0000   15.0000  276.1750  276.1750  0.000000       0.00000       0.00000         230806.1917    0.000000    -0.00005     0.00000    0.000000000   -0.000000240   -0.000000406  256.126904  76808.7814
1962.00   15.0000    0.0000   15.0000  276.2530  276.2530  0.000000       0.00000       0.00000         230741.0236    0.000000    -0.00005     0.00000    0.000000000   -0.000000240   -0.000000406  256.082132  76685.9277
1974.00   15.0000    0.0000   15.0000  276.3310  276.3310  0.000000       0.00000       0.00000         230675.8923    0.000000    -0.00005     0.00000    0.000000000   -0.000000240   -0.000000406  256.037326  76563.2491
1986.00   15.0000    0.0000   15.0000  276.4090  276.4090  0.000000       0.00000       0.00000         230610.7978    0.000000    -0.00005     0.00000    0.000000000   -0.000000240   -0.000000405  255.992488  76440.7453
1998.00   15.0000    0.0000   15.0000  276.4870  276.4870  0.000000       0.00000       0.00000         230545.7399    0.000000    -0.00005     0.00000    0.000000000   -0.000000239   -0.000000405  255.947616  76318.4161
2010.00   15.0000    0.0000   15.0000  276.5650  276.5650  0.000000       0.00000       0.00000         230480.7188    0.000000    -0.00005     0.00000    0.000000000   -0.000000239   -0.000000404  255.902711  76196.2612
2022.00   15.0000    0.0000   15.0000  276.6430  276.6430  0.000000       0.00000       0.00000         230415.7344    0.000000    -0.00005     0.00000    0.000000000   -0.000000239   -0.000000404  255.857774  76074.2805
2034.00   15.0000    0.0000   15.0000  276.7210  276.7210  0.000000       0.00000       0.00000         230350.7865    0.000000    -0.00005     0.00000    0.000000000   -0.000000239   -0.000000403  255.812803  75952.4736
2046.00   15.0000    0.0000   15.0000  276.7990  276.7990  0.000000       0.00000       0.00000         230285.8753    0.000000    -0.00005     0.00000    0.000000000   -0.000000239   -0.000000403  255.767799  75830.8405
2058.00   15.0000    0.0000   15.0000  276.8770  276.8770  0.000000       0.00000       0.00000         230221.0007    0.000000    -0.00005     0.00000    0.000000000   -0.000000239   -0.000000402  255.722763  75709.3807
2070.00   15.0000    0.0000   15.0000  276.9550  276.9550  0.000000       0.00000       0.00000         230156.1626    0.000000    -0.00005     0.00000    0.000000000   -0.000000239   -0.000000402  255.677693  75588.0942
2082.00   15.0000    0.0000   15.0000  277.0330  277.0330  0.000000       0.00000       0.00000         230091.3610    0.000000    -0.00005     0.00000    0.000000000   -0.000000239   -0.000000401  255.632590  75466.9806
2094.00   15.0000    0.0000   15.0000  277.1110  277.1110  0.000000       0.00000       0.00000         230026.5958    0.000000    -0.00005     0.00000    0.000000000   -0.000000239   -0.000000401  255.587455  75346.0397
2106.00   15.0000    0.0000   15.0000  277.1890  277.1890  0.000000       0.00000       0.00000         229961.8672    0.000000    -0.00005     0.00000    0.000000000   -0.000000239   -0.000000401  255.542286  75225.2714
2118.00   15.0000    0.0000   15.0000  277.2670  277.2670  0.000000       0.00000       0.00000         229897.1749    0.000000    -0.00005     0.00000    0.000000000   -0.000000239   -0.000000400  255.497085  75104.6753
2130.00   15.0000    0.0000   15.0000  277.3450  277.3450  0.000000       0.00000       0.00000         229832.5191    0.000000    -0.00005     0.00000    0.000000000   -0.000000238   -0.000000400  255.451850  74984.2513
2142.00   15.0000    0.0000   15.0000  277.4230  277.4230  0.000000       0.00000       0.00000         229767.8996    0.000000    -0.00005     0.00000    0.000000000   -0.000000238   -0.000000399  255.406583  74863.9990
2154.00   15.0000    0.0000   15.0000  277.5010  277.5010  0.000000       0.00000       0.00000         229703.3164    0.000000    -0.00005     0.00000    0.000000000   -0.000000238   -0.000000399  255.361283  74743.9183
2166.00   15.0000    0.0000   15.0000  277.5790  277.5790  0.000000       0.00000       0.00000         229638.7695    0.000000    -0.00005     0.00000    0.000000000   -0.000000238   -0.000000398  255.315949  74624.0090
2178.00   15.0000    0.0000   15.0000  277.6570  277.6570  0.000000       0.00000       0.00000         229574.2589    0.000000    -0.00005     0.00000    0.000000000   -0.000000238   -0.000000398  255.270583  74504.2708
2190.00   15.0000    0.0000   15.0000  277.7350  277.7350  0.000000       0.00000       0.00000         229509.7845    0.000000    -0.00005     0.00000    0.000000000   -0.000000238   -0.000000397  255.225184  74384.7035
2202.00   15.0000    0.0000   15.0000  277.8130  277.8130  0.000000       0.00000       0.00000         229445.3463    0.000000    -0.00005     0.00000    0.000000000   -0.000000238   -0.000000397  255.179752  74265.3069
2214.00   15.0000    0.0000   15.0000  277.8910  277.8910  0.000000       0.00000       0.00000         229380.9443    0.000000    -0.00005     0.00000    0.000000000   -0.000000238   -0.000000396  255.134288  74146.0806
2226.00   15.0000    0.0000   15.0000  277.9690  277.9690  0.000000       0.00000       0.00000         229316.5785    0.000000    -0.00005     0.00000    0.000000000   -0.000000238   -0.000000396  255.088790  74027.0246
2238.00   15.0000    0.0000   15.0000  278.0470  278.0470  0.000000       0.00000       0.00000         229252.2487    0.000000    -0.00005     0.00000    0.000000000   -0.000000238   -0.000000395  255.043259  73908.1386
2250.00   15.0000    0.0000   15.0000  278.1250  278.1250  0.000000       0.00000       0.00000         229187.9551    0.000000    -0.00005     0.00000    0.000000000   -0.000000237   -0.000000395  254.997696  73789.4223
2262.00   15.0000    0.0000   15.0000  278.2030  278.2030  0.000000       0.00000       0.00000         229123.6974    0.000000    -0.00006     0.00000    0.000000000   -0.000000237   -0.000000394  254.952100  73670.8755
2274.00   15.0000    0.0000   15.0000  278.2810  278.2810  0.000000       0.00000       0.00000         229059.4759    0.000000    -0.00006     0.00000    0.000000000   -0.000000237   -0.000000394  254.906471  73552.4980
2286.00   15.0000    0.0000   15.0000  278.3590  278.3590  0.000000       0.00000       0.00000         228995.2903    0.000000    -0.00006     0.00000    0.000000000   -0.000000237   -0.000000393  254.860809  73434.2896
2298.00   15.0000    0.0000   15.0000  278.4370  278.4370  0.000000       0.00000       0.00000         228931.1406    0.000000    -0.00006     0.00000    0.000000000   -0.000000237   -0.000000393  254.815114  73316.2500
2310.00   15.0000    0.0000   15.0000  278.5150  278.5150  0.000000       0.00000       0.00000         228867.0269    0.000000    -0.00006     0.00000    0.000000000   -0.000000237   -0.000000393  254.769387  73198.3790
2322.00   15.0000    0.0000   15.0000  278.5930  278.5930  0.000000       0.00000       0.00000         228802.9491    0.000000    -0.00006     0.00000    0.000000000   -0.000000237   -0.000000392  254.723627  73080.6765
2334.00   15.0000    0.0000   15.0000  278.6710  278.6710  0.000000       0.00000       0.00000         228738.9072    0.000000    -0.00006     0.00000    0.000000000   -0.000000237   -0.000000392  254.677834  72963.1420
2346.00   15.0000    0.0000   15.0000  278.7490  278.7490  0.000000       0.00000       0.00000         228674.9011    0.000000    -0.00006     0.00000    0.000000000   -0.000000236   -0.000000391  254.632008  72845.7756
2358.00   15.0000    0.0000   15.0000  278.8270  278.8270  0.000000       0.00000       0.00000         228610.9308    0.000000    -0.00006     0.00000    0.000000000   -0.000000236   -0.000000391  254.586149  72728.5768
2370.00   15.0000    0.0000   15.0000  278.9050  278.9050  0.000000       0.00000       0.00000         228546.9963    0.000000    -0.00006     0.00000    0.000000000   -0.000000236   -0.000000390  254.540258  72611.5455
2382.00   15.0000    0.0000   15.0000  278.9830  278.9830  0.000000       0.00000       0.00000              0.0000    0.000000    -0.00006     0.00000    0.000000000    0.000000000    0.000000000  254.494334  72494.6815
2394.00   15.0000    0.0000   15.0000  279.0610  279.0610  0.000000       0.00000       0.00000              0.0000    0.000000     0.00000     0.00000    0.000000000    0.000000000    0.000000000  254.448377  72377.9845
