   0.00    0.0000    0.0000    0.0000  242.6956  242.6956  0.000000       0.00000       0.00000              0.0000    0.000000     0.00000     0.00000    0.000000000    0.000000000    0.000000000    0.000000      0.0000
   6.00    7.6338    3.5421    8.4156  244.3991  244.3991  0.000000       0.69533       0.69533              0.0000    0.000000     0.00000     0.00000   -0.000018235    0.000000000    0.000000000  244.311316  99874.3063
  18.00    8.7001    3.9503    9.5549  244.5388  244.5388  0.000000       2.05864       2.05864              0.0645    0.000000    -0.00000     0.00000   -0.000032741    0.000000000    0.000000000  244.304601  99664.9901
  30.00    9.3944    4.1664   10.2769  244.6329  244.6329  0.000000       1.93484       1.93484              0.0919    0.000000    -0.00000     0.00000   -0.000038259   -0.000000020   -0.000000067  244.281415  99497.8775
  42.00   10.0380    4.3225   10.9291  244.7231  244.7231  0.000000       2.10509       2.10509              0.1073    0.000000    -0.00000     0.00000   -0.000041095   -0.000000033   -0.000000080  244.254376  99331.0278
  54.00   10.6202    4.4248   11.5051  244.8079  244.8079  0.000000       2.05083       2.05083              0.1236    0.000000    -0.00000     0.00000   -0.000043300   -0.000000042   -0.000000088  244.221939  99164.4377
  66.00   11.1732    4.4850   12.0397  244.8921  244.8921  0.000000       1.98961       1.98961              0.1378    0.000000    -0.00000     0.00000   -0.000045235   -0.000000042   -0.000000088  244.188802  98998.1047
  78.00   11.7020    4.5069   12.5399  244.9766  244.9766  0.000000       1.87883       1.87883              0.1518    0.000000    -0.00000     0.00000   -0.000047067   -0.000000039   -0.000000085  244.155997  98832.0283
  90.00   12.2132    4.4928   13.0133  245.0630  245.0630  0.000000       1.75131       1.75131              0.1656    0.000000    -0.00000     0.00000   -0.000048877   -0.000000033   -0.000000079  244.124961  98666.2089
 102.00   12.7088    4.4433   13.4632  245.1521  245.1521  0.000000       1.60852       1.60852              0.1797    0.000000    -0.00000     0.00000   -0.000050703   -0.000000024   -0.000000070  244.096632  98500.6475
 114.00   13.1901    4.3587   13.8916  245.2450  245.2450  0.000000       1.45861       1.45861              0.1943    0.000000    -0.00000     0.00000   -0.000052584   -0.000000013   -0.000000059  244.071987  98335.3460
 126.00   13.6569    4.2384   14.2994  245.3426  245.3426  0.000000       1.30497       1.30497              0.2097    0.000000    -0.00000     0.00000   -0.000054541    0.000000002   -0.000000046  244.051996  98170.3069
 138.00   14.1082    4.0815   14.6867  245.4460  245.4460  0.000000       1.15094       1.15094              0.2262    0.000000    -0.00000     0.00000   -0.000056633    0.000000020   -0.000000028  244.037755  98005.5332
 150.00   14.5420    3.8870   15.0526  245.5566  245.5566  0.000000       0.99872       0.99872              0.2444    0.000000    -0.00001     0.00000   -0.000058975    0.000000041   -0.000000008  244.030569  97841.0288
 162.00   14.9557    3.6533   15.3954  245.6759  245.6759  0.000000       0.85020       0.85020              0.2649    0.000000    -0.00001     0.00000   -0.000061467    0.000000069    0.000000019  244.032072  97676.7987
 174.00   15.3452    3.3788   15.7128  245.8064  245.8064  0.000000       0.70635       0.70635              0.2885    0.000000    -0.00001     0.00000   -0.000064300    0.000000103    0.000000052  244.044489  97512.8488
 186.00   15.7054    3.0611   16.0009  245.9510  245.9510  0.000000       0.56922       0.56922              0.3166    0.000000    -0.00001     0.00000   -0.000067458    0.000000150    0.000000097  244.070946  97349.1872
 198.00   16.0293    2.6971   16.2546  246.1149  246.1149  0.000000       0.43755       0.43755              0.3520    0.000000    -0.00001     0.00000   -0.000071175    0.000000216    0.000000160  244.116498  97185.8244
 210.00   16.3054    2.2832   16.4645  246.3062  246.3062  0.000000       0.31815       0.31815              0.3981    0.000000    -0.00002     0.00000   -0.000075613    0.000000320    0.000000259  244.189084  97022.7751
 222.00   16.5174    1.8081   16.6160  246.5434  246.5434  0.000000       0.19943       0.19943              0.4702    0.000000    -0.00002     0.00000   -0.000081673    0.000000500    0.000000431  244.307097  96860.0628
 234.00   16.6217    1.2727   16.6704  246.8583  246.8583  0.000000       0.11573       0.11573              0.5782    0.000000    -0.00004     0.00000   -0.000094671    0.000000993    0.000000896  244.502003  96697.7272
 246.00   16.4907    0.6029   16.5017  247.4248  247.4248  0.000000       0.01134       0.01134              1.2487    0.000000    -0.00004     0.00000   -0.000070949    0.000008034    0.000006570  244.945809  96535.8749
 258.00   15.2644   -0.0694   15.2646  251.6413  251.6413  0.000000       0.00089       0.00089              2.3312    0.000000     0.00000     0.00000   -0.000172127    0.000012191    0.000012603  249.002119  96375.7526
 270.00   15.0023   -0.0026   15.0023  253.8601  253.8601  0.000000       0.00000       0.00000             43.3188    0.000000    -0.00011     0.00000   -0.000006849    0.000007894    0.000007847  251.079950  96217.8637
 282.00   15.0000   -0.0000   15.0000  255.1334  255.1334  0.000000       0.00000       0.00000         148778.0687    0.000000    -0.00007     0.00000   -0.000000000    0.000004874    0.000004735  252.221941  96061.2432
 294.00   15.0000   -0.0000   15.0000  255.8873  255.8873  0.000000       0.00000       0.00000        2260952.2694    0.000000    -0.00006     0.00000    0.000000000    0.000003467    0.000003281  252.849964  95905.4258
 306.00   15.0000   -0.0000   15.0000  256.5494  256.5494  0.000000       0.00000       0.00000        1919984.8426    0.000000    -0.00005     0.00000    0.000000000    0.000002990    0.000002815  253.386868  95750.2190
 318.00   15.0000   -0.0000   15.0000  257.0928  257.0928  0.000000       0.00000       0.00000        1632241.9987    0.000000    -0.00005     0.00000    0.000000000    0.000002549    0.000002376  253.806428  95595.5554
 330.00   15.0000   -0.0000   15.0000  257.5764  257.5764  0.000000       0.00000       0.00000        1453053.7027    0.000000    -0.00004     0.00000    0.000000000    0.000002272    0.000002102  254.166559  95441.3785
 342.00   15.0000    0.0000   15.0000  258.0088  258.0088  0.000000       0.00000       0.00000        1315409.6170    0.000000    -0.00004     0.00000    0.000000000    0.000002053    0.000001884  254.476095  95287.6528
 354.00   15.0000    0.0000   15.0000  258.4070  258.4070  0.000000       0.00000       0.00000        1208918.4219    0.000000    -0.00004     0.00000    0.000000000    0.000001880    0.000001712  254.751600  95134.3509
 366.00   15.0000    0.0000   15.0000  258.7733  258.7733  0.000000       0.00000       0.00000        1127821.8464    0.000000    -0.00004     0.00000    0.000000000    0.000001748    0.000001580  254.995628  94981.4516
 378.00   15.0000    0.0000   15.0000  259.1212  259.1212  0.000000       0.00000       0.00000        1053955.1748    0.000000    -0.00004     0.00000    0.000000000    0.000001621    0.000001454  255.221244  94828.9383
 390.00   15.0000    0.0000   15.0000  259.4417  259.4417  0.000000       0.00000       0.00000         996583.9921    0.000000    -0.00004     0.00000    0.000000000    0.000001523    0.000001356  255.419759  94676.7964
 402.00   15.0000    0.0000   15.0000  259.7540  259.7540  0.000000       0.00000       0.00000         939531.8817    0.000000    -0.00004     0.00000    0.000000000    0.000001419    0.000001253  255.610019  94525.0140
 414.00   15.0000    0.0000   15.0000  260.0390  260.0390  0.000000       0.00000       0.00000         890786.5011    0.000000    -0.00004     0.00000    0.000000000    0.000001329    0.000001163  255.773314  94373.5796
 426.00   15.0000    0.0000   15.0000  260.3209  260.3209  0.000000       0.00000       0.00000         852402.5517    0.000000    -0.00003     0.00000    0.000000000    0.000001259    0.000001093  255.933431  94222.4834
 438.00   15.0000    0.0000   15.0000  260.5820  260.5820  0.000000       0.00000       0.00000         811960.5203    0.000000    -0.00003     0.00000    0.000000000    0.000001180    0.000001014  256.073036  94071.7173
 450.00   15.0000    0.0000   15.0000  260.8387  260.8387  0.000000       0.00000       0.00000         783625.8100    0.000000    -0.00003     0.00000    0.000000000    0.000001127    0.000000961  256.208097  93921.2730
 462.00   15.0000    0.0000   15.0000  261.0823  261.0823  0.000000       0.00000       0.00000         752797.9402    0.000000    -0.00003     0.00000    0.000000000    0.000001066    0.000000899  256.330206  93771.1447
 474.00   15.0000    0.0000   15.0000  261.3197  261.3197  0.000000       0.00000       0.00000         729606.4328    0.000000    -0.00003     0.00000    0.000000000    0.000001021    0.000000854  256.446160  93621.3259
 486.00   15.0000    0.0000   15.0000  261.5489  261.5489  0.000000       0.00000       0.00000         706024.4930    0.000000    -0.00003     0.00000    0.000000000    0.000000974    0.000000806  256.553927  93471.8117
 498.00   15.0000    0.0000   15.0000  261.7716  261.7716  0.000000       0.00000       0.00000         683533.4561    0.000000    -0.00003     0.00000    0.000000000    0.000000927    0.000000759  256.655267  93322.5970
 510.00   15.0000    0.0000   15.0000  261.9868  261.9868  0.000000       0.00000       0.00000         661802.3583    0.000000    -0.00003     0.00000    0.000000000    0.000000881    0.000000713  256.749083  93173.6770
 522.00   15.0000    0.0000   15.0000  262.1960  262.1960  0.000000       0.00000       0.00000         642240.8570    0.000000    -0.00003     0.00000    0.000000000    0.000000839    0.000000671  256.836924  93025.0473
 534.00   15.0000    0.0000   15.0000  262.3989  262.3989  0.000000       0.00000       0.00000         624823.5760    0.000000    -0.00003     0.00000    0.000000000    0.000000802    0.000000633  256.918587  92876.7036
 546.00   15.0000    0.0000   15.0000  262.5972  262.5972  0.000000       0.00000       0.00000         607162.9520    0.000000    -0.00003     0.00000    0.000000000    0.000000763    0.000000593  256.995605  92728.6421
 558.00   15.0000    0.0000   15.0000  262.7891  262.7891  0.000000       0.00000       0.00000         591435.1324    0.000000    -0.00003     0.00000    0.000000000    0.000000728    0.000000558  257.066278  92580.8591
 570.00   15.0000    0.0000   15.0000  262.9776  262.9776  0.000000       0.00000       0.00000         574579.4402    0.000000    -0.00003     0.00000    0.000000000    0.000000689    0.000000519  257.133506  92433.3512
 582.00   15.0000    0.0000   15.0000  263.1589  263.1589  0.000000       0.00000       0.00000         559165.1960    0.000000    -0.00003     0.00000    0.000000000    0.000000653    0.000000483  257.193670  92286.1148
 594.00   15.0000    0.0000   15.0000  263.3377  263.3377  0.000000       0.00000       0.00000         544265.2476    0.000000    -0.00003     0.00000    0.000000000    0.000000617    0.000000447  257.251279  92139.1465
 606.00   15.0000    0.0000   15.0000  263.5097  263.5097  0.000000       0.00000       0.00000         528346.9178    0.000000    -0.00003     0.00000    0.000000000    0.000000579    0.000000408  257.302142  91992.4432
 618.00   15.0000    0.0000   15.0000  263.6784  263.6784  0.000000       0.00000       0.00000         515404.2379    0.000000    -0.00003     0.00000    0.000000000    0.000000547    0.000000377  257.349794  91846.0014
 630.00   15.0000    0.0000   15.0000  263.8423  263.8423  0.000000       0.00000       0.00000         501901.2098    0.000000    -0.00003     0.00000    0.000000000    0.000000514    0.000000343  257.392567  91699.8185
 642.00   15.0000    0.0000   15.0000  264.0025  264.0025  0.000000       0.00000       0.00000         490522.2951    0.000000    -0.00003     0.00000    0.000000000    0.000000486    0.000000315  257.431767  91553.8914
 654.00   15.0000    0.0000   15.0000  264.1592  264.1592  0.000000       0.00000       0.00000         479687.0459    0.000000    -0.00003     0.00000    0.000000000    0.000000458    0.000000288  257.467420  91408.2177
 666.00   15.0000    0.0000   15.0000  264.3126  264.3126  0.000000       0.00000       0.00000         470231.2472    0.000000    -0.00003     0.00000    0.000000000    0.000000435    0.000000264  257.499835  91262.7950
 678.00   15.0000    0.0000   15.0000  264.4634  264.4634  0.000000       0.00000       0.00000         461520.3114    0.000000    -0.00003     0.00000    0.000000000    0.000000413    0.000000241  257.529567  91117.6212
 690.00   15.0000    0.0000   15.0000  264.6113  264.6113  0.000000       0.00000       0.00000         452978.0454    0.000000    -0.00003     0.00000    0.000000000    0.000000391    0.000000219  257.556526  90972.6943
 702.00   15.0000    0.0000   15.0000  264.7567  264.7567  0.000000       0.00000       0.00000         445187.1778    0.000000    -0.00003     0.00000    0.000000000    0.000000371    0.000000199  257.580904  90828.0123
 714.00   15.0000    0.0000   15.0000  264.8998  264.8998  0.000000       0.00000       0.00000         438585.4829    0.000000    -0.00003     0.00000    0.000000000    0.000000354    0.000000182  257.602979  90683.5734
 726.00   15.0000    0.0000   15.0000  265.0410  265.0410  0.000000       0.00000       0.00000         433022.1088    0.000000    -0.00003     0.00000    0.000000000    0.000000340    0.000000168  257.623219  90539.3760
 738.00   15.0000    0.0000   15.0000  265.1807  265.1807  0.000000       0.00000       0.00000         428205.3126    0.000000    -0.00003     0.00000    0.000000000    0.000000327    0.000000155  257.641808  90395.4187
 750.00   15.0000    0.0000   15.0000  265.3189  265.3189  0.000000       0.00000       0.00000         423927.2976    0.000000    -0.00003     0.00000    0.000000000    0.000000316    0.000000144  257.659030  90251.7003
 762.00   15.0000    0.0000   15.0000  265.4559  265.4559  0.000000       0.00000       0.00000         420475.7726    0.000000    -0.00003     0.00000    0.000000000    0.000000308    0.000000135  257.674939  90108.2197
 774.00   15.0000    0.0000   15.0000  265.5921  265.5921  0.000000       0.00000       0.00000         417416.4434    0.000000    -0.00003     0.00000    0.000000000    0.000000300    0.000000127  257.690001  89964.9757
 786.00   15.0000    0.0000   15.0000  265.7272  265.7272  0.000000       0.00000       0.00000         415322.0693    0.000000    -0.00003     0.00000    0.000000000    0.000000295    0.000000121  257.703997  89821.9675
 798.00   15.0000    0.0000   15.0000  265.8622  265.8622  0.000000       0.00000       0.00000         414105.6381    0.000000    -0.00003     0.00000    0.000000000    0.000000292    0.000000118  257.717752  89679.1944
 810.00   15.0000    0.0000   15.0000  265.9967  265.9967  0.000000       0.00000       0.00000         414139.0985    0.000000    -0.00003     0.00000    0.000000000    0.000000293    0.000000119  257.730994  89536.6556
 822.00   15.0000    0.0000   15.0000  266.1318  266.1318  0.000000       0.00000       0.00000         415007.9677    0.000000    -0.00003     0.00000    0.000000000    0.000000297    0.000000122  257.744784  89394.3508
 834.00   15.0000    0.0000   15.0000  266.2670  266.2670  0.000000       0.00000       0.00000         416073.4386    0.000000    -0.00004     0.00000    0.000000000    0.000000300    0.000000125  257.758588  89252.2798
 846.00   15.0000    0.0000   15.0000  266.4029  266.4029  0.000000       0.00000       0.00000         418788.0675    0.000000    -0.00004     0.00000    0.000000000    0.000000309    0.000000133  257.773064  89110.4424
 858.00   15.0000    0.0000   15.0000  266.5400  266.5400  0.000000       0.00000       0.00000         423809.8808    0.000000    -0.00004     0.00000    0.000000000    0.000000324    0.000000148  257.788596  88968.8386
 870.00   15.0000    0.0000   15.0000  266.6794  266.6794  0.000000       0.00000       0.00000         431737.2432    0.000000    -0.00004     0.00000    0.000000000    0.000000348    0.000000170  257.806255  88827.4689
 882.00   15.0000    0.0000   15.0000  266.8218  266.8218  0.000000       0.00000       0.00000         441719.7875    0.000000    -0.00004     0.00000    0.000000000    0.000000378    0.000000199  257.826807  88686.3343
 894.00   15.0000    0.0000   15.0000  266.9678  266.9678  0.000000       0.00000       0.00000         456686.0588    0.000000    -0.00004     0.00000    0.000000000    0.000000423    0.000000242  257.850787  88545.4361
 906.00   15.0000    0.0000   15.0000  267.1202  267.1202  0.000000       0.00000       0.00000         473279.7394    0.000000    -0.00004     0.00000    0.000000000    0.000000473    0.000000291  257.880808  88404.7765
 918.00   15.0000    0.0000   15.0000  267.2772  267.2772  0.000000       0.00000       0.00000         507126.0436    0.000000    -0.00005     0.00000    0.000000000    0.000000574    0.000000389  257.915294  88264.3578
 930.00   15.0000    0.0000   15.0000  267.4519  267.4519  0.000000       0.00000       0.00000         526411.9441    0.000000    -0.00005     0.00000    0.000000000    0.000000634    0.000000447  257.966717  88124.1856
 942.00   15.0000    0.0000   15.0000  267.6218  267.6218  0.000000       0.00000       0.00000         623875.4008    0.000000    -0.00007     0.00000    0.000000000    0.000000927    0.000000731  258.013448  87984.2625
 954.00   15.0000    0.0000   15.0000  267.8605  267.8605  0.000000       0.00000       0.00000         622621.1085    0.000000    -0.00005     0.00000    0.000000000    0.000000929    0.000000735  258.126457  87844.6048
 966.00   15.0000    0.0000   15.0000  268.0299  268.0299  0.000000       0.00000       0.00000         931520.4966    0.000000    -0.00013     0.00000    0.000000000    0.000001880    0.000001646  258.172598  87705.2117
 978.00   15.0000    0.0000   15.0000  268.4715  268.4715  0.000000       0.00000       0.00000         855587.6564    0.000000    -0.00004     0.00000    0.000000000    0.000001659    0.000001462  258.480776  87566.1351
 990.00   15.0000    0.0000   15.0000  268.5921  268.5921  0.000000       0.00000       0.00000        2344977.2069    0.000000    -0.00044     0.00000    0.000000000    0.000006561    0.000005956  258.479715  87427.3616
1002.00   15.0000    0.0000   15.0000  270.0130  270.0130  0.000000       0.00000       0.00000        2268253.9726    0.000000    -0.00002     0.00000    0.000000000    0.000006351    0.000006331  259.729704  87289.1405
1014.00   15.0000    0.0000   15.0000  270.0910  270.0910  0.000000       0.00000       0.00000         236005.2723    0.000000    -0.00002     0.00000    0.000000000   -0.000000243   -0.000000441  259.687622  87151.4598
1026.00   15.0000    0.0000   15.0000  270.1690  270.1690  0.000000       0.00000       0.00000         235937.1356    0.000000    -0.00002     0.00000    0.000000000   -0.000000243   -0.000000440  259.645507  87013.9739
1038.00   15.0000    0.0000   15.0000  270.2470  270.2470  0.000000       0.00000       0.00000         235869.0383    0.000000    -0.00003     0.00000    0.000000000   -0.000000243   -0.000000440  259.603358  86876.6827
1050.00   15.0000    0.0000   15.0000  270.3250  270.3250  0.000000       0.00000       0.00000         235800.9803    0.000000    -0.00003     0.00000    0.000000000   -0.000000243   -0.000000440  259.561176  86739.5859
1062.00   15.0000    0.0000   15.0000  270.4030  270.4030  0.000000       0.00000       0.00000         235732.9615    0.000000    -0.00003     0.00000    0.000000000   -0.000000243   -0.000000439  259.518959  86602.6831
1074.00   15.0000    0.0000   15.0000  270.4810  270.4810  0.000000       0.00000       0.00000         235664.9820    0.000000    -0.00003     0.00000    0.000000000   -0.000000243   -0.000000439  259.476709  86465.9742
1086.00   15.0000    0.0000   15.0000  270.5590  270.5590  0.000000       0.00000       0.00000         235597.0417    0.000000    -0.00003     0.00000    0.000000000   -0.000000243   -0.000000439  259.434425  86329.4589
1098.00   15.0000    0.0000   15.0000  270.6370  270.6370  0.000000       0.00000       0.00000         235529.1405    0.000000    -0.00003     0.00000    0.000000000   -0.000000243   -0.000000438  259.392107  86193.1370
1110.00   15.0000    0.0000   15.0000  270.7150  270.7150  0.000000       0.00000       0.00000         235461.2785    0.000000    -0.00003     0.00000    0.000000000   -0.000000243   -0.000000438  259.349756  86057.0080
1122.00   15.0000    0.0000   15.0000  270.7930  270.7930  0.000000       0.00000       0.00000         235393.4555    0.000000    -0.00003     0.00000    0.000000000   -0.000000243   -0.000000438  259.307371  85921.0719
1134.00   15.0000    0.0000   15.0000  270.8710  270.8710  0.000000       0.00000       0.00000         235325.6716    0.000000    -0.00003     0.00000    0.000000000   -0.000000244   -0.000000437  259.264952  85785.3284
1146.00   15.0000    0.0000   15.0000  270.9490  270.9490  0.000000       0.00000       0.00000         235257.9268    0.000000    -0.00003     0.00000    0.000000000   -0.000000244   -0.000000437  259.222499  85649.7771
1158.00   15.0000    0.0000   15.0000  271.0270  271.0270  0.000000       0.00000       0.00000         235190.2209    0.000000    -0.00003     0.00000    0.000000000   -0.000000244   -0.000000437  259.180013  85514.4179
1170.00   15.0000    0.0000   15.0000  271.1050  271.1050  0.000000       0.00000       0.00000         235122.5540    0.000000    -0.00003     0.00000    0.000000000   -0.000000244   -0.000000436  259.137493  85379.2504
1182.00   15.0000    0.0000   15.0000  271.1830  271.1830  0.000000       0.00000       0.00000         235054.9260    0.000000    -0.00003     0.00000    0.000000000   -0.000000244   -0.000000436  259.094939  85244.2745
1194.00   15.0000    0.0000   15.0000  271.2610  271.2610  0.000000       0.00000       0.00000         234987.3369    0.000000    -0.00003     0.00000    0.000000000   -0.000000244   -0.000000436  259.052351  85109.4898
1206.00   15.0000    0.0000   15.0000  271.3390  271.3390  0.000000       0.00000       0.00000         234919.7867    0.000000    -0.00003     0.00000    0.000000000   -0.000000244   -0.000000435  259.009730  84974.8961
1218.00   15.0000    0.0000   15.0000  271.4170  271.4170  0.000000       0.00000       0.00000         234852.2753    0.000000    -0.00003     0.00000    0.000000000   -0.000000244   -0.000000435  258.967075  84840.4931
1230.00   15.0000    0.0000   15.0000  271.4950  271.4950  0.000000       0.00000       0.00000         234784.8027    0.000000    -0.00003     0.00000    0.000000000   -0.000000244   -0.000000435  258.924387  84706.2806
1242.00   15.0000    0.0000   15.0000  271.5730  271.5730  0.000000       0.00000       0.00000         234717.3688    0.000000    -0.00003     0.00000    0.000000000   -0.000000244   -0.000000434  258.881665  84572.2584
1254.00   15.0000    0.0000   15.0000  271.6510  271.6510  0.000000       0.00000       0.00000         234649.9737    0.000000    -0.00003     0.00000    0.000000000   -0.000000244   -0.000000434  258.838909  84438.4262
1266.00   15.0000    0.0000   15.0000  271.7290  271.7290  0.000000       0.00000       0.00000         234582.6172    0.000000    -0.00003     0.00000    0.000000000   -0.000000244   -0.000000433  258.796120  84304.7836
1278.00   15.0000    0.0000   15.0000  271.8070  271.8070  0.000000       0.00000       0.00000         234515.2995    0.000000    -0.00003     0.00000    0.000000000   -0.000000244   -0.000000433  258.753297  84171.3305
1290.00   15.0000    0.0000   15.0000  271.8850  271.8850  0.000000       0.00000       0.00000         234448.0203    0.000000    -0.00003     0.00000    0.000000000   -0.000000244   -0.000000433  258.710441  84038.0667
1302.00   15.0000    0.0000   15.0000  271.9630  271.9630  0.000000       0.00000       0.00000         234380.7797    0.000000    -0.00003     0.00000    0.000000000   -0.000000244   -0.000000432  258.667550  83904.9918
1314.00   15.0000    0.0000   15.0000  272.0410  272.0410  0.000000       0.00000       0.00000         234313.5777    0.000000    -0.00003     0.00000    0.000000000   -0.000000244   -0.000000432  258.624627  83772.1056
1326.00   15.0000    0.0000   15.0000  272.1190  272.1190  0.000000       0.00000       0.00000         234246.4143    0.000000    -0.00003     0.00000    0.000000000   -0.000000244   -0.000000432  258.581669  83639.4078
1338.00   15.0000    0.0000   15.0000  272.1970  272.1970  0.000000       0.00000       0.00000         234179.2893    0.000000    -0.00003     0.00000    0.000000000   -0.000000244   -0.000000431  258.538679  83506.8982
1350.00   15.0000    0.0000   15.0000  272.2750  272.2750  0.000000       0.00000       0.00000         234112.2027    0.000000    -0.00003     0.00000    0.000000000   -0.000000244   -0.000000431  258.495654  83374.5766
1362.00   15.0000    0.0000   15.0000  272.3530  272.3530  0.000000       0.00000       0.00000         234045.1546    0.000000    -0.00003     0.00000    0.000000000   -0.000000244   -0.000000431  258.452596  83242.4427
1374.00   15.0000    0.0000   15.0000  272.4310  272.4310  0.000000       0.00000       0.00000         233978.1449    0.000000    -0.00003     0.00000    0.000000000   -0.000000244   -0.000000430  258.409505  83110.4962
1386.00   15.0000    0.0000   15.0000  272.5090  272.5090  0.000000       0.00000       0.00000         233911.1736    0.000000    -0.00003     0.00000    0.000000000   -0.000000244   -0.000000430  258.366380  82978.7369
1398.00   15.0000    0.0000   15.0000  272.5870  272.5870  0.000000       0.00000       0.00000         233844.2406    0.000000    -0.00003     0.00000    0.000000000   -0.000000244   -0.000000429  258.323221  82847.1645
1410.00   15.0000    0.0000   15.0000  272.6650  272.6650  0.000000       0.00000       0.00000         233777.3458    0.000000    -0.00003     0.00000    0.000000000   -0.000000244   -0.000000429  258.280029  82715.7788
1422.00   15.0000    0.0000   15.0000  272.7430  272.7430  0.000000       0.00000       0.00000         233710.4894    0.000000    -0.00003     0.00000    0.000000000   -0.000000244   -0.000000429  258.236804  82584.5795
1434.00   15.0000    0.0000   15.0000  272.8210  272.8210  0.000000       0.00000       0.00000         233643.6711    0.000000    -0.00003     0.00000    0.000000000   -0.000000244   -0.000000428  258.193545  82453.5664
1446.00   15.0000    0.0000   15.0000  272.8990  272.8990  0.000000       0.00000       0.00000         233576.8911    0.000000    -0.00004     0.00000    0.000000000   -0.000000244   -0.000000428  258.150252  82322.7393
1458.00   15.0000    0.0000   15.0000  272.9770  272.9770  0.000000       0.00000       0.00000         233510.1492    0.000000    -0.00004     0.00000    0.000000000   -0.000000244   -0.000000428  258.106926  82192.0978
1470.00   15.0000    0.0000   15.0000  273.0550  273.0550  0.000000       0.00000       0.00000         233443.4455    0.000000    -0.00004     0.00000    0.000000000   -0.000000244   -0.000000427  258.063567  82061.6418
1482.00   15.0000    0.0000   15.0000  273.1330  273.1330  0.000000       0.00000       0.00000         233376.7798    0.000000    -0.00004     0.00000    0.000000000   -0.000000244   -0.000000427  258.020174  81931.3710
1494.00   15.0000    0.0000   15.0000  273.2110  273.2110  0.000000       0.00000       0.00000         233310.1522    0.000000    -0.00004     0.00000    0.000000000   -0.000000244   -0.000000426  257.976748  81801.2850
1506.00   15.0000    0.0000   15.0000  273.2890  273.2890  0.000000       0.00000       0.00000         233243.5627    0.000000    -0.00004     0.00000    0.000000000   -0.000000244   -0.000000426  257.933288  81671.3838
1518.00   15.0000    0.0000   15.0000  273.3670  273.3670  0.000000       0.00000       0.00000         233177.0111    0.000000    -0.00004     0.00000    0.000000000   -0.000000244   -0.000000426  257.889795  81541.6670
1530.00   15.0000    0.0000   15.0000  273.4450  273.4450  0.000000       0.00000       0.00000         233110.4975    0.000000    -0.00004     0.00000    0.000000000   -0.000000244   -0.000000425  257.846268  81412.1344
1542.00   15.0000    0.0000   15.0000  273.5230  273.5230  0.000000       0.00000       0.00000         233044.0219    0.000000    -0.00004     0.00000    0.000000000   -0.000000244   -0.000000425  257.802708  81282.7858
1554.00   15.0000    0.0000   15.0000  273.6010  273.6010  0.000000       0.00000       0.00000         232977.5841    0.000000    -0.00004     0.00000    0.000000000   -0.000000243   -0.000000424  257.759115  81153.6208
1566.00   15.0000    0.0000   15.0000  273.6790  273.6790  0.000000       0.00000       0.00000         232911.1843    0.000000    -0.00004     0.00000    0.000000000   -0.000000243   -0.000000424  257.715488  81024.6393
1578.00   15.0000    0.0000   15.0000  273.7570  273.7570  0.000000       0.00000       0.00000         232844.8222    0.000000    -0.00004     0.00000    0.000000000   -0.000000243   -0.000000424  257.671828  80895.8410
1590.00   15.0000    0.0000   15.0000  273.8350  273.8350  0.000000       0.00000       0.00000         232778.4980    0.000000    -0.00004     0.00000    0.000000000   -0.000000243   -0.000000423  257.628135  80767.2257
1602.00   15.0000    0.0000   15.0000  273.9130  273.9130  0.000000       0.00000       0.00000         232712.2115    0.000000    -0.00004     0.00000    0.000000000   -0.000000243   -0.000000423  257.584408  80638.7930
1614.00   15.0000    0.0000   15.0000  273.9910  273.9910  0.000000       0.00000       0.00000         232645.9628    0.000000    -0.00004     0.00000    0.000000000   -0.000000243   -0.000000422  257.540648  80510.5429
1626.00   15.0000    0.0000   15.0000  274.0690  274.0690  0.000000       0.00000       0.00000         232579.7518    0.000000    -0.00004     0.00000    0.000000000   -0.000000243   -0.000000422  257.496854  80382.4749
1638.00   15.0000    0.0000   15.0000  274.1470  274.1470  0.000000       0.00000       0.00000         232513.5785    0.000000    -0.00004     0.00000    0.000000000   -0.000000243   -0.000000422  257.453027  80254.5890
1650.00   15.0000    0.0000   15.0000  274.2250  274.2250  0.000000       0.00000       0.00000         232447.4428    0.000000    -0.00004     0.00000    0.000000000   -0.000000243   -0.000000421  257.409167  80126.8848
1662.00   15.0000    0.0000   15.0000  274.3030  274.3030  0.000000       0.00000       0.00000         232381.3447    0.000000    -0.00004     0.00000    0.000000000   -0.000000243   -0.000000421  257.365274  79999.3620
1674.00   15.0000    0.0000   15.0000  274.3810  274.3810  0.000000       0.00000       0.00000         232315.2842    0.000000    -0.00004     0.00000    0.000000000   -0.000000243   -0.000000420  257.321347  79872.0205
1686.00   15.0000    0.0000   15.0000  274.4590  274.4590  0.000000       0.00000       0.00000         232249.2613    0.000000    -0.00004     0.00000    0.000000000   -0.000000243   -0.000000420  257.277387  79744.8601
1698.00   15.0000    0.0000   15.0000  274.5370  274.5370  0.000000       0.00000       0.00000         232183.2758    0.000000    -0.00004     0.00000    0.000000000   -0.000000243   -0.000000420  257.233394  79617.8803
1710.00   15.0000    0.0000   15.0000  274.6150  274.6150  0.000000       0.00000       0.00000         232117.3279    0.000000    -0.00004     0.00000    0.000000000   -0.000000243   -0.000000419  257.189367  79491.0811
1722.00   15.0000    0.0000   15.0000  274.6930  274.6930  0.000000       0.00000       0.00000         232051.4174    0.000000    -0.00004     0.00000    0.000000000   -0.000000243   -0.000000419  257.145307  79364.4622
1734.00   15.0000    0.0000   15.0000  274.7710  274.7710  0.000000       0.00000       0.00000         231985.5443    0.000000    -0.00004     0.00000    0.000000000   -0.000000243   -0.000000418  257.101214  79238.0233
1746.00   15.0000    0.0000   15.0000  274.8490  274.8490  0.000000       0.00000       0.00000         231919.7086    0.000000    -0.00004     0.00000    0.000000000   -0.000000243   -0.000000418  257.057088  79111.7642
1758.00   15.0000    0.0000   15.0000  274.9270  274.9270  0.000000       0.00000       0.00000         231853.9103    0.000000    -0.00004     0.00000    0.000000000   -0.000000243   -0.000000417  257.012928  78985.6846
1770.00   15.0000    0.0000   15.0000  275.0050  275.0050  0.000000       0.00000       0.00000         231788.1493    0.000000    -0.00004     0.00000    0.000000000   -0.000000243   -0.000000417  256.968735  78859.7844
1782.00   15.0000    0.0000   15.0000  275.0830  275.0830  0.000000       0.00000       0.00000         231722.4256    0.000000    -0.00004     0.00000    0.000000000   -0.000000243   -0.000000417  256.924509  78734.0632
1794.00   15.0000    0.0000   15.0000  275.1610  275.1610  0.000000       0.00000       0.00000         231656.7391    0.000000    -0.00004     0.00000    0.000000000   -0.000000243   -0.000000416  256.880250  78608.5209
1806.00   15.0000    0.0000   15.0000  275.2390  275.2390  0.000000       0.00000       0.00000         231591.0899    0.000000    -0.00004     0.00000    0.000000000   -0.000000243   -0.000000416  256.835958  78483.1571
1818.00   15.0000    0.0000   15.0000  275.3170  275.3170  0.000000       0.00000       0.00000         231525.4779    0.000000    -0.00004     0.00000    0.000000000   -0.000000243   -0.000000415  256.791632  78357.9717
1830.00   15.0000    0.0000   15.0000  275.3950  275.3950  0.000000       0.00000       0.00000         231459.9030    0.000000    -0.00004     0.00000    0.000000000   -0.000000242   -0.000000415  256.747274  78232.9644
1842.00   15.0000    0.0000   15.0000  275.4730  275.4730  0.000000       0.00000       0.00000         231394.3653    0.000000    -0.00004     0.00000    0.000000000   -0.000000242   -0.000000414  256.702882  78108.1350
1854.00   15.0000    0.0000   15.0000  275.5510  275.5510  0.000000       0.00000       0.00000         231328.8647    0.000000    -0.00005     0.00000    0.000000000   -0.000000242   -0.000000414  256.658457  77983.4832
1866.00   15.0000    0.0000   15.0000  275.6290  275.6290  0.000000       0.00000       0.00000         231263.4012    0.000000    -0.00005     0.00000    0.000000000   -0.000000242   -0.000000414  256.613998  77859.0088
1878.00   15.0000    0.0000   15.0000  275.7070  275.7070  0.000000       0.00000       0.00000         231197.9747    0.000000    -0.00005     0.00000    0.000000000   -0.000000242   -0.000000413  256.569507  77734.7116
1890.00   15.0000    0.0000   15.0000  275.7850  275.7850  0.000000       0.00000       0.00000         231132.5852    0.000000    -0.00005     0.00000    0.000000000   -0.000000242   -0.000000413  256.524983  77610.5913
1902.00   15.0000    0.0000   15.0000  275.8630  275.8630  0.000000       0.00000       0.00000         231067.2326    0.000000    -0.00005     0.00000    0.000000000   -0.000000242   -0.000000412  256.480425  77486.6477
1914.00   15.0000    0.0000   15.0000  275.9410  275.9410  0.000000       0.00000       0.00000         231001.9171    0.000000    -0.00005     0.00000    0.000000000   -0.000000242   -0.000000412  256.435834  77362.8805
1926.00   15.0000    0.0000   15.0000  276.0190  276.0190  0.000000       0.00000       0.00000         230936.6384    0.000000    -0.00005     0.00000    0.000000000   -0.000000242   -0.000000411  256.391211  77239.2895
1938.00   15.0000    0.0000   15.0000  276.0970  276.0970  0.000000       0.00000       0.00000         230871.3966    0.000000    -0.00005     0.00000    0.000000000   -0.000000242   -0.000000411  256.346554  77115.8745
1950.00   15.0000    0.0000   15.0000  276.1750  276.1750  0.000000       0.00000       0.00000         230806.1917    0.000000    -0.00005     0.00000    0.000000000   -0.000000242   -0.000000410  256.301864  76992.6353
1962.00   15.0000    0.0000   15.0000  276.2530  276.2530  0.000000       0.00000       0.00000         230741.0236    0.000000    -0.00005     0.00000    0.000000000   -0.000000242   -0.000000410  256.257141  76869.5715
1974.00   15.0000    0.0000   15.0000  276.3310  276.3310  0.000000       0.00000       0.00000         230675.8923    0.000000    -0.00005     0.00000    0.000000000   -0.000000242   -0.000000410  256.212385  76746.6830
1986.00   15.0000    0.0000   15.0000  276.4090  276.4090  0.000000       0.00000       0.00000         230610.7978    0.000000    -0.00005     0.00000    0.000000000   -0.000000242   -0.000000409  256.167595  76623.9696
1998.00   15.0000    0.0000   15.0000  276.4870  276.4870  0.000000       0.00000       0.00000         230545.7399    0.000000    -0.00005     0.00000    0.000000000   -0.000000241   -0.000000409  256.122773  76501.4309
2010.00   15.0000    0.0000   15.0000  276.5650  276.5650  0.000000       0.00000       0.00000         230480.7188    0.000000    -0.00005     0.00000    0.000000000   -0.000000241   -0.000000408  256.077918  76379.0668
2022.00   15.0000    0.0000   15.0000  276.6430  276.6430  0.000000       0.00000       0.00000         230415.7344    0.000000    -0.00005     0.00000    0.000000000   -0.000000241   -0.000000408  256.033030  76256.8771
2034.00   15.0000    0.0000   15.0000  276.7210  276.7210  0.000000       0.00000       0.00000         230350.7865    0.000000    -0.00005     0.00000    0.000000000   -0.000000241   -0.000000407  255.988109  76134.8614
2046.00   15.0000    0.0000   15.0000  276.7990  276.7990  0.000000       0.00000       0.00000         230285.8753    0.000000    -0.00005     0.00000    0.000000000   -0.000000241   -0.000000407  255.943154  76013.0196
2058.00   15.0000    0.0000   15.0000  276.8770  276.8770  0.000000       0.00000       0.00000         230221.0007    0.000000    -0.00005     0.00000    0.000000000   -0.000000241   -0.000000406  255.898167  75891.3514
2070.00   15.0000    0.0000   15.0000  276.9550  276.9550  0.000000       0.00000       0.00000         230156.1626    0.000000    -0.00005     0.00000    0.000000000   -0.000000241   -0.000000406  255.853147  75769.8566
2082.00   15.0000    0.0000   15.0000  277.0330  277.0330  0.000000       0.00000       0.00000         230091.3610    0.000000    -0.00005     0.00000    0.000000000   -0.000000241   -0.000000406  255.808094  75648.5350
2094.00   15.0000    0.0000   15.0000  277.1110  277.1110  0.000000       0.00000       0.00000         230026.5958    0.000000    -0.00005     0.00000    0.000000000   -0.000000241   -0.000000405  255.763007  75527.3863
2106.00   15.0000    0.0000   15.0000  277.1890  277.1890  0.000000       0.00000       0.00000         229961.8672    0.000000    -0.00005     0.00000    0.000000000   -0.000000241   -0.000000405  255.717888  75406.4104
2118.00   15.0000    0.0000   15.0000  277.2670  277.2670  0.000000       0.00000       0.00000         229897.1749    0.000000    -0.00005     0.00000    0.000000000   -0.000000241   -0.000000404  255.672736  75285.6068
2130.00   15.0000    0.0000   15.0000  277.3450  277.3450  0.000000       0.00000       0.00000         229832.5191    0.000000    -0.00005     0.00000    0.000000000   -0.000000240   -0.000000404  255.627551  75164.9756
2142.00   15.0000    0.0000   15.0000  277.4230  277.4230  0.000000       0.00000       0.00000         229767.8996    0.000000    -0.00005     0.00000    0.000000000   -0.000000240   -0.000000403  255.582333  75044.5163
2154.00   15.0000    0.0000   15.0000  277.5010  277.5010  0.000000       0.00000       0.00000         229703.3164    0.000000    -0.00005     0.00000    0.000000000   -0.000000240   -0.000000403  255.537082  74924.2288
2166.00   15.0000    0.0000   15.0000  277.5790  277.5790  0.000000       0.00000       0.00000         229638.7695    0.000000    -0.00005     0.00000    0.000000000   -0.000000240   -0.000000402  255.491798  74804.1129
2178.00   15.0000    0.0000   15.0000  277.6570  277.6570  0.000000       0.00000       0.00000         229574.2589    0.000000    -0.00005     0.00000    0.000000000   -0.000000240   -0.000000402  255.446482  74684.1683
2190.00   15.0000    0.0000   15.0000  277.7350  277.7350  0.000000       0.00000       0.00000         229509.7845    0.000000    -0.00005     0.00000    0.000000000   -0.000000240   -0.000000401  255.401132  74564.3947
2202.00   15.0000    0.0000   15.0000  277.8130  277.8130  0.000000       0.00000       0.00000         229445.3463    0.000000    -0.00005     0.00000    0.000000000   -0.000000240   -0.000000401  255.355750  74444.7920
2214.00   15.0000    0.0000   15.0000  277.8910  277.8910  0.000000       0.00000       0.00000         229380.9443    0.000000    -0.00005     0.00000    0.000000000   -0.000000240   -0.000000400  255.310334  74325.3600
2226.00   15.0000    0.0000   15.0000  277.9690  277.9690  0.000000       0.00000       0.00000         229316.5785    0.000000    -0.00005     0.00000    0.000000000   -0.000000240   -0.000000400  255.264886  74206.0984
2238.00   15.0000    0.0000   15.0000  278.0470  278.0470  0.000000       0.00000       0.00000         229252.2487    0.000000    -0.00005     0.00000    0.000000000   -0.000000240   -0.000000399  255.219405  74087.0069
2250.00   15.0000    0.0000   15.0000  278.1250  278.1250  0.000000       0.00000       0.00000         229187.9551    0.000000    -0.00005     0.00000    0.000000000   -0.000000239   -0.000000399  255.173891  73968.0854
2262.00   15.0000    0.0000   15.0000  278.2030  278.2030  0.000000       0.00000       0.00000         229123.6974    0.000000    -0.00006     0.00000    0.000000000   -0.000000239   -0.000000398  255.128344  73849.3336
2274.00   15.0000    0.0000   15.0000  278.2810  278.2810  0.000000       0.00000       0.00000         229059.4759    0.000000    -0.00006     0.00000    0.000000000   -0.000000239   -0.000000398  255.082765  73730.7513
2286.00   15.0000    0.0000   15.0000  278.3590  278.3590  0.000000       0.00000       0.00000         228995.2903    0.000000    -0.00006     0.00000    0.000000000   -0.000000239   -0.000000398  255.037152  73612.3382
2298.00   15.0000    0.0000   15.0000  278.4370  278.4370  0.000000       0.00000       0.00000         228931.1406    0.000000    -0.00006     0.00000    0.000000000   -0.000000239   -0.000000397  254.991507  73494.0942
2310.00   15.0000    0.0000   15.0000  278.5150  278.5150  0.000000       0.00000       0.00000         228867.0269    0.000000    -0.00006     0.00000    0.000000000   -0.000000239   -0.000000397  254.945829  73376.0190
2322.00   15.0000    0.0000   15.0000  278.5930  278.5930  0.000000       0.00000       0.00000         228802.9491    0.000000    -0.00006     0.00000    0.000000000   -0.000000239   -0.000000396  254.900118  73258.1124
2334.00   15.0000    0.0000   15.0000  278.6710  278.6710  0.000000       0.00000       0.00000         228738.9072    0.000000    -0.00006     0.00000    0.000000000   -0.000000239   -0.000000396  254.854374  73140.3741
2346.00   15.0000    0.0000   15.0000  278.7490  278.7490  0.000000       0.00000       0.00000         228674.9011    0.000000    -0.00006     0.00000    0.000000000   -0.000000239   -0.000000395  254.808598  73022.8040
2358.00   15.0000    0.0000   15.0000  278.8270  278.8270  0.000000       0.00000       0.00000         228610.9308    0.000000    -0.00006     0.00000    0.000000000   -0.000000238   -0.000000395  254.762789  72905.4018
2370.00   15.0000    0.0000   15.0000  278.9050  278.9050  0.000000       0.00000       0.00000         228546.9963    0.000000    -0.00006     0.00000    0.000000000   -0.000000238   -0.000000394  254.716947  72788.1673
2382.00   15.0000    0.0000   15.0000  278.9830  278.9830  0.000000       0.00000       0.00000              0.0000    0.000000    -0.00006     0.00000    0.000000000    0.000000000    0.000000000  254.671072  72671.1002
2394.00   15.0000    0.0000   15.0000  279.0610  279.0610  0.000000       0.00000       0.00000              0.0000    0.000000     0.00000     0.00000    0.000000000    0.000000000    0.000000000  254.625165  72554.2004
