   0.00    0.0000    0.0000    0.0000  239.9029  239.9029  0.000000       0.00000       0.00000              0.0000    0.000000     0.00000     0.00000    0.000000000    0.000000000    0.000000000    0.000000      0.0000
   6.00    7.9165    3.4832    8.6489  241.3359  241.3359  0.000000       0.74697       0.74697              0.0000    0.000000     0.00000     0.00000   -0.000007994    0.000000000    0.000000000  241.248134  99872.7124
  18.00    8.9332    3.8566    9.7301  241.4307  241.4307  0.000000       2.37520       2.37520              0.0497    0.000000    -0.00000     0.00000   -0.000018940    0.000000000    0.000000000  241.196529  99660.7283
  30.00    9.5744    4.0512   10.3962  241.4926  241.4926  0.000000       2.32617       2.32617              0.0727    0.000000    -0.00000     0.00000   -0.000023113   -0.000000084   -0.000000116  241.141186  99491.4599
  42.00   10.1557    4.1923   10.9870  241.5506  241.5506  0.000000       2.56951       2.56951              0.0859    0.000000    -0.00000     0.00000   -0.000025234   -0.000000092   -0.000000124  241.082002  99322.4389
  54.00   10.6763    4.2877   11.5051  241.6045  241.6045  0.000000       2.56230       2.56230              0.0996    0.000000    -0.00000     0.00000   -0.000026880   -0.000000098   -0.000000129  241.018713  99153.6622
  66.00   11.1658    4.3488   11.9828  241.6573  241.6573  0.000000       2.52878       2.52878              0.1115    0.000000    -0.00000     0.00000   -0.000028270   -0.000000099   -0.000000130  240.954310  98985.1277
  78.00   11.6312    4.3796   12.4284  241.7099  241.7099  0.000000       2.43337       2.43337              0.1232    0.000000    -0.00000     0.00000   -0.000029531   -0.000000098   -0.000000129  240.889615  98816.8346
  90.00   12.0792    4.3825   12.8497  241.7631  241.7631  0.000000       2.31002       2.31002              0.1347    0.000000    -0.00000     0.00000   -0.000030740   -0.000000096   -0.000000127  240.825523  98648.7828
 102.00   12.5130    4.3587   13.2504  241.8175  241.8175  0.000000       2.16324       2.16324              0.1462    0.000000    -0.00000     0.00000   -0.000031932   -0.000000092   -0.000000123  240.762633  98480.9726
 114.00   12.9345    4.3088   13.6333  241.8738  241.8738  0.000000       2.00245       2.00245              0.1579    0.000000    -0.00000     0.00000   -0.000033141   -0.000000088   -0.000000119  240.701519  98313.4047
 126.00   13.3447    4.2326   13.9999  241.9324  241.9324  0.000000       1.83245       1.83245              0.1701    0.000000    -0.00000     0.00000   -0.000034382   -0.000000082   -0.000000113  240.642728  98146.0803
 138.00   13.7439    4.1300   14.3510  241.9939  241.9939  0.000000       1.65751       1.65751              0.1831    0.000000    -0.00000     0.00000   -0.000035679   -0.000000075   -0.000000106  240.586847  97979.0009
 150.00   14.1316    4.0001   14.6868  242.0591  242.0591  0.000000       1.48066       1.48066              0.1970    0.000000    -0.00000     0.00000   -0.000037061   -0.000000067   -0.000000098  240.534540  97812.1685
 162.00   14.5070    3.8422   15.0072  242.1287  242.1287  0.000000       1.30435       1.30435              0.2122    0.000000    -0.00000     0.00000   -0.000038550   -0.000000057   -0.000000088  240.486605  97645.5854
 174.00   14.8688    3.6549   15.3114  242.2038  242.2038  0.000000       1.13046       1.13046              0.2292    0.000000    -0.00000     0.00000   -0.000040170   -0.000000044   -0.000000076  240.444050  97479.2548
 186.00   15.2148    3.4367   15.5981  242.2856  242.2856  0.000000       0.96071       0.96071              0.2486    0.000000    -0.00001     0.00000   -0.000041979   -0.000000029   -0.000000061  240.408212  97313.1805
 198.00   15.5422    3.1856   15.8654  242.3762  242.3762  0.000000       0.79612       0.79612              0.2713    0.000000    -0.00001     0.00000   -0.000043985   -0.000000008   -0.000000042  240.380963  97147.3674
 210.00   15.8473    2.8989   16.1102  242.4783  242.4783  0.000000       0.63885       0.63885              0.2988    0.000000    -0.00001     0.00000   -0.000046291    0.000000019   -0.000000015  240.365060  96981.8219
 222.00   16.1245    2.5722   16.3284  242.5964  242.5964  0.000000       0.48811       0.48811              0.3338    0.000000    -0.00001     0.00000   -0.000049216    0.000000059    0.000000023  240.365026  96816.5531
 234.00   16.3642    2.2004   16.5115  242.7381  242.7381  0.000000       0.35136       0.35136              0.3804    0.000000    -0.00001     0.00000   -0.000052592    0.000000125    0.000000085  240.388278  96651.5739
 246.00   16.5517    1.7699   16.6461  242.9206  242.9206  0.000000       0.21730       0.21730              0.4539    0.000000    -0.00002     0.00000   -0.000057626    0.000000243    0.000000197  240.451893  96486.9055
 258.00   16.6451    1.2744   16.6938  243.1768  243.1768  0.000000       0.12304       0.12304              0.5672    0.000000    -0.00002     0.00000   -0.000069088    0.000000578    0.000000513  240.588337  96322.5860
 270.00   16.5143    0.6348   16.5265  243.6764  243.6764  0.000000       0.01164       0.01164              1.2572    0.000000     0.00000     0.00000   -0.000049643    0.000005762    0.000004634  240.965398  96158.7209
 282.00   15.2832   -0.0691   15.2833  247.9405  247.9405  0.000000       0.00079       0.00079              2.4460    0.000000    -0.00023     0.00000   -0.000176691    0.000009702    0.000009821  245.064085  95996.6272
 294.00   15.0024   -0.0029   15.0024  250.6141  250.6141  0.000000       0.00000       0.00000             45.6613    0.000000    -0.00013     0.00000   -0.000007320    0.000007053    0.000007071  247.588863  95836.9882
 306.00   15.0000   -0.0000   15.0000  252.0711  252.0711  0.000000       0.00000       0.00000         151972.9225    0.000000    -0.00009     0.00000   -0.000000000    0.000004424    0.000004301  248.910823  95678.8518
 318.00   15.0000   -0.0000   15.0000  252.9717  252.9717  0.000000       0.00000       0.00000        2723481.2952    0.000000    -0.00008     0.00000    0.000000000    0.000003303    0.000003135  249.682850  95521.6398
 330.00   15.0000   -0.0000   15.0000  253.7573  253.7573  0.000000       0.00000       0.00000        2312523.4046    0.000000    -0.00007     0.00000    0.000000000    0.000002897    0.000002740  250.340864  95365.1346
 342.00   15.0000   -0.0000   15.0000  254.4079  254.4079  0.000000       0.00000       0.00000        1967622.2276    0.000000    -0.00006     0.00000    0.000000000    0.000002513    0.000002358  250.865501  95209.2545
 354.00   15.0000   -0.0000   15.0000  254.9823  254.9823  0.000000       0.00000       0.00000        1739306.1959    0.000000    -0.00006     0.00000    0.000000000    0.000002253    0.000002101  251.314717  95053.9307
 366.00   15.0000    0.0000   15.0000  255.4933  255.4933  0.000000       0.00000       0.00000        1568329.0885    0.000000    -0.00005     0.00000    0.000000000    0.000002052    0.000001901  251.701089  94899.1177
 378.00   15.0000    0.0000   15.0000  255.9630  255.9630  0.000000       0.00000       0.00000        1429713.6811    0.000000    -0.00005     0.00000    0.000000000    0.000001881    0.000001732  252.046624  94744.7814
 390.00   15.0000    0.0000   15.0000  256.3889  256.3889  0.000000       0.00000       0.00000        1317489.6683    0.000000    -0.00005     0.00000    0.000000000    0.000001738    0.000001590  252.348818  94590.8937
 402.00   15.0000    0.0000   15.0000  256.7897  256.7897  0.000000       0.00000       0.00000        1223039.6499    0.000000    -0.00005     0.00000    0.000000000    0.000001613    0.000001467  252.626099  94437.4322
 414.00   15.0000    0.0000   15.0000  257.1575  257.1575  0.000000       0.00000       0.00000        1144761.1326    0.000000    -0.00005     0.00000    0.000000000    0.000001507    0.000001361  252.870794  94284.3777
 426.00   15.0000    0.0000   15.0000  257.5101  257.5101  0.000000       0.00000       0.00000        1081490.9155    0.000000    -0.00004     0.00000    0.000000000    0.000001421    0.000001275  253.100360  94131.7144
 438.00   15.0000    0.0000   15.0000  257.8391  257.8391  0.000000       0.00000       0.00000        1024130.2631    0.000000    -0.00004     0.00000    0.000000000    0.000001340    0.000001194  253.306510  93979.4294
 450.00   15.0000    0.0000   15.0000  258.1564  258.1564  0.000000       0.00000       0.00000         974977.5434    0.000000    -0.00004     0.00000    0.000000000    0.000001269    0.000001123  253.501059  93827.5108
 462.00   15.0000    0.0000   15.0000  258.4551  258.4551  0.000000       0.00000       0.00000         927445.8876    0.000000    -0.00004     0.00000    0.000000000    0.000001197    0.000001051  253.677203  93675.9486
 474.00   15.0000    0.0000   15.0000  258.7430  258.7430  0.000000       0.00000       0.00000         888374.0526    0.000000    -0.00004     0.00000    0.000000000    0.000001138    0.000000992  253.842662  93524.7330
 486.00   15.0000    0.0000   15.0000  259.0176  259.0176  0.000000       0.00000       0.00000         851387.7944    0.000000    -0.00004     0.00000    0.000000000    0.000001079    0.000000934  253.994910  93373.8559
 498.00   15.0000    0.0000   15.0000  259.2827  259.2827  0.000000       0.00000       0.00000         819472.2032    0.000000    -0.00004     0.00000    0.000000000    0.000001029    0.000000883  254.137708  93223.3095
 510.00   15.0000    0.0000   15.0000  259.5376  259.5376  0.000000       0.00000       0.00000         790168.7701    0.000000    -0.00004     0.00000    0.000000000    0.000000982    0.000000836  254.270403  93073.0873
 522.00   15.0000    0.0000   15.0000  259.7846  259.7846  0.000000       0.00000       0.00000         763534.4191    0.000000    -0.00004     0.00000    0.000000000    0.000000938    0.000000792  254.395231  92923.1830
 534.00   15.0000    0.0000   15.0000  260.0230  260.0230  0.000000       0.00000       0.00000         739419.1501    0.000000    -0.00004     0.00000    0.000000000    0.000000898    0.000000751  254.511586  92773.5911
 546.00   15.0000    0.0000   15.0000  260.2551  260.2551  0.000000       0.00000       0.00000         717626.3326    0.000000    -0.00004     0.00000    0.000000000    0.000000861    0.000000714  254.621610  92624.3063
 558.00   15.0000    0.0000   15.0000  260.4801  260.4801  0.000000       0.00000       0.00000         698854.5899    0.000000    -0.00004     0.00000    0.000000000    0.000000829    0.000000682  254.724584  92475.3240
 570.00   15.0000    0.0000   15.0000  260.7006  260.7006  0.000000       0.00000       0.00000         679613.3157    0.000000    -0.00004     0.00000    0.000000000    0.000000795    0.000000648  254.823087  92326.6401
 582.00   15.0000    0.0000   15.0000  260.9137  260.9137  0.000000       0.00000       0.00000         660702.0916    0.000000    -0.00004     0.00000    0.000000000    0.000000761    0.000000613  254.914230  92178.2504
 594.00   15.0000    0.0000   15.0000  261.1225  261.1225  0.000000       0.00000       0.00000         643473.4748    0.000000    -0.00004     0.00000    0.000000000    0.000000730    0.000000581  255.001085  92030.1509
 606.00   15.0000    0.0000   15.0000  261.3249  261.3249  0.000000       0.00000       0.00000         627204.3945    0.000000    -0.00004     0.00000    0.000000000    0.000000700    0.000000551  255.081618  91882.3379
 618.00   15.0000    0.0000   15.0000  261.5237  261.5237  0.000000       0.00000       0.00000         613024.8153    0.000000    -0.00004     0.00000    0.000000000    0.000000673    0.000000524  255.158443  91734.8077
 630.00   15.0000    0.0000   15.0000  261.7173  261.7173  0.000000       0.00000       0.00000         599191.1916    0.000000    -0.00004     0.00000    0.000000000    0.000000647    0.000000498  255.230239  91587.5573
 642.00   15.0000    0.0000   15.0000  261.9074  261.9074  0.000000       0.00000       0.00000         587221.4546    0.000000    -0.00004     0.00000    0.000000000    0.000000624    0.000000475  255.298531  91440.5835
 654.00   15.0000    0.0000   15.0000  262.0937  262.0937  0.000000       0.00000       0.00000         575784.8191    0.000000    -0.00004     0.00000    0.000000000    0.000000603    0.000000453  255.362948  91293.8837
 666.00   15.0000    0.0000   15.0000  262.2768  262.2768  0.000000       0.00000       0.00000         565789.2738    0.000000    -0.00004     0.00000    0.000000000    0.000000584    0.000000433  255.424185  91147.4553
 678.00   15.0000    0.0000   15.0000  262.4569  262.4569  0.000000       0.00000       0.00000         556606.4683    0.000000    -0.00004     0.00000    0.000000000    0.000000566    0.000000415  255.482441  91001.2958
 690.00   15.0000    0.0000   15.0000  262.6343  262.6343  0.000000       0.00000       0.00000         548553.2420    0.000000    -0.00004     0.00000    0.000000000    0.000000551    0.000000399  255.538017  90855.4033
 702.00   15.0000    0.0000   15.0000  262.8094  262.8094  0.000000       0.00000       0.00000         541504.6987    0.000000    -0.00004     0.00000    0.000000000    0.000000538    0.000000386  255.591311  90709.7756
 714.00   15.0000    0.0000   15.0000  262.9826  262.9826  0.000000       0.00000       0.00000         535909.9901    0.000000    -0.00004     0.00000    0.000000000    0.000000528    0.000000375  255.642550  90564.4111
 726.00   15.0000    0.0000   15.0000  263.1544  263.1544  0.000000       0.00000       0.00000         531443.3758    0.000000    -0.00004     0.00000    0.000000000    0.000000520    0.000000367  255.692412  90419.3081
 738.00   15.0000    0.0000   15.0000  263.3248  263.3248  0.000000       0.00000       0.00000         527697.4248    0.000000    -0.00004     0.00000    0.000000000    0.000000514    0.000000360  255.740921  90274.4655
 750.00   15.0000    0.0000   15.0000  263.4944  263.4944  0.000000       0.00000       0.00000         524890.7078    0.000000    -0.00004     0.00000    0.000000000    0.000000510    0.000000356  255.788502  90129.8821
 762.00   15.0000    0.0000   15.0000  263.6633  263.6633  0.000000       0.00000       0.00000         523421.8543    0.000000    -0.00004     0.00000    0.000000000    0.000000510    0.000000354  255.835315  89985.5569
 774.00   15.0000    0.0000   15.0000  263.8322  263.8322  0.000000       0.00000       0.00000         523190.4293    0.000000    -0.00004     0.00000    0.000000000    0.000000512    0.000000356  255.882036  89841.4890
 786.00   15.0000    0.0000   15.0000  264.0011  264.0011  0.000000       0.00000       0.00000         524073.7137    0.000000    -0.00004     0.00000    0.000000000    0.000000517    0.000000360  255.928764  89697.6781
 798.00   15.0000    0.0000   15.0000  264.1708  264.1708  0.000000       0.00000       0.00000         525344.0666    0.000000    -0.00004     0.00000    0.000000000    0.000000523    0.000000365  255.976098  89554.1237
 810.00   15.0000    0.0000   15.0000  264.3408  264.3408  0.000000       0.00000       0.00000         527574.0071    0.000000    -0.00004     0.00000    0.000000000    0.000000532    0.000000373  256.023682  89410.8257
 822.00   15.0000    0.0000   15.0000  264.5121  264.5121  0.000000       0.00000       0.00000         532135.6407    0.000000    -0.00004     0.00000    0.000000000    0.000000546    0.000000386  256.072475  89267.7838
 834.00   15.0000    0.0000   15.0000  264.6853  264.6853  0.000000       0.00000       0.00000         539331.7876    0.000000    -0.00005     0.00000    0.000000000    0.000000567    0.000000406  256.122981  89124.9984
 846.00   15.0000    0.0000   15.0000  264.8615  264.8615  0.000000       0.00000       0.00000         549676.5979    0.000000    -0.00005     0.00000    0.000000000    0.000000597    0.000000434  256.176349  88982.4703
 858.00   15.0000    0.0000   15.0000  265.0416  265.0416  0.000000       0.00000       0.00000         562331.8996    0.000000    -0.00005     0.00000    0.000000000    0.000000633    0.000000469  256.233411  88840.2008
 870.00   15.0000    0.0000   15.0000  265.2262  265.2262  0.000000       0.00000       0.00000         582296.8034    0.000000    -0.00005     0.00000    0.000000000    0.000000689    0.000000522  256.294792  88698.1916
 882.00   15.0000    0.0000   15.0000  265.4195  265.4195  0.000000       0.00000       0.00000         600534.1055    0.000000    -0.00005     0.00000    0.000000000    0.000000741    0.000000572  256.364461  88556.4455
 894.00   15.0000    0.0000   15.0000  265.6163  265.6163  0.000000       0.00000       0.00000         637664.4848    0.000000    -0.00006     0.00000    0.000000000    0.000000843    0.000000670  256.437384  88414.9653
 906.00   15.0000    0.0000   15.0000  265.8340  265.8340  0.000000       0.00000       0.00000         657013.8528    0.000000    -0.00006     0.00000    0.000000000    0.000000901    0.000000726  256.530459  88273.7568
 918.00   15.0000    0.0000   15.0000  266.0437  266.0437  0.000000       0.00000       0.00000         736288.8369    0.000000    -0.00008     0.00000    0.000000000    0.000001121    0.000000937  256.615682  88132.8228
 930.00   15.0000    0.0000   15.0000  266.3134  266.3134  0.000000       0.00000       0.00000         743592.6023    0.000000    -0.00006     0.00000    0.000000000    0.000001151    0.000000969  256.758665  87992.1762
 942.00   15.0000    0.0000   15.0000  266.5284  266.5284  0.000000       0.00000       0.00000         938820.3435    0.000000    -0.00012     0.00000    0.000000000    0.000001701    0.000001493  256.848760  87851.8178
 954.00   15.0000    0.0000   15.0000  266.9258  266.9258  0.000000       0.00000       0.00000         900027.1748    0.000000    -0.00006     0.00000    0.000000000    0.000001610    0.000001424  257.114574  87711.7802
 966.00   15.0000    0.0000   15.0000  267.1163  267.1163  0.000000       0.00000       0.00000        1381673.4152    0.000000    -0.00021     0.00000    0.000000000    0.000003027    0.000002742  257.180955  87572.0561
 978.00   15.0000    0.0000   15.0000  267.8291  267.8291  0.000000       0.00000       0.00000        1279818.5660    0.000000    -0.00004     0.00000    0.000000000    0.000002759    0.000002586  257.749907  87432.7263
 990.00   15.0000    0.0000   15.0000  267.9552  267.9552  0.000000       0.00000       0.00000        3330320.8215    0.000000    -0.00063     0.00000    0.000000000    0.000009427    0.000008440  257.754205  87293.7730
1002.00   15.0000    0.0000   15.0000  270.0130  270.0130  0.000000       0.00000       0.00000        3232049.6413    0.000000    -0.00002     0.00000    0.000000000    0.000009198    0.000009472  259.616097  87155.5385
1014.00   15.0000    0.0000   15.0000  270.0910  270.0910  0.000000       0.00000       0.00000         236005.2723    0.000000    -0.00002     0.00000    0.000000000   -0.000000242   -0.000000438  259.573983  87018.0083
1026.00   15.0000    0.0000   15.0000  270.1690  270.1690  0.000000       0.00000       0.00000         235937.1356    0.000000    -0.00002     0.00000    0.000000000   -0.000000242   -0.000000438  259.531835  86880.6729
1038.00   15.0000    0.0000   15.0000  270.2470  270.2470  0.000000       0.00000       0.00000         235869.0383    0.000000    -0.00003     0.00000    0.000000000   -0.000000242   -0.000000437  259.489653  86743.5320
1050.00   15.0000    0.0000   15.0000  270.3250  270.3250  0.000000       0.00000       0.00000         235800.9803    0.000000    -0.00003     0.00000    0.000000000   -0.000000242   -0.000000437  259.447438  86606.5853
1062.00   15.0000    0.0000   15.0000  270.4030  270.4030  0.000000       0.00000       0.00000         235732.9615    0.000000    -0.00003     0.00000    0.000000000   -0.000000242   -0.000000437  259.405189  86469.8326
1074.00   15.0000    0.0000   15.0000  270.4810  270.4810  0.000000       0.00000       0.00000         235664.9820    0.000000    -0.00003     0.00000    0.000000000   -0.000000242   -0.000000436  259.362906  86333.2736
1086.00   15.0000    0.0000   15.0000  270.5590  270.5590  0.000000       0.00000       0.00000         235597.0417    0.000000    -0.00003     0.00000    0.000000000   -0.000000242   -0.000000436  259.320589  86196.9080
1098.00   15.0000    0.0000   15.0000  270.6370  270.6370  0.000000       0.00000       0.00000         235529.1405    0.000000    -0.00003     0.00000    0.000000000   -0.000000242   -0.000000436  259.278238  86060.7357
1110.00   15.0000    0.0000   15.0000  270.7150  270.7150  0.000000       0.00000       0.00000         235461.2785    0.000000    -0.00003     0.00000    0.000000000   -0.000000242   -0.000000435  259.235854  85924.7562
1122.00   15.0000    0.0000   15.0000  270.7930  270.7930  0.000000       0.00000       0.00000         235393.4555    0.000000    -0.00003     0.00000    0.000000000   -0.000000242   -0.000000435  259.193436  85788.9694
1134.00   15.0000    0.0000   15.0000  270.8710  270.8710  0.000000       0.00000       0.00000         235325.6716    0.000000    -0.00003     0.00000    0.000000000   -0.000000242   -0.000000435  259.150984  85653.3750
1146.00   15.0000    0.0000   15.0000  270.9490  270.9490  0.000000       0.00000       0.00000         235257.9268    0.000000    -0.00003     0.00000    0.000000000   -0.000000242   -0.000000434  259.108499  85517.9727
1158.00   15.0000    0.0000   15.0000  271.0270  271.0270  0.000000       0.00000       0.00000         235190.2209    0.000000    -0.00003     0.00000    0.000000000   -0.000000242   -0.000000434  259.065979  85382.7624
1170.00   15.0000    0.0000   15.0000  271.1050  271.1050  0.000000       0.00000       0.00000         235122.5540    0.000000    -0.00003     0.00000    0.000000000   -0.000000242   -0.000000434  259.023427  85247.7436
1182.00   15.0000    0.0000   15.0000  271.1830  271.1830  0.000000       0.00000       0.00000         235054.9260    0.000000    -0.00003     0.00000    0.000000000   -0.000000242   -0.000000433  258.980840  85112.9163
1194.00   15.0000    0.0000   15.0000  271.2610  271.2610  0.000000       0.00000       0.00000         234987.3369    0.000000    -0.00003     0.00000    0.000000000   -0.000000242   -0.000000433  258.938220  84978.2800
1206.00   15.0000    0.0000   15.0000  271.3390  271.3390  0.000000       0.00000       0.00000         234919.7867    0.000000    -0.00003     0.00000    0.000000000   -0.000000242   -0.000000433  258.895566  84843.8346
1218.00   15.0000    0.0000   15.0000  271.4170  271.4170  0.000000       0.00000       0.00000         234852.2753    0.000000    -0.00003     0.00000    0.000000000   -0.000000242   -0.000000432  258.852878  84709.5798
1230.00   15.0000    0.0000   15.0000  271.4950  271.4950  0.000000       0.00000       0.00000         234784.8027    0.000000    -0.00003     0.00000    0.000000000   -0.000000242   -0.000000432  258.810157  84575.5154
1242.00   15.0000    0.0000   15.0000  271.5730  271.5730  0.000000       0.00000       0.00000         234717.3688    0.000000    -0.00003     0.00000    0.000000000   -0.000000242   -0.000000432  258.767402  84441.6410
1254.00   15.0000    0.0000   15.0000  271.6510  271.6510  0.000000       0.00000       0.00000         234649.9737    0.000000    -0.00003     0.00000    0.000000000   -0.000000242   -0.000000431  258.724613  84307.9565
1266.00   15.0000    0.0000   15.0000  271.7290  271.7290  0.000000       0.00000       0.00000         234582.6172    0.000000    -0.00003     0.00000    0.000000000   -0.000000242   -0.000000431  258.681791  84174.4615
1278.00   15.0000    0.0000   15.0000  271.8070  271.8070  0.000000       0.00000       0.00000         234515.2995    0.000000    -0.00003     0.00000    0.000000000   -0.000000242   -0.000000430  258.638936  84041.1559
1290.00   15.0000    0.0000   15.0000  271.8850  271.8850  0.000000       0.00000       0.00000         234448.0203    0.000000    -0.00003     0.00000    0.000000000   -0.000000242   -0.000000430  258.596046  83908.0393
1302.00   15.0000    0.0000   15.0000  271.9630  271.9630  0.000000       0.00000       0.00000         234380.7797    0.000000    -0.00003     0.00000    0.000000000   -0.000000242   -0.000000430  258.553123  83775.1116
1314.00   15.0000    0.0000   15.0000  272.0410  272.0410  0.000000       0.00000       0.00000         234313.5777    0.000000    -0.00003     0.00000    0.000000000   -0.000000242   -0.000000429  258.510167  83642.3724
1326.00   15.0000    0.0000   15.0000  272.1190  272.1190  0.000000       0.00000       0.00000         234246.4143    0.000000    -0.00003     0.00000    0.000000000   -0.000000242   -0.000000429  258.467177  83509.8215
1338.00   15.0000    0.0000   15.0000  272.1970  272.1970  0.000000       0.00000       0.00000         234179.2893    0.000000    -0.00003     0.00000    0.000000000   -0.000000242   -0.000000429  258.424153  83377.4586
1350.00   15.0000    0.0000   15.0000  272.2750  272.2750  0.000000       0.00000       0.00000         234112.2027    0.000000    -0.00003     0.00000    0.000000000   -0.000000242   -0.000000428  258.381096  83245.2836
1362.00   15.0000    0.0000   15.0000  272.3530  272.3530  0.000000       0.00000       0.00000         234045.1546    0.000000    -0.00003     0.00000    0.000000000   -0.000000242   -0.000000428  258.338005  83113.2961
1374.00   15.0000    0.0000   15.0000  272.4310  272.4310  0.000000       0.00000       0.00000         233978.1449    0.000000    -0.00003     0.00000    0.000000000   -0.000000242   -0.000000427  258.294881  82981.4959
1386.00   15.0000    0.0000   15.0000  272.5090  272.5090  0.000000       0.00000       0.00000         233911.1736    0.000000    -0.00003     0.00000    0.000000000   -0.000000242   -0.000000427  258.251723  82849.8828
1398.00   15.0000    0.0000   15.0000  272.5870  272.5870  0.000000       0.00000       0.00000         233844.2406    0.000000    -0.00003     0.00000    0.000000000   -0.000000242   -0.000000427  258.208532  82718.4564
1410.00   15.0000    0.0000   15.0000  272.6650  272.6650  0.000000       0.00000       0.00000         233777.3458    0.000000    -0.00003     0.00000    0.000000000   -0.000000242   -0.000000426  258.165307  82587.2166
1422.00   15.0000    0.0000   15.0000  272.7430  272.7430  0.000000       0.00000       0.00000         233710.4894    0.000000    -0.00003     0.00000    0.000000000   -0.000000242   -0.000000426  258.122048  82456.1631
1434.00   15.0000    0.0000   15.0000  272.8210  272.8210  0.000000       0.00000       0.00000         233643.6711    0.000000    -0.00003     0.00000    0.000000000   -0.000000242   -0.000000426  258.078757  82325.2956
1446.00   15.0000    0.0000   15.0000  272.8990  272.8990  0.000000       0.00000       0.00000         233576.8911    0.000000    -0.00004     0.00000    0.000000000   -0.000000242   -0.000000425  258.035431  82194.6139
1458.00   15.0000    0.0000   15.0000  272.9770  272.9770  0.000000       0.00000       0.00000         233510.1492    0.000000    -0.00004     0.00000    0.000000000   -0.000000242   -0.000000425  257.992072  82064.1178
1470.00   15.0000    0.0000   15.0000  273.0550  273.0550  0.000000       0.00000       0.00000         233443.4455    0.000000    -0.00004     0.00000    0.000000000   -0.000000242   -0.000000424  257.948680  81933.8069
1482.00   15.0000    0.0000   15.0000  273.1330  273.1330  0.000000       0.00000       0.00000         233376.7798    0.000000    -0.00004     0.00000    0.000000000   -0.000000242   -0.000000424  257.905255  81803.6811
1494.00   15.0000    0.0000   15.0000  273.2110  273.2110  0.000000       0.00000       0.00000         233310.1522    0.000000    -0.00004     0.00000    0.000000000   -0.000000242   -0.000000424  257.861795  81673.7401
1506.00   15.0000    0.0000   15.0000  273.2890  273.2890  0.000000       0.00000       0.00000         233243.5627    0.000000    -0.00004     0.00000    0.000000000   -0.000000242   -0.000000423  257.818303  81543.9836
1518.00   15.0000    0.0000   15.0000  273.3670  273.3670  0.000000       0.00000       0.00000         233177.0111    0.000000    -0.00004     0.00000    0.000000000   -0.000000242   -0.000000423  257.774777  81414.4114
1530.00   15.0000    0.0000   15.0000  273.4450  273.4450  0.000000       0.00000       0.00000         233110.4975    0.000000    -0.00004     0.00000    0.000000000   -0.000000242   -0.000000422  257.731218  81285.0233
1542.00   15.0000    0.0000   15.0000  273.5230  273.5230  0.000000       0.00000       0.00000         233044.0219    0.000000    -0.00004     0.00000    0.000000000   -0.000000242   -0.000000422  257.687625  81155.8190
1554.00   15.0000    0.0000   15.0000  273.6010  273.6010  0.000000       0.00000       0.00000         232977.5841    0.000000    -0.00004     0.00000    0.000000000   -0.000000242   -0.000000422  257.643999  81026.7983
1566.00   15.0000    0.0000   15.0000  273.6790  273.6790  0.000000       0.00000       0.00000         232911.1843    0.000000    -0.00004     0.00000    0.000000000   -0.000000242   -0.000000421  257.600339  80897.9608
1578.00   15.0000    0.0000   15.0000  273.7570  273.7570  0.000000       0.00000       0.00000         232844.8222    0.000000    -0.00004     0.00000    0.000000000   -0.000000242   -0.000000421  257.556646  80769.3064
1590.00   15.0000    0.0000   15.0000  273.8350  273.8350  0.000000       0.00000       0.00000         232778.4980    0.000000    -0.00004     0.00000    0.000000000   -0.000000242   -0.000000420  257.512920  80640.8349
1602.00   15.0000    0.0000   15.0000  273.9130  273.9130  0.000000       0.00000       0.00000         232712.2115    0.000000    -0.00004     0.00000    0.000000000   -0.000000242   -0.000000420  257.469160  80512.5459
1614.00   15.0000    0.0000   15.0000  273.9910  273.9910  0.000000       0.00000       0.00000         232645.9628    0.000000    -0.00004     0.00000    0.000000000   -0.000000242   -0.000000420  257.425367  80384.4392
1626.00   15.0000    0.0000   15.0000  274.0690  274.0690  0.000000       0.00000       0.00000         232579.7518    0.000000    -0.00004     0.00000    0.000000000   -0.000000242   -0.000000419  257.381541  80256.5147
1638.00   15.0000    0.0000   15.0000  274.1470  274.1470  0.000000       0.00000       0.00000         232513.5785    0.000000    -0.00004     0.00000    0.000000000   -0.000000242   -0.000000419  257.337681  80128.7719
1650.00   15.0000    0.0000   15.0000  274.2250  274.2250  0.000000       0.00000       0.00000         232447.4428    0.000000    -0.00004     0.00000    0.000000000   -0.000000242   -0.000000418  257.293788  80001.2108
1662.00   15.0000    0.0000   15.0000  274.3030  274.3030  0.000000       0.00000       0.00000         232381.3447    0.000000    -0.00004     0.00000    0.000000000   -0.000000242   -0.000000418  257.249862  79873.8310
1674.00   15.0000    0.0000   15.0000  274.3810  274.3810  0.000000       0.00000       0.00000         232315.2842    0.000000    -0.00004     0.00000    0.000000000   -0.000000242   -0.000000418  257.205902  79746.6323
1686.00   15.0000    0.0000   15.0000  274.4590  274.4590  0.000000       0.00000       0.00000         232249.2613    0.000000    -0.00004     0.00000    0.000000000   -0.000000242   -0.000000417  257.161910  79619.6145
1698.00   15.0000    0.0000   15.0000  274.5370  274.5370  0.000000       0.00000       0.00000         232183.2758    0.000000    -0.00004     0.00000    0.000000000   -0.000000242   -0.000000417  257.117883  79492.7773
1710.00   15.0000    0.0000   15.0000  274.6150  274.6150  0.000000       0.00000       0.00000         232117.3279    0.000000    -0.00004     0.00000    0.000000000   -0.000000242   -0.000000416  257.073824  79366.1205
1722.00   15.0000    0.0000   15.0000  274.6930  274.6930  0.000000       0.00000       0.00000         232051.4174    0.000000    -0.00004     0.00000    0.000000000   -0.000000242   -0.000000416  257.029731  79239.6438
1734.00   15.0000    0.0000   15.0000  274.7710  274.7710  0.000000       0.00000       0.00000         231985.5443    0.000000    -0.00004     0.00000    0.000000000   -0.000000242   -0.000000416  256.985606  79113.3470
1746.00   15.0000    0.0000   15.0000  274.8490  274.8490  0.000000       0.00000       0.00000         231919.7086    0.000000    -0.00004     0.00000    0.000000000   -0.000000242   -0.000000415  256.941446  78987.2299
1758.00   15.0000    0.0000   15.0000  274.9270  274.9270  0.000000       0.00000       0.00000         231853.9103    0.000000    -0.00004     0.00000    0.000000000   -0.000000242   -0.000000415  256.897254  78861.2922
1770.00   15.0000    0.0000   15.0000  275.0050  275.0050  0.000000       0.00000       0.00000         231788.1493    0.000000    -0.00004     0.00000    0.000000000   -0.000000241   -0.000000414  256.853028  78735.5337
1782.00   15.0000    0.0000   15.0000  275.0830  275.0830  0.000000       0.00000       0.00000         231722.4256    0.000000    -0.00004     0.00000    0.000000000   -0.000000241   -0.000000414  256.808770  78609.9541
1794.00   15.0000    0.0000   15.0000  275.1610  275.1610  0.000000       0.00000       0.00000         231656.7391    0.000000    -0.00004     0.00000    0.000000000   -0.000000241   -0.000000413  256.764478  78484.5532
1806.00   15.0000    0.0000   15.0000  275.2390  275.2390  0.000000       0.00000       0.00000         231591.0899    0.000000    -0.00004     0.00000    0.000000000   -0.000000241   -0.000000413  256.720152  78359.3307
1818.00   15.0000    0.0000   15.0000  275.3170  275.3170  0.000000       0.00000       0.00000         231525.4779    0.000000    -0.00004     0.00000    0.000000000   -0.000000241   -0.000000413  256.675794  78234.2865
1830.00   15.0000    0.0000   15.0000  275.3950  275.3950  0.000000       0.00000       0.00000         231459.9030    0.000000    -0.00004     0.00000    0.000000000   -0.000000241   -0.000000412  256.631402  78109.4202
1842.00   15.0000    0.0000   15.0000  275.4730  275.4730  0.000000       0.00000       0.00000         231394.3653    0.000000    -0.00004     0.00000    0.000000000   -0.000000241   -0.000000412  256.586978  77984.7317
1854.00   15.0000    0.0000   15.0000  275.5510  275.5510  0.000000       0.00000       0.00000         231328.8647    0.000000    -0.00005     0.00000    0.000000000   -0.000000241   -0.000000411  256.542520  77860.2206
1866.00   15.0000    0.0000   15.0000  275.6290  275.6290  0.000000       0.00000       0.00000         231263.4012    0.000000    -0.00005     0.00000    0.000000000   -0.000000241   -0.000000411  256.498029  77735.8869
1878.00   15.0000    0.0000   15.0000  275.7070  275.7070  0.000000       0.00000       0.00000         231197.9747    0.000000    -0.00005     0.00000    0.000000000   -0.000000241   -0.000000410  256.453505  77611.7301
1890.00   15.0000    0.0000   15.0000  275.7850  275.7850  0.000000       0.00000       0.00000         231132.5852    0.000000    -0.00005     0.00000    0.000000000   -0.000000241   -0.000000410  256.408947  77487.7502
1902.00   15.0000    0.0000   15.0000  275.8630  275.8630  0.000000       0.00000       0.00000         231067.2326    0.000000    -0.00005     0.00000    0.000000000   -0.000000241   -0.000000410  256.364357  77363.9467
1914.00   15.0000    0.0000   15.0000  275.9410  275.9410  0.000000       0.00000       0.00000         231001.9171    0.000000    -0.00005     0.00000    0.000000000   -0.000000241   -0.000000409  256.319734  77240.3196
1926.00   15.0000    0.0000   15.0000  276.0190  276.0190  0.000000       0.00000       0.00000         230936.6384    0.000000    -0.00005     0.00000    0.000000000   -0.000000241   -0.000000409  256.275077  77116.8686
1938.00   15.0000    0.0000   15.0000  276.0970  276.0970  0.000000       0.00000       0.00000         230871.3966    0.000000    -0.00005     0.00000    0.000000000   -0.000000241   -0.000000408  256.230387  76993.5934
1950.00   15.0000    0.0000   15.0000  276.1750  276.1750  0.000000       0.00000       0.00000         230806.1917    0.000000    -0.00005     0.00000    0.000000000   -0.000000240   -0.000000408  256.185664  76870.4938
1962.00   15.0000    0.0000   15.0000  276.2530  276.2530  0.000000       0.00000       0.00000         230741.0236    0.000000    -0.00005     0.00000    0.000000000   -0.000000240   -0.000000407  256.140909  76747.5696
1974.00   15.0000    0.0000   15.0000  276.3310  276.3310  0.000000       0.00000       0.00000         230675.8923    0.000000    -0.00005     0.00000    0.000000000   -0.000000240   -0.000000407  256.096120  76624.8205
1986.00   15.0000    0.0000   15.0000  276.4090  276.4090  0.000000       0.00000       0.00000         230610.7978    0.000000    -0.00005     0.00000    0.000000000   -0.000000240   -0.000000406  256.051298  76502.2463
1998.00   15.0000    0.0000   15.0000  276.4870  276.4870  0.000000       0.00000       0.00000         230545.7399    0.000000    -0.00005     0.00000    0.000000000   -0.000000240   -0.000000406  256.006443  76379.8468
2010.00   15.0000    0.0000   15.0000  276.5650  276.5650  0.000000       0.00000       0.00000         230480.7188    0.000000    -0.00005     0.00000    0.000000000   -0.000000240   -0.000000406  255.961555  76257.6217
2022.00   15.0000    0.0000   15.0000  276.6430  276.6430  0.000000       0.00000       0.00000         230415.7344    0.000000    -0.00005     0.00000    0.000000000   -0.000000240   -0.000000405  255.916634  76135.5708
2034.00   15.0000    0.0000   15.0000  276.7210  276.7210  0.000000       0.00000       0.00000         230350.7865    0.000000    -0.00005     0.00000    0.000000000   -0.000000240   -0.000000405  255.871680  76013.6938
2046.00   15.0000    0.0000   15.0000  276.7990  276.7990  0.000000       0.00000       0.00000         230285.8753    0.000000    -0.00005     0.00000    0.000000000   -0.000000240   -0.000000404  255.826692  75891.9906
2058.00   15.0000    0.0000   15.0000  276.8770  276.8770  0.000000       0.00000       0.00000         230221.0007    0.000000    -0.00005     0.00000    0.000000000   -0.000000240   -0.000000404  255.781672  75770.4609
2070.00   15.0000    0.0000   15.0000  276.9550  276.9550  0.000000       0.00000       0.00000         230156.1626    0.000000    -0.00005     0.00000    0.000000000   -0.000000240   -0.000000403  255.736619  75649.1044
2082.00   15.0000    0.0000   15.0000  277.0330  277.0330  0.000000       0.00000       0.00000         230091.3610    0.000000    -0.00005     0.00000    0.000000000   -0.000000240   -0.000000403  255.691533  75527.9210
2094.00   15.0000    0.0000   15.0000  277.1110  277.1110  0.000000       0.00000       0.00000         230026.5958    0.000000    -0.00005     0.00000    0.000000000   -0.000000239   -0.000000402  255.646414  75406.9104
2106.00   15.0000    0.0000   15.0000  277.1890  277.1890  0.000000       0.00000       0.00000         229961.8672    0.000000    -0.00005     0.00000    0.000000000   -0.000000239   -0.000000402  255.601262  75286.0723
2118.00   15.0000    0.0000   15.0000  277.2670  277.2670  0.000000       0.00000       0.00000         229897.1749    0.000000    -0.00005     0.00000    0.000000000   -0.000000239   -0.000000401  255.556077  75165.4066
2130.00   15.0000    0.0000   15.0000  277.3450  277.3450  0.000000       0.00000       0.00000         229832.5191    0.000000    -0.00005     0.00000    0.000000000   -0.000000239   -0.000000401  255.510859  75044.9129
2142.00   15.0000    0.0000   15.0000  277.4230  277.4230  0.000000       0.00000       0.00000         229767.8996    0.000000    -0.00005     0.00000    0.000000000   -0.000000239   -0.000000401  255.465609  74924.5912
2154.00   15.0000    0.0000   15.0000  277.5010  277.5010  0.000000       0.00000       0.00000         229703.3164    0.000000    -0.00005     0.00000    0.000000000   -0.000000239   -0.000000400  255.420325  74804.4411
2166.00   15.0000    0.0000   15.0000  277.5790  277.5790  0.000000       0.00000       0.00000         229638.7695    0.000000    -0.00005     0.00000    0.000000000   -0.000000239   -0.000000400  255.375008  74684.4624
2178.00   15.0000    0.0000   15.0000  277.6570  277.6570  0.000000       0.00000       0.00000         229574.2589    0.000000    -0.00005     0.00000    0.000000000   -0.000000239   -0.000000399  255.329659  74564.6549
2190.00   15.0000    0.0000   15.0000  277.7350  277.7350  0.000000       0.00000       0.00000         229509.7845    0.000000    -0.00005     0.00000    0.000000000   -0.000000239   -0.000000399  255.284276  74445.0184
2202.00   15.0000    0.0000   15.0000  277.8130  277.8130  0.000000       0.00000       0.00000         229445.3463    0.000000    -0.00005     0.00000    0.000000000   -0.000000239   -0.000000398  255.238861  74325.5525
2214.00   15.0000    0.0000   15.0000  277.8910  277.8910  0.000000       0.00000       0.00000         229380.9443    0.000000    -0.00005     0.00000    0.000000000   -0.000000238   -0.000000398  255.193413  74206.2572
2226.00   15.0000    0.0000   15.0000  277.9690  277.9690  0.000000       0.00000       0.00000         229316.5785    0.000000    -0.00005     0.00000    0.000000000   -0.000000238   -0.000000397  255.147932  74087.1322
2238.00   15.0000    0.0000   15.0000  278.0470  278.0470  0.000000       0.00000       0.00000         229252.2487    0.000000    -0.00005     0.00000    0.000000000   -0.000000238   -0.000000397  255.102418  73968.1772
2250.00   15.0000    0.0000   15.0000  278.1250  278.1250  0.000000       0.00000       0.00000         229187.9551    0.000000    -0.00005     0.00000    0.000000000   -0.000000238   -0.000000396  255.056871  73849.3920
2262.00   15.0000    0.0000   15.0000  278.2030  278.2030  0.000000       0.00000       0.00000         229123.6974    0.000000    -0.00006     0.00000    0.000000000   -0.000000238   -0.000000396  255.011292  73730.7763
2274.00   15.0000    0.0000   15.0000  278.2810  278.2810  0.000000       0.00000       0.00000         229059.4759    0.000000    -0.00006     0.00000    0.000000000   -0.000000238   -0.000000395  254.965679  73612.3301
2286.00   15.0000    0.0000   15.0000  278.3590  278.3590  0.000000       0.00000       0.00000         228995.2903    0.000000    -0.00006     0.00000    0.000000000   -0.000000238   -0.000000395  254.920034  73494.0530
2298.00   15.0000    0.0000   15.0000  278.4370  278.4370  0.000000       0.00000       0.00000         228931.1406    0.000000    -0.00006     0.00000    0.000000000   -0.000000238   -0.000000394  254.874356  73375.9448
2310.00   15.0000    0.0000   15.0000  278.5150  278.5150  0.000000       0.00000       0.00000         228867.0269    0.000000    -0.00006     0.00000    0.000000000   -0.000000238   -0.000000394  254.828645  73258.0052
2322.00   15.0000    0.0000   15.0000  278.5930  278.5930  0.000000       0.00000       0.00000         228802.9491    0.000000    -0.00006     0.00000    0.000000000   -0.000000237   -0.000000393  254.782901  73140.2341
2334.00   15.0000    0.0000   15.0000  278.6710  278.6710  0.000000       0.00000       0.00000         228738.9072    0.000000    -0.00006     0.00000    0.000000000   -0.000000237   -0.000000393  254.737125  73022.6313
2346.00   15.0000    0.0000   15.0000  278.7490  278.7490  0.000000       0.00000       0.00000         228674.9011    0.000000    -0.00006     0.00000    0.000000000   -0.000000237   -0.000000392  254.691316  72905.1964
2358.00   15.0000    0.0000   15.0000  278.8270  278.8270  0.000000       0.00000       0.00000         228610.9308    0.000000    -0.00006     0.00000    0.000000000   -0.000000237   -0.000000392  254.645474  72787.9294
2370.00   15.0000    0.0000   15.0000  278.9050  278.9050  0.000000       0.00000       0.00000         228546.9963    0.000000    -0.00006     0.00000    0.000000000   -0.000000237   -0.000000391  254.599599  72670.8298
2382.00   15.0000    0.0000   15.0000  278.9830  278.9830  0.000000       0.00000       0.00000              0.0000    0.000000    -0.00006     0.00000    0.000000000    0.000000000    0.000000000  254.553692  72553.8976
2394.00   15.0000    0.0000   15.0000  279.0610  279.0610  0.000000       0.00000       0.00000              0.0000    0.000000     0.00000     0.00000    0.000000000    0.000000000    0.000000000  254.507751  72437.1326
