   0.00    0.0000    0.0000    0.0000  244.3349  244.3349  0.000000       0.00000       0.00000              0.0000    0.000000     0.00000     0.00000    0.000000000    0.000000000    0.000000000    0.000000      0.0000
   6.00    7.4819    3.5767    8.2929  246.2177  246.2177  0.000000       0.66552       0.66552              0.0000    0.000000     0.00000     0.00000   -0.000036581    0.000000000    0.000000000  246.129958  99875.2339
  18.00    8.5795    4.0071    9.4692  246.3885  246.3885  0.000000       1.89395       1.89395              0.0730    0.000000    -0.00000     0.00000   -0.000040727    0.000000000    0.000000000  246.154211  99667.4716
  30.00    9.3065    4.2369   10.2256  246.5054  246.5054  0.000000       1.74225       1.74225              0.1029    0.000000    -0.00000     0.00000   -0.000049357    0.000000052   -0.000000006  246.153962  99501.6172
  42.00    9.9875    4.4026   10.9148  246.6189  246.6189  0.000000       1.88041       1.88041              0.1195    0.000000    -0.00000     0.00000   -0.000052927    0.000000036   -0.000000022  246.150166  99336.0374
  54.00   10.6064    4.5091   11.5251  246.7262  246.7262  0.000000       1.80830       1.80830              0.1373    0.000000    -0.00000     0.00000   -0.000055561    0.000000026   -0.000000032  246.140164  99170.7286
  66.00   11.1969    4.5686   12.0931  246.8334  246.8334  0.000000       1.73700       1.73700              0.1528    0.000000    -0.00000     0.00000   -0.000057852    0.000000027   -0.000000031  246.129938  99005.6881
  78.00   11.7629    4.5847   12.6247  246.9415  246.9415  0.000000       1.62157       1.62157              0.1684    0.000000    -0.00000     0.00000   -0.000059934    0.000000033   -0.000000025  246.120653  98840.9157
  90.00   12.3107    4.5592   13.1278  247.0526  247.0526  0.000000       1.49388       1.49388              0.1838    0.000000    -0.00000     0.00000   -0.000061938    0.000000044   -0.000000014  246.114205  98676.4122
 102.00   12.8419    4.4928   13.6052  247.1678  247.1678  0.000000       1.35416       1.35416              0.1997    0.000000    -0.00000     0.00000   -0.000063967    0.000000060    0.000000001  246.111851  98512.1797
 114.00   13.3572    4.3851   14.0585  247.2885  247.2885  0.000000       1.21000       1.21000              0.2163    0.000000    -0.00000     0.00000   -0.000065938    0.000000081    0.000000021  246.114986  98348.2207
 126.00   13.8555    4.2349   14.4882  247.4164  247.4164  0.000000       1.06424       1.06424              0.2342    0.000000    -0.00001     0.00000   -0.000067998    0.000000107    0.000000046  246.125074  98184.5390
 138.00   14.3348    4.0409   14.8934  247.5530  247.5530  0.000000       0.91994       0.91994              0.2538    0.000000    -0.00001     0.00000   -0.000070139    0.000000139    0.000000077  246.143868  98021.1393
 150.00   14.7918    3.8011   15.2724  247.7007  247.7007  0.000000       0.77912       0.77912              0.2758    0.000000    -0.00001     0.00000   -0.000072381    0.000000181    0.000000117  246.173571  97858.0276
 162.00   15.2219    3.5130   15.6221  247.8624  247.8624  0.000000       0.64337       0.64337              0.3013    0.000000    -0.00001     0.00000   -0.000074739    0.000000236    0.000000169  246.217170  97695.2115
 174.00   15.6186    3.1736   15.9378  248.0425  248.0425  0.000000       0.51434       0.51434              0.3317    0.000000    -0.00001     0.00000   -0.000077227    0.000000310    0.000000240  246.278963  97532.7011
 186.00   15.9726    2.7787   16.2125  248.2479  248.2479  0.000000       0.39270       0.39270              0.3698    0.000000    -0.00001     0.00000   -0.000079906    0.000000417    0.000000343  246.365743  97370.5099
 198.00   16.2693    2.3228   16.4343  248.4901  248.4901  0.000000       0.28158       0.28158              0.4202    0.000000    -0.00002     0.00000   -0.000082808    0.000000587    0.000000506  246.488903  97208.6573
 210.00   16.4851    1.7963   16.5826  248.7925  248.7925  0.000000       0.17935       0.17935              0.4949    0.000000    -0.00003     0.00000   -0.000086321    0.000000894    0.000000799  246.671789  97047.1739
 222.00   16.5681    1.1922   16.6110  249.2056  249.2056  0.000000       0.09803       0.09803              0.6157    0.000000    -0.00005     0.00000   -0.000091554    0.000001650    0.000001512  246.964095  96886.1137
 234.00   16.3819    0.4892   16.3892  249.9132  249.9132  0.000000       0.02660       0.02660              0.9584    0.000000    -0.00005     0.00000   -0.000090740    0.000005508    0.000004924  247.548094  96725.6053
 246.00   15.4700   -0.1185   15.4705  252.1808  252.1808  0.000000       0.00077       0.00077              2.3487    0.000000     0.00000     0.00000   -0.000207158    0.000011980    0.000011075  249.676760  96566.2332
 258.00   15.0033   -0.0050   15.0033  255.3111  255.3111  0.000000       0.00000       0.00000             16.2323    0.000000    -0.00008     0.00000   -0.000008335    0.000010211    0.000010652  252.658037  96408.7381
 270.00   15.0000   -0.0000   15.0000  256.3180  256.3180  0.000000       0.00000       0.00000          43808.7375    0.000000    -0.00006     0.00000   -0.000000000    0.000004564    0.000004382  253.537149  96252.7035
 282.00   15.0000   -0.0000   15.0000  257.0432  257.0432  0.000000       0.00000       0.00000        2072576.7189    0.000000    -0.00005     0.00000    0.000000000    0.000003466    0.000003281  254.137223  96097.3753
 294.00   15.0000   -0.0000   15.0000  257.6218  257.6218  0.000000       0.00000       0.00000        1696735.1192    0.000000    -0.00004     0.00000    0.000000000    0.000002839    0.000002657  254.592051  95942.6193
 306.00   15.0000   -0.0000   15.0000  258.1130  258.1130  0.000000       0.00000       0.00000        1463700.4496    0.000000    -0.00004     0.00000    0.000000000    0.000002438    0.000002259  254.960242  95788.3618
 318.00   15.0000   -0.0000   15.0000  258.5464  258.5464  0.000000       0.00000       0.00000        1310164.2374    0.000000    -0.00004     0.00000    0.000000000    0.000002172    0.000001995  255.271185  95634.5573
 330.00   15.0000    0.0000   15.0000  258.9420  258.9420  0.000000       0.00000       0.00000        1201570.5071    0.000000    -0.00004     0.00000    0.000000000    0.000001982    0.000001806  255.544566  95481.1752
 342.00   15.0000    0.0000   15.0000  259.3079  259.3079  0.000000       0.00000       0.00000        1120913.9564    0.000000    -0.00004     0.00000    0.000000000    0.000001842    0.000001666  255.788469  95328.1939
 354.00   15.0000    0.0000   15.0000  259.6534  259.6534  0.000000       0.00000       0.00000        1054922.4294    0.000000    -0.00004     0.00000    0.000000000    0.000001725    0.000001550  256.012074  95175.5972
 366.00   15.0000    0.0000   15.0000  259.9783  259.9783  0.000000       0.00000       0.00000        1001169.0767    0.000000    -0.00004     0.00000    0.000000000    0.000001630    0.000001454  256.215244  95023.3716
 378.00   15.0000    0.0000   15.0000  260.2904  260.2904  0.000000       0.00000       0.00000         942901.5041    0.000000    -0.00003     0.00000    0.000000000    0.000001517    0.000001342  256.405666  94871.5061
 390.00   15.0000    0.0000   15.0000  260.5789  260.5789  0.000000       0.00000       0.00000         901722.8517    0.000000    -0.00003     0.00000    0.000000000    0.000001441    0.000001265  256.572741  94719.9888
 402.00   15.0000    0.0000   15.0000  260.8654  260.8654  0.000000       0.00000       0.00000         852698.1897    0.000000    -0.00003     0.00000    0.000000000    0.000001340    0.000001165  256.737688  94568.8114
 414.00   15.0000    0.0000   15.0000  261.1233  261.1233  0.000000       0.00000       0.00000         810188.9505    0.000000    -0.00003     0.00000    0.000000000    0.000001252    0.000001076  256.874329  94417.9638
 426.00   15.0000    0.0000   15.0000  261.3832  261.3832  0.000000       0.00000       0.00000         781289.8692    0.000000    -0.00003     0.00000    0.000000000    0.000001194    0.000001018  257.012830  94267.4373
 438.00   15.0000    0.0000   15.0000  261.6231  261.6231  0.000000       0.00000       0.00000         745666.0712    0.000000    -0.00003     0.00000    0.000000000    0.000001116    0.000000940  257.131574  94117.2260
 450.00   15.0000    0.0000   15.0000  261.8606  261.8606  0.000000       0.00000       0.00000         724749.8115    0.000000    -0.00003     0.00000    0.000000000    0.000001074    0.000000898  257.247881  93967.3225
 462.00   15.0000    0.0000   15.0000  262.0875  262.0875  0.000000       0.00000       0.00000         698948.2951    0.000000    -0.00003     0.00000    0.000000000    0.000001018    0.000000841  257.353670  93817.7224
 474.00   15.0000    0.0000   15.0000  262.3089  262.3089  0.000000       0.00000       0.00000         678448.5568    0.000000    -0.00003     0.00000    0.000000000    0.000000974    0.000000796  257.453913  93668.4201
 486.00   15.0000    0.0000   15.0000  262.5231  262.5231  0.000000       0.00000       0.00000         658103.8807    0.000000    -0.00003     0.00000    0.000000000    0.000000928    0.000000750  257.546958  93519.4113
 498.00   15.0000    0.0000   15.0000  262.7317  262.7317  0.000000       0.00000       0.00000         640165.2726    0.000000    -0.00003     0.00000    0.000000000    0.000000888    0.000000710  257.634531  93370.6917
 510.00   15.0000    0.0000   15.0000  262.9347  262.9347  0.000000       0.00000       0.00000         623677.6092    0.000000    -0.00003     0.00000    0.000000000    0.000000851    0.000000672  257.716407  93222.2574
 522.00   15.0000    0.0000   15.0000  263.1331  263.1331  0.000000       0.00000       0.00000         608396.9929    0.000000    -0.00003     0.00000    0.000000000    0.000000816    0.000000637  257.793709  93074.1048
 534.00   15.0000    0.0000   15.0000  263.3265  263.3265  0.000000       0.00000       0.00000         594017.3340    0.000000    -0.00003     0.00000    0.000000000    0.000000782    0.000000603  257.866062  92926.2305
 546.00   15.0000    0.0000   15.0000  263.5159  263.5159  0.000000       0.00000       0.00000         578499.8482    0.000000    -0.00003     0.00000    0.000000000    0.000000745    0.000000565  257.934397  92778.6314
 558.00   15.0000    0.0000   15.0000  263.6996  263.6996  0.000000       0.00000       0.00000         564422.0560    0.000000    -0.00003     0.00000    0.000000000    0.000000711    0.000000530  257.997054  92631.3041
 570.00   15.0000    0.0000   15.0000  263.8801  263.8801  0.000000       0.00000       0.00000         547234.1358    0.000000    -0.00003     0.00000    0.000000000    0.000000667    0.000000486  258.056589  92484.2456
 582.00   15.0000    0.0000   15.0000  264.0530  264.0530  0.000000       0.00000       0.00000         531671.3719    0.000000    -0.00003     0.00000    0.000000000    0.000000627    0.000000446  258.108474  92337.4522
 594.00   15.0000    0.0000   15.0000  264.2237  264.2237  0.000000       0.00000       0.00000         515179.6178    0.000000    -0.00003     0.00000    0.000000000    0.000000584    0.000000403  258.158246  92190.9207
 606.00   15.0000    0.0000   15.0000  264.3861  264.3861  0.000000       0.00000       0.00000         496011.3229    0.000000    -0.00003     0.00000    0.000000000    0.000000532    0.000000351  258.199779  92044.6475
 618.00   15.0000    0.0000   15.0000  264.5447  264.5447  0.000000       0.00000       0.00000         481911.2112    0.000000    -0.00003     0.00000    0.000000000    0.000000494    0.000000313  258.237490  91898.6288
 630.00   15.0000    0.0000   15.0000  264.6981  264.6981  0.000000       0.00000       0.00000         467136.8577    0.000000    -0.00003     0.00000    0.000000000    0.000000454    0.000000273  258.270157  91752.8616
 642.00   15.0000    0.0000   15.0000  264.8473  264.8473  0.000000       0.00000       0.00000         454475.5904    0.000000    -0.00003     0.00000    0.000000000    0.000000419    0.000000238  258.298568  91607.3428
 654.00   15.0000    0.0000   15.0000  264.9927  264.9927  0.000000       0.00000       0.00000         442915.6152    0.000000    -0.00003     0.00000    0.000000000    0.000000387    0.000000206  258.323263  91462.0697
 666.00   15.0000    0.0000   15.0000  265.1345  265.1345  0.000000       0.00000       0.00000         432648.4846    0.000000    -0.00003     0.00000    0.000000000    0.000000358    0.000000178  258.344393  91317.0399
 678.00   15.0000    0.0000   15.0000  265.2734  265.2734  0.000000       0.00000       0.00000         423822.2938    0.000000    -0.00003     0.00000    0.000000000    0.000000334    0.000000153  258.362620  91172.2510
 690.00   15.0000    0.0000   15.0000  265.4097  265.4097  0.000000       0.00000       0.00000         416066.5056    0.000000    -0.00003     0.00000    0.000000000    0.000000312    0.000000131  258.378189  91027.7012
 702.00   15.0000    0.0000   15.0000  265.5437  265.5437  0.000000       0.00000       0.00000         409306.1644    0.000000    -0.00003     0.00000    0.000000000    0.000000293    0.000000112  258.391527  90883.3886
 714.00   15.0000    0.0000   15.0000  265.6757  265.6757  0.000000       0.00000       0.00000         403405.6580    0.000000    -0.00003     0.00000    0.000000000    0.000000276    0.000000096  258.402835  90739.3116
 726.00   15.0000    0.0000   15.0000  265.8060  265.8060  0.000000       0.00000       0.00000         398305.2294    0.000000    -0.00003     0.00000    0.000000000    0.000000262    0.000000081  258.412453  90595.4689
 738.00   15.0000    0.0000   15.0000  265.9348  265.9348  0.000000       0.00000       0.00000         393786.5948    0.000000    -0.00003     0.00000    0.000000000    0.000000249    0.000000068  258.420544  90451.8592
 750.00   15.0000    0.0000   15.0000  266.0623  266.0623  0.000000       0.00000       0.00000         389634.7457    0.000000    -0.00003     0.00000    0.000000000    0.000000237    0.000000056  258.427313  90308.4811
 762.00   15.0000    0.0000   15.0000  266.1885  266.1885  0.000000       0.00000       0.00000         386093.4870    0.000000    -0.00003     0.00000    0.000000000    0.000000227    0.000000046  258.432784  90165.3338
 774.00   15.0000    0.0000   15.0000  266.3138  266.3138  0.000000       0.00000       0.00000         382659.2294    0.000000    -0.00003     0.00000    0.000000000    0.000000218    0.000000036  258.437318  90022.4161
 786.00   15.0000    0.0000   15.0000  266.4379  266.4379  0.000000       0.00000       0.00000         380153.6546    0.000000    -0.00003     0.00000    0.000000000    0.000000210    0.000000029  258.440622  89879.7271
 798.00   15.0000    0.0000   15.0000  266.5617  266.5617  0.000000       0.00000       0.00000         378043.7915    0.000000    -0.00003     0.00000    0.000000000    0.000000205    0.000000023  258.443574  89737.2660
 810.00   15.0000    0.0000   15.0000  266.6845  266.6845  0.000000       0.00000       0.00000         376575.8456    0.000000    -0.00003     0.00000    0.000000000    0.000000201    0.000000019  258.445546  89595.0321
 822.00   15.0000    0.0000   15.0000  266.8074  266.8074  0.000000       0.00000       0.00000         376171.4026    0.000000    -0.00003     0.00000    0.000000000    0.000000200    0.000000017  258.447571  89453.0247
 834.00   15.0000    0.0000   15.0000  266.9301  266.9301  0.000000       0.00000       0.00000         375828.3005    0.000000    -0.00003     0.00000    0.000000000    0.000000199    0.000000016  258.449290  89311.2434
 846.00   15.0000    0.0000   15.0000  267.0530  267.0530  0.000000       0.00000       0.00000         376256.8954    0.000000    -0.00003     0.00000    0.000000000    0.000000201    0.000000018  258.451099  89169.6878
 858.00   15.0000    0.0000   15.0000  267.1760  267.1760  0.000000       0.00000       0.00000         378139.7503    0.000000    -0.00003     0.00000    0.000000000    0.000000207    0.000000023  258.453090  89028.3576
 870.00   15.0000    0.0000   15.0000  267.3002  267.3002  0.000000       0.00000       0.00000         381964.6213    0.000000    -0.00003     0.00000    0.000000000    0.000000219    0.000000035  258.456093  88887.2528
 882.00   15.0000    0.0000   15.0000  267.4259  267.4259  0.000000       0.00000       0.00000         387327.6383    0.000000    -0.00004     0.00000    0.000000000    0.000000235    0.000000051  258.460506  88746.3736
 894.00   15.0000    0.0000   15.0000  267.5537  267.5537  0.000000       0.00000       0.00000         395263.6005    0.000000    -0.00004     0.00000    0.000000000    0.000000260    0.000000074  258.466905  88605.7206
 906.00   15.0000    0.0000   15.0000  267.6847  267.6847  0.000000       0.00000       0.00000         406327.8763    0.000000    -0.00004     0.00000    0.000000000    0.000000294    0.000000108  258.476343  88465.2949
 918.00   15.0000    0.0000   15.0000  267.8199  267.8199  0.000000       0.00000       0.00000         424831.7217    0.000000    -0.00004     0.00000    0.000000000    0.000000352    0.000000163  258.489750  88325.0979
 930.00   15.0000    0.0000   15.0000  267.9632  267.9632  0.000000       0.00000       0.00000         442286.8850    0.000000    -0.00004     0.00000    0.000000000    0.000000406    0.000000216  258.510907  88185.1324
 942.00   15.0000    0.0000   15.0000  268.1100  268.1100  0.000000       0.00000       0.00000         499811.7100    0.000000    -0.00005     0.00000    0.000000000    0.000000585    0.000000390  258.535380  88045.4011
 954.00   15.0000    0.0000   15.0000  268.2911  268.2911  0.000000       0.00000       0.00000         511327.2268    0.000000    -0.00005     0.00000    0.000000000    0.000000623    0.000000428  258.592954  87905.9133
 966.00   15.0000    0.0000   15.0000  268.4457  268.4457  0.000000       0.00000       0.00000         729269.2010    0.000000    -0.00010     0.00000    0.000000000    0.000001310    0.000001092  258.624798  87766.6705
 978.00   15.0000    0.0000   15.0000  268.7703  268.7703  0.000000       0.00000       0.00000         678739.7272    0.000000    -0.00004     0.00000    0.000000000    0.000001157    0.000000955  258.820313  87627.7092
 990.00   15.0000    0.0000   15.0000  268.8922  268.8922  0.000000       0.00000       0.00000        1888464.9524    0.000000    -0.00035     0.00000    0.000000000    0.000005167    0.000004702  258.820581  87489.0205
1002.00   15.0000    0.0000   15.0000  270.0130  270.0130  0.000000       0.00000       0.00000        1814190.4863    0.000000    -0.00002     0.00000    0.000000000    0.000004948    0.000004834  259.782099  87350.8072
1014.00   15.0000    0.0000   15.0000  270.0910  270.0910  0.000000       0.00000       0.00000         236005.2723    0.000000    -0.00002     0.00000    0.000000000   -0.000000244   -0.000000442  259.740033  87213.0570
1026.00   15.0000    0.0000   15.0000  270.1690  270.1690  0.000000       0.00000       0.00000         235937.1356    0.000000    -0.00002     0.00000    0.000000000   -0.000000244   -0.000000442  259.697933  87075.5017
1038.00   15.0000    0.0000   15.0000  270.2470  270.2470  0.000000       0.00000       0.00000         235869.0383    0.000000    -0.00003     0.00000    0.000000000   -0.000000244   -0.000000441  259.655799  86938.1411
1050.00   15.0000    0.0000   15.0000  270.3250  270.3250  0.000000       0.00000       0.00000         235800.9803    0.000000    -0.00003     0.00000    0.000000000   -0.000000244   -0.000000441  259.613632  86800.9750
1062.00   15.0000    0.0000   15.0000  270.4030  270.4030  0.000000       0.00000       0.00000         235732.9615    0.000000    -0.00003     0.00000    0.000000000   -0.000000244   -0.000000441  259.571430  86664.0030
1074.00   15.0000    0.0000   15.0000  270.4810  270.4810  0.000000       0.00000       0.00000         235664.9820    0.000000    -0.00003     0.00000    0.000000000   -0.000000244   -0.000000440  259.529195  86527.2249
1086.00   15.0000    0.0000   15.0000  270.5590  270.5590  0.000000       0.00000       0.00000         235597.0417    0.000000    -0.00003     0.00000    0.000000000   -0.000000244   -0.000000440  259.486927  86390.6405
1098.00   15.0000    0.0000   15.0000  270.6370  270.6370  0.000000       0.00000       0.00000         235529.1405    0.000000    -0.00003     0.00000    0.000000000   -0.000000244   -0.000000440  259.444624  86254.2495
1110.00   15.0000    0.0000   15.0000  270.7150  270.7150  0.000000       0.00000       0.00000         235461.2785    0.000000    -0.00003     0.00000    0.000000000   -0.000000244   -0.000000439  259.402288  86118.0517
1122.00   15.0000    0.0000   15.0000  270.7930  270.7930  0.000000       0.00000       0.00000         235393.4555    0.000000    -0.00003     0.00000    0.000000000   -0.000000244   -0.000000439  259.359918  85982.0467
1134.00   15.0000    0.0000   15.0000  270.8710  270.8710  0.000000       0.00000       0.00000         235325.6716    0.000000    -0.00003     0.00000    0.000000000   -0.000000244   -0.000000439  259.317514  85846.2343
1146.00   15.0000    0.0000   15.0000  270.9490  270.9490  0.000000       0.00000       0.00000         235257.9268    0.000000    -0.00003     0.00000    0.000000000   -0.000000244   -0.000000438  259.275076  85710.6143
1158.00   15.0000    0.0000   15.0000  271.0270  271.0270  0.000000       0.00000       0.00000         235190.2209    0.000000    -0.00003     0.00000    0.000000000   -0.000000244   -0.000000438  259.232605  85575.1863
1170.00   15.0000    0.0000   15.0000  271.1050  271.1050  0.000000       0.00000       0.00000         235122.5540    0.000000    -0.00003     0.00000    0.000000000   -0.000000244   -0.000000438  259.190100  85439.9502
1182.00   15.0000    0.0000   15.0000  271.1830  271.1830  0.000000       0.00000       0.00000         235054.9260    0.000000    -0.00003     0.00000    0.000000000   -0.000000244   -0.000000437  259.147561  85304.9057
1194.00   15.0000    0.0000   15.0000  271.2610  271.2610  0.000000       0.00000       0.00000         234987.3369    0.000000    -0.00003     0.00000    0.000000000   -0.000000244   -0.000000437  259.104989  85170.0525
1206.00   15.0000    0.0000   15.0000  271.3390  271.3390  0.000000       0.00000       0.00000         234919.7867    0.000000    -0.00003     0.00000    0.000000000   -0.000000244   -0.000000437  259.062383  85035.3904
1218.00   15.0000    0.0000   15.0000  271.4170  271.4170  0.000000       0.00000       0.00000         234852.2753    0.000000    -0.00003     0.00000    0.000000000   -0.000000244   -0.000000436  259.019743  84900.9191
1230.00   15.0000    0.0000   15.0000  271.4950  271.4950  0.000000       0.00000       0.00000         234784.8027    0.000000    -0.00003     0.00000    0.000000000   -0.000000244   -0.000000436  258.977070  84766.6383
1242.00   15.0000    0.0000   15.0000  271.5730  271.5730  0.000000       0.00000       0.00000         234717.3688    0.000000    -0.00003     0.00000    0.000000000   -0.000000244   -0.000000435  258.934363  84632.5479
1254.00   15.0000    0.0000   15.0000  271.6510  271.6510  0.000000       0.00000       0.00000         234649.9737    0.000000    -0.00003     0.00000    0.000000000   -0.000000244   -0.000000435  258.891623  84498.6475
1266.00   15.0000    0.0000   15.0000  271.7290  271.7290  0.000000       0.00000       0.00000         234582.6172    0.000000    -0.00003     0.00000    0.000000000   -0.000000244   -0.000000435  258.848848  84364.9368
1278.00   15.0000    0.0000   15.0000  271.8070  271.8070  0.000000       0.00000       0.00000         234515.2995    0.000000    -0.00003     0.00000    0.000000000   -0.000000244   -0.000000434  258.806041  84231.4157
1290.00   15.0000    0.0000   15.0000  271.8850  271.8850  0.000000       0.00000       0.00000         234448.0203    0.000000    -0.00003     0.00000    0.000000000   -0.000000244   -0.000000434  258.763199  84098.0839
1302.00   15.0000    0.0000   15.0000  271.9630  271.9630  0.000000       0.00000       0.00000         234380.7797    0.000000    -0.00003     0.00000    0.000000000   -0.000000244   -0.000000434  258.720324  83964.9411
1314.00   15.0000    0.0000   15.0000  272.0410  272.0410  0.000000       0.00000       0.00000         234313.5777    0.000000    -0.00003     0.00000    0.000000000   -0.000000244   -0.000000433  258.677416  83831.9870
1326.00   15.0000    0.0000   15.0000  272.1190  272.1190  0.000000       0.00000       0.00000         234246.4143    0.000000    -0.00003     0.00000    0.000000000   -0.000000244   -0.000000433  258.634474  83699.2215
1338.00   15.0000    0.0000   15.0000  272.1970  272.1970  0.000000       0.00000       0.00000         234179.2893    0.000000    -0.00003     0.00000    0.000000000   -0.000000244   -0.000000433  258.591498  83566.6442
1350.00   15.0000    0.0000   15.0000  272.2750  272.2750  0.000000       0.00000       0.00000         234112.2027    0.000000    -0.00003     0.00000    0.000000000   -0.000000244   -0.000000432  258.548489  83434.2550
1362.00   15.0000    0.0000   15.0000  272.3530  272.3530  0.000000       0.00000       0.00000         234045.1546    0.000000    -0.00003     0.00000    0.000000000   -0.000000244   -0.000000432  258.505446  83302.0534
1374.00   15.0000    0.0000   15.0000  272.4310  272.4310  0.000000       0.00000       0.00000         233978.1449    0.000000    -0.00003     0.00000    0.000000000   -0.000000244   -0.000000431  258.462369  83170.0394
1386.00   15.0000    0.0000   15.0000  272.5090  272.5090  0.000000       0.00000       0.00000         233911.1736    0.000000    -0.00003     0.00000    0.000000000   -0.000000244   -0.000000431  258.419260  83038.2127
1398.00   15.0000    0.0000   15.0000  272.5870  272.5870  0.000000       0.00000       0.00000         233844.2406    0.000000    -0.00003     0.00000    0.000000000   -0.000000244   -0.000000431  258.376116  82906.5729
1410.00   15.0000    0.0000   15.0000  272.6650  272.6650  0.000000       0.00000       0.00000         233777.3458    0.000000    -0.00003     0.00000    0.000000000   -0.000000244   -0.000000430  258.332939  82775.1199
1422.00   15.0000    0.0000   15.0000  272.7430  272.7430  0.000000       0.00000       0.00000         233710.4894    0.000000    -0.00003     0.00000    0.000000000   -0.000000244   -0.000000430  258.289729  82643.8534
1434.00   15.0000    0.0000   15.0000  272.8210  272.8210  0.000000       0.00000       0.00000         233643.6711    0.000000    -0.00003     0.00000    0.000000000   -0.000000244   -0.000000430  258.246485  82512.7731
1446.00   15.0000    0.0000   15.0000  272.8990  272.8990  0.000000       0.00000       0.00000         233576.8911    0.000000    -0.00004     0.00000    0.000000000   -0.000000244   -0.000000429  258.203208  82381.8789
1458.00   15.0000    0.0000   15.0000  272.9770  272.9770  0.000000       0.00000       0.00000         233510.1492    0.000000    -0.00004     0.00000    0.000000000   -0.000000244   -0.000000429  258.159897  82251.1704
1470.00   15.0000    0.0000   15.0000  273.0550  273.0550  0.000000       0.00000       0.00000         233443.4455    0.000000    -0.00004     0.00000    0.000000000   -0.000000244   -0.000000428  258.116553  82120.6473
1482.00   15.0000    0.0000   15.0000  273.1330  273.1330  0.000000       0.00000       0.00000         233376.7798    0.000000    -0.00004     0.00000    0.000000000   -0.000000244   -0.000000428  258.073175  81990.3096
1494.00   15.0000    0.0000   15.0000  273.2110  273.2110  0.000000       0.00000       0.00000         233310.1522    0.000000    -0.00004     0.00000    0.000000000   -0.000000244   -0.000000428  258.029764  81860.1568
1506.00   15.0000    0.0000   15.0000  273.2890  273.2890  0.000000       0.00000       0.00000         233243.5627    0.000000    -0.00004     0.00000    0.000000000   -0.000000244   -0.000000427  257.986319  81730.1888
1518.00   15.0000    0.0000   15.0000  273.3670  273.3670  0.000000       0.00000       0.00000         233177.0111    0.000000    -0.00004     0.00000    0.000000000   -0.000000244   -0.000000427  257.942841  81600.4053
1530.00   15.0000    0.0000   15.0000  273.4450  273.4450  0.000000       0.00000       0.00000         233110.4975    0.000000    -0.00004     0.00000    0.000000000   -0.000000244   -0.000000426  257.899330  81470.8060
1542.00   15.0000    0.0000   15.0000  273.5230  273.5230  0.000000       0.00000       0.00000         233044.0219    0.000000    -0.00004     0.00000    0.000000000   -0.000000244   -0.000000426  257.855785  81341.3907
1554.00   15.0000    0.0000   15.0000  273.6010  273.6010  0.000000       0.00000       0.00000         232977.5841    0.000000    -0.00004     0.00000    0.000000000   -0.000000244   -0.000000426  257.812207  81212.1593
1566.00   15.0000    0.0000   15.0000  273.6790  273.6790  0.000000       0.00000       0.00000         232911.1843    0.000000    -0.00004     0.00000    0.000000000   -0.000000244   -0.000000425  257.768595  81083.1113
1578.00   15.0000    0.0000   15.0000  273.7570  273.7570  0.000000       0.00000       0.00000         232844.8222    0.000000    -0.00004     0.00000    0.000000000   -0.000000244   -0.000000425  257.724950  80954.2466
1590.00   15.0000    0.0000   15.0000  273.8350  273.8350  0.000000       0.00000       0.00000         232778.4980    0.000000    -0.00004     0.00000    0.000000000   -0.000000244   -0.000000424  257.681272  80825.5649
1602.00   15.0000    0.0000   15.0000  273.9130  273.9130  0.000000       0.00000       0.00000         232712.2115    0.000000    -0.00004     0.00000    0.000000000   -0.000000244   -0.000000424  257.637560  80697.0660
1614.00   15.0000    0.0000   15.0000  273.9910  273.9910  0.000000       0.00000       0.00000         232645.9628    0.000000    -0.00004     0.00000    0.000000000   -0.000000244   -0.000000424  257.593815  80568.7496
1626.00   15.0000    0.0000   15.0000  274.0690  274.0690  0.000000       0.00000       0.00000         232579.7518    0.000000    -0.00004     0.00000    0.000000000   -0.000000244   -0.000000423  257.550037  80440.6155
1638.00   15.0000    0.0000   15.0000  274.1470  274.1470  0.000000       0.00000       0.00000         232513.5785    0.000000    -0.00004     0.00000    0.000000000   -0.000000244   -0.000000423  257.506225  80312.6635
1650.00   15.0000    0.0000   15.0000  274.2250  274.2250  0.000000       0.00000       0.00000         232447.4428    0.000000    -0.00004     0.00000    0.000000000   -0.000000244   -0.000000422  257.462380  80184.8932
1662.00   15.0000    0.0000   15.0000  274.3030  274.3030  0.000000       0.00000       0.00000         232381.3447    0.000000    -0.00004     0.00000    0.000000000   -0.000000244   -0.000000422  257.418502  80057.3045
1674.00   15.0000    0.0000   15.0000  274.3810  274.3810  0.000000       0.00000       0.00000         232315.2842    0.000000    -0.00004     0.00000    0.000000000   -0.000000244   -0.000000422  257.374590  79929.8971
1686.00   15.0000    0.0000   15.0000  274.4590  274.4590  0.000000       0.00000       0.00000         232249.2613    0.000000    -0.00004     0.00000    0.000000000   -0.000000244   -0.000000421  257.330645  79802.6708
1698.00   15.0000    0.0000   15.0000  274.5370  274.5370  0.000000       0.00000       0.00000         232183.2758    0.000000    -0.00004     0.00000    0.000000000   -0.000000244   -0.000000421  257.286667  79675.6253
1710.00   15.0000    0.0000   15.0000  274.6150  274.6150  0.000000       0.00000       0.00000         232117.3279    0.000000    -0.00004     0.00000    0.000000000   -0.000000244   -0.000000420  257.242655  79548.7604
1722.00   15.0000    0.0000   15.0000  274.6930  274.6930  0.000000       0.00000       0.00000         232051.4174    0.000000    -0.00004     0.00000    0.000000000   -0.000000244   -0.000000420  257.198611  79422.0758
1734.00   15.0000    0.0000   15.0000  274.7710  274.7710  0.000000       0.00000       0.00000         231985.5443    0.000000    -0.00004     0.00000    0.000000000   -0.000000243   -0.000000420  257.154533  79295.5713
1746.00   15.0000    0.0000   15.0000  274.8490  274.8490  0.000000       0.00000       0.00000         231919.7086    0.000000    -0.00004     0.00000    0.000000000   -0.000000243   -0.000000419  257.110422  79169.2467
1758.00   15.0000    0.0000   15.0000  274.9270  274.9270  0.000000       0.00000       0.00000         231853.9103    0.000000    -0.00004     0.00000    0.000000000   -0.000000243   -0.000000419  257.066277  79043.1017
1770.00   15.0000    0.0000   15.0000  275.0050  275.0050  0.000000       0.00000       0.00000         231788.1493    0.000000    -0.00004     0.00000    0.000000000   -0.000000243   -0.000000418  257.022100  78917.1361
1782.00   15.0000    0.0000   15.0000  275.0830  275.0830  0.000000       0.00000       0.00000         231722.4256    0.000000    -0.00004     0.00000    0.000000000   -0.000000243   -0.000000418  256.977889  78791.3496
1794.00   15.0000    0.0000   15.0000  275.1610  275.1610  0.000000       0.00000       0.00000         231656.7391    0.000000    -0.00004     0.00000    0.000000000   -0.000000243   -0.000000417  256.933645  78665.7420
1806.00   15.0000    0.0000   15.0000  275.2390  275.2390  0.000000       0.00000       0.00000         231591.0899    0.000000    -0.00004     0.00000    0.000000000   -0.000000243   -0.000000417  256.889367  78540.3130
1818.00   15.0000    0.0000   15.0000  275.3170  275.3170  0.000000       0.00000       0.00000         231525.4779    0.000000    -0.00004     0.00000    0.000000000   -0.000000243   -0.000000417  256.845057  78415.0625
1830.00   15.0000    0.0000   15.0000  275.3950  275.3950  0.000000       0.00000       0.00000         231459.9030    0.000000    -0.00004     0.00000    0.000000000   -0.000000243   -0.000000416  256.800713  78289.9901
1842.00   15.0000    0.0000   15.0000  275.4730  275.4730  0.000000       0.00000       0.00000         231394.3653    0.000000    -0.00004     0.00000    0.000000000   -0.000000243   -0.000000416  256.756337  78165.0957
1854.00   15.0000    0.0000   15.0000  275.5510  275.5510  0.000000       0.00000       0.00000         231328.8647    0.000000    -0.00005     0.00000    0.000000000   -0.000000243   -0.000000415  256.711927  78040.3790
1866.00   15.0000    0.0000   15.0000  275.6290  275.6290  0.000000       0.00000       0.00000         231263.4012    0.000000    -0.00005     0.00000    0.000000000   -0.000000243   -0.000000415  256.667484  77915.8397
1878.00   15.0000    0.0000   15.0000  275.7070  275.7070  0.000000       0.00000       0.00000         231197.9747    0.000000    -0.00005     0.00000    0.000000000   -0.000000243   -0.000000414  256.623007  77791.4777
1890.00   15.0000    0.0000   15.0000  275.7850  275.7850  0.000000       0.00000       0.00000         231132.5852    0.000000    -0.00005     0.00000    0.000000000   -0.000000243   -0.000000414  256.578498  77667.2926
1902.00   15.0000    0.0000   15.0000  275.8630  275.8630  0.000000       0.00000       0.00000         231067.2326    0.000000    -0.00005     0.00000    0.000000000   -0.000000243   -0.000000413  256.533956  77543.2843
1914.00   15.0000    0.0000   15.0000  275.9410  275.9410  0.000000       0.00000       0.00000         231001.9171    0.000000    -0.00005     0.00000    0.000000000   -0.000000243   -0.000000413  256.489380  77419.4525
1926.00   15.0000    0.0000   15.0000  276.0190  276.0190  0.000000       0.00000       0.00000         230936.6384    0.000000    -0.00005     0.00000    0.000000000   -0.000000243   -0.000000413  256.444771  77295.7969
1938.00   15.0000    0.0000   15.0000  276.0970  276.0970  0.000000       0.00000       0.00000         230871.3966    0.000000    -0.00005     0.00000    0.000000000   -0.000000242   -0.000000412  256.400130  77172.3174
1950.00   15.0000    0.0000   15.0000  276.1750  276.1750  0.000000       0.00000       0.00000         230806.1917    0.000000    -0.00005     0.00000    0.000000000   -0.000000242   -0.000000412  256.355455  77049.0137
1962.00   15.0000    0.0000   15.0000  276.2530  276.2530  0.000000       0.00000       0.00000         230741.0236    0.000000    -0.00005     0.00000    0.000000000   -0.000000242   -0.000000411  256.310747  76925.8856
1974.00   15.0000    0.0000   15.0000  276.3310  276.3310  0.000000       0.00000       0.00000         230675.8923    0.000000    -0.00005     0.00000    0.000000000   -0.000000242   -0.000000411  256.266006  76802.9328
1986.00   15.0000    0.0000   15.0000  276.4090  276.4090  0.000000       0.00000       0.00000         230610.7978    0.000000    -0.00005     0.00000    0.000000000   -0.000000242   -0.000000410  256.221232  76680.1550
1998.00   15.0000    0.0000   15.0000  276.4870  276.4870  0.000000       0.00000       0.00000         230545.7399    0.000000    -0.00005     0.00000    0.000000000   -0.000000242   -0.000000410  256.176425  76557.5522
2010.00   15.0000    0.0000   15.0000  276.5650  276.5650  0.000000       0.00000       0.00000         230480.7188    0.000000    -0.00005     0.00000    0.000000000   -0.000000242   -0.000000409  256.131585  76435.1240
2022.00   15.0000    0.0000   15.0000  276.6430  276.6430  0.000000       0.00000       0.00000         230415.7344    0.000000    -0.00005     0.00000    0.000000000   -0.000000242   -0.000000409  256.086712  76312.8701
2034.00   15.0000    0.0000   15.0000  276.7210  276.7210  0.000000       0.00000       0.00000         230350.7865    0.000000    -0.00005     0.00000    0.000000000   -0.000000242   -0.000000409  256.041806  76190.7904
2046.00   15.0000    0.0000   15.0000  276.7990  276.7990  0.000000       0.00000       0.00000         230285.8753    0.000000    -0.00005     0.00000    0.000000000   -0.000000242   -0.000000408  255.996867  76068.8847
2058.00   15.0000    0.0000   15.0000  276.8770  276.8770  0.000000       0.00000       0.00000         230221.0007    0.000000    -0.00005     0.00000    0.000000000   -0.000000242   -0.000000408  255.951894  75947.1526
2070.00   15.0000    0.0000   15.0000  276.9550  276.9550  0.000000       0.00000       0.00000         230156.1626    0.000000    -0.00005     0.00000    0.000000000   -0.000000242   -0.000000407  255.906889  75825.5940
2082.00   15.0000    0.0000   15.0000  277.0330  277.0330  0.000000       0.00000       0.00000         230091.3610    0.000000    -0.00005     0.00000    0.000000000   -0.000000241   -0.000000407  255.861851  75704.2086
2094.00   15.0000    0.0000   15.0000  277.1110  277.1110  0.000000       0.00000       0.00000         230026.5958    0.000000    -0.00005     0.00000    0.000000000   -0.000000241   -0.000000406  255.816780  75582.9963
2106.00   15.0000    0.0000   15.0000  277.1890  277.1890  0.000000       0.00000       0.00000         229961.8672    0.000000    -0.00005     0.00000    0.000000000   -0.000000241   -0.000000406  255.771676  75461.9566
2118.00   15.0000    0.0000   15.0000  277.2670  277.2670  0.000000       0.00000       0.00000         229897.1749    0.000000    -0.00005     0.00000    0.000000000   -0.000000241   -0.000000405  255.726539  75341.0895
2130.00   15.0000    0.0000   15.0000  277.3450  277.3450  0.000000       0.00000       0.00000         229832.5191    0.000000    -0.00005     0.00000    0.000000000   -0.000000241   -0.000000405  255.681369  75220.3948
2142.00   15.0000    0.0000   15.0000  277.4230  277.4230  0.000000       0.00000       0.00000         229767.8996    0.000000    -0.00005     0.00000    0.000000000   -0.000000241   -0.000000404  255.636166  75099.8720
2154.00   15.0000    0.0000   15.0000  277.5010  277.5010  0.000000       0.00000       0.00000         229703.3164    0.000000    -0.00005     0.00000    0.000000000   -0.000000241   -0.000000404  255.590931  74979.5212
2166.00   15.0000    0.0000   15.0000  277.5790  277.5790  0.000000       0.00000       0.00000         229638.7695    0.000000    -0.00005     0.00000    0.000000000   -0.000000241   -0.000000403  255.545662  74859.3419
2178.00   15.0000    0.0000   15.0000  277.6570  277.6570  0.000000       0.00000       0.00000         229574.2589    0.000000    -0.00005     0.00000    0.000000000   -0.000000241   -0.000000403  255.500360  74739.3340
2190.00   15.0000    0.0000   15.0000  277.7350  277.7350  0.000000       0.00000       0.00000         229509.7845    0.000000    -0.00005     0.00000    0.000000000   -0.000000241   -0.000000403  255.455026  74619.4973
2202.00   15.0000    0.0000   15.0000  277.8130  277.8130  0.000000       0.00000       0.00000         229445.3463    0.000000    -0.00005     0.00000    0.000000000   -0.000000240   -0.000000402  255.409659  74499.8314
2214.00   15.0000    0.0000   15.0000  277.8910  277.8910  0.000000       0.00000       0.00000         229380.9443    0.000000    -0.00005     0.00000    0.000000000   -0.000000240   -0.000000402  255.364258  74380.3363
2226.00   15.0000    0.0000   15.0000  277.9690  277.9690  0.000000       0.00000       0.00000         229316.5785    0.000000    -0.00005     0.00000    0.000000000   -0.000000240   -0.000000401  255.318825  74261.0116
2238.00   15.0000    0.0000   15.0000  278.0470  278.0470  0.000000       0.00000       0.00000         229252.2487    0.000000    -0.00005     0.00000    0.000000000   -0.000000240   -0.000000401  255.273359  74141.8572
2250.00   15.0000    0.0000   15.0000  278.1250  278.1250  0.000000       0.00000       0.00000         229187.9551    0.000000    -0.00005     0.00000    0.000000000   -0.000000240   -0.000000400  255.227860  74022.8728
2262.00   15.0000    0.0000   15.0000  278.2030  278.2030  0.000000       0.00000       0.00000         229123.6974    0.000000    -0.00006     0.00000    0.000000000   -0.000000240   -0.000000400  255.182329  73904.0581
2274.00   15.0000    0.0000   15.0000  278.2810  278.2810  0.000000       0.00000       0.00000         229059.4759    0.000000    -0.00006     0.00000    0.000000000   -0.000000240   -0.000000399  255.136764  73785.4130
2286.00   15.0000    0.0000   15.0000  278.3590  278.3590  0.000000       0.00000       0.00000         228995.2903    0.000000    -0.00006     0.00000    0.000000000   -0.000000240   -0.000000399  255.091167  73666.9373
2298.00   15.0000    0.0000   15.0000  278.4370  278.4370  0.000000       0.00000       0.00000         228931.1406    0.000000    -0.00006     0.00000    0.000000000   -0.000000240   -0.000000398  255.045537  73548.6306
2310.00   15.0000    0.0000   15.0000  278.5150  278.5150  0.000000       0.00000       0.00000         228867.0269    0.000000    -0.00006     0.00000    0.000000000   -0.000000239   -0.000000398  254.999874  73430.4928
2322.00   15.0000    0.0000   15.0000  278.5930  278.5930  0.000000       0.00000       0.00000         228802.9491    0.000000    -0.00006     0.00000    0.000000000   -0.000000239   -0.000000397  254.954178  73312.5236
2334.00   15.0000    0.0000   15.0000  278.6710  278.6710  0.000000       0.00000       0.00000         228738.9072    0.000000    -0.00006     0.00000    0.000000000   -0.000000239   -0.000000397  254.908450  73194.7229
2346.00   15.0000    0.0000   15.0000  278.7490  278.7490  0.000000       0.00000       0.00000         228674.9011    0.000000    -0.00006     0.00000    0.000000000   -0.000000239   -0.000000396  254.862689  73077.0904
2358.00   15.0000    0.0000   15.0000  278.8270  278.8270  0.000000       0.00000       0.00000         228610.9308    0.000000    -0.00006     0.00000    0.000000000   -0.000000239   -0.000000396  254.816895  72959.6258
2370.00   15.0000    0.0000   15.0000  278.9050  278.9050  0.000000       0.00000       0.00000         228546.9963    0.000000    -0.00006     0.00000    0.000000000   -0.000000239   -0.000000395  254.771068  72842.3290
2382.00   15.0000    0.0000   15.0000  278.9830  278.9830  0.000000       0.00000       0.00000              0.0000    0.000000    -0.00006     0.00000    0.000000000    0.000000000    0.000000000  254.725208  72725.1997
2394.00   15.0000    0.0000   15.0000  279.0610  279.0610  0.000000       0.00000       0.00000              0.0000    0.000000     0.00000     0.00000    0.000000000    0.000000000    0.000000000  254.679316  72608.2377
