   0.00    0.0000    0.0000    0.0000  241.3320  241.3320  0.000000       0.00000       0.00000              0.0000    0.000000     0.00000     0.00000    0.000000000    0.000000000    0.000000000    0.000000      0.0000
   6.00    7.7574    3.5167    8.5173  242.9013  242.9013  0.000000       0.71926       0.71926              0.0000    0.000000     0.00000     0.00000   -0.000011933    0.000000000    0.000000000  242.813548  99873.5320
  18.00    8.7984    3.9079    9.6272  243.0182  243.0182  0.000000       2.20202       2.20202              0.0575    0.000000    -0.00000     0.00000   -0.000024540    0.000000000    0.000000000  242.784012  99662.9195
  30.00    9.4666    4.1134   10.3217  243.0959  243.0959  0.000000       2.10689       2.10689              0.0829    0.000000    -0.00000     0.00000   -0.000029360   -0.000000058   -0.000000097  242.744456  99494.7588
  42.00   10.0803    4.2620   10.9443  243.1697  243.1697  0.000000       2.30689       2.30689              0.0974    0.000000    -0.00000     0.00000   -0.000031849   -0.000000068   -0.000000107  242.701104  99326.8532
  54.00   10.6334    4.3606   11.4927  243.2390  243.2390  0.000000       2.27017       2.27017              0.1125    0.000000    -0.00000     0.00000   -0.000033802   -0.000000075   -0.000000113  242.653088  99159.1995
  66.00   11.1567    4.4206   12.0005  243.3074  243.3074  0.000000       2.21866       2.21866              0.1258    0.000000    -0.00000     0.00000   -0.000035517   -0.000000075   -0.000000113  242.604231  98991.7953
  78.00   11.6562    4.4460   12.4753  243.3759  243.3759  0.000000       2.11260       2.11260              0.1388    0.000000    -0.00000     0.00000   -0.000037133   -0.000000074   -0.000000112  242.555468  98824.6402
  90.00   12.1385    4.4389   12.9246  243.4458  243.4458  0.000000       1.98552       1.98552              0.1515    0.000000    -0.00000     0.00000   -0.000038738   -0.000000070   -0.000000108  242.507957  98657.7342
 102.00   12.6061    4.4004   13.3520  243.5176  243.5176  0.000000       1.84025       1.84025              0.1644    0.000000    -0.00000     0.00000   -0.000040384   -0.000000064   -0.000000102  242.462459  98491.0782
 114.00   13.0605    4.3306   13.7597  243.5924  243.5924  0.000000       1.68554       1.68554              0.1776    0.000000    -0.00000     0.00000   -0.000042088   -0.000000056   -0.000000094  242.419732  98324.6735
 126.00   13.5020    4.2293   14.1489  243.6706  243.6706  0.000000       1.52540       1.52540              0.1915    0.000000    -0.00000     0.00000   -0.000043902   -0.000000047   -0.000000085  242.380501  98158.5218
 138.00   13.9302    4.0958   14.5199  243.7532  243.7532  0.000000       1.36356       1.36356              0.2062    0.000000    -0.00000     0.00000   -0.000045859   -0.000000035   -0.000000074  242.345554  97992.6256
 150.00   14.3437    3.9295   14.8722  243.8411  243.8411  0.000000       1.20257       1.20257              0.2220    0.000000    -0.00000     0.00000   -0.000048019   -0.000000022   -0.000000061  242.315780  97826.9876
 162.00   14.7406    3.7291   15.2050  243.9352  243.9352  0.000000       1.04436       1.04436              0.2395    0.000000    -0.00001     0.00000   -0.000050447   -0.000000005   -0.000000045  242.292249  97661.6114
 174.00   15.1181    3.4935   15.5165  244.0371  244.0371  0.000000       0.89061       0.89061              0.2591    0.000000    -0.00001     0.00000   -0.000053204    0.000000015   -0.000000026  242.276292  97496.5014
 186.00   15.4725    3.2213   15.8043  244.1484  244.1484  0.000000       0.74198       0.74198              0.2817    0.000000    -0.00001     0.00000   -0.000056400    0.000000040   -0.000000002  242.269694  97331.6628
 198.00   15.7989    2.9110   16.0648  244.2717  244.2717  0.000000       0.60074       0.60074              0.3084    0.000000    -0.00001     0.00000   -0.000059979    0.000000074    0.000000030  242.274883  97167.1025
 210.00   16.0911    2.5599   16.2934  244.4109  244.4109  0.000000       0.46402       0.46402              0.3420    0.000000    -0.00001     0.00000   -0.000064429    0.000000119    0.000000073  242.295834  97002.8292
 222.00   16.3385    2.1667   16.4816  244.5718  244.5718  0.000000       0.34196       0.34196              0.3848    0.000000    -0.00001     0.00000   -0.000070021    0.000000188    0.000000140  242.338202  96838.8551
 234.00   16.5281    1.7210   16.6175  244.7687  244.7687  0.000000       0.21416       0.21416              0.4529    0.000000    -0.00002     0.00000   -0.000077921    0.000000298    0.000000244  242.416179  96675.1987
 246.00   16.6212    1.2348   16.6670  245.0185  245.0185  0.000000       0.13437       0.13437              0.5422    0.000000    -0.00002     0.00000   -0.000096873    0.000000578    0.000000509  242.546446  96511.8890
 258.00   16.5119    0.6316   16.5239  245.4387  245.4387  0.000000       0.00642       0.00642              1.4664    0.000000     0.00000     0.00000   -0.000073315    0.000008637    0.000006654  242.845155  96348.9990
 270.00   15.1606   -0.0410   15.1606  250.7698  250.7698  0.000000       0.00072       0.00072              2.4892    0.000000    -0.00015     0.00000   -0.000127645    0.000011735    0.000012894  248.001674  96188.1707
 282.00   15.0011   -0.0010   15.0011  252.5538  252.5538  0.000000       0.00000       0.00000            105.1597    0.000000    -0.00011     0.00000   -0.000004454    0.000006322    0.000006152  249.648365  96029.8207
 294.00   15.0000   -0.0000   15.0000  253.8690  253.8690  0.000000       0.00000       0.00000         734345.2566    0.000000    -0.00008     0.00000   -0.000000000    0.000004661    0.000004520  250.831112  95872.6254
 306.00   15.0000   -0.0000   15.0000  254.6990  254.6990  0.000000       0.00000       0.00000        2454235.5441    0.000000    -0.00007     0.00000    0.000000000    0.000003419    0.000003244  251.533810  95716.2766
 318.00   15.0000   -0.0000   15.0000  255.3989  255.3989  0.000000       0.00000       0.00000        2070959.1286    0.000000    -0.00006     0.00000    0.000000000    0.000002950    0.000002781  252.107749  95560.5783
 330.00   15.0000   -0.0000   15.0000  255.9934  255.9934  0.000000       0.00000       0.00000        1777150.2861    0.000000    -0.00005     0.00000    0.000000000    0.000002560    0.000002395  252.577410  95405.4545
 342.00   15.0000   -0.0000   15.0000  256.5122  256.5122  0.000000       0.00000       0.00000        1574126.0242    0.000000    -0.00005     0.00000    0.000000000    0.000002283    0.000002120  252.972108  95250.8472
 354.00   15.0000    0.0000   15.0000  256.9816  256.9816  0.000000       0.00000       0.00000        1420168.8240    0.000000    -0.00005     0.00000    0.000000000    0.000002065    0.000001905  253.317785  95096.7159
 366.00   15.0000    0.0000   15.0000  257.4054  257.4054  0.000000       0.00000       0.00000        1300841.9702    0.000000    -0.00004     0.00000    0.000000000    0.000001892    0.000001733  253.618368  94943.0302
 378.00   15.0000    0.0000   15.0000  257.8011  257.8011  0.000000       0.00000       0.00000        1200329.9940    0.000000    -0.00004     0.00000    0.000000000    0.000001740    0.000001583  253.891021  94789.7660
 390.00   15.0000    0.0000   15.0000  258.1627  258.1627  0.000000       0.00000       0.00000        1122051.4833    0.000000    -0.00004     0.00000    0.000000000    0.000001622    0.000001464  254.130020  94636.9032
 402.00   15.0000    0.0000   15.0000  258.5100  258.5100  0.000000       0.00000       0.00000        1054273.9863    0.000000    -0.00004     0.00000    0.000000000    0.000001515    0.000001358  254.354686  94484.4260
 414.00   15.0000    0.0000   15.0000  258.8297  258.8297  0.000000       0.00000       0.00000         995409.4248    0.000000    -0.00004     0.00000    0.000000000    0.000001420    0.000001263  254.552114  94332.3206
 426.00   15.0000    0.0000   15.0000  259.1405  259.1405  0.000000       0.00000       0.00000         944826.1017    0.000000    -0.00004     0.00000    0.000000000    0.000001337    0.000001180  254.740614  94180.5751
 438.00   15.0000    0.0000   15.0000  259.4290  259.4290  0.000000       0.00000       0.00000         896457.6411    0.000000    -0.00004     0.00000    0.000000000    0.000001254    0.000001097  254.906968  94029.1791
 450.00   15.0000    0.0000   15.0000  259.7097  259.7097  0.000000       0.00000       0.00000         859050.7839    0.000000    -0.00004     0.00000    0.000000000    0.000001191    0.000001034  255.065676  93878.1227
 462.00   15.0000    0.0000   15.0000  259.9750  259.9750  0.000000       0.00000       0.00000         821278.9145    0.000000    -0.00004     0.00000    0.000000000    0.000001123    0.000000966  255.209030  93727.3982
 474.00   15.0000    0.0000   15.0000  260.2322  260.2322  0.000000       0.00000       0.00000         791251.1656    0.000000    -0.00004     0.00000    0.000000000    0.000001070    0.000000913  255.344446  93576.9978
 486.00   15.0000    0.0000   15.0000  260.4789  260.4789  0.000000       0.00000       0.00000         761964.5530    0.000000    -0.00004     0.00000    0.000000000    0.000001017    0.000000859  255.469308  93426.9152
 498.00   15.0000    0.0000   15.0000  260.7180  260.7180  0.000000       0.00000       0.00000         736727.1135    0.000000    -0.00004     0.00000    0.000000000    0.000000971    0.000000813  255.586654  93277.1443
 510.00   15.0000    0.0000   15.0000  260.9490  260.9490  0.000000       0.00000       0.00000         713682.4291    0.000000    -0.00004     0.00000    0.000000000    0.000000928    0.000000769  255.695949  93127.6797
 522.00   15.0000    0.0000   15.0000  261.1738  261.1738  0.000000       0.00000       0.00000         691509.6932    0.000000    -0.00004     0.00000    0.000000000    0.000000885    0.000000727  255.799071  92978.5166
 534.00   15.0000    0.0000   15.0000  261.3910  261.3910  0.000000       0.00000       0.00000         670370.0864    0.000000    -0.00004     0.00000    0.000000000    0.000000844    0.000000685  255.894665  92829.6501
 546.00   15.0000    0.0000   15.0000  261.6026  261.6026  0.000000       0.00000       0.00000         650217.4991    0.000000    -0.00003     0.00000    0.000000000    0.000000803    0.000000644  255.984710  92681.0758
 558.00   15.0000    0.0000   15.0000  261.8073  261.8073  0.000000       0.00000       0.00000         632376.6189    0.000000    -0.00003     0.00000    0.000000000    0.000000768    0.000000608  256.067827  92532.7895
 570.00   15.0000    0.0000   15.0000  262.0078  262.0078  0.000000       0.00000       0.00000         614585.5355    0.000000    -0.00003     0.00000    0.000000000    0.000000731    0.000000571  256.146823  92384.7872
 582.00   15.0000    0.0000   15.0000  262.2013  262.2013  0.000000       0.00000       0.00000         598352.6681    0.000000    -0.00003     0.00000    0.000000000    0.000000697    0.000000537  256.218910  92237.0652
 594.00   15.0000    0.0000   15.0000  262.3917  262.3917  0.000000       0.00000       0.00000         583206.1821    0.000000    -0.00003     0.00000    0.000000000    0.000000665    0.000000505  256.287835  92089.6200
 606.00   15.0000    0.0000   15.0000  262.5759  262.5759  0.000000       0.00000       0.00000         568131.6970    0.000000    -0.00003     0.00000    0.000000000    0.000000632    0.000000472  256.350523  91942.4482
 618.00   15.0000    0.0000   15.0000  262.7568  262.7568  0.000000       0.00000       0.00000         555223.9689    0.000000    -0.00003     0.00000    0.000000000    0.000000604    0.000000443  256.410079  91795.5466
 630.00   15.0000    0.0000   15.0000  262.9329  262.9329  0.000000       0.00000       0.00000         541831.4708    0.000000    -0.00003     0.00000    0.000000000    0.000000574    0.000000413  256.464751  91648.9124
 642.00   15.0000    0.0000   15.0000  263.1055  263.1055  0.000000       0.00000       0.00000         530421.3203    0.000000    -0.00003     0.00000    0.000000000    0.000000549    0.000000388  256.515975  91502.5426
 654.00   15.0000    0.0000   15.0000  263.2744  263.2744  0.000000       0.00000       0.00000         519386.5933    0.000000    -0.00003     0.00000    0.000000000    0.000000524    0.000000363  256.563552  91356.4347
 666.00   15.0000    0.0000   15.0000  263.4401  263.4401  0.000000       0.00000       0.00000         509573.2227    0.000000    -0.00003     0.00000    0.000000000    0.000000502    0.000000340  256.607909  91210.5862
 678.00   15.0000    0.0000   15.0000  263.6030  263.6030  0.000000       0.00000       0.00000         500674.2874    0.000000    -0.00003     0.00000    0.000000000    0.000000482    0.000000320  256.649380  91064.9949
 690.00   15.0000    0.0000   15.0000  263.7631  263.7631  0.000000       0.00000       0.00000         492663.4449    0.000000    -0.00003     0.00000    0.000000000    0.000000464    0.000000301  256.688199  90919.6586
 702.00   15.0000    0.0000   15.0000  263.9210  263.9210  0.000000       0.00000       0.00000         485154.3059    0.000000    -0.00003     0.00000    0.000000000    0.000000447    0.000000284  256.724685  90774.5757
 714.00   15.0000    0.0000   15.0000  264.0765  264.0765  0.000000       0.00000       0.00000         478843.8733    0.000000    -0.00003     0.00000    0.000000000    0.000000432    0.000000269  256.758830  90629.7441
 726.00   15.0000    0.0000   15.0000  264.2305  264.2305  0.000000       0.00000       0.00000         473601.9334    0.000000    -0.00003     0.00000    0.000000000    0.000000421    0.000000257  256.791390  90485.1624
 738.00   15.0000    0.0000   15.0000  264.3828  264.3828  0.000000       0.00000       0.00000         468565.4796    0.000000    -0.00003     0.00000    0.000000000    0.000000409    0.000000246  256.822280  90340.8291
 750.00   15.0000    0.0000   15.0000  264.5336  264.5336  0.000000       0.00000       0.00000         464213.7365    0.000000    -0.00003     0.00000    0.000000000    0.000000400    0.000000235  256.851710  90196.7430
 762.00   15.0000    0.0000   15.0000  264.6833  264.6833  0.000000       0.00000       0.00000         461161.1635    0.000000    -0.00004     0.00000    0.000000000    0.000000393    0.000000229  256.879898  90052.9028
 774.00   15.0000    0.0000   15.0000  264.8324  264.8324  0.000000       0.00000       0.00000         458872.7324    0.000000    -0.00004     0.00000    0.000000000    0.000000389    0.000000224  256.907441  89909.3076
 786.00   15.0000    0.0000   15.0000  264.9807  264.9807  0.000000       0.00000       0.00000         457700.2525    0.000000    -0.00004     0.00000    0.000000000    0.000000387    0.000000222  256.934221  89765.9564
 798.00   15.0000    0.0000   15.0000  265.1292  265.1292  0.000000       0.00000       0.00000         457667.4446    0.000000    -0.00004     0.00000    0.000000000    0.000000389    0.000000222  256.961057  89622.8488
 810.00   15.0000    0.0000   15.0000  265.2777  265.2777  0.000000       0.00000       0.00000         459054.3401    0.000000    -0.00004     0.00000    0.000000000    0.000000394    0.000000227  256.987846  89479.9842
 822.00   15.0000    0.0000   15.0000  265.4272  265.4272  0.000000       0.00000       0.00000         461419.6814    0.000000    -0.00004     0.00000    0.000000000    0.000000402    0.000000234  257.015585  89337.3624
 834.00   15.0000    0.0000   15.0000  265.5774  265.5774  0.000000       0.00000       0.00000         465089.4710    0.000000    -0.00004     0.00000    0.000000000    0.000000413    0.000000245  257.043893  89194.9835
 846.00   15.0000    0.0000   15.0000  265.7295  265.7295  0.000000       0.00000       0.00000         471217.3143    0.000000    -0.00004     0.00000    0.000000000    0.000000432    0.000000262  257.073971  89052.8477
 858.00   15.0000    0.0000   15.0000  265.8839  265.8839  0.000000       0.00000       0.00000         479758.1631    0.000000    -0.00004     0.00000    0.000000000    0.000000457    0.000000286  257.106169  88910.9555
 870.00   15.0000    0.0000   15.0000  266.0417  266.0417  0.000000       0.00000       0.00000         492594.8688    0.000000    -0.00004     0.00000    0.000000000    0.000000494    0.000000322  257.141658  88769.3080
 882.00   15.0000    0.0000   15.0000  266.2046  266.2046  0.000000       0.00000       0.00000         506945.2771    0.000000    -0.00005     0.00000    0.000000000    0.000000536    0.000000362  257.181975  88627.9070
 894.00   15.0000    0.0000   15.0000  266.3720  266.3720  0.000000       0.00000       0.00000         530682.8750    0.000000    -0.00005     0.00000    0.000000000    0.000000605    0.000000428  257.226546  88486.7545
 906.00   15.0000    0.0000   15.0000  266.5505  266.5505  0.000000       0.00000       0.00000         550353.9702    0.000000    -0.00005     0.00000    0.000000000    0.000000663    0.000000484  257.281860  88345.8542
 918.00   15.0000    0.0000   15.0000  266.7310  266.7310  0.000000       0.00000       0.00000         602727.6101    0.000000    -0.00006     0.00000    0.000000000    0.000000814    0.000000631  257.338891  88205.2089
 930.00   15.0000    0.0000   15.0000  266.9440  266.9440  0.000000       0.00000       0.00000         619161.6682    0.000000    -0.00006     0.00000    0.000000000    0.000000866    0.000000682  257.427260  88064.8271
 942.00   15.0000    0.0000   15.0000  267.1355  267.1355  0.000000       0.00000       0.00000         759519.5192    0.000000    -0.00009     0.00000    0.000000000    0.000001276    0.000001076  257.494786  87924.7112
 954.00   15.0000    0.0000   15.0000  267.4405  267.4405  0.000000       0.00000       0.00000         742655.6240    0.000000    -0.00005     0.00000    0.000000000    0.000001237    0.000001046  257.671677  87784.8845
 966.00   15.0000    0.0000   15.0000  267.6216  267.6216  0.000000       0.00000       0.00000        1129548.1763    0.000000    -0.00017     0.00000    0.000000000    0.000002403    0.000002150  257.728950  87645.3436
 978.00   15.0000    0.0000   15.0000  268.1804  268.1804  0.000000       0.00000       0.00000        1047140.3791    0.000000    -0.00004     0.00000    0.000000000    0.000002175    0.000001986  258.149868  87506.1533
 990.00   15.0000    0.0000   15.0000  268.3088  268.3088  0.000000       0.00000       0.00000        2790948.1723    0.000000    -0.00053     0.00000    0.000000000    0.000007882    0.000007121  258.156417  87367.2993
1002.00   15.0000    0.0000   15.0000  270.0130  270.0130  0.000000       0.00000       0.00000        2696947.7251    0.000000    -0.00002     0.00000    0.000000000    0.000007639    0.000007733  259.678641  87229.0730
1014.00   15.0000    0.0000   15.0000  270.0910  270.0910  0.000000       0.00000       0.00000         236005.2723    0.000000    -0.00002     0.00000    0.000000000   -0.000000243   -0.000000439  259.636545  87091.4599
1026.00   15.0000    0.0000   15.0000  270.1690  270.1690  0.000000       0.00000       0.00000         235937.1356    0.000000    -0.00002     0.00000    0.000000000   -0.000000243   -0.000000439  259.594416  86954.0417
1038.00   15.0000    0.0000   15.0000  270.2470  270.2470  0.000000       0.00000       0.00000         235869.0383    0.000000    -0.00003     0.00000    0.000000000   -0.000000243   -0.000000439  259.552252  86816.8181
1050.00   15.0000    0.0000   15.0000  270.3250  270.3250  0.000000       0.00000       0.00000         235800.9803    0.000000    -0.00003     0.00000    0.000000000   -0.000000243   -0.000000439  259.510055  86679.7887
1062.00   15.0000    0.0000   15.0000  270.4030  270.4030  0.000000       0.00000       0.00000         235732.9615    0.000000    -0.00003     0.00000    0.000000000   -0.000000243   -0.000000438  259.467823  86542.9534
1074.00   15.0000    0.0000   15.0000  270.4810  270.4810  0.000000       0.00000       0.00000         235664.9820    0.000000    -0.00003     0.00000    0.000000000   -0.000000243   -0.000000438  259.425558  86406.3119
1086.00   15.0000    0.0000   15.0000  270.5590  270.5590  0.000000       0.00000       0.00000         235597.0417    0.000000    -0.00003     0.00000    0.000000000   -0.000000243   -0.000000438  259.383260  86269.8639
1098.00   15.0000    0.0000   15.0000  270.6370  270.6370  0.000000       0.00000       0.00000         235529.1405    0.000000    -0.00003     0.00000    0.000000000   -0.000000243   -0.000000437  259.340927  86133.6092
1110.00   15.0000    0.0000   15.0000  270.7150  270.7150  0.000000       0.00000       0.00000         235461.2785    0.000000    -0.00003     0.00000    0.000000000   -0.000000243   -0.000000437  259.298561  85997.5475
1122.00   15.0000    0.0000   15.0000  270.7930  270.7930  0.000000       0.00000       0.00000         235393.4555    0.000000    -0.00003     0.00000    0.000000000   -0.000000243   -0.000000436  259.256161  85861.6785
1134.00   15.0000    0.0000   15.0000  270.8710  270.8710  0.000000       0.00000       0.00000         235325.6716    0.000000    -0.00003     0.00000    0.000000000   -0.000000243   -0.000000436  259.213727  85726.0020
1146.00   15.0000    0.0000   15.0000  270.9490  270.9490  0.000000       0.00000       0.00000         235257.9268    0.000000    -0.00003     0.00000    0.000000000   -0.000000243   -0.000000436  259.171260  85590.5177
1158.00   15.0000    0.0000   15.0000  271.0270  271.0270  0.000000       0.00000       0.00000         235190.2209    0.000000    -0.00003     0.00000    0.000000000   -0.000000243   -0.000000435  259.128759  85455.2254
1170.00   15.0000    0.0000   15.0000  271.1050  271.1050  0.000000       0.00000       0.00000         235122.5540    0.000000    -0.00003     0.00000    0.000000000   -0.000000243   -0.000000435  259.086224  85320.1248
1182.00   15.0000    0.0000   15.0000  271.1830  271.1830  0.000000       0.00000       0.00000         235054.9260    0.000000    -0.00003     0.00000    0.000000000   -0.000000243   -0.000000435  259.043655  85185.2156
1194.00   15.0000    0.0000   15.0000  271.2610  271.2610  0.000000       0.00000       0.00000         234987.3369    0.000000    -0.00003     0.00000    0.000000000   -0.000000243   -0.000000434  259.001053  85050.4977
1206.00   15.0000    0.0000   15.0000  271.3390  271.3390  0.000000       0.00000       0.00000         234919.7867    0.000000    -0.00003     0.00000    0.000000000   -0.000000243   -0.000000434  258.958417  84915.9706
1218.00   15.0000    0.0000   15.0000  271.4170  271.4170  0.000000       0.00000       0.00000         234852.2753    0.000000    -0.00003     0.00000    0.000000000   -0.000000243   -0.000000434  258.915748  84781.6343
1230.00   15.0000    0.0000   15.0000  271.4950  271.4950  0.000000       0.00000       0.00000         234784.8027    0.000000    -0.00003     0.00000    0.000000000   -0.000000243   -0.000000433  258.873045  84647.4884
1242.00   15.0000    0.0000   15.0000  271.5730  271.5730  0.000000       0.00000       0.00000         234717.3688    0.000000    -0.00003     0.00000    0.000000000   -0.000000243   -0.000000433  258.830308  84513.5326
1254.00   15.0000    0.0000   15.0000  271.6510  271.6510  0.000000       0.00000       0.00000         234649.9737    0.000000    -0.00003     0.00000    0.000000000   -0.000000243   -0.000000433  258.787537  84379.7667
1266.00   15.0000    0.0000   15.0000  271.7290  271.7290  0.000000       0.00000       0.00000         234582.6172    0.000000    -0.00003     0.00000    0.000000000   -0.000000243   -0.000000432  258.744733  84246.1905
1278.00   15.0000    0.0000   15.0000  271.8070  271.8070  0.000000       0.00000       0.00000         234515.2995    0.000000    -0.00003     0.00000    0.000000000   -0.000000243   -0.000000432  258.701896  84112.8038
1290.00   15.0000    0.0000   15.0000  271.8850  271.8850  0.000000       0.00000       0.00000         234448.0203    0.000000    -0.00003     0.00000    0.000000000   -0.000000243   -0.000000432  258.659024  83979.6061
1302.00   15.0000    0.0000   15.0000  271.9630  271.9630  0.000000       0.00000       0.00000         234380.7797    0.000000    -0.00003     0.00000    0.000000000   -0.000000243   -0.000000431  258.616119  83846.5973
1314.00   15.0000    0.0000   15.0000  272.0410  272.0410  0.000000       0.00000       0.00000         234313.5777    0.000000    -0.00003     0.00000    0.000000000   -0.000000243   -0.000000431  258.573181  83713.7772
1326.00   15.0000    0.0000   15.0000  272.1190  272.1190  0.000000       0.00000       0.00000         234246.4143    0.000000    -0.00003     0.00000    0.000000000   -0.000000243   -0.000000430  258.530209  83581.1455
1338.00   15.0000    0.0000   15.0000  272.1970  272.1970  0.000000       0.00000       0.00000         234179.2893    0.000000    -0.00003     0.00000    0.000000000   -0.000000243   -0.000000430  258.487203  83448.7019
1350.00   15.0000    0.0000   15.0000  272.2750  272.2750  0.000000       0.00000       0.00000         234112.2027    0.000000    -0.00003     0.00000    0.000000000   -0.000000243   -0.000000430  258.444164  83316.4462
1362.00   15.0000    0.0000   15.0000  272.3530  272.3530  0.000000       0.00000       0.00000         234045.1546    0.000000    -0.00003     0.00000    0.000000000   -0.000000243   -0.000000429  258.401091  83184.3781
1374.00   15.0000    0.0000   15.0000  272.4310  272.4310  0.000000       0.00000       0.00000         233978.1449    0.000000    -0.00003     0.00000    0.000000000   -0.000000243   -0.000000429  258.357985  83052.4973
1386.00   15.0000    0.0000   15.0000  272.5090  272.5090  0.000000       0.00000       0.00000         233911.1736    0.000000    -0.00003     0.00000    0.000000000   -0.000000243   -0.000000429  258.314845  82920.8037
1398.00   15.0000    0.0000   15.0000  272.5870  272.5870  0.000000       0.00000       0.00000         233844.2406    0.000000    -0.00003     0.00000    0.000000000   -0.000000243   -0.000000428  258.271672  82789.2970
1410.00   15.0000    0.0000   15.0000  272.6650  272.6650  0.000000       0.00000       0.00000         233777.3458    0.000000    -0.00003     0.00000    0.000000000   -0.000000243   -0.000000428  258.228465  82657.9769
1422.00   15.0000    0.0000   15.0000  272.7430  272.7430  0.000000       0.00000       0.00000         233710.4894    0.000000    -0.00003     0.00000    0.000000000   -0.000000243   -0.000000427  258.185225  82526.8431
1434.00   15.0000    0.0000   15.0000  272.8210  272.8210  0.000000       0.00000       0.00000         233643.6711    0.000000    -0.00003     0.00000    0.000000000   -0.000000243   -0.000000427  258.141951  82395.8955
1446.00   15.0000    0.0000   15.0000  272.8990  272.8990  0.000000       0.00000       0.00000         233576.8911    0.000000    -0.00004     0.00000    0.000000000   -0.000000243   -0.000000427  258.098644  82265.1338
1458.00   15.0000    0.0000   15.0000  272.9770  272.9770  0.000000       0.00000       0.00000         233510.1492    0.000000    -0.00004     0.00000    0.000000000   -0.000000243   -0.000000426  258.055303  82134.5576
1470.00   15.0000    0.0000   15.0000  273.0550  273.0550  0.000000       0.00000       0.00000         233443.4455    0.000000    -0.00004     0.00000    0.000000000   -0.000000243   -0.000000426  258.011929  82004.1669
1482.00   15.0000    0.0000   15.0000  273.1330  273.1330  0.000000       0.00000       0.00000         233376.7798    0.000000    -0.00004     0.00000    0.000000000   -0.000000243   -0.000000426  257.968522  81873.9612
1494.00   15.0000    0.0000   15.0000  273.2110  273.2110  0.000000       0.00000       0.00000         233310.1522    0.000000    -0.00004     0.00000    0.000000000   -0.000000243   -0.000000425  257.925081  81743.9404
1506.00   15.0000    0.0000   15.0000  273.2890  273.2890  0.000000       0.00000       0.00000         233243.5627    0.000000    -0.00004     0.00000    0.000000000   -0.000000243   -0.000000425  257.881606  81614.1043
1518.00   15.0000    0.0000   15.0000  273.3670  273.3670  0.000000       0.00000       0.00000         233177.0111    0.000000    -0.00004     0.00000    0.000000000   -0.000000243   -0.000000424  257.838098  81484.4525
1530.00   15.0000    0.0000   15.0000  273.4450  273.4450  0.000000       0.00000       0.00000         233110.4975    0.000000    -0.00004     0.00000    0.000000000   -0.000000243   -0.000000424  257.794557  81354.9849
1542.00   15.0000    0.0000   15.0000  273.5230  273.5230  0.000000       0.00000       0.00000         233044.0219    0.000000    -0.00004     0.00000    0.000000000   -0.000000243   -0.000000424  257.750982  81225.7011
1554.00   15.0000    0.0000   15.0000  273.6010  273.6010  0.000000       0.00000       0.00000         232977.5841    0.000000    -0.00004     0.00000    0.000000000   -0.000000243   -0.000000423  257.707374  81096.6010
1566.00   15.0000    0.0000   15.0000  273.6790  273.6790  0.000000       0.00000       0.00000         232911.1843    0.000000    -0.00004     0.00000    0.000000000   -0.000000243   -0.000000423  257.663733  80967.6842
1578.00   15.0000    0.0000   15.0000  273.7570  273.7570  0.000000       0.00000       0.00000         232844.8222    0.000000    -0.00004     0.00000    0.000000000   -0.000000243   -0.000000422  257.620058  80838.9506
1590.00   15.0000    0.0000   15.0000  273.8350  273.8350  0.000000       0.00000       0.00000         232778.4980    0.000000    -0.00004     0.00000    0.000000000   -0.000000243   -0.000000422  257.576350  80710.3999
1602.00   15.0000    0.0000   15.0000  273.9130  273.9130  0.000000       0.00000       0.00000         232712.2115    0.000000    -0.00004     0.00000    0.000000000   -0.000000243   -0.000000422  257.532608  80582.0319
1614.00   15.0000    0.0000   15.0000  273.9910  273.9910  0.000000       0.00000       0.00000         232645.9628    0.000000    -0.00004     0.00000    0.000000000   -0.000000243   -0.000000421  257.488833  80453.8462
1626.00   15.0000    0.0000   15.0000  274.0690  274.0690  0.000000       0.00000       0.00000         232579.7518    0.000000    -0.00004     0.00000    0.000000000   -0.000000243   -0.000000421  257.445025  80325.8427
1638.00   15.0000    0.0000   15.0000  274.1470  274.1470  0.000000       0.00000       0.00000         232513.5785    0.000000    -0.00004     0.00000    0.000000000   -0.000000243   -0.000000420  257.401183  80198.0211
1650.00   15.0000    0.0000   15.0000  274.2250  274.2250  0.000000       0.00000       0.00000         232447.4428    0.000000    -0.00004     0.00000    0.000000000   -0.000000243   -0.000000420  257.357308  80070.3812
1662.00   15.0000    0.0000   15.0000  274.3030  274.3030  0.000000       0.00000       0.00000         232381.3447    0.000000    -0.00004     0.00000    0.000000000   -0.000000243   -0.000000420  257.313400  79942.9228
1674.00   15.0000    0.0000   15.0000  274.3810  274.3810  0.000000       0.00000       0.00000         232315.2842    0.000000    -0.00004     0.00000    0.000000000   -0.000000243   -0.000000419  257.269459  79815.6455
1686.00   15.0000    0.0000   15.0000  274.4590  274.4590  0.000000       0.00000       0.00000         232249.2613    0.000000    -0.00004     0.00000    0.000000000   -0.000000243   -0.000000419  257.225484  79688.5491
1698.00   15.0000    0.0000   15.0000  274.5370  274.5370  0.000000       0.00000       0.00000         232183.2758    0.000000    -0.00004     0.00000    0.000000000   -0.000000242   -0.000000418  257.181476  79561.6335
1710.00   15.0000    0.0000   15.0000  274.6150  274.6150  0.000000       0.00000       0.00000         232117.3279    0.000000    -0.00004     0.00000    0.000000000   -0.000000242   -0.000000418  257.137434  79434.8983
1722.00   15.0000    0.0000   15.0000  274.6930  274.6930  0.000000       0.00000       0.00000         232051.4174    0.000000    -0.00004     0.00000    0.000000000   -0.000000242   -0.000000417  257.093360  79308.3433
1734.00   15.0000    0.0000   15.0000  274.7710  274.7710  0.000000       0.00000       0.00000         231985.5443    0.000000    -0.00004     0.00000    0.000000000   -0.000000242   -0.000000417  257.049252  79181.9683
1746.00   15.0000    0.0000   15.0000  274.8490  274.8490  0.000000       0.00000       0.00000         231919.7086    0.000000    -0.00004     0.00000    0.000000000   -0.000000242   -0.000000417  257.005111  79055.7730
1758.00   15.0000    0.0000   15.0000  274.9270  274.9270  0.000000       0.00000       0.00000         231853.9103    0.000000    -0.00004     0.00000    0.000000000   -0.000000242   -0.000000416  256.960937  78929.7572
1770.00   15.0000    0.0000   15.0000  275.0050  275.0050  0.000000       0.00000       0.00000         231788.1493    0.000000    -0.00004     0.00000    0.000000000   -0.000000242   -0.000000416  256.916729  78803.9207
1782.00   15.0000    0.0000   15.0000  275.0830  275.0830  0.000000       0.00000       0.00000         231722.4256    0.000000    -0.00004     0.00000    0.000000000   -0.000000242   -0.000000415  256.872488  78678.2632
1794.00   15.0000    0.0000   15.0000  275.1610  275.1610  0.000000       0.00000       0.00000         231656.7391    0.000000    -0.00004     0.00000    0.000000000   -0.000000242   -0.000000415  256.828214  78552.7844
1806.00   15.0000    0.0000   15.0000  275.2390  275.2390  0.000000       0.00000       0.00000         231591.0899    0.000000    -0.00004     0.00000    0.000000000   -0.000000242   -0.000000415  256.783907  78427.4842
1818.00   15.0000    0.0000   15.0000  275.3170  275.3170  0.000000       0.00000       0.00000         231525.4779    0.000000    -0.00004     0.00000    0.000000000   -0.000000242   -0.000000414  256.739567  78302.3622
1830.00   15.0000    0.0000   15.0000  275.3950  275.3950  0.000000       0.00000       0.00000         231459.9030    0.000000    -0.00004     0.00000    0.000000000   -0.000000242   -0.000000414  256.695194  78177.4183
1842.00   15.0000    0.0000   15.0000  275.4730  275.4730  0.000000       0.00000       0.00000         231394.3653    0.000000    -0.00004     0.00000    0.000000000   -0.000000242   -0.000000413  256.650787  78052.6523
1854.00   15.0000    0.0000   15.0000  275.5510  275.5510  0.000000       0.00000       0.00000         231328.8647    0.000000    -0.00005     0.00000    0.000000000   -0.000000242   -0.000000413  256.606347  77928.0638
1866.00   15.0000    0.0000   15.0000  275.6290  275.6290  0.000000       0.00000       0.00000         231263.4012    0.000000    -0.00005     0.00000    0.000000000   -0.000000242   -0.000000412  256.561874  77803.6526
1878.00   15.0000    0.0000   15.0000  275.7070  275.7070  0.000000       0.00000       0.00000         231197.9747    0.000000    -0.00005     0.00000    0.000000000   -0.000000242   -0.000000412  256.517368  77679.4185
1890.00   15.0000    0.0000   15.0000  275.7850  275.7850  0.000000       0.00000       0.00000         231132.5852    0.000000    -0.00005     0.00000    0.000000000   -0.000000242   -0.000000411  256.472829  77555.3613
1902.00   15.0000    0.0000   15.0000  275.8630  275.8630  0.000000       0.00000       0.00000         231067.2326    0.000000    -0.00005     0.00000    0.000000000   -0.000000241   -0.000000411  256.428256  77431.4807
1914.00   15.0000    0.0000   15.0000  275.9410  275.9410  0.000000       0.00000       0.00000         231001.9171    0.000000    -0.00005     0.00000    0.000000000   -0.000000241   -0.000000411  256.383651  77307.7765
1926.00   15.0000    0.0000   15.0000  276.0190  276.0190  0.000000       0.00000       0.00000         230936.6384    0.000000    -0.00005     0.00000    0.000000000   -0.000000241   -0.000000410  256.339013  77184.2484
1938.00   15.0000    0.0000   15.0000  276.0970  276.0970  0.000000       0.00000       0.00000         230871.3966    0.000000    -0.00005     0.00000    0.000000000   -0.000000241   -0.000000410  256.294341  77060.8963
1950.00   15.0000    0.0000   15.0000  276.1750  276.1750  0.000000       0.00000       0.00000         230806.1917    0.000000    -0.00005     0.00000    0.000000000   -0.000000241   -0.000000409  256.249636  76937.7198
1962.00   15.0000    0.0000   15.0000  276.2530  276.2530  0.000000       0.00000       0.00000         230741.0236    0.000000    -0.00005     0.00000    0.000000000   -0.000000241   -0.000000409  256.204898  76814.7188
1974.00   15.0000    0.0000   15.0000  276.3310  276.3310  0.000000       0.00000       0.00000         230675.8923    0.000000    -0.00005     0.00000    0.000000000   -0.000000241   -0.000000408  256.160128  76691.8930
1986.00   15.0000    0.0000   15.0000  276.4090  276.4090  0.000000       0.00000       0.00000         230610.7978    0.000000    -0.00005     0.00000    0.000000000   -0.000000241   -0.000000408  256.115324  76569.2421
1998.00   15.0000    0.0000   15.0000  276.4870  276.4870  0.000000       0.00000       0.00000         230545.7399    0.000000    -0.00005     0.00000    0.000000000   -0.000000241   -0.000000407  256.070487  76446.7660
2010.00   15.0000    0.0000   15.0000  276.5650  276.5650  0.000000       0.00000       0.00000         230480.7188    0.000000    -0.00005     0.00000    0.000000000   -0.000000241   -0.000000407  256.025617  76324.4644
2022.00   15.0000    0.0000   15.0000  276.6430  276.6430  0.000000       0.00000       0.00000         230415.7344    0.000000    -0.00005     0.00000    0.000000000   -0.000000241   -0.000000407  255.980714  76202.3370
2034.00   15.0000    0.0000   15.0000  276.7210  276.7210  0.000000       0.00000       0.00000         230350.7865    0.000000    -0.00005     0.00000    0.000000000   -0.000000241   -0.000000406  255.935778  76080.3837
2046.00   15.0000    0.0000   15.0000  276.7990  276.7990  0.000000       0.00000       0.00000         230285.8753    0.000000    -0.00005     0.00000    0.000000000   -0.000000241   -0.000000406  255.890809  75958.6042
2058.00   15.0000    0.0000   15.0000  276.8770  276.8770  0.000000       0.00000       0.00000         230221.0007    0.000000    -0.00005     0.00000    0.000000000   -0.000000240   -0.000000405  255.845807  75836.9983
2070.00   15.0000    0.0000   15.0000  276.9550  276.9550  0.000000       0.00000       0.00000         230156.1626    0.000000    -0.00005     0.00000    0.000000000   -0.000000240   -0.000000405  255.800772  75715.5657
2082.00   15.0000    0.0000   15.0000  277.0330  277.0330  0.000000       0.00000       0.00000         230091.3610    0.000000    -0.00005     0.00000    0.000000000   -0.000000240   -0.000000404  255.755704  75594.3062
2094.00   15.0000    0.0000   15.0000  277.1110  277.1110  0.000000       0.00000       0.00000         230026.5958    0.000000    -0.00005     0.00000    0.000000000   -0.000000240   -0.000000404  255.710603  75473.2196
2106.00   15.0000    0.0000   15.0000  277.1890  277.1890  0.000000       0.00000       0.00000         229961.8672    0.000000    -0.00005     0.00000    0.000000000   -0.000000240   -0.000000403  255.665469  75352.3056
2118.00   15.0000    0.0000   15.0000  277.2670  277.2670  0.000000       0.00000       0.00000         229897.1749    0.000000    -0.00005     0.00000    0.000000000   -0.000000240   -0.000000403  255.620302  75231.5640
2130.00   15.0000    0.0000   15.0000  277.3450  277.3450  0.000000       0.00000       0.00000         229832.5191    0.000000    -0.00005     0.00000    0.000000000   -0.000000240   -0.000000402  255.575102  75110.9946
2142.00   15.0000    0.0000   15.0000  277.4230  277.4230  0.000000       0.00000       0.00000         229767.8996    0.000000    -0.00005     0.00000    0.000000000   -0.000000240   -0.000000402  255.529870  74990.5972
2154.00   15.0000    0.0000   15.0000  277.5010  277.5010  0.000000       0.00000       0.00000         229703.3164    0.000000    -0.00005     0.00000    0.000000000   -0.000000240   -0.000000402  255.484604  74870.3715
2166.00   15.0000    0.0000   15.0000  277.5790  277.5790  0.000000       0.00000       0.00000         229638.7695    0.000000    -0.00005     0.00000    0.000000000   -0.000000240   -0.000000401  255.439305  74750.3172
2178.00   15.0000    0.0000   15.0000  277.6570  277.6570  0.000000       0.00000       0.00000         229574.2589    0.000000    -0.00005     0.00000    0.000000000   -0.000000239   -0.000000401  255.393974  74630.4343
2190.00   15.0000    0.0000   15.0000  277.7350  277.7350  0.000000       0.00000       0.00000         229509.7845    0.000000    -0.00005     0.00000    0.000000000   -0.000000239   -0.000000400  255.348609  74510.7223
2202.00   15.0000    0.0000   15.0000  277.8130  277.8130  0.000000       0.00000       0.00000         229445.3463    0.000000    -0.00005     0.00000    0.000000000   -0.000000239   -0.000000400  255.303212  74391.1811
2214.00   15.0000    0.0000   15.0000  277.8910  277.8910  0.000000       0.00000       0.00000         229380.9443    0.000000    -0.00005     0.00000    0.000000000   -0.000000239   -0.000000399  255.257782  74271.8106
2226.00   15.0000    0.0000   15.0000  277.9690  277.9690  0.000000       0.00000       0.00000         229316.5785    0.000000    -0.00005     0.00000    0.000000000   -0.000000239   -0.000000399  255.212319  74152.6103
2238.00   15.0000    0.0000   15.0000  278.0470  278.0470  0.000000       0.00000       0.00000         229252.2487    0.000000    -0.00005     0.00000    0.000000000   -0.000000239   -0.000000398  255.166823  74033.5802
2250.00   15.0000    0.0000   15.0000  278.1250  278.1250  0.000000       0.00000       0.00000         229187.9551    0.000000    -0.00005     0.00000    0.000000000   -0.000000239   -0.000000398  255.121295  73914.7200
2262.00   15.0000    0.0000   15.0000  278.2030  278.2030  0.000000       0.00000       0.00000         229123.6974    0.000000    -0.00006     0.00000    0.000000000   -0.000000239   -0.000000397  255.075733  73796.0294
2274.00   15.0000    0.0000   15.0000  278.2810  278.2810  0.000000       0.00000       0.00000         229059.4759    0.000000    -0.00006     0.00000    0.000000000   -0.000000239   -0.000000397  255.030139  73677.5082
2286.00   15.0000    0.0000   15.0000  278.3590  278.3590  0.000000       0.00000       0.00000         228995.2903    0.000000    -0.00006     0.00000    0.000000000   -0.000000238   -0.000000396  254.984512  73559.1563
2298.00   15.0000    0.0000   15.0000  278.4370  278.4370  0.000000       0.00000       0.00000         228931.1406    0.000000    -0.00006     0.00000    0.000000000   -0.000000238   -0.000000396  254.938852  73440.9733
2310.00   15.0000    0.0000   15.0000  278.5150  278.5150  0.000000       0.00000       0.00000         228867.0269    0.000000    -0.00006     0.00000    0.000000000   -0.000000238   -0.000000395  254.893159  73322.9591
2322.00   15.0000    0.0000   15.0000  278.5930  278.5930  0.000000       0.00000       0.00000         228802.9491    0.000000    -0.00006     0.00000    0.000000000   -0.000000238   -0.000000395  254.847433  73205.1134
2334.00   15.0000    0.0000   15.0000  278.6710  278.6710  0.000000       0.00000       0.00000         228738.9072    0.000000    -0.00006     0.00000    0.000000000   -0.000000238   -0.000000394  254.801675  73087.4361
2346.00   15.0000    0.0000   15.0000  278.7490  278.7490  0.000000       0.00000       0.00000         228674.9011    0.000000    -0.00006     0.00000    0.000000000   -0.000000238   -0.000000394  254.755884  72969.9267
2358.00   15.0000    0.0000   15.0000  278.8270  278.8270  0.000000       0.00000       0.00000         228610.9308    0.000000    -0.00006     0.00000    0.000000000   -0.000000238   -0.000000393  254.710060  72852.5853
2370.00   15.0000    0.0000   15.0000  278.9050  278.9050  0.000000       0.00000       0.00000         228546.9963    0.000000    -0.00006     0.00000    0.000000000   -0.000000238   -0.000000393  254.664203  72735.4114
2382.00   15.0000    0.0000   15.0000  278.9830  278.9830  0.000000       0.00000       0.00000              0.0000    0.000000    -0.00006     0.00000    0.000000000    0.000000000    0.000000000  254.618314  72618.4050
2394.00   15.0000    0.0000   15.0000  279.0610  279.0610  0.000000       0.00000       0.00000              0.0000    0.000000     0.00000     0.00000    0.000000000    0.000000000    0.000000000  254.572392  72501.5658
