   0.00    0.0000    0.0000    0.0000  239.0422  239.0422  0.000000       0.00000       0.00000              0.0000    0.000000     0.00000     0.00000    0.000000000    0.000000000    0.000000000    0.000000      0.0000
   6.00    7.9903    3.4529    8.7044  240.4052  240.4052  0.000000       0.76022       0.76022              0.0000    0.000000     0.00000     0.00000   -0.000004442    0.000000000    0.000000000  240.317445  99872.2201
  18.00    8.9940    3.8153    9.7698  240.4893  240.4893  0.000000       2.46415       2.46415              0.0457    0.000000    -0.00000     0.00000   -0.000014602    0.000000000    0.000000000  240.255086  99659.4129
  30.00    9.6214    4.0026   10.4207  240.5437  240.5437  0.000000       2.44292       2.44292              0.0674    0.000000    -0.00000     0.00000   -0.000018476   -0.000000092   -0.000000121  240.192319  99489.4813
  42.00   10.1866    4.1376   10.9949  240.5945  240.5945  0.000000       2.71025       2.71025              0.0800    0.000000    -0.00000     0.00000   -0.000020466   -0.000000099   -0.000000127  240.125899  99319.7939
  54.00   10.6912    4.2290   11.4972  240.6415  240.6415  0.000000       2.72066       2.72066              0.0931    0.000000    -0.00000     0.00000   -0.000021995   -0.000000103   -0.000000131  240.055779  99150.3478
  66.00   11.1644    4.2874   11.9593  240.6875  240.6875  0.000000       2.69848       2.69848              0.1045    0.000000    -0.00000     0.00000   -0.000023309   -0.000000104   -0.000000131  239.984573  98981.1410
  78.00   11.6135    4.3171   12.3899  240.7332  240.7332  0.000000       2.61112       2.61112              0.1156    0.000000    -0.00000     0.00000   -0.000024519   -0.000000103   -0.000000131  239.913029  98812.1728
  90.00   12.0452    4.3204   12.7966  240.7794  240.7794  0.000000       2.49276       2.49276              0.1264    0.000000    -0.00000     0.00000   -0.000025691   -0.000000102   -0.000000129  239.841920  98643.4429
 102.00   12.4627    4.2986   13.1832  240.8265  240.8265  0.000000       2.34902       2.34902              0.1372    0.000000    -0.00000     0.00000   -0.000026858   -0.000000099   -0.000000126  239.771755  98474.9515
 114.00   12.8681    4.2523   13.5525  240.8751  240.8751  0.000000       2.18973       2.18973              0.1481    0.000000    -0.00000     0.00000   -0.000028055   -0.000000095   -0.000000123  239.703002  98306.6992
 126.00   13.2623    4.1815   13.9059  240.9255  240.9255  0.000000       2.02016       2.02016              0.1594    0.000000    -0.00000     0.00000   -0.000029318   -0.000000091   -0.000000118  239.636090  98138.6870
 138.00   13.6458    4.0862   14.2445  240.9783  240.9783  0.000000       1.84490       1.84490              0.1712    0.000000    -0.00000     0.00000   -0.000030662   -0.000000086   -0.000000113  239.571456  97970.9158
 150.00   14.0182    3.9657   14.5684  241.0338  241.0338  0.000000       1.66719       1.66719              0.1837    0.000000    -0.00000     0.00000   -0.000032121   -0.000000080   -0.000000108  239.509567  97803.3873
 162.00   14.3787    3.8197   14.8775  241.0927  241.0927  0.000000       1.48961       1.48961              0.1971    0.000000    -0.00000     0.00000   -0.000033721   -0.000000073   -0.000000101  239.450950  97636.1032
 174.00   14.7262    3.6474   15.1712  241.1555  241.1555  0.000000       1.31409       1.31409              0.2117    0.000000    -0.00000     0.00000   -0.000035459   -0.000000065   -0.000000093  239.396226  97469.0657
 186.00   15.0589    3.4479   15.4485  241.2230  241.2230  0.000000       1.14209       1.14209              0.2280    0.000000    -0.00000     0.00000   -0.000037430   -0.000000055   -0.000000084  239.346165  97302.2776
 198.00   15.3744    3.2202   15.7080  241.2963  241.2963  0.000000       0.97509       0.97509              0.2463    0.000000    -0.00000     0.00000   -0.000039671   -0.000000044   -0.000000072  239.301749  97135.7420
 210.00   15.6700    2.9632   15.9477  241.3766  241.3766  0.000000       0.81335       0.81335              0.2675    0.000000    -0.00001     0.00000   -0.000042270   -0.000000029   -0.000000058  239.264315  96969.4630
 222.00   15.9414    2.6755   16.1644  241.4659  241.4659  0.000000       0.65964       0.65964              0.2928    0.000000    -0.00001     0.00000   -0.000045334   -0.000000010   -0.000000040  239.235703  96803.4458
 234.00   16.1839    2.3547   16.3543  241.5672  241.5672  0.000000       0.50992       0.50992              0.3248    0.000000    -0.00001     0.00000   -0.000049111    0.000000016   -0.000000015  239.218935  96637.6970
 246.00   16.3884    1.9997   16.5100  241.6848  241.6848  0.000000       0.37741       0.37741              0.3654    0.000000    -0.00001     0.00000   -0.000054190    0.000000056    0.000000023  239.218231  96472.2261
 258.00   16.5441    1.6000   16.6213  241.8296  241.8296  0.000000       0.23511       0.23511              0.4310    0.000000    -0.00001     0.00000   -0.000061394    0.000000116    0.000000080  239.244451  96307.0473
 270.00   16.6163    1.1704   16.6575  242.0123  242.0123  0.000000       0.15362       0.15362              0.5100    0.000000    -0.00002     0.00000   -0.000080429    0.000000263    0.000000219  239.308093  96142.1822
 282.00   16.5109    0.6389   16.5232  242.3147  242.3147  0.000000       0.00464       0.00464              1.6108    0.000000     0.00000     0.00000   -0.000060253    0.000007086    0.000005258  239.489899  95977.6836
 294.00   15.1220   -0.0302   15.1220  248.1058  248.1058  0.000000       0.00063       0.00063              2.6047    0.000000    -0.00014     0.00000   -0.000102424    0.000009325    0.000010518  245.095055  95815.4026
 306.00   15.0007   -0.0007   15.0007  249.6994  249.6994  0.000000       0.00000       0.00000            180.2450    0.000000    -0.00014     0.00000   -0.000003484    0.000004847    0.000004642  246.551824  95655.7423
 318.00   15.0000   -0.0000   15.0000  251.1272  251.1272  0.000000       0.00000       0.00000        1415475.0444    0.000000    -0.00009     0.00000    0.000000000    0.000003998    0.000003878  247.844239  95497.2340
 330.00   15.0000   -0.0000   15.0000  252.0220  252.0220  0.000000       0.00000       0.00000        2705343.1419    0.000000    -0.00008     0.00000    0.000000000    0.000002996    0.000002839  248.609983  95339.6447
 342.00   15.0000   -0.0000   15.0000  252.7959  252.7959  0.000000       0.00000       0.00000        2322987.9663    0.000000    -0.00007     0.00000    0.000000000    0.000002663    0.000002513  249.256094  95182.7613
 354.00   15.0000   -0.0000   15.0000  253.4592  253.4592  0.000000       0.00000       0.00000        2004077.8408    0.000000    -0.00006     0.00000    0.000000000    0.000002349    0.000002203  249.792872  95026.5072
 366.00   15.0000   -0.0000   15.0000  254.0390  254.0390  0.000000       0.00000       0.00000        1778976.9081    0.000000    -0.00006     0.00000    0.000000000    0.000002121    0.000001977  250.247071  94870.8186
 378.00   15.0000    0.0000   15.0000  254.5652  254.5652  0.000000       0.00000       0.00000        1609280.2362    0.000000    -0.00006     0.00000    0.000000000    0.000001942    0.000001800  250.648209  94715.6502
 390.00   15.0000    0.0000   15.0000  255.0416  255.0416  0.000000       0.00000       0.00000        1475100.5627    0.000000    -0.00005     0.00000    0.000000000    0.000001796    0.000001656  251.000058  94560.9681
 402.00   15.0000    0.0000   15.0000  255.4859  255.4859  0.000000       0.00000       0.00000        1361155.7468    0.000000    -0.00005     0.00000    0.000000000    0.000001666    0.000001527  251.320154  94406.7450
 414.00   15.0000    0.0000   15.0000  255.8927  255.8927  0.000000       0.00000       0.00000        1265412.0342    0.000000    -0.00005     0.00000    0.000000000    0.000001553    0.000001414  251.603077  94252.9579
 426.00   15.0000    0.0000   15.0000  256.2784  256.2784  0.000000       0.00000       0.00000        1187131.9065    0.000000    -0.00005     0.00000    0.000000000    0.000001458    0.000001321  251.865157  94099.5874
 438.00   15.0000    0.0000   15.0000  256.6372  256.6372  0.000000       0.00000       0.00000        1118953.4049    0.000000    -0.00005     0.00000    0.000000000    0.000001373    0.000001236  252.100640  93946.6175
 450.00   15.0000    0.0000   15.0000  256.9812  256.9812  0.000000       0.00000       0.00000        1063414.3002    0.000000    -0.00005     0.00000    0.000000000    0.000001304    0.000001167  252.321337  93794.0344
 462.00   15.0000    0.0000   15.0000  257.3060  257.3060  0.000000       0.00000       0.00000        1012736.7117    0.000000    -0.00004     0.00000    0.000000000    0.000001238    0.000001101  252.523130  93641.8264
 474.00   15.0000    0.0000   15.0000  257.6189  257.6189  0.000000       0.00000       0.00000         967693.5420    0.000000    -0.00004     0.00000    0.000000000    0.000001178    0.000001041  252.713032  93489.9831
 486.00   15.0000    0.0000   15.0000  257.9161  257.9161  0.000000       0.00000       0.00000         924424.9247    0.000000    -0.00004     0.00000    0.000000000    0.000001118    0.000000981  252.887438  93338.4953
 498.00   15.0000    0.0000   15.0000  258.2024  258.2024  0.000000       0.00000       0.00000         887816.5119    0.000000    -0.00004     0.00000    0.000000000    0.000001067    0.000000930  253.050973  93187.3538
 510.00   15.0000    0.0000   15.0000  258.4772  258.4772  0.000000       0.00000       0.00000         854529.6850    0.000000    -0.00004     0.00000    0.000000000    0.000001020    0.000000882  253.203078  93036.5511
 522.00   15.0000    0.0000   15.0000  258.7430  258.7430  0.000000       0.00000       0.00000         824471.0727    0.000000    -0.00004     0.00000    0.000000000    0.000000976    0.000000838  253.346315  92886.0801
 534.00   15.0000    0.0000   15.0000  258.9992  258.9992  0.000000       0.00000       0.00000         797002.6813    0.000000    -0.00004     0.00000    0.000000000    0.000000935    0.000000797  253.480083  92735.9346
 546.00   15.0000    0.0000   15.0000  259.2482  259.2482  0.000000       0.00000       0.00000         771766.3918    0.000000    -0.00004     0.00000    0.000000000    0.000000897    0.000000758  253.606550  92586.1086
 558.00   15.0000    0.0000   15.0000  259.4889  259.4889  0.000000       0.00000       0.00000         749619.2484    0.000000    -0.00004     0.00000    0.000000000    0.000000863    0.000000724  253.724901  92436.5968
 570.00   15.0000    0.0000   15.0000  259.7242  259.7242  0.000000       0.00000       0.00000         729307.9998    0.000000    -0.00004     0.00000    0.000000000    0.000000832    0.000000692  253.837839  92287.3944
 582.00   15.0000    0.0000   15.0000  259.9525  259.9525  0.000000       0.00000       0.00000         711217.9130    0.000000    -0.00004     0.00000    0.000000000    0.000000804    0.000000664  253.943780  92138.4970
 594.00   15.0000    0.0000   15.0000  260.1767  260.1767  0.000000       0.00000       0.00000         694776.0875    0.000000    -0.00004     0.00000    0.000000000    0.000000778    0.000000638  254.045663  91989.9006
 606.00   15.0000    0.0000   15.0000  260.3949  260.3949  0.000000       0.00000       0.00000         677771.9772    0.000000    -0.00004     0.00000    0.000000000    0.000000751    0.000000610  254.141560  91841.6016
 618.00   15.0000    0.0000   15.0000  260.6086  260.6086  0.000000       0.00000       0.00000         661915.0016    0.000000    -0.00004     0.00000    0.000000000    0.000000725    0.000000583  254.233029  91693.5961
 630.00   15.0000    0.0000   15.0000  260.8170  260.8170  0.000000       0.00000       0.00000         647256.0124    0.000000    -0.00004     0.00000    0.000000000    0.000000700    0.000000559  254.319212  91545.8808
 642.00   15.0000    0.0000   15.0000  261.0218  261.0218  0.000000       0.00000       0.00000         634627.8193    0.000000    -0.00004     0.00000    0.000000000    0.000000679    0.000000537  254.401697  91398.4522
 654.00   15.0000    0.0000   15.0000  261.2224  261.2224  0.000000       0.00000       0.00000         622764.9169    0.000000    -0.00004     0.00000    0.000000000    0.000000660    0.000000517  254.480148  91251.3076
 666.00   15.0000    0.0000   15.0000  261.4199  261.4199  0.000000       0.00000       0.00000         612463.6297    0.000000    -0.00004     0.00000    0.000000000    0.000000643    0.000000500  254.555367  91104.4442
 678.00   15.0000    0.0000   15.0000  261.6143  261.6143  0.000000       0.00000       0.00000         603061.0444    0.000000    -0.00004     0.00000    0.000000000    0.000000627    0.000000484  254.627514  90957.8596
 690.00   15.0000    0.0000   15.0000  261.8060  261.8060  0.000000       0.00000       0.00000         594951.1703    0.000000    -0.00004     0.00000    0.000000000    0.000000614    0.000000470  254.696982  90811.5515
 702.00   15.0000    0.0000   15.0000  261.9955  261.9955  0.000000       0.00000       0.00000         587800.3499    0.000000    -0.00004     0.00000    0.000000000    0.000000603    0.000000458  254.764177  90665.5179
 714.00   15.0000    0.0000   15.0000  262.1829  262.1829  0.000000       0.00000       0.00000         581906.8285    0.000000    -0.00004     0.00000    0.000000000    0.000000594    0.000000449  254.829284  90519.7570
 726.00   15.0000    0.0000   15.0000  262.3689  262.3689  0.000000       0.00000       0.00000         577484.9413    0.000000    -0.00004     0.00000    0.000000000    0.000000588    0.000000442  254.892897  90374.2671
 738.00   15.0000    0.0000   15.0000  262.5537  262.5537  0.000000       0.00000       0.00000         574245.8560    0.000000    -0.00004     0.00000    0.000000000    0.000000585    0.000000438  254.955336  90229.0469
 750.00   15.0000    0.0000   15.0000  262.7378  262.7378  0.000000       0.00000       0.00000         572013.0226    0.000000    -0.00004     0.00000    0.000000000    0.000000584    0.000000436  255.017016  90084.0953
 762.00   15.0000    0.0000   15.0000  262.9215  262.9215  0.000000       0.00000       0.00000         571181.8994    0.000000    -0.00004     0.00000    0.000000000    0.000000586    0.000000438  255.078148  89939.4114
 774.00   15.0000    0.0000   15.0000  263.1054  263.1054  0.000000       0.00000       0.00000         571542.1494    0.000000    -0.00004     0.00000    0.000000000    0.000000591    0.000000442  255.139395  89794.9946
 786.00   15.0000    0.0000   15.0000  263.2895  263.2895  0.000000       0.00000       0.00000         573431.9632    0.000000    -0.00005     0.00000    0.000000000    0.000000600    0.000000449  255.200838  89650.8442
 798.00   15.0000    0.0000   15.0000  263.4749  263.4749  0.000000       0.00000       0.00000         576270.9615    0.000000    -0.00005     0.00000    0.000000000    0.000000611    0.000000459  255.263351  89506.9602
 810.00   15.0000    0.0000   15.0000  263.6611  263.6611  0.000000       0.00000       0.00000         580973.6068    0.000000    -0.00005     0.00000    0.000000000    0.000000626    0.000000473  255.326655  89363.3424
 822.00   15.0000    0.0000   15.0000  263.8497  263.8497  0.000000       0.00000       0.00000         589138.3925    0.000000    -0.00005     0.00000    0.000000000    0.000000650    0.000000495  255.392195  89219.9913
 834.00   15.0000    0.0000   15.0000  264.0415  264.0415  0.000000       0.00000       0.00000         599159.6459    0.000000    -0.00005     0.00000    0.000000000    0.000000679    0.000000522  255.460695  89076.9076
 846.00   15.0000    0.0000   15.0000  264.2369  264.2369  0.000000       0.00000       0.00000         612445.5909    0.000000    -0.00005     0.00000    0.000000000    0.000000716    0.000000557  255.532600  88934.0926
 858.00   15.0000    0.0000   15.0000  264.4376  264.4376  0.000000       0.00000       0.00000         627191.5217    0.000000    -0.00005     0.00000    0.000000000    0.000000757    0.000000597  255.609514  88791.5481
 870.00   15.0000    0.0000   15.0000  264.6428  264.6428  0.000000       0.00000       0.00000         652775.6440    0.000000    -0.00006     0.00000    0.000000000    0.000000826    0.000000663  255.690758  88649.2760
 882.00   15.0000    0.0000   15.0000  264.8604  264.8604  0.000000       0.00000       0.00000         672423.9898    0.000000    -0.00006     0.00000    0.000000000    0.000000882    0.000000717  255.783804  88507.2802
 894.00   15.0000    0.0000   15.0000  265.0787  265.0787  0.000000       0.00000       0.00000         719910.5828    0.000000    -0.00007     0.00000    0.000000000    0.000001009    0.000000839  255.877499  88365.5636
 906.00   15.0000    0.0000   15.0000  265.3274  265.3274  0.000000       0.00000       0.00000         736414.3646    0.000000    -0.00006     0.00000    0.000000000    0.000001061    0.000000889  256.000430  88224.1337
 918.00   15.0000    0.0000   15.0000  265.5569  265.5569  0.000000       0.00000       0.00000         837164.3940    0.000000    -0.00009     0.00000    0.000000000    0.000001332    0.000001148  256.104693  88082.9928
 930.00   15.0000    0.0000   15.0000  265.8715  265.8715  0.000000       0.00000       0.00000         834816.3131    0.000000    -0.00007     0.00000    0.000000000    0.000001341    0.000001162  256.290936  87942.1575
 942.00   15.0000    0.0000   15.0000  266.1001  266.1001  0.000000       0.00000       0.00000        1068600.3454    0.000000    -0.00014     0.00000    0.000000000    0.000001984    0.000001769  256.394145  87801.6267
 954.00   15.0000    0.0000   15.0000  266.5674  266.5674  0.000000       0.00000       0.00000        1014612.0258    0.000000    -0.00006     0.00000    0.000000000    0.000001861    0.000001680  256.727223  87661.4396
 966.00   15.0000    0.0000   15.0000  266.7620  266.7620  0.000000       0.00000       0.00000        1557318.2959    0.000000    -0.00025     0.00000    0.000000000    0.000003432    0.000003123  256.797495  87521.5863
 978.00   15.0000    0.0000   15.0000  267.5841  267.5841  0.000000       0.00000       0.00000        1446622.5374    0.000000    -0.00004     0.00000    0.000000000    0.000003152    0.000002995  257.471623  87382.1576
 990.00   15.0000    0.0000   15.0000  267.7093  267.7093  0.000000       0.00000       0.00000        3707254.8942    0.000000    -0.00071     0.00000    0.000000000    0.000010474    0.000009310  257.475003  87243.1345
1002.00   15.0000    0.0000   15.0000  270.0130  270.0130  0.000000       0.00000       0.00000        3604147.3790    0.000000    -0.00002     0.00000    0.000000000    0.000010252    0.000010673  259.572999  87104.8935
1014.00   15.0000    0.0000   15.0000  270.0910  270.0910  0.000000       0.00000       0.00000         236005.2723    0.000000    -0.00002     0.00000    0.000000000   -0.000000242   -0.000000437  259.530873  86967.4205
1026.00   15.0000    0.0000   15.0000  270.1690  270.1690  0.000000       0.00000       0.00000         235937.1356    0.000000    -0.00002     0.00000    0.000000000   -0.000000242   -0.000000437  259.488712  86830.1421
1038.00   15.0000    0.0000   15.0000  270.2470  270.2470  0.000000       0.00000       0.00000         235869.0383    0.000000    -0.00003     0.00000    0.000000000   -0.000000242   -0.000000436  259.446518  86693.0582
1050.00   15.0000    0.0000   15.0000  270.3250  270.3250  0.000000       0.00000       0.00000         235800.9803    0.000000    -0.00003     0.00000    0.000000000   -0.000000242   -0.000000436  259.404290  86556.1685
1062.00   15.0000    0.0000   15.0000  270.4030  270.4030  0.000000       0.00000       0.00000         235732.9615    0.000000    -0.00003     0.00000    0.000000000   -0.000000242   -0.000000436  259.362029  86419.4727
1074.00   15.0000    0.0000   15.0000  270.4810  270.4810  0.000000       0.00000       0.00000         235664.9820    0.000000    -0.00003     0.00000    0.000000000   -0.000000242   -0.000000435  259.319733  86282.9705
1086.00   15.0000    0.0000   15.0000  270.5590  270.5590  0.000000       0.00000       0.00000         235597.0417    0.000000    -0.00003     0.00000    0.000000000   -0.000000242   -0.000000435  259.277404  86146.6617
1098.00   15.0000    0.0000   15.0000  270.6370  270.6370  0.000000       0.00000       0.00000         235529.1405    0.000000    -0.00003     0.00000    0.000000000   -0.000000242   -0.000000435  259.235041  86010.5461
1110.00   15.0000    0.0000   15.0000  270.7150  270.7150  0.000000       0.00000       0.00000         235461.2785    0.000000    -0.00003     0.00000    0.000000000   -0.000000242   -0.000000434  259.192644  85874.6233
1122.00   15.0000    0.0000   15.0000  270.7930  270.7930  0.000000       0.00000       0.00000         235393.4555    0.000000    -0.00003     0.00000    0.000000000   -0.000000242   -0.000000434  259.150214  85738.8931
1134.00   15.0000    0.0000   15.0000  270.8710  270.8710  0.000000       0.00000       0.00000         235325.6716    0.000000    -0.00003     0.00000    0.000000000   -0.000000242   -0.000000434  259.107749  85603.3552
1146.00   15.0000    0.0000   15.0000  270.9490  270.9490  0.000000       0.00000       0.00000         235257.9268    0.000000    -0.00003     0.00000    0.000000000   -0.000000242   -0.000000433  259.065251  85468.0095
1158.00   15.0000    0.0000   15.0000  271.0270  271.0270  0.000000       0.00000       0.00000         235190.2209    0.000000    -0.00003     0.00000    0.000000000   -0.000000242   -0.000000433  259.022720  85332.8556
1170.00   15.0000    0.0000   15.0000  271.1050  271.1050  0.000000       0.00000       0.00000         235122.5540    0.000000    -0.00003     0.00000    0.000000000   -0.000000242   -0.000000433  258.980154  85197.8932
1182.00   15.0000    0.0000   15.0000  271.1830  271.1830  0.000000       0.00000       0.00000         235054.9260    0.000000    -0.00003     0.00000    0.000000000   -0.000000242   -0.000000432  258.937555  85063.1222
1194.00   15.0000    0.0000   15.0000  271.2610  271.2610  0.000000       0.00000       0.00000         234987.3369    0.000000    -0.00003     0.00000    0.000000000   -0.000000242   -0.000000432  258.894923  84928.5422
1206.00   15.0000    0.0000   15.0000  271.3390  271.3390  0.000000       0.00000       0.00000         234919.7867    0.000000    -0.00003     0.00000    0.000000000   -0.000000242   -0.000000432  258.852256  84794.1531
1218.00   15.0000    0.0000   15.0000  271.4170  271.4170  0.000000       0.00000       0.00000         234852.2753    0.000000    -0.00003     0.00000    0.000000000   -0.000000242   -0.000000431  258.809556  84659.9545
1230.00   15.0000    0.0000   15.0000  271.4950  271.4950  0.000000       0.00000       0.00000         234784.8027    0.000000    -0.00003     0.00000    0.000000000   -0.000000242   -0.000000431  258.766823  84525.9461
1242.00   15.0000    0.0000   15.0000  271.5730  271.5730  0.000000       0.00000       0.00000         234717.3688    0.000000    -0.00003     0.00000    0.000000000   -0.000000242   -0.000000430  258.724055  84392.1278
1254.00   15.0000    0.0000   15.0000  271.6510  271.6510  0.000000       0.00000       0.00000         234649.9737    0.000000    -0.00003     0.00000    0.000000000   -0.000000242   -0.000000430  258.681254  84258.4993
1266.00   15.0000    0.0000   15.0000  271.7290  271.7290  0.000000       0.00000       0.00000         234582.6172    0.000000    -0.00003     0.00000    0.000000000   -0.000000242   -0.000000430  258.638420  84125.0603
1278.00   15.0000    0.0000   15.0000  271.8070  271.8070  0.000000       0.00000       0.00000         234515.2995    0.000000    -0.00003     0.00000    0.000000000   -0.000000242   -0.000000429  258.595552  83991.8106
1290.00   15.0000    0.0000   15.0000  271.8850  271.8850  0.000000       0.00000       0.00000         234448.0203    0.000000    -0.00003     0.00000    0.000000000   -0.000000242   -0.000000429  258.552650  83858.7499
1302.00   15.0000    0.0000   15.0000  271.9630  271.9630  0.000000       0.00000       0.00000         234380.7797    0.000000    -0.00003     0.00000    0.000000000   -0.000000242   -0.000000429  258.509714  83725.8779
1314.00   15.0000    0.0000   15.0000  272.0410  272.0410  0.000000       0.00000       0.00000         234313.5777    0.000000    -0.00003     0.00000    0.000000000   -0.000000242   -0.000000428  258.466745  83593.1945
1326.00   15.0000    0.0000   15.0000  272.1190  272.1190  0.000000       0.00000       0.00000         234246.4143    0.000000    -0.00003     0.00000    0.000000000   -0.000000242   -0.000000428  258.423743  83460.6993
1338.00   15.0000    0.0000   15.0000  272.1970  272.1970  0.000000       0.00000       0.00000         234179.2893    0.000000    -0.00003     0.00000    0.000000000   -0.000000242   -0.000000428  258.380707  83328.3921
1350.00   15.0000    0.0000   15.0000  272.2750  272.2750  0.000000       0.00000       0.00000         234112.2027    0.000000    -0.00003     0.00000    0.000000000   -0.000000242   -0.000000427  258.337637  83196.2726
1362.00   15.0000    0.0000   15.0000  272.3530  272.3530  0.000000       0.00000       0.00000         234045.1546    0.000000    -0.00003     0.00000    0.000000000   -0.000000242   -0.000000427  258.294534  83064.3407
1374.00   15.0000    0.0000   15.0000  272.4310  272.4310  0.000000       0.00000       0.00000         233978.1449    0.000000    -0.00003     0.00000    0.000000000   -0.000000242   -0.000000426  258.251397  82932.5959
1386.00   15.0000    0.0000   15.0000  272.5090  272.5090  0.000000       0.00000       0.00000         233911.1736    0.000000    -0.00003     0.00000    0.000000000   -0.000000242   -0.000000426  258.208227  82801.0382
1398.00   15.0000    0.0000   15.0000  272.5870  272.5870  0.000000       0.00000       0.00000         233844.2406    0.000000    -0.00003     0.00000    0.000000000   -0.000000242   -0.000000426  258.165023  82669.6672
1410.00   15.0000    0.0000   15.0000  272.6650  272.6650  0.000000       0.00000       0.00000         233777.3458    0.000000    -0.00003     0.00000    0.000000000   -0.000000242   -0.000000425  258.121786  82538.4827
1422.00   15.0000    0.0000   15.0000  272.7430  272.7430  0.000000       0.00000       0.00000         233710.4894    0.000000    -0.00003     0.00000    0.000000000   -0.000000242   -0.000000425  258.078515  82407.4845
1434.00   15.0000    0.0000   15.0000  272.8210  272.8210  0.000000       0.00000       0.00000         233643.6711    0.000000    -0.00003     0.00000    0.000000000   -0.000000242   -0.000000425  258.035211  82276.6722
1446.00   15.0000    0.0000   15.0000  272.8990  272.8990  0.000000       0.00000       0.00000         233576.8911    0.000000    -0.00004     0.00000    0.000000000   -0.000000242   -0.000000424  257.991873  82146.0457
1458.00   15.0000    0.0000   15.0000  272.9770  272.9770  0.000000       0.00000       0.00000         233510.1492    0.000000    -0.00004     0.00000    0.000000000   -0.000000242   -0.000000424  257.948502  82015.6046
1470.00   15.0000    0.0000   15.0000  273.0550  273.0550  0.000000       0.00000       0.00000         233443.4455    0.000000    -0.00004     0.00000    0.000000000   -0.000000242   -0.000000423  257.905097  81885.3488
1482.00   15.0000    0.0000   15.0000  273.1330  273.1330  0.000000       0.00000       0.00000         233376.7798    0.000000    -0.00004     0.00000    0.000000000   -0.000000242   -0.000000423  257.861659  81755.2780
1494.00   15.0000    0.0000   15.0000  273.2110  273.2110  0.000000       0.00000       0.00000         233310.1522    0.000000    -0.00004     0.00000    0.000000000   -0.000000242   -0.000000423  257.818187  81625.3919
1506.00   15.0000    0.0000   15.0000  273.2890  273.2890  0.000000       0.00000       0.00000         233243.5627    0.000000    -0.00004     0.00000    0.000000000   -0.000000242   -0.000000422  257.774682  81495.6904
1518.00   15.0000    0.0000   15.0000  273.3670  273.3670  0.000000       0.00000       0.00000         233177.0111    0.000000    -0.00004     0.00000    0.000000000   -0.000000242   -0.000000422  257.731144  81366.1730
1530.00   15.0000    0.0000   15.0000  273.4450  273.4450  0.000000       0.00000       0.00000         233110.4975    0.000000    -0.00004     0.00000    0.000000000   -0.000000242   -0.000000421  257.687572  81236.8397
1542.00   15.0000    0.0000   15.0000  273.5230  273.5230  0.000000       0.00000       0.00000         233044.0219    0.000000    -0.00004     0.00000    0.000000000   -0.000000242   -0.000000421  257.643967  81107.6901
1554.00   15.0000    0.0000   15.0000  273.6010  273.6010  0.000000       0.00000       0.00000         232977.5841    0.000000    -0.00004     0.00000    0.000000000   -0.000000242   -0.000000421  257.600328  80978.7240
1566.00   15.0000    0.0000   15.0000  273.6790  273.6790  0.000000       0.00000       0.00000         232911.1843    0.000000    -0.00004     0.00000    0.000000000   -0.000000242   -0.000000420  257.556656  80849.9412
1578.00   15.0000    0.0000   15.0000  273.7570  273.7570  0.000000       0.00000       0.00000         232844.8222    0.000000    -0.00004     0.00000    0.000000000   -0.000000242   -0.000000420  257.512951  80721.3414
1590.00   15.0000    0.0000   15.0000  273.8350  273.8350  0.000000       0.00000       0.00000         232778.4980    0.000000    -0.00004     0.00000    0.000000000   -0.000000242   -0.000000419  257.469212  80592.9243
1602.00   15.0000    0.0000   15.0000  273.9130  273.9130  0.000000       0.00000       0.00000         232712.2115    0.000000    -0.00004     0.00000    0.000000000   -0.000000242   -0.000000419  257.425440  80464.6898
1614.00   15.0000    0.0000   15.0000  273.9910  273.9910  0.000000       0.00000       0.00000         232645.9628    0.000000    -0.00004     0.00000    0.000000000   -0.000000242   -0.000000419  257.381635  80336.6376
1626.00   15.0000    0.0000   15.0000  274.0690  274.0690  0.000000       0.00000       0.00000         232579.7518    0.000000    -0.00004     0.00000    0.000000000   -0.000000242   -0.000000418  257.337796  80208.7674
1638.00   15.0000    0.0000   15.0000  274.1470  274.1470  0.000000       0.00000       0.00000         232513.5785    0.000000    -0.00004     0.00000    0.000000000   -0.000000241   -0.000000418  257.293924  80081.0789
1650.00   15.0000    0.0000   15.0000  274.2250  274.2250  0.000000       0.00000       0.00000         232447.4428    0.000000    -0.00004     0.00000    0.000000000   -0.000000241   -0.000000417  257.250018  79953.5721
1662.00   15.0000    0.0000   15.0000  274.3030  274.3030  0.000000       0.00000       0.00000         232381.3447    0.000000    -0.00004     0.00000    0.000000000   -0.000000241   -0.000000417  257.206080  79826.2465
1674.00   15.0000    0.0000   15.0000  274.3810  274.3810  0.000000       0.00000       0.00000         232315.2842    0.000000    -0.00004     0.00000    0.000000000   -0.000000241   -0.000000417  257.162108  79699.1019
1686.00   15.0000    0.0000   15.0000  274.4590  274.4590  0.000000       0.00000       0.00000         232249.2613    0.000000    -0.00004     0.00000    0.000000000   -0.000000241   -0.000000416  257.118102  79572.1382
1698.00   15.0000    0.0000   15.0000  274.5370  274.5370  0.000000       0.00000       0.00000         232183.2758    0.000000    -0.00004     0.00000    0.000000000   -0.000000241   -0.000000416  257.074064  79445.3551
1710.00   15.0000    0.0000   15.0000  274.6150  274.6150  0.000000       0.00000       0.00000         232117.3279    0.000000    -0.00004     0.00000    0.000000000   -0.000000241   -0.000000415  257.029992  79318.7523
1722.00   15.0000    0.0000   15.0000  274.6930  274.6930  0.000000       0.00000       0.00000         232051.4174    0.000000    -0.00004     0.00000    0.000000000   -0.000000241   -0.000000415  256.985887  79192.3295
1734.00   15.0000    0.0000   15.0000  274.7710  274.7710  0.000000       0.00000       0.00000         231985.5443    0.000000    -0.00004     0.00000    0.000000000   -0.000000241   -0.000000415  256.941748  79066.0867
1746.00   15.0000    0.0000   15.0000  274.8490  274.8490  0.000000       0.00000       0.00000         231919.7086    0.000000    -0.00004     0.00000    0.000000000   -0.000000241   -0.000000414  256.897577  78940.0234
1758.00   15.0000    0.0000   15.0000  274.9270  274.9270  0.000000       0.00000       0.00000         231853.9103    0.000000    -0.00004     0.00000    0.000000000   -0.000000241   -0.000000414  256.853372  78814.1394
1770.00   15.0000    0.0000   15.0000  275.0050  275.0050  0.000000       0.00000       0.00000         231788.1493    0.000000    -0.00004     0.00000    0.000000000   -0.000000241   -0.000000413  256.809134  78688.4346
1782.00   15.0000    0.0000   15.0000  275.0830  275.0830  0.000000       0.00000       0.00000         231722.4256    0.000000    -0.00004     0.00000    0.000000000   -0.000000241   -0.000000413  256.764863  78562.9087
1794.00   15.0000    0.0000   15.0000  275.1610  275.1610  0.000000       0.00000       0.00000         231656.7391    0.000000    -0.00004     0.00000    0.000000000   -0.000000241   -0.000000412  256.720558  78437.5614
1806.00   15.0000    0.0000   15.0000  275.2390  275.2390  0.000000       0.00000       0.00000         231591.0899    0.000000    -0.00004     0.00000    0.000000000   -0.000000241   -0.000000412  256.676221  78312.3926
1818.00   15.0000    0.0000   15.0000  275.3170  275.3170  0.000000       0.00000       0.00000         231525.4779    0.000000    -0.00004     0.00000    0.000000000   -0.000000241   -0.000000412  256.631850  78187.4019
1830.00   15.0000    0.0000   15.0000  275.3950  275.3950  0.000000       0.00000       0.00000         231459.9030    0.000000    -0.00004     0.00000    0.000000000   -0.000000241   -0.000000411  256.587446  78062.5891
1842.00   15.0000    0.0000   15.0000  275.4730  275.4730  0.000000       0.00000       0.00000         231394.3653    0.000000    -0.00004     0.00000    0.000000000   -0.000000241   -0.000000411  256.543009  77937.9540
1854.00   15.0000    0.0000   15.0000  275.5510  275.5510  0.000000       0.00000       0.00000         231328.8647    0.000000    -0.00005     0.00000    0.000000000   -0.000000241   -0.000000410  256.498538  77813.4963
1866.00   15.0000    0.0000   15.0000  275.6290  275.6290  0.000000       0.00000       0.00000         231263.4012    0.000000    -0.00005     0.00000    0.000000000   -0.000000240   -0.000000410  256.454035  77689.2158
1878.00   15.0000    0.0000   15.0000  275.7070  275.7070  0.000000       0.00000       0.00000         231197.9747    0.000000    -0.00005     0.00000    0.000000000   -0.000000240   -0.000000409  256.409498  77565.1124
1890.00   15.0000    0.0000   15.0000  275.7850  275.7850  0.000000       0.00000       0.00000         231132.5852    0.000000    -0.00005     0.00000    0.000000000   -0.000000240   -0.000000409  256.364928  77441.1856
1902.00   15.0000    0.0000   15.0000  275.8630  275.8630  0.000000       0.00000       0.00000         231067.2326    0.000000    -0.00005     0.00000    0.000000000   -0.000000240   -0.000000409  256.320326  77317.4354
1914.00   15.0000    0.0000   15.0000  275.9410  275.9410  0.000000       0.00000       0.00000         231001.9171    0.000000    -0.00005     0.00000    0.000000000   -0.000000240   -0.000000408  256.275690  77193.8614
1926.00   15.0000    0.0000   15.0000  276.0190  276.0190  0.000000       0.00000       0.00000         230936.6384    0.000000    -0.00005     0.00000    0.000000000   -0.000000240   -0.000000408  256.231021  77070.4634
1938.00   15.0000    0.0000   15.0000  276.0970  276.0970  0.000000       0.00000       0.00000         230871.3966    0.000000    -0.00005     0.00000    0.000000000   -0.000000240   -0.000000407  256.186318  76947.2412
1950.00   15.0000    0.0000   15.0000  276.1750  276.1750  0.000000       0.00000       0.00000         230806.1917    0.000000    -0.00005     0.00000    0.000000000   -0.000000240   -0.000000407  256.141583  76824.1946
1962.00   15.0000    0.0000   15.0000  276.2530  276.2530  0.000000       0.00000       0.00000         230741.0236    0.000000    -0.00005     0.00000    0.000000000   -0.000000240   -0.000000406  256.096815  76701.3233
1974.00   15.0000    0.0000   15.0000  276.3310  276.3310  0.000000       0.00000       0.00000         230675.8923    0.000000    -0.00005     0.00000    0.000000000   -0.000000240   -0.000000406  256.052014  76578.6270
1986.00   15.0000    0.0000   15.0000  276.4090  276.4090  0.000000       0.00000       0.00000         230610.7978    0.000000    -0.00005     0.00000    0.000000000   -0.000000240   -0.000000405  256.007179  76456.1056
1998.00   15.0000    0.0000   15.0000  276.4870  276.4870  0.000000       0.00000       0.00000         230545.7399    0.000000    -0.00005     0.00000    0.000000000   -0.000000240   -0.000000405  255.962312  76333.7589
2010.00   15.0000    0.0000   15.0000  276.5650  276.5650  0.000000       0.00000       0.00000         230480.7188    0.000000    -0.00005     0.00000    0.000000000   -0.000000240   -0.000000405  255.917411  76211.5865
2022.00   15.0000    0.0000   15.0000  276.6430  276.6430  0.000000       0.00000       0.00000         230415.7344    0.000000    -0.00005     0.00000    0.000000000   -0.000000239   -0.000000404  255.872478  76089.5882
2034.00   15.0000    0.0000   15.0000  276.7210  276.7210  0.000000       0.00000       0.00000         230350.7865    0.000000    -0.00005     0.00000    0.000000000   -0.000000239   -0.000000404  255.827511  75967.7639
2046.00   15.0000    0.0000   15.0000  276.7990  276.7990  0.000000       0.00000       0.00000         230285.8753    0.000000    -0.00005     0.00000    0.000000000   -0.000000239   -0.000000403  255.782512  75846.1132
2058.00   15.0000    0.0000   15.0000  276.8770  276.8770  0.000000       0.00000       0.00000         230221.0007    0.000000    -0.00005     0.00000    0.000000000   -0.000000239   -0.000000403  255.737479  75724.6360
2070.00   15.0000    0.0000   15.0000  276.9550  276.9550  0.000000       0.00000       0.00000         230156.1626    0.000000    -0.00005     0.00000    0.000000000   -0.000000239   -0.000000402  255.692414  75603.3319
2082.00   15.0000    0.0000   15.0000  277.0330  277.0330  0.000000       0.00000       0.00000         230091.3610    0.000000    -0.00005     0.00000    0.000000000   -0.000000239   -0.000000402  255.647315  75482.2009
2094.00   15.0000    0.0000   15.0000  277.1110  277.1110  0.000000       0.00000       0.00000         230026.5958    0.000000    -0.00005     0.00000    0.000000000   -0.000000239   -0.000000401  255.602184  75361.2426
2106.00   15.0000    0.0000   15.0000  277.1890  277.1890  0.000000       0.00000       0.00000         229961.8672    0.000000    -0.00005     0.00000    0.000000000   -0.000000239   -0.000000401  255.557019  75240.4569
2118.00   15.0000    0.0000   15.0000  277.2670  277.2670  0.000000       0.00000       0.00000         229897.1749    0.000000    -0.00005     0.00000    0.000000000   -0.000000239   -0.000000400  255.511822  75119.8434
2130.00   15.0000    0.0000   15.0000  277.3450  277.3450  0.000000       0.00000       0.00000         229832.5191    0.000000    -0.00005     0.00000    0.000000000   -0.000000239   -0.000000400  255.466591  74999.4020
2142.00   15.0000    0.0000   15.0000  277.4230  277.4230  0.000000       0.00000       0.00000         229767.8996    0.000000    -0.00005     0.00000    0.000000000   -0.000000239   -0.000000399  255.421328  74879.1324
2154.00   15.0000    0.0000   15.0000  277.5010  277.5010  0.000000       0.00000       0.00000         229703.3164    0.000000    -0.00005     0.00000    0.000000000   -0.000000238   -0.000000399  255.376032  74759.0343
2166.00   15.0000    0.0000   15.0000  277.5790  277.5790  0.000000       0.00000       0.00000         229638.7695    0.000000    -0.00005     0.00000    0.000000000   -0.000000238   -0.000000399  255.330703  74639.1077
2178.00   15.0000    0.0000   15.0000  277.6570  277.6570  0.000000       0.00000       0.00000         229574.2589    0.000000    -0.00005     0.00000    0.000000000   -0.000000238   -0.000000398  255.285341  74519.3522
2190.00   15.0000    0.0000   15.0000  277.7350  277.7350  0.000000       0.00000       0.00000         229509.7845    0.000000    -0.00005     0.00000    0.000000000   -0.000000238   -0.000000398  255.239946  74399.7676
2202.00   15.0000    0.0000   15.0000  277.8130  277.8130  0.000000       0.00000       0.00000         229445.3463    0.000000    -0.00005     0.00000    0.000000000   -0.000000238   -0.000000397  255.194518  74280.3537
2214.00   15.0000    0.0000   15.0000  277.8910  277.8910  0.000000       0.00000       0.00000         229380.9443    0.000000    -0.00005     0.00000    0.000000000   -0.000000238   -0.000000397  255.149058  74161.1102
2226.00   15.0000    0.0000   15.0000  277.9690  277.9690  0.000000       0.00000       0.00000         229316.5785    0.000000    -0.00005     0.00000    0.000000000   -0.000000238   -0.000000396  255.103564  74042.0369
2238.00   15.0000    0.0000   15.0000  278.0470  278.0470  0.000000       0.00000       0.00000         229252.2487    0.000000    -0.00005     0.00000    0.000000000   -0.000000238   -0.000000396  255.058038  73923.1336
2250.00   15.0000    0.0000   15.0000  278.1250  278.1250  0.000000       0.00000       0.00000         229187.9551    0.000000    -0.00005     0.00000    0.000000000   -0.000000238   -0.000000395  255.012479  73804.4001
2262.00   15.0000    0.0000   15.0000  278.2030  278.2030  0.000000       0.00000       0.00000         229123.6974    0.000000    -0.00006     0.00000    0.000000000   -0.000000237   -0.000000395  254.966887  73685.8362
2274.00   15.0000    0.0000   15.0000  278.2810  278.2810  0.000000       0.00000       0.00000         229059.4759    0.000000    -0.00006     0.00000    0.000000000   -0.000000237   -0.000000394  254.921262  73567.4415
2286.00   15.0000    0.0000   15.0000  278.3590  278.3590  0.000000       0.00000       0.00000         228995.2903    0.000000    -0.00006     0.00000    0.000000000   -0.000000237   -0.000000394  254.875604  73449.2159
2298.00   15.0000    0.0000   15.0000  278.4370  278.4370  0.000000       0.00000       0.00000         228931.1406    0.000000    -0.00006     0.00000    0.000000000   -0.000000237   -0.000000393  254.829914  73331.1592
2310.00   15.0000    0.0000   15.0000  278.5150  278.5150  0.000000       0.00000       0.00000         228867.0269    0.000000    -0.00006     0.00000    0.000000000   -0.000000237   -0.000000393  254.784190  73213.2711
2322.00   15.0000    0.0000   15.0000  278.5930  278.5930  0.000000       0.00000       0.00000         228802.9491    0.000000    -0.00006     0.00000    0.000000000   -0.000000237   -0.000000392  254.738434  73095.5514
2334.00   15.0000    0.0000   15.0000  278.6710  278.6710  0.000000       0.00000       0.00000         228738.9072    0.000000    -0.00006     0.00000    0.000000000   -0.000000237   -0.000000392  254.692645  72977.9999
2346.00   15.0000    0.0000   15.0000  278.7490  278.7490  0.000000       0.00000       0.00000         228674.9011    0.000000    -0.00006     0.00000    0.000000000   -0.000000237   -0.000000391  254.646824  72860.6163
2358.00   15.0000    0.0000   15.0000  278.8270  278.8270  0.000000       0.00000       0.00000         228610.9308    0.000000    -0.00006     0.00000    0.000000000   -0.000000237   -0.000000391  254.600969  72743.4005
2370.00   15.0000    0.0000   15.0000  278.9050  278.9050  0.000000       0.00000       0.00000         228546.9963    0.000000    -0.00006     0.00000    0.000000000   -0.000000236   -0.000000390  254.555082  72626.3522
2382.00   15.0000    0.0000   15.0000  278.9830  278.9830  0.000000       0.00000       0.00000              0.0000    0.000000    -0.00006     0.00000    0.000000000    0.000000000    0.000000000  254.509162  72509.4711
2394.00   15.0000    0.0000   15.0000  279.0610  279.0610  0.000000       0.00000       0.00000              0.0000    0.000000     0.00000     0.00000    0.000000000    0.000000000    0.000000000  254.463209  72392.7571
