   0.00    0.0000    0.0000    0.0000  248.9400  248.9400  0.000000       0.00000       0.00000              0.0000    0.000000     0.00000     0.00000    0.000000000    0.000000000    0.000000000    0.000000      0.0000
   6.00    7.2776    3.6335    8.1342  251.3343  251.3343  0.000000       0.60528       0.60528              0.0000    0.000000     0.00000     0.00000   -0.000065457    0.000000000    0.000000000  251.246607  99877.7717
  18.00    8.4799    4.1183    9.4270  251.6072  251.6072  0.000000       1.57397       1.57397              0.0934    0.000000    -0.00000     0.00000   -0.000072462    0.000000000    0.000000000  251.372891  99674.2646
  30.00    9.3045    4.3807   10.2841  251.8005  251.8005  0.000000       1.39460       1.39460              0.1284    0.000000    -0.00000     0.00000   -0.000084818    0.000000466    0.000000363  251.448867  99511.8642
  42.00   10.0914    4.5664   11.0764  251.9914  251.9914  0.000000       1.48235       1.48235              0.1476    0.000000    -0.00000     0.00000   -0.000089366    0.000000441    0.000000338  251.522405  99349.7765
  54.00   10.8121    4.6783   11.7808  252.1736  252.1736  0.000000       1.39126       1.39126              0.1687    0.000000    -0.00000     0.00000   -0.000092706    0.000000426    0.000000323  251.587137  99187.9973
  66.00   11.5048    4.7294   12.4390  252.3574  252.3574  0.000000       1.31219       1.31219              0.1872    0.000000    -0.00000     0.00000   -0.000095622    0.000000440    0.000000336  251.653370  99026.5235
  78.00   12.1703    4.7225   13.0544  252.5443  252.5443  0.000000       1.19903       1.19903              0.2061    0.000000    -0.00000     0.00000   -0.000098363    0.000000468    0.000000362  251.722612  98865.3559
  90.00   12.8145    4.6590   13.6351  252.7377  252.7377  0.000000       1.08109       1.08109              0.2249    0.000000    -0.00001     0.00000   -0.000101084    0.000000510    0.000000402  251.798261  98704.4969
 102.00   13.4366    4.5381   14.1823  252.9398  252.9398  0.000000       0.95677       0.95677              0.2447    0.000000    -0.00001     0.00000   -0.000103887    0.000000566    0.000000456  251.882495  98543.9506
 114.00   14.0350    4.3584   14.6961  253.1533  253.1533  0.000000       0.83270       0.83270              0.2658    0.000000    -0.00001     0.00000   -0.000106827    0.000000637    0.000000524  251.977922  98383.7225
 126.00   14.6051    4.1178   15.1745  253.3808  253.3808  0.000000       0.71093       0.71093              0.2889    0.000000    -0.00001     0.00000   -0.000109971    0.000000727    0.000000610  252.087246  98223.8198
 138.00   15.1404    3.8135   15.6133  253.6257  253.6257  0.000000       0.59403       0.59403              0.3146    0.000000    -0.00001     0.00000   -0.000113392    0.000000838    0.000000718  252.213715  98064.2517
 150.00   15.6311    3.4432   16.0058  253.8919  253.8919  0.000000       0.48369       0.48369              0.3440    0.000000    -0.00001     0.00000   -0.000117117    0.000000979    0.000000853  252.361277  97905.0291
 162.00   16.0636    3.0050   16.3423  254.1845  254.1845  0.000000       0.38141       0.38141              0.3784    0.000000    -0.00002     0.00000   -0.000121138    0.000001158    0.000001025  252.534982  97746.1662
 174.00   16.4192    2.4987   16.6082  254.5103  254.5103  0.000000       0.28859       0.28859              0.4200    0.000000    -0.00002     0.00000   -0.000125311    0.000001390    0.000001248  252.741470  97587.6802
 186.00   16.6714    1.9287   16.7826  254.8784  254.8784  0.000000       0.20633       0.20633              0.4724    0.000000    -0.00002     0.00000   -0.000129254    0.000001697    0.000001545  252.989828  97429.5934
 198.00   16.7831    1.3096   16.8341  255.3013  255.3013  0.000000       0.13637       0.13637              0.5412    0.000000    -0.00003     0.00000   -0.000131777    0.000002116    0.000001948  253.292458  97271.9343
 210.00   16.7041    0.6782   16.7179  255.7971  255.7971  0.000000       0.07945       0.07945              0.6384    0.000000    -0.00003     0.00000   -0.000130076    0.000002675    0.000002487  253.667083  97114.7404
 222.00   16.3820    0.1273   16.3825  256.3827  256.3827  0.000000       0.03926       0.03926              0.7792    0.000000     0.00000     0.00000   -0.000115724    0.000003335    0.000003124  254.130639  96958.0592
 234.00   15.8315   -0.1716   15.8324  257.0563  257.0563  0.000000       0.01448       0.01448              1.0256    0.000000    -0.00007     0.00000   -0.000076902    0.000004651    0.000004371  254.681043  96801.9423
 246.00   15.2068   -0.1014   15.2072  257.9885  257.9885  0.000000       0.00060       0.00060              2.1735    0.000000    -0.00006     0.00000   -0.000047181    0.000005243    0.000005018  255.487247  96646.4906
 258.00   15.0013   -0.0008   15.0013  258.7682  258.7682  0.000000       0.00000       0.00000             19.7391    0.000000    -0.00003     0.00000   -0.000001624    0.000003441    0.000003277  256.142097  96491.7315
 270.00   15.0000   -0.0000   15.0000  259.1401  259.1401  0.000000       0.00000       0.00000         238016.6435    0.000000    -0.00003     0.00000   -0.000000000    0.000001960    0.000001777  256.393088  96337.4935
 282.00   15.0000   -0.0000   15.0000  259.4912  259.4912  0.000000       0.00000       0.00000        1079546.1357    0.000000    -0.00003     0.00000    0.000000000    0.000001854    0.000001671  256.623246  96183.6463
 294.00   15.0000   -0.0000   15.0000  259.8257  259.8257  0.000000       0.00000       0.00000        1041789.0695    0.000000    -0.00003     0.00000    0.000000000    0.000001797    0.000001613  256.836905  96030.1775
 306.00   15.0000   -0.0000   15.0000  260.1536  260.1536  0.000000       0.00000       0.00000        1023212.8551    0.000000    -0.00003     0.00000    0.000000000    0.000001784    0.000001597  257.043892  95877.0788
 318.00   15.0000   -0.0000   15.0000  260.4772  260.4772  0.000000       0.00000       0.00000        1009595.7827    0.000000    -0.00003     0.00000    0.000000000    0.000001782    0.000001593  257.246393  95724.3459
 330.00   15.0000    0.0000   15.0000  260.7972  260.7972  0.000000       0.00000       0.00000         997666.8967    0.000000    -0.00003     0.00000    0.000000000    0.000001782    0.000001591  257.445313  95571.9751
 342.00   15.0000    0.0000   15.0000  261.1139  261.1139  0.000000       0.00000       0.00000         985256.7791    0.000000    -0.00003     0.00000    0.000000000    0.000001781    0.000001587  257.640790  95419.9632
 354.00   15.0000    0.0000   15.0000  261.4268  261.4268  0.000000       0.00000       0.00000         970086.2368    0.000000    -0.00003     0.00000    0.000000000    0.000001771    0.000001575  257.832363  95268.3070
 366.00   15.0000    0.0000   15.0000  261.7346  261.7346  0.000000       0.00000       0.00000         951684.0363    0.000000    -0.00003     0.00000    0.000000000    0.000001750    0.000001552  258.018729  95117.0027
 378.00   15.0000    0.0000   15.0000  262.0364  262.0364  0.000000       0.00000       0.00000         918432.8051    0.000000    -0.00003     0.00000    0.000000000    0.000001686    0.000001488  258.199125  94966.0459
 390.00   15.0000    0.0000   15.0000  262.3236  262.3236  0.000000       0.00000       0.00000         888855.9879    0.000000    -0.00003     0.00000    0.000000000    0.000001628    0.000001429  258.364901  94815.4296
 402.00   15.0000    0.0000   15.0000  262.6071  262.6071  0.000000       0.00000       0.00000         788123.8787    0.000000    -0.00003     0.00000    0.000000000    0.000001362    0.000001169  258.526966  94665.1475
 414.00   15.0000    0.0000   15.0000  262.8301  262.8301  0.000000       0.00000       0.00000         702547.7750    0.000000    -0.00003     0.00000    0.000000000    0.000001133    0.000000939  258.629374  94515.1803
 426.00   15.0000    0.0000   15.0000  263.0590  263.0590  0.000000       0.00000       0.00000         685086.8877    0.000000    -0.00003     0.00000    0.000000000    0.000001093    0.000000899  258.737456  94365.5115
 438.00   15.0000    0.0000   15.0000  263.2712  263.2712  0.000000       0.00000       0.00000         653694.2133    0.000000    -0.00003     0.00000    0.000000000    0.000001011    0.000000817  258.828999  94216.1374
 450.00   15.0000    0.0000   15.0000  263.4802  263.4802  0.000000       0.00000       0.00000         640891.1642    0.000000    -0.00003     0.00000    0.000000000    0.000000982    0.000000787  258.917345  94067.0514
 462.00   15.0000    0.0000   15.0000  263.6844  263.6844  0.000000       0.00000       0.00000         628465.7116    0.000000    -0.00003     0.00000    0.000000000    0.000000953    0.000000758  259.000917  93918.2508
 474.00   15.0000    0.0000   15.0000  263.8857  263.8857  0.000000       0.00000       0.00000         619520.0188    0.000000    -0.00003     0.00000    0.000000000    0.000000934    0.000000738  259.081518  93769.7326
 486.00   15.0000    0.0000   15.0000  264.0845  264.0845  0.000000       0.00000       0.00000         611849.4819    0.000000    -0.00003     0.00000    0.000000000    0.000000919    0.000000721  259.159542  93621.4945
 498.00   15.0000    0.0000   15.0000  264.2812  264.2812  0.000000       0.00000       0.00000         604974.7308    0.000000    -0.00003     0.00000    0.000000000    0.000000905    0.000000706  259.235396  93473.5348
 510.00   15.0000    0.0000   15.0000  264.4758  264.4758  0.000000       0.00000       0.00000         598465.4092    0.000000    -0.00003     0.00000    0.000000000    0.000000892    0.000000692  259.309172  93325.8514
 522.00   15.0000    0.0000   15.0000  264.6685  264.6685  0.000000       0.00000       0.00000         592077.0092    0.000000    -0.00003     0.00000    0.000000000    0.000000879    0.000000678  259.381005  93178.4428
 534.00   15.0000    0.0000   15.0000  264.8593  264.8593  0.000000       0.00000       0.00000         585383.7661    0.000000    -0.00003     0.00000    0.000000000    0.000000864    0.000000662  259.450830  93031.3071
 546.00   15.0000    0.0000   15.0000  265.0480  265.0480  0.000000       0.00000       0.00000         577188.6750    0.000000    -0.00003     0.00000    0.000000000    0.000000845    0.000000642  259.518514  92884.4427
 558.00   15.0000    0.0000   15.0000  265.2337  265.2337  0.000000       0.00000       0.00000         568324.4809    0.000000    -0.00003     0.00000    0.000000000    0.000000823    0.000000619  259.583232  92737.8475
 570.00   15.0000    0.0000   15.0000  265.4169  265.4169  0.000000       0.00000       0.00000         551858.5217    0.000000    -0.00003     0.00000    0.000000000    0.000000776    0.000000572  259.645376  92591.5193
 582.00   15.0000    0.0000   15.0000  265.5922  265.5922  0.000000       0.00000       0.00000         537176.5991    0.000000    -0.00003     0.00000    0.000000000    0.000000734    0.000000530  259.699718  92445.4549
 594.00   15.0000    0.0000   15.0000  265.7660  265.7660  0.000000       0.00000       0.00000         499872.9497    0.000000    -0.00003     0.00000    0.000000000    0.000000618    0.000000415  259.752603  92299.6509
 606.00   15.0000    0.0000   15.0000  265.9173  265.9173  0.000000       0.00000       0.00000         442021.5108    0.000000    -0.00003     0.00000    0.000000000    0.000000434    0.000000233  259.783305  92154.1003
 618.00   15.0000    0.0000   15.0000  266.0537  266.0537  0.000000       0.00000       0.00000         409884.0406    0.000000    -0.00003     0.00000    0.000000000    0.000000331    0.000000132  259.799445  92008.7923
 630.00   15.0000    0.0000   15.0000  266.1842  266.1842  0.000000       0.00000       0.00000         391989.0328    0.000000    -0.00002     0.00000    0.000000000    0.000000274    0.000000075  259.809730  91863.7208
 642.00   15.0000    0.0000   15.0000  266.3091  266.3091  0.000000       0.00000       0.00000         378562.6065    0.000000    -0.00002     0.00000    0.000000000    0.000000231    0.000000033  259.814501  91718.8822
 654.00   15.0000    0.0000   15.0000  266.4309  266.4309  0.000000       0.00000       0.00000         370276.6908    0.000000    -0.00002     0.00000    0.000000000    0.000000204    0.000000006  259.816253  91574.2738
 666.00   15.0000    0.0000   15.0000  266.5505  266.5505  0.000000       0.00000       0.00000         363888.8082    0.000000    -0.00002     0.00000    0.000000000    0.000000184   -0.000000014  259.815757  91429.8937
 678.00   15.0000    0.0000   15.0000  266.6683  266.6683  0.000000       0.00000       0.00000         358938.5446    0.000000    -0.00002     0.00000    0.000000000    0.000000168   -0.000000030  259.813446  91285.7406
 690.00   15.0000    0.0000   15.0000  266.7848  266.7848  0.000000       0.00000       0.00000         355143.6560    0.000000    -0.00002     0.00000    0.000000000    0.000000156   -0.000000042  259.809801  91141.8130
 702.00   15.0000    0.0000   15.0000  266.9002  266.9002  0.000000       0.00000       0.00000         351900.0216    0.000000    -0.00003     0.00000    0.000000000    0.000000145   -0.000000053  259.805074  90998.1101
 714.00   15.0000    0.0000   15.0000  267.0146  267.0146  0.000000       0.00000       0.00000         349118.3559    0.000000    -0.00003     0.00000    0.000000000    0.000000136   -0.000000062  259.799362  90854.6308
 726.00   15.0000    0.0000   15.0000  267.1283  267.1283  0.000000       0.00000       0.00000         346742.8648    0.000000    -0.00003     0.00000    0.000000000    0.000000129   -0.000000070  259.792861  90711.3744
 738.00   15.0000    0.0000   15.0000  267.2413  267.2413  0.000000       0.00000       0.00000         344564.7552    0.000000    -0.00003     0.00000    0.000000000    0.000000121   -0.000000077  259.785634  90568.3401
 750.00   15.0000    0.0000   15.0000  267.3537  267.3537  0.000000       0.00000       0.00000         342482.4909    0.000000    -0.00003     0.00000    0.000000000    0.000000115   -0.000000084  259.777742  90425.5272
 762.00   15.0000    0.0000   15.0000  267.4654  267.4654  0.000000       0.00000       0.00000         340515.6316    0.000000    -0.00003     0.00000    0.000000000    0.000000108   -0.000000090  259.769184  90282.9350
 774.00   15.0000    0.0000   15.0000  267.5766  267.5766  0.000000       0.00000       0.00000         337899.5329    0.000000    -0.00003     0.00000    0.000000000    0.000000100   -0.000000099  259.760034  90140.5628
 786.00   15.0000    0.0000   15.0000  267.6867  267.6867  0.000000       0.00000       0.00000         336081.8643    0.000000    -0.00003     0.00000    0.000000000    0.000000094   -0.000000105  259.749806  89998.4098
 798.00   15.0000    0.0000   15.0000  267.7967  267.7967  0.000000       0.00000       0.00000         331789.8109    0.000000    -0.00003     0.00000    0.000000000    0.000000080   -0.000000119  259.739492  89856.4754
 810.00   15.0000    0.0000   15.0000  267.9041  267.9041  0.000000       0.00000       0.00000         327106.0515    0.000000    -0.00003     0.00000    0.000000000    0.000000064   -0.000000134  259.726527  89714.7585
 822.00   15.0000    0.0000   15.0000  268.0112  268.0112  0.000000       0.00000       0.00000         325279.5053    0.000000    -0.00003     0.00000    0.000000000    0.000000058   -0.000000140  259.713225  89573.2579
 834.00   15.0000    0.0000   15.0000  268.1175  268.1175  0.000000       0.00000       0.00000         323482.3069    0.000000    -0.00003     0.00000    0.000000000    0.000000052   -0.000000146  259.699089  89431.9731
 846.00   15.0000    0.0000   15.0000  268.2235  268.2235  0.000000       0.00000       0.00000         322290.3224    0.000000    -0.00003     0.00000    0.000000000    0.000000048   -0.000000150  259.684634  89290.9033
 858.00   15.0000    0.0000   15.0000  268.3290  268.3290  0.000000       0.00000       0.00000         321223.8235    0.000000    -0.00003     0.00000    0.000000000    0.000000044   -0.000000154  259.669728  89150.0481
 870.00   15.0000    0.0000   15.0000  268.4344  268.4344  0.000000       0.00000       0.00000         320632.8475    0.000000    -0.00003     0.00000    0.000000000    0.000000042   -0.000000156  259.654583  89009.4070
 882.00   15.0000    0.0000   15.0000  268.5397  268.5397  0.000000       0.00000       0.00000         320275.9057    0.000000    -0.00003     0.00000    0.000000000    0.000000041   -0.000000157  259.639290  88868.9796
 894.00   15.0000    0.0000   15.0000  268.6449  268.6449  0.000000       0.00000       0.00000         320147.8677    0.000000    -0.00003     0.00000    0.000000000    0.000000041   -0.000000157  259.623906  88728.7654
 906.00   15.0000    0.0000   15.0000  268.7502  268.7502  0.000000       0.00000       0.00000         320542.2149    0.000000    -0.00003     0.00000    0.000000000    0.000000042   -0.000000156  259.608520  88588.7641
 918.00   15.0000    0.0000   15.0000  268.8557  268.8557  0.000000       0.00000       0.00000         321646.9005    0.000000    -0.00003     0.00000    0.000000000    0.000000046   -0.000000153  259.593375  88448.9755
 930.00   15.0000    0.0000   15.0000  268.9618  268.9618  0.000000       0.00000       0.00000         323799.4267    0.000000    -0.00003     0.00000    0.000000000    0.000000053   -0.000000146  259.578678  88309.3995
 942.00   15.0000    0.0000   15.0000  269.0689  269.0689  0.000000       0.00000       0.00000         328484.1435    0.000000    -0.00003     0.00000    0.000000000    0.000000068   -0.000000131  259.564889  88170.0361
 954.00   15.0000    0.0000   15.0000  269.1781  269.1781  0.000000       0.00000       0.00000         337495.5457    0.000000    -0.00003     0.00000    0.000000000    0.000000098   -0.000000102  259.553157  88030.8858
 966.00   15.0000    0.0000   15.0000  269.2912  269.2912  0.000000       0.00000       0.00000         370884.8040    0.000000    -0.00004     0.00000    0.000000000    0.000000209    0.000000007  259.545082  87891.9498
 978.00   15.0000    0.0000   15.0000  269.4225  269.4225  0.000000       0.00000       0.00000         384905.7953    0.000000    -0.00004     0.00000    0.000000000    0.000000256    0.000000053  259.554549  87753.2335
 990.00   15.0000    0.0000   15.0000  269.5450  269.5450  0.000000       0.00000       0.00000         895078.8549    0.000000    -0.00014     0.00000    0.000000000    0.000001983    0.000001724  259.555395  87614.7388
1002.00   15.0000    0.0000   15.0000  270.0130  270.0130  0.000000       0.00000       0.00000         826260.0819    0.000000    -0.00002     0.00000    0.000000000    0.000001755    0.000001542  259.888857  87476.5515
1014.00   15.0000    0.0000   15.0000  270.0910  270.0910  0.000000       0.00000       0.00000         236005.2723    0.000000    -0.00002     0.00000    0.000000000   -0.000000245   -0.000000444  259.846821  87338.6596
1026.00   15.0000    0.0000   15.0000  270.1690  270.1690  0.000000       0.00000       0.00000         235937.1356    0.000000    -0.00002     0.00000    0.000000000   -0.000000245   -0.000000444  259.804752  87200.9628
1038.00   15.0000    0.0000   15.0000  270.2470  270.2470  0.000000       0.00000       0.00000         235869.0383    0.000000    -0.00003     0.00000    0.000000000   -0.000000245   -0.000000444  259.762649  87063.4608
1050.00   15.0000    0.0000   15.0000  270.3250  270.3250  0.000000       0.00000       0.00000         235800.9803    0.000000    -0.00003     0.00000    0.000000000   -0.000000245   -0.000000444  259.720513  86926.1535
1062.00   15.0000    0.0000   15.0000  270.4030  270.4030  0.000000       0.00000       0.00000         235732.9615    0.000000    -0.00003     0.00000    0.000000000   -0.000000245   -0.000000443  259.678342  86789.0404
1074.00   15.0000    0.0000   15.0000  270.4810  270.4810  0.000000       0.00000       0.00000         235664.9820    0.000000    -0.00003     0.00000    0.000000000   -0.000000245   -0.000000443  259.636138  86652.1213
1086.00   15.0000    0.0000   15.0000  270.5590  270.5590  0.000000       0.00000       0.00000         235597.0417    0.000000    -0.00003     0.00000    0.000000000   -0.000000245   -0.000000443  259.593900  86515.3961
1098.00   15.0000    0.0000   15.0000  270.6370  270.6370  0.000000       0.00000       0.00000         235529.1405    0.000000    -0.00003     0.00000    0.000000000   -0.000000245   -0.000000442  259.551628  86378.8644
1110.00   15.0000    0.0000   15.0000  270.7150  270.7150  0.000000       0.00000       0.00000         235461.2785    0.000000    -0.00003     0.00000    0.000000000   -0.000000245   -0.000000442  259.509323  86242.5259
1122.00   15.0000    0.0000   15.0000  270.7930  270.7930  0.000000       0.00000       0.00000         235393.4555    0.000000    -0.00003     0.00000    0.000000000   -0.000000245   -0.000000441  259.466984  86106.3805
1134.00   15.0000    0.0000   15.0000  270.8710  270.8710  0.000000       0.00000       0.00000         235325.6716    0.000000    -0.00003     0.00000    0.000000000   -0.000000245   -0.000000441  259.424611  85970.4278
1146.00   15.0000    0.0000   15.0000  270.9490  270.9490  0.000000       0.00000       0.00000         235257.9268    0.000000    -0.00003     0.00000    0.000000000   -0.000000245   -0.000000441  259.382204  85834.6676
1158.00   15.0000    0.0000   15.0000  271.0270  271.0270  0.000000       0.00000       0.00000         235190.2209    0.000000    -0.00003     0.00000    0.000000000   -0.000000245   -0.000000440  259.339763  85699.0997
1170.00   15.0000    0.0000   15.0000  271.1050  271.1050  0.000000       0.00000       0.00000         235122.5540    0.000000    -0.00003     0.00000    0.000000000   -0.000000245   -0.000000440  259.297289  85563.7237
1182.00   15.0000    0.0000   15.0000  271.1830  271.1830  0.000000       0.00000       0.00000         235054.9260    0.000000    -0.00003     0.00000    0.000000000   -0.000000245   -0.000000440  259.254782  85428.5394
1194.00   15.0000    0.0000   15.0000  271.2610  271.2610  0.000000       0.00000       0.00000         234987.3369    0.000000    -0.00003     0.00000    0.000000000   -0.000000245   -0.000000439  259.212240  85293.5466
1206.00   15.0000    0.0000   15.0000  271.3390  271.3390  0.000000       0.00000       0.00000         234919.7867    0.000000    -0.00003     0.00000    0.000000000   -0.000000245   -0.000000439  259.169665  85158.7450
1218.00   15.0000    0.0000   15.0000  271.4170  271.4170  0.000000       0.00000       0.00000         234852.2753    0.000000    -0.00003     0.00000    0.000000000   -0.000000245   -0.000000439  259.127056  85024.1343
1230.00   15.0000    0.0000   15.0000  271.4950  271.4950  0.000000       0.00000       0.00000         234784.8027    0.000000    -0.00003     0.00000    0.000000000   -0.000000245   -0.000000438  259.084414  84889.7143
1242.00   15.0000    0.0000   15.0000  271.5730  271.5730  0.000000       0.00000       0.00000         234717.3688    0.000000    -0.00003     0.00000    0.000000000   -0.000000245   -0.000000438  259.041738  84755.4848
1254.00   15.0000    0.0000   15.0000  271.6510  271.6510  0.000000       0.00000       0.00000         234649.9737    0.000000    -0.00003     0.00000    0.000000000   -0.000000245   -0.000000438  258.999028  84621.4454
1266.00   15.0000    0.0000   15.0000  271.7290  271.7290  0.000000       0.00000       0.00000         234582.6172    0.000000    -0.00003     0.00000    0.000000000   -0.000000245   -0.000000437  258.956285  84487.5960
1278.00   15.0000    0.0000   15.0000  271.8070  271.8070  0.000000       0.00000       0.00000         234515.2995    0.000000    -0.00003     0.00000    0.000000000   -0.000000245   -0.000000437  258.913508  84353.9362
1290.00   15.0000    0.0000   15.0000  271.8850  271.8850  0.000000       0.00000       0.00000         234448.0203    0.000000    -0.00003     0.00000    0.000000000   -0.000000245   -0.000000437  258.870697  84220.4658
1302.00   15.0000    0.0000   15.0000  271.9630  271.9630  0.000000       0.00000       0.00000         234380.7797    0.000000    -0.00003     0.00000    0.000000000   -0.000000245   -0.000000436  258.827853  84087.1846
1314.00   15.0000    0.0000   15.0000  272.0410  272.0410  0.000000       0.00000       0.00000         234313.5777    0.000000    -0.00003     0.00000    0.000000000   -0.000000245   -0.000000436  258.784975  83954.0922
1326.00   15.0000    0.0000   15.0000  272.1190  272.1190  0.000000       0.00000       0.00000         234246.4143    0.000000    -0.00003     0.00000    0.000000000   -0.000000245   -0.000000435  258.742064  83821.1886
1338.00   15.0000    0.0000   15.0000  272.1970  272.1970  0.000000       0.00000       0.00000         234179.2893    0.000000    -0.00003     0.00000    0.000000000   -0.000000245   -0.000000435  258.699119  83688.4733
1350.00   15.0000    0.0000   15.0000  272.2750  272.2750  0.000000       0.00000       0.00000         234112.2027    0.000000    -0.00003     0.00000    0.000000000   -0.000000245   -0.000000435  258.656141  83555.9461
1362.00   15.0000    0.0000   15.0000  272.3530  272.3530  0.000000       0.00000       0.00000         234045.1546    0.000000    -0.00003     0.00000    0.000000000   -0.000000245   -0.000000434  258.613129  83423.6069
1374.00   15.0000    0.0000   15.0000  272.4310  272.4310  0.000000       0.00000       0.00000         233978.1449    0.000000    -0.00003     0.00000    0.000000000   -0.000000245   -0.000000434  258.570083  83291.4552
1386.00   15.0000    0.0000   15.0000  272.5090  272.5090  0.000000       0.00000       0.00000         233911.1736    0.000000    -0.00003     0.00000    0.000000000   -0.000000245   -0.000000434  258.527004  83159.4910
1398.00   15.0000    0.0000   15.0000  272.5870  272.5870  0.000000       0.00000       0.00000         233844.2406    0.000000    -0.00003     0.00000    0.000000000   -0.000000245   -0.000000433  258.483892  83027.7139
1410.00   15.0000    0.0000   15.0000  272.6650  272.6650  0.000000       0.00000       0.00000         233777.3458    0.000000    -0.00003     0.00000    0.000000000   -0.000000245   -0.000000433  258.440745  82896.1237
1422.00   15.0000    0.0000   15.0000  272.7430  272.7430  0.000000       0.00000       0.00000         233710.4894    0.000000    -0.00003     0.00000    0.000000000   -0.000000245   -0.000000432  258.397566  82764.7201
1434.00   15.0000    0.0000   15.0000  272.8210  272.8210  0.000000       0.00000       0.00000         233643.6711    0.000000    -0.00003     0.00000    0.000000000   -0.000000245   -0.000000432  258.354353  82633.5029
1446.00   15.0000    0.0000   15.0000  272.8990  272.8990  0.000000       0.00000       0.00000         233576.8911    0.000000    -0.00004     0.00000    0.000000000   -0.000000245   -0.000000432  258.311106  82502.4718
1458.00   15.0000    0.0000   15.0000  272.9770  272.9770  0.000000       0.00000       0.00000         233510.1492    0.000000    -0.00004     0.00000    0.000000000   -0.000000245   -0.000000431  258.267826  82371.6266
1470.00   15.0000    0.0000   15.0000  273.0550  273.0550  0.000000       0.00000       0.00000         233443.4455    0.000000    -0.00004     0.00000    0.000000000   -0.000000245   -0.000000431  258.224513  82240.9670
1482.00   15.0000    0.0000   15.0000  273.1330  273.1330  0.000000       0.00000       0.00000         233376.7798    0.000000    -0.00004     0.00000    0.000000000   -0.000000245   -0.000000431  258.181166  82110.4928
1494.00   15.0000    0.0000   15.0000  273.2110  273.2110  0.000000       0.00000       0.00000         233310.1522    0.000000    -0.00004     0.00000    0.000000000   -0.000000245   -0.000000430  258.137786  81980.2037
1506.00   15.0000    0.0000   15.0000  273.2890  273.2890  0.000000       0.00000       0.00000         233243.5627    0.000000    -0.00004     0.00000    0.000000000   -0.000000245   -0.000000430  258.094372  81850.0996
1518.00   15.0000    0.0000   15.0000  273.3670  273.3670  0.000000       0.00000       0.00000         233177.0111    0.000000    -0.00004     0.00000    0.000000000   -0.000000245   -0.000000429  258.050925  81720.1800
1530.00   15.0000    0.0000   15.0000  273.4450  273.4450  0.000000       0.00000       0.00000         233110.4975    0.000000    -0.00004     0.00000    0.000000000   -0.000000245   -0.000000429  258.007444  81590.4449
1542.00   15.0000    0.0000   15.0000  273.5230  273.5230  0.000000       0.00000       0.00000         233044.0219    0.000000    -0.00004     0.00000    0.000000000   -0.000000245   -0.000000429  257.963930  81460.8938
1554.00   15.0000    0.0000   15.0000  273.6010  273.6010  0.000000       0.00000       0.00000         232977.5841    0.000000    -0.00004     0.00000    0.000000000   -0.000000245   -0.000000428  257.920383  81331.5267
1566.00   15.0000    0.0000   15.0000  273.6790  273.6790  0.000000       0.00000       0.00000         232911.1843    0.000000    -0.00004     0.00000    0.000000000   -0.000000245   -0.000000428  257.876802  81202.3432
1578.00   15.0000    0.0000   15.0000  273.7570  273.7570  0.000000       0.00000       0.00000         232844.8222    0.000000    -0.00004     0.00000    0.000000000   -0.000000245   -0.000000427  257.833188  81073.3431
1590.00   15.0000    0.0000   15.0000  273.8350  273.8350  0.000000       0.00000       0.00000         232778.4980    0.000000    -0.00004     0.00000    0.000000000   -0.000000245   -0.000000427  257.789540  80944.5262
1602.00   15.0000    0.0000   15.0000  273.9130  273.9130  0.000000       0.00000       0.00000         232712.2115    0.000000    -0.00004     0.00000    0.000000000   -0.000000245   -0.000000427  257.745860  80815.8922
1614.00   15.0000    0.0000   15.0000  273.9910  273.9910  0.000000       0.00000       0.00000         232645.9628    0.000000    -0.00004     0.00000    0.000000000   -0.000000245   -0.000000426  257.702145  80687.4408
1626.00   15.0000    0.0000   15.0000  274.0690  274.0690  0.000000       0.00000       0.00000         232579.7518    0.000000    -0.00004     0.00000    0.000000000   -0.000000245   -0.000000426  257.658398  80559.1719
1638.00   15.0000    0.0000   15.0000  274.1470  274.1470  0.000000       0.00000       0.00000         232513.5785    0.000000    -0.00004     0.00000    0.000000000   -0.000000245   -0.000000425  257.614617  80431.0851
1650.00   15.0000    0.0000   15.0000  274.2250  274.2250  0.000000       0.00000       0.00000         232447.4428    0.000000    -0.00004     0.00000    0.000000000   -0.000000245   -0.000000425  257.570803  80303.1803
1662.00   15.0000    0.0000   15.0000  274.3030  274.3030  0.000000       0.00000       0.00000         232381.3447    0.000000    -0.00004     0.00000    0.000000000   -0.000000245   -0.000000425  257.526955  80175.4571
1674.00   15.0000    0.0000   15.0000  274.3810  274.3810  0.000000       0.00000       0.00000         232315.2842    0.000000    -0.00004     0.00000    0.000000000   -0.000000245   -0.000000424  257.483075  80047.9154
1686.00   15.0000    0.0000   15.0000  274.4590  274.4590  0.000000       0.00000       0.00000         232249.2613    0.000000    -0.00004     0.00000    0.000000000   -0.000000245   -0.000000424  257.439161  79920.5549
1698.00   15.0000    0.0000   15.0000  274.5370  274.5370  0.000000       0.00000       0.00000         232183.2758    0.000000    -0.00004     0.00000    0.000000000   -0.000000245   -0.000000423  257.395213  79793.3753
1710.00   15.0000    0.0000   15.0000  274.6150  274.6150  0.000000       0.00000       0.00000         232117.3279    0.000000    -0.00004     0.00000    0.000000000   -0.000000245   -0.000000423  257.351233  79666.3765
1722.00   15.0000    0.0000   15.0000  274.6930  274.6930  0.000000       0.00000       0.00000         232051.4174    0.000000    -0.00004     0.00000    0.000000000   -0.000000245   -0.000000422  257.307219  79539.5581
1734.00   15.0000    0.0000   15.0000  274.7710  274.7710  0.000000       0.00000       0.00000         231985.5443    0.000000    -0.00004     0.00000    0.000000000   -0.000000245   -0.000000422  257.263172  79412.9199
1746.00   15.0000    0.0000   15.0000  274.8490  274.8490  0.000000       0.00000       0.00000         231919.7086    0.000000    -0.00004     0.00000    0.000000000   -0.000000245   -0.000000422  257.219091  79286.4618
1758.00   15.0000    0.0000   15.0000  274.9270  274.9270  0.000000       0.00000       0.00000         231853.9103    0.000000    -0.00004     0.00000    0.000000000   -0.000000245   -0.000000421  257.174978  79160.1833
1770.00   15.0000    0.0000   15.0000  275.0050  275.0050  0.000000       0.00000       0.00000         231788.1493    0.000000    -0.00004     0.00000    0.000000000   -0.000000245   -0.000000421  257.130831  79034.0844
1782.00   15.0000    0.0000   15.0000  275.0830  275.0830  0.000000       0.00000       0.00000         231722.4256    0.000000    -0.00004     0.00000    0.000000000   -0.000000245   -0.000000420  257.086651  78908.1647
1794.00   15.0000    0.0000   15.0000  275.1610  275.1610  0.000000       0.00000       0.00000         231656.7391    0.000000    -0.00004     0.00000    0.000000000   -0.000000244   -0.000000420  257.042438  78782.4241
1806.00   15.0000    0.0000   15.0000  275.2390  275.2390  0.000000       0.00000       0.00000         231591.0899    0.000000    -0.00004     0.00000    0.000000000   -0.000000244   -0.000000420  256.998191  78656.8622
1818.00   15.0000    0.0000   15.0000  275.3170  275.3170  0.000000       0.00000       0.00000         231525.4779    0.000000    -0.00004     0.00000    0.000000000   -0.000000244   -0.000000419  256.953912  78531.4789
1830.00   15.0000    0.0000   15.0000  275.3950  275.3950  0.000000       0.00000       0.00000         231459.9030    0.000000    -0.00004     0.00000    0.000000000   -0.000000244   -0.000000419  256.909599  78406.2739
1842.00   15.0000    0.0000   15.0000  275.4730  275.4730  0.000000       0.00000       0.00000         231394.3653    0.000000    -0.00004     0.00000    0.000000000   -0.000000244   -0.000000418  256.865253  78281.2470
1854.00   15.0000    0.0000   15.0000  275.5510  275.5510  0.000000       0.00000       0.00000         231328.8647    0.000000    -0.00005     0.00000    0.000000000   -0.000000244   -0.000000418  256.820874  78156.3978
1866.00   15.0000    0.0000   15.0000  275.6290  275.6290  0.000000       0.00000       0.00000         231263.4012    0.000000    -0.00005     0.00000    0.000000000   -0.000000244   -0.000000417  256.776462  78031.7263
1878.00   15.0000    0.0000   15.0000  275.7070  275.7070  0.000000       0.00000       0.00000         231197.9747    0.000000    -0.00005     0.00000    0.000000000   -0.000000244   -0.000000417  256.732016  77907.2321
1890.00   15.0000    0.0000   15.0000  275.7850  275.7850  0.000000       0.00000       0.00000         231132.5852    0.000000    -0.00005     0.00000    0.000000000   -0.000000244   -0.000000416  256.687538  77782.9150
1902.00   15.0000    0.0000   15.0000  275.8630  275.8630  0.000000       0.00000       0.00000         231067.2326    0.000000    -0.00005     0.00000    0.000000000   -0.000000244   -0.000000416  256.643026  77658.7748
1914.00   15.0000    0.0000   15.0000  275.9410  275.9410  0.000000       0.00000       0.00000         231001.9171    0.000000    -0.00005     0.00000    0.000000000   -0.000000244   -0.000000416  256.598482  77534.8113
1926.00   15.0000    0.0000   15.0000  276.0190  276.0190  0.000000       0.00000       0.00000         230936.6384    0.000000    -0.00005     0.00000    0.000000000   -0.000000244   -0.000000415  256.553904  77411.0241
1938.00   15.0000    0.0000   15.0000  276.0970  276.0970  0.000000       0.00000       0.00000         230871.3966    0.000000    -0.00005     0.00000    0.000000000   -0.000000244   -0.000000415  256.509293  77287.4131
1950.00   15.0000    0.0000   15.0000  276.1750  276.1750  0.000000       0.00000       0.00000         230806.1917    0.000000    -0.00005     0.00000    0.000000000   -0.000000244   -0.000000414  256.464649  77163.9780
1962.00   15.0000    0.0000   15.0000  276.2530  276.2530  0.000000       0.00000       0.00000         230741.0236    0.000000    -0.00005     0.00000    0.000000000   -0.000000244   -0.000000414  256.419972  77040.7186
1974.00   15.0000    0.0000   15.0000  276.3310  276.3310  0.000000       0.00000       0.00000         230675.8923    0.000000    -0.00005     0.00000    0.000000000   -0.000000243   -0.000000413  256.375262  76917.6347
1986.00   15.0000    0.0000   15.0000  276.4090  276.4090  0.000000       0.00000       0.00000         230610.7978    0.000000    -0.00005     0.00000    0.000000000   -0.000000243   -0.000000413  256.330519  76794.7260
1998.00   15.0000    0.0000   15.0000  276.4870  276.4870  0.000000       0.00000       0.00000         230545.7399    0.000000    -0.00005     0.00000    0.000000000   -0.000000243   -0.000000412  256.285742  76671.9923
2010.00   15.0000    0.0000   15.0000  276.5650  276.5650  0.000000       0.00000       0.00000         230480.7188    0.000000    -0.00005     0.00000    0.000000000   -0.000000243   -0.000000412  256.240933  76549.4333
2022.00   15.0000    0.0000   15.0000  276.6430  276.6430  0.000000       0.00000       0.00000         230415.7344    0.000000    -0.00005     0.00000    0.000000000   -0.000000243   -0.000000412  256.196091  76427.0488
2034.00   15.0000    0.0000   15.0000  276.7210  276.7210  0.000000       0.00000       0.00000         230350.7865    0.000000    -0.00005     0.00000    0.000000000   -0.000000243   -0.000000411  256.151216  76304.8387
2046.00   15.0000    0.0000   15.0000  276.7990  276.7990  0.000000       0.00000       0.00000         230285.8753    0.000000    -0.00005     0.00000    0.000000000   -0.000000243   -0.000000411  256.106307  76182.8026
2058.00   15.0000    0.0000   15.0000  276.8770  276.8770  0.000000       0.00000       0.00000         230221.0007    0.000000    -0.00005     0.00000    0.000000000   -0.000000243   -0.000000410  256.061366  76060.9403
2070.00   15.0000    0.0000   15.0000  276.9550  276.9550  0.000000       0.00000       0.00000         230156.1626    0.000000    -0.00005     0.00000    0.000000000   -0.000000243   -0.000000410  256.016392  75939.2516
2082.00   15.0000    0.0000   15.0000  277.0330  277.0330  0.000000       0.00000       0.00000         230091.3610    0.000000    -0.00005     0.00000    0.000000000   -0.000000243   -0.000000409  255.971384  75817.7362
2094.00   15.0000    0.0000   15.0000  277.1110  277.1110  0.000000       0.00000       0.00000         230026.5958    0.000000    -0.00005     0.00000    0.000000000   -0.000000243   -0.000000409  255.926344  75696.3940
2106.00   15.0000    0.0000   15.0000  277.1890  277.1890  0.000000       0.00000       0.00000         229961.8672    0.000000    -0.00005     0.00000    0.000000000   -0.000000243   -0.000000408  255.881271  75575.2246
2118.00   15.0000    0.0000   15.0000  277.2670  277.2670  0.000000       0.00000       0.00000         229897.1749    0.000000    -0.00005     0.00000    0.000000000   -0.000000242   -0.000000408  255.836165  75454.2279
2130.00   15.0000    0.0000   15.0000  277.3450  277.3450  0.000000       0.00000       0.00000         229832.5191    0.000000    -0.00005     0.00000    0.000000000   -0.000000242   -0.000000407  255.791026  75333.4036
2142.00   15.0000    0.0000   15.0000  277.4230  277.4230  0.000000       0.00000       0.00000         229767.8996    0.000000    -0.00005     0.00000    0.000000000   -0.000000242   -0.000000407  255.745854  75212.7516
2154.00   15.0000    0.0000   15.0000  277.5010  277.5010  0.000000       0.00000       0.00000         229703.3164    0.000000    -0.00005     0.00000    0.000000000   -0.000000242   -0.000000407  255.700649  75092.2715
2166.00   15.0000    0.0000   15.0000  277.5790  277.5790  0.000000       0.00000       0.00000         229638.7695    0.000000    -0.00005     0.00000    0.000000000   -0.000000242   -0.000000406  255.655411  74971.9631
2178.00   15.0000    0.0000   15.0000  277.6570  277.6570  0.000000       0.00000       0.00000         229574.2589    0.000000    -0.00005     0.00000    0.000000000   -0.000000242   -0.000000406  255.610140  74851.8262
2190.00   15.0000    0.0000   15.0000  277.7350  277.7350  0.000000       0.00000       0.00000         229509.7845    0.000000    -0.00005     0.00000    0.000000000   -0.000000242   -0.000000405  255.564837  74731.8606
2202.00   15.0000    0.0000   15.0000  277.8130  277.8130  0.000000       0.00000       0.00000         229445.3463    0.000000    -0.00005     0.00000    0.000000000   -0.000000242   -0.000000405  255.519500  74612.0661
2214.00   15.0000    0.0000   15.0000  277.8910  277.8910  0.000000       0.00000       0.00000         229380.9443    0.000000    -0.00005     0.00000    0.000000000   -0.000000242   -0.000000404  255.474131  74492.4423
2226.00   15.0000    0.0000   15.0000  277.9690  277.9690  0.000000       0.00000       0.00000         229316.5785    0.000000    -0.00005     0.00000    0.000000000   -0.000000242   -0.000000404  255.428729  74372.9892
2238.00   15.0000    0.0000   15.0000  278.0470  278.0470  0.000000       0.00000       0.00000         229252.2487    0.000000    -0.00005     0.00000    0.000000000   -0.000000241   -0.000000403  255.383293  74253.7064
2250.00   15.0000    0.0000   15.0000  278.1250  278.1250  0.000000       0.00000       0.00000         229187.9551    0.000000    -0.00005     0.00000    0.000000000   -0.000000241   -0.000000403  255.337825  74134.5937
2262.00   15.0000    0.0000   15.0000  278.2030  278.2030  0.000000       0.00000       0.00000         229123.6974    0.000000    -0.00006     0.00000    0.000000000   -0.000000241   -0.000000402  255.292325  74015.6510
2274.00   15.0000    0.0000   15.0000  278.2810  278.2810  0.000000       0.00000       0.00000         229059.4759    0.000000    -0.00006     0.00000    0.000000000   -0.000000241   -0.000000402  255.246791  73896.8779
2286.00   15.0000    0.0000   15.0000  278.3590  278.3590  0.000000       0.00000       0.00000         228995.2903    0.000000    -0.00006     0.00000    0.000000000   -0.000000241   -0.000000401  255.201225  73778.2743
2298.00   15.0000    0.0000   15.0000  278.4370  278.4370  0.000000       0.00000       0.00000         228931.1406    0.000000    -0.00006     0.00000    0.000000000   -0.000000241   -0.000000401  255.155625  73659.8399
2310.00   15.0000    0.0000   15.0000  278.5150  278.5150  0.000000       0.00000       0.00000         228867.0269    0.000000    -0.00006     0.00000    0.000000000   -0.000000241   -0.000000400  255.109993  73541.5745
2322.00   15.0000    0.0000   15.0000  278.5930  278.5930  0.000000       0.00000       0.00000         228802.9491    0.000000    -0.00006     0.00000    0.000000000   -0.000000241   -0.000000400  255.064328  73423.4778
2334.00   15.0000    0.0000   15.0000  278.6710  278.6710  0.000000       0.00000       0.00000         228738.9072    0.000000    -0.00006     0.00000    0.000000000   -0.000000241   -0.000000399  255.018631  73305.5497
2346.00   15.0000    0.0000   15.0000  278.7490  278.7490  0.000000       0.00000       0.00000         228674.9011    0.000000    -0.00006     0.00000    0.000000000   -0.000000240   -0.000000399  254.972900  73187.7899
2358.00   15.0000    0.0000   15.0000  278.8270  278.8270  0.000000       0.00000       0.00000         228610.9308    0.000000    -0.00006     0.00000    0.000000000   -0.000000240   -0.000000398  254.927137  73070.1982
2370.00   15.0000    0.0000   15.0000  278.9050  278.9050  0.000000       0.00000       0.00000         228546.9963    0.000000    -0.00006     0.00000    0.000000000   -0.000000240   -0.000000398  254.881341  72952.7744
2382.00   15.0000    0.0000   15.0000  278.9830  278.9830  0.000000       0.00000       0.00000              0.0000    0.000000    -0.00006     0.00000    0.000000000    0.000000000    0.000000000  254.835513  72835.5183
2394.00   15.0000    0.0000   15.0000  279.0610  279.0610  0.000000       0.00000       0.00000              0.0000    0.000000     0.00000     0.00000    0.000000000    0.000000000    0.000000000  254.789651  72718.4295
