   0.00    0.0000    0.0000    0.0000  239.4325  239.4325  0.000000       0.00000       0.00000              0.0000    0.000000     0.00000     0.00000    0.000000000    0.000000000    0.000000000    0.000000      0.0000
   6.00    7.9295    3.5237    8.6772  240.8244  240.8244  0.000000       0.75424       0.75424              0.0000    0.000000     0.00000     0.00000   -0.000004922    0.000000000    0.000000000  240.736638  99872.4423
  18.00    8.9355    3.8987    9.7490  240.9132  240.9132  0.000000       2.41932       2.41932              0.0476    0.000000    -0.00000     0.00000   -0.000015221    0.000000000    0.000000000  240.678995  99660.0066
  30.00    9.5672    4.0945   10.4065  240.9710  240.9710  0.000000       2.37745       2.37745              0.0701    0.000000    -0.00000     0.00000   -0.000019080   -0.000000088   -0.000000118  240.619669  99490.3743
  42.00   10.1388    4.2373   10.9886  241.0254  241.0254  0.000000       2.62380       2.62380              0.0833    0.000000    -0.00000     0.00000   -0.000020959   -0.000000095   -0.000000125  240.556855  99320.9878
  54.00   10.6506    4.3352   11.4991  241.0762  241.0762  0.000000       2.61419       2.61419              0.0971    0.000000    -0.00000     0.00000   -0.000022353   -0.000000099   -0.000000129  240.490410  99151.8443
  66.00   11.1323    4.3994   11.9701  241.1262  241.1262  0.000000       2.57387       2.57387              0.1093    0.000000    -0.00000     0.00000   -0.000023479   -0.000000100   -0.000000129  240.423191  98982.9419
  78.00   11.5912    4.4336   12.4102  241.1763  241.1763  0.000000       2.46911       2.46911              0.1213    0.000000    -0.00000     0.00000   -0.000024468   -0.000000098   -0.000000127  240.356044  98814.2802
  90.00   12.0340    4.4402   12.8270  241.2274  241.2274  0.000000       2.33452       2.33452              0.1331    0.000000    -0.00000     0.00000   -0.000025369   -0.000000095   -0.000000124  240.289899  98645.8592
 102.00   12.4640    4.4200   13.2245  241.2803  241.2803  0.000000       2.17556       2.17556              0.1452    0.000000    -0.00000     0.00000   -0.000026222   -0.000000091   -0.000000120  240.225429  98477.6796
 114.00   12.8835    4.3731   13.6054  241.3355  241.3355  0.000000       2.00232       2.00232              0.1576    0.000000    -0.00000     0.00000   -0.000027060   -0.000000085   -0.000000114  240.163317  98309.7426
 126.00   13.2934    4.2990   13.9713  241.3938  241.3938  0.000000       1.82030       1.82030              0.1707    0.000000    -0.00000     0.00000   -0.000027910   -0.000000078   -0.000000107  240.104258  98142.0496
 138.00   13.6942    4.1968   14.3229  241.4561  241.4561  0.000000       1.63442       1.63442              0.1847    0.000000    -0.00000     0.00000   -0.000028789   -0.000000069   -0.000000099  240.049033  97974.6029
 150.00   14.0854    4.0649   14.6602  241.5231  241.5231  0.000000       1.44838       1.44838              0.1999    0.000000    -0.00000     0.00000   -0.000029736   -0.000000059   -0.000000089  239.998565  97807.4051
 162.00   14.4659    3.9016   14.9828  241.5961  241.5961  0.000000       1.26525       1.26525              0.2166    0.000000    -0.00000     0.00000   -0.000030796   -0.000000046   -0.000000076  239.953989  97640.4596
 174.00   14.8338    3.7045   15.2893  241.6765  241.6765  0.000000       1.08763       1.08763              0.2352    0.000000    -0.00000     0.00000   -0.000032025   -0.000000030   -0.000000061  239.916747  97473.7707
 186.00   15.1861    3.4706   15.5777  241.7663  241.7663  0.000000       0.91766       0.91766              0.2564    0.000000    -0.00001     0.00000   -0.000033515   -0.000000009   -0.000000041  239.888737  97307.3437
 198.00   15.5187    3.1968   15.8446  241.8679  241.8679  0.000000       0.75751       0.75751              0.2809    0.000000    -0.00001     0.00000   -0.000035483    0.000000017   -0.000000016  239.872515  97141.1856
 210.00   15.8253    2.8790   16.0850  241.9852  241.9852  0.000000       0.60842       0.60842              0.3097    0.000000    -0.00001     0.00000   -0.000038298    0.000000052    0.000000017  239.871653  96975.3053
 222.00   16.0965    2.5134   16.2916  242.1230  242.1230  0.000000       0.47354       0.47354              0.3443    0.000000    -0.00001     0.00000   -0.000042204    0.000000099    0.000000063  239.891122  96809.7147
 234.00   16.3194    2.0954   16.4534  242.2892  242.2892  0.000000       0.35012       0.35012              0.3880    0.000000    -0.00001     0.00000   -0.000048578    0.000000165    0.000000125  239.938715  96644.4299
 246.00   16.4725    1.6256   16.5525  242.4942  242.4942  0.000000       0.24962       0.24962              0.4418    0.000000    -0.00002     0.00000   -0.000059172    0.000000265    0.000000220  240.024594  96479.4731
 258.00   16.5260    1.0996   16.5626  242.7601  242.7601  0.000000       0.14875       0.14875              0.5244    0.000000    -0.00003     0.00000   -0.000078327    0.000000392    0.000000341  240.170602  96314.8773
 270.00   16.4353    0.5780   16.4455  243.0886  243.0886  0.000000       0.10502       0.10502              0.5965    0.000000    -0.00003     0.00000   -0.000122842    0.000000593    0.000000530  240.378424  96150.6832
 282.00   16.0928    0.0588   16.0929  243.5430  243.5430  0.000000       0.00052       0.00052              2.6766    0.000000     0.00000     0.00000   -0.000154984    0.000008648    0.000006384  240.710635  95986.9527
 294.00   15.0053   -0.0061   15.0053  249.6973  249.6973  0.000000       0.00002       0.00002              5.7839    0.000000    -0.00011     0.00000   -0.000011474    0.000010276    0.000011963  246.674696  95825.5852
 306.00   15.0000   -0.0000   15.0000  250.8911  250.8911  0.000000       0.00000       0.00000          33221.8747    0.000000    -0.00011     0.00000   -0.000000075    0.000004048    0.000003852  247.736720  95666.8007
 318.00   15.0000   -0.0000   15.0000  252.0268  252.0268  0.000000       0.00000       0.00000        3235782.8552    0.000000    -0.00008     0.00000    0.000000000    0.000003676    0.000003522  248.740776  95508.9387
 330.00   15.0000   -0.0000   15.0000  252.8870  252.8870  0.000000       0.00000       0.00000        2532002.4722    0.000000    -0.00007     0.00000    0.000000000    0.000002986    0.000002831  249.472387  95351.8861
 342.00   15.0000   -0.0000   15.0000  253.5939  253.5939  0.000000       0.00000       0.00000        2138378.5413    0.000000    -0.00007     0.00000    0.000000000    0.000002589    0.000002436  250.052517  95195.5033
 354.00   15.0000   -0.0000   15.0000  254.2141  254.2141  0.000000       0.00000       0.00000        1873151.9001    0.000000    -0.00006     0.00000    0.000000000    0.000002310    0.000002161  250.546824  95039.7119
 366.00   15.0000    0.0000   15.0000  254.7593  254.7593  0.000000       0.00000       0.00000        1673518.3223    0.000000    -0.00006     0.00000    0.000000000    0.000002091    0.000001944  250.966909  94884.4588
 378.00   15.0000    0.0000   15.0000  255.2575  255.2575  0.000000       0.00000       0.00000        1520410.6113    0.000000    -0.00005     0.00000    0.000000000    0.000001917    0.000001772  251.340521  94729.7042
 390.00   15.0000    0.0000   15.0000  255.7091  255.7091  0.000000       0.00000       0.00000        1396702.1227    0.000000    -0.00005     0.00000    0.000000000    0.000001772    0.000001627  251.667958  94575.4171
 402.00   15.0000    0.0000   15.0000  256.1316  256.1316  0.000000       0.00000       0.00000        1292063.0486    0.000000    -0.00005     0.00000    0.000000000    0.000001642    0.000001500  251.966590  94421.5726
 414.00   15.0000    0.0000   15.0000  256.5190  256.5190  0.000000       0.00000       0.00000        1205148.8052    0.000000    -0.00005     0.00000    0.000000000    0.000001533    0.000001390  252.230523  94268.1497
 426.00   15.0000    0.0000   15.0000  256.8882  256.8882  0.000000       0.00000       0.00000        1133986.2531    0.000000    -0.00005     0.00000    0.000000000    0.000001441    0.000001300  252.476335  94115.1306
 438.00   15.0000    0.0000   15.0000  257.2319  257.2319  0.000000       0.00000       0.00000        1071734.4954    0.000000    -0.00004     0.00000    0.000000000    0.000001359    0.000001217  252.697024  93962.5009
 450.00   15.0000    0.0000   15.0000  257.5628  257.5628  0.000000       0.00000       0.00000        1020595.2568    0.000000    -0.00004     0.00000    0.000000000    0.000001291    0.000001150  252.904946  93810.2478
 462.00   15.0000    0.0000   15.0000  257.8752  257.8752  0.000000       0.00000       0.00000         970828.1867    0.000000    -0.00004     0.00000    0.000000000    0.000001221    0.000001080  253.094530  93658.3608
 474.00   15.0000    0.0000   15.0000  258.1755  258.1755  0.000000       0.00000       0.00000         927761.8316    0.000000    -0.00004     0.00000    0.000000000    0.000001159    0.000001018  253.272099  93506.8295
 486.00   15.0000    0.0000   15.0000  258.4614  258.4614  0.000000       0.00000       0.00000         887844.7100    0.000000    -0.00004     0.00000    0.000000000    0.000001100    0.000000959  253.435410  93355.6451
 498.00   15.0000    0.0000   15.0000  258.7371  258.7371  0.000000       0.00000       0.00000         853718.5069    0.000000    -0.00004     0.00000    0.000000000    0.000001050    0.000000908  253.588591  93204.7993
 510.00   15.0000    0.0000   15.0000  259.0020  259.0020  0.000000       0.00000       0.00000         822306.6694    0.000000    -0.00004     0.00000    0.000000000    0.000001002    0.000000860  253.731056  93054.2849
 522.00   15.0000    0.0000   15.0000  259.2584  259.2584  0.000000       0.00000       0.00000         793743.0859    0.000000    -0.00004     0.00000    0.000000000    0.000000958    0.000000816  253.865028  92904.0953
 534.00   15.0000    0.0000   15.0000  259.5057  259.5057  0.000000       0.00000       0.00000         767940.3013    0.000000    -0.00004     0.00000    0.000000000    0.000000917    0.000000775  253.990017  92754.2246
 546.00   15.0000    0.0000   15.0000  259.7461  259.7461  0.000000       0.00000       0.00000         744350.1345    0.000000    -0.00004     0.00000    0.000000000    0.000000879    0.000000737  254.108192  92604.6672
 558.00   15.0000    0.0000   15.0000  259.9788  259.9788  0.000000       0.00000       0.00000         723941.0075    0.000000    -0.00004     0.00000    0.000000000    0.000000847    0.000000703  254.218733  92455.4180
 570.00   15.0000    0.0000   15.0000  260.2067  260.2067  0.000000       0.00000       0.00000         705066.4052    0.000000    -0.00004     0.00000    0.000000000    0.000000816    0.000000672  254.324411  92306.4727
 582.00   15.0000    0.0000   15.0000  260.4278  260.4278  0.000000       0.00000       0.00000         687147.1703    0.000000    -0.00004     0.00000    0.000000000    0.000000786    0.000000642  254.423391  92157.8272
 594.00   15.0000    0.0000   15.0000  260.6447  260.6447  0.000000       0.00000       0.00000         669283.9467    0.000000    -0.00004     0.00000    0.000000000    0.000000756    0.000000611  254.518082  92009.4774
 606.00   15.0000    0.0000   15.0000  260.8547  260.8547  0.000000       0.00000       0.00000         652026.0763    0.000000    -0.00004     0.00000    0.000000000    0.000000725    0.000000581  254.606096  91861.4195
 618.00   15.0000    0.0000   15.0000  261.0609  261.0609  0.000000       0.00000       0.00000         637270.1486    0.000000    -0.00004     0.00000    0.000000000    0.000000700    0.000000555  254.690177  91713.6499
 630.00   15.0000    0.0000   15.0000  261.2619  261.2619  0.000000       0.00000       0.00000         623106.8439    0.000000    -0.00004     0.00000    0.000000000    0.000000675    0.000000529  254.769127  91566.1650
 642.00   15.0000    0.0000   15.0000  261.4593  261.4593  0.000000       0.00000       0.00000         610849.2598    0.000000    -0.00004     0.00000    0.000000000    0.000000653    0.000000507  254.844500  91418.9620
 654.00   15.0000    0.0000   15.0000  261.6528  261.6528  0.000000       0.00000       0.00000         599214.9617    0.000000    -0.00004     0.00000    0.000000000    0.000000632    0.000000486  254.915920  91272.0378
 666.00   15.0000    0.0000   15.0000  261.8430  261.8430  0.000000       0.00000       0.00000         589078.4799    0.000000    -0.00004     0.00000    0.000000000    0.000000614    0.000000467  254.984141  91125.3899
 678.00   15.0000    0.0000   15.0000  262.0303  262.0303  0.000000       0.00000       0.00000         579788.5126    0.000000    -0.00004     0.00000    0.000000000    0.000000598    0.000000450  255.049337  90979.0159
 690.00   15.0000    0.0000   15.0000  262.2148  262.2148  0.000000       0.00000       0.00000         571719.4547    0.000000    -0.00004     0.00000    0.000000000    0.000000584    0.000000436  255.111853  90832.9136
 702.00   15.0000    0.0000   15.0000  262.3972  262.3972  0.000000       0.00000       0.00000         564556.6833    0.000000    -0.00004     0.00000    0.000000000    0.000000571    0.000000423  255.172099  90687.0810
 714.00   15.0000    0.0000   15.0000  262.5774  262.5774  0.000000       0.00000       0.00000         558574.6192    0.000000    -0.00004     0.00000    0.000000000    0.000000561    0.000000412  255.230226  90541.5162
 726.00   15.0000    0.0000   15.0000  262.7561  262.7561  0.000000       0.00000       0.00000         553988.2381    0.000000    -0.00004     0.00000    0.000000000    0.000000554    0.000000405  255.286816  90396.2177
 738.00   15.0000    0.0000   15.0000  262.9336  262.9336  0.000000       0.00000       0.00000         550476.9194    0.000000    -0.00004     0.00000    0.000000000    0.000000550    0.000000399  255.342155  90251.1842
 750.00   15.0000    0.0000   15.0000  263.1103  263.1103  0.000000       0.00000       0.00000         547752.4762    0.000000    -0.00004     0.00000    0.000000000    0.000000547    0.000000396  255.396625  90106.4145
 762.00   15.0000    0.0000   15.0000  263.2863  263.2863  0.000000       0.00000       0.00000         546565.3836    0.000000    -0.00004     0.00000    0.000000000    0.000000547    0.000000396  255.450335  89961.9076
 774.00   15.0000    0.0000   15.0000  263.4625  263.4625  0.000000       0.00000       0.00000         547062.1914    0.000000    -0.00004     0.00000    0.000000000    0.000000552    0.000000399  255.504135  89817.6627
 786.00   15.0000    0.0000   15.0000  263.6391  263.6391  0.000000       0.00000       0.00000         549181.7919    0.000000    -0.00004     0.00000    0.000000000    0.000000561    0.000000407  255.558227  89673.6796
 798.00   15.0000    0.0000   15.0000  263.8168  263.8168  0.000000       0.00000       0.00000         551873.3251    0.000000    -0.00004     0.00000    0.000000000    0.000000571    0.000000416  255.613425  89529.9579
 810.00   15.0000    0.0000   15.0000  263.9954  263.9954  0.000000       0.00000       0.00000         555482.0435    0.000000    -0.00005     0.00000    0.000000000    0.000000583    0.000000427  255.669275  89386.4977
 822.00   15.0000    0.0000   15.0000  264.1757  264.1757  0.000000       0.00000       0.00000         561077.7996    0.000000    -0.00005     0.00000    0.000000000    0.000000600    0.000000443  255.726806  89243.2992
 834.00   15.0000    0.0000   15.0000  264.3581  264.3581  0.000000       0.00000       0.00000         568986.0471    0.000000    -0.00005     0.00000    0.000000000    0.000000624    0.000000465  255.786237  89100.3627
 846.00   15.0000    0.0000   15.0000  264.5439  264.5439  0.000000       0.00000       0.00000         580863.7999    0.000000    -0.00005     0.00000    0.000000000    0.000000657    0.000000497  255.848800  88957.6891
 858.00   15.0000    0.0000   15.0000  264.7342  264.7342  0.000000       0.00000       0.00000         594794.3110    0.000000    -0.00005     0.00000    0.000000000    0.000000697    0.000000534  255.915755  88815.2801
 870.00   15.0000    0.0000   15.0000  264.9292  264.9292  0.000000       0.00000       0.00000         617591.6332    0.000000    -0.00006     0.00000    0.000000000    0.000000759    0.000000594  255.987137  88673.1373
 882.00   15.0000    0.0000   15.0000  265.1346  265.1346  0.000000       0.00000       0.00000         636685.9241    0.000000    -0.00006     0.00000    0.000000000    0.000000813    0.000000646  256.068477  88531.2644
 894.00   15.0000    0.0000   15.0000  265.3423  265.3423  0.000000       0.00000       0.00000         679023.6364    0.000000    -0.00006     0.00000    0.000000000    0.000000929    0.000000757  256.151950  88389.6640
 906.00   15.0000    0.0000   15.0000  265.5756  265.5756  0.000000       0.00000       0.00000         697193.3262    0.000000    -0.00006     0.00000    0.000000000    0.000000984    0.000000811  256.259956  88248.3429
 918.00   15.0000    0.0000   15.0000  265.7955  265.7955  0.000000       0.00000       0.00000         787178.7735    0.000000    -0.00008     0.00000    0.000000000    0.000001229    0.000001046  256.355013  88107.3035
 930.00   15.0000    0.0000   15.0000  266.0876  266.0876  0.000000       0.00000       0.00000         789834.9488    0.000000    -0.00006     0.00000    0.000000000    0.000001249    0.000001069  256.519617  87966.5608
 942.00   15.0000    0.0000   15.0000  266.3098  266.3098  0.000000       0.00000       0.00000        1004815.3671    0.000000    -0.00013     0.00000    0.000000000    0.000001847    0.000001636  256.616690  87826.1145
 954.00   15.0000    0.0000   15.0000  266.7425  266.7425  0.000000       0.00000       0.00000         958155.2049    0.000000    -0.00006     0.00000    0.000000000    0.000001739    0.000001556  256.916434  87686.0007
 966.00   15.0000    0.0000   15.0000  266.9353  266.9353  0.000000       0.00000       0.00000        1471457.1515    0.000000    -0.00023     0.00000    0.000000000    0.000003237    0.000002940  256.985004  87546.2106
 978.00   15.0000    0.0000   15.0000  267.7038  267.7038  0.000000       0.00000       0.00000        1364740.5010    0.000000    -0.00004     0.00000    0.000000000    0.000002962    0.000002797  257.607560  87406.8304
 990.00   15.0000    0.0000   15.0000  267.8294  267.8294  0.000000       0.00000       0.00000        3522992.4930    0.000000    -0.00067     0.00000    0.000000000    0.000009966    0.000008890  257.611359  87267.8415
1002.00   15.0000    0.0000   15.0000  270.0130  270.0130  0.000000       0.00000       0.00000        3422378.8517    0.000000    -0.00002     0.00000    0.000000000    0.000009740    0.000010087  259.594029  87129.6037
1014.00   15.0000    0.0000   15.0000  270.0910  270.0910  0.000000       0.00000       0.00000         236005.2723    0.000000    -0.00002     0.00000    0.000000000   -0.000000242   -0.000000437  259.551909  86992.1028
1026.00   15.0000    0.0000   15.0000  270.1690  270.1690  0.000000       0.00000       0.00000         235937.1356    0.000000    -0.00002     0.00000    0.000000000   -0.000000242   -0.000000437  259.509755  86854.7966
1038.00   15.0000    0.0000   15.0000  270.2470  270.2470  0.000000       0.00000       0.00000         235869.0383    0.000000    -0.00003     0.00000    0.000000000   -0.000000242   -0.000000437  259.467566  86717.6849
1050.00   15.0000    0.0000   15.0000  270.3250  270.3250  0.000000       0.00000       0.00000         235800.9803    0.000000    -0.00003     0.00000    0.000000000   -0.000000242   -0.000000437  259.425345  86580.7674
1062.00   15.0000    0.0000   15.0000  270.4030  270.4030  0.000000       0.00000       0.00000         235732.9615    0.000000    -0.00003     0.00000    0.000000000   -0.000000242   -0.000000436  259.383089  86444.0438
1074.00   15.0000    0.0000   15.0000  270.4810  270.4810  0.000000       0.00000       0.00000         235664.9820    0.000000    -0.00003     0.00000    0.000000000   -0.000000242   -0.000000436  259.340800  86307.5139
1086.00   15.0000    0.0000   15.0000  270.5590  270.5590  0.000000       0.00000       0.00000         235597.0417    0.000000    -0.00003     0.00000    0.000000000   -0.000000242   -0.000000435  259.298476  86171.1774
1098.00   15.0000    0.0000   15.0000  270.6370  270.6370  0.000000       0.00000       0.00000         235529.1405    0.000000    -0.00003     0.00000    0.000000000   -0.000000242   -0.000000435  259.256120  86035.0340
1110.00   15.0000    0.0000   15.0000  270.7150  270.7150  0.000000       0.00000       0.00000         235461.2785    0.000000    -0.00003     0.00000    0.000000000   -0.000000242   -0.000000435  259.213729  85899.0836
1122.00   15.0000    0.0000   15.0000  270.7930  270.7930  0.000000       0.00000       0.00000         235393.4555    0.000000    -0.00003     0.00000    0.000000000   -0.000000242   -0.000000434  259.171304  85763.3258
1134.00   15.0000    0.0000   15.0000  270.8710  270.8710  0.000000       0.00000       0.00000         235325.6716    0.000000    -0.00003     0.00000    0.000000000   -0.000000242   -0.000000434  259.128846  85627.7603
1146.00   15.0000    0.0000   15.0000  270.9490  270.9490  0.000000       0.00000       0.00000         235257.9268    0.000000    -0.00003     0.00000    0.000000000   -0.000000242   -0.000000434  259.086354  85492.3870
1158.00   15.0000    0.0000   15.0000  271.0270  271.0270  0.000000       0.00000       0.00000         235190.2209    0.000000    -0.00003     0.00000    0.000000000   -0.000000242   -0.000000433  259.043829  85357.2056
1170.00   15.0000    0.0000   15.0000  271.1050  271.1050  0.000000       0.00000       0.00000         235122.5540    0.000000    -0.00003     0.00000    0.000000000   -0.000000242   -0.000000433  259.001270  85222.2157
1182.00   15.0000    0.0000   15.0000  271.1830  271.1830  0.000000       0.00000       0.00000         235054.9260    0.000000    -0.00003     0.00000    0.000000000   -0.000000242   -0.000000433  258.958677  85087.4172
1194.00   15.0000    0.0000   15.0000  271.2610  271.2610  0.000000       0.00000       0.00000         234987.3369    0.000000    -0.00003     0.00000    0.000000000   -0.000000242   -0.000000432  258.916050  84952.8098
1206.00   15.0000    0.0000   15.0000  271.3390  271.3390  0.000000       0.00000       0.00000         234919.7867    0.000000    -0.00003     0.00000    0.000000000   -0.000000242   -0.000000432  258.873390  84818.3932
1218.00   15.0000    0.0000   15.0000  271.4170  271.4170  0.000000       0.00000       0.00000         234852.2753    0.000000    -0.00003     0.00000    0.000000000   -0.000000242   -0.000000432  258.830696  84684.1671
1230.00   15.0000    0.0000   15.0000  271.4950  271.4950  0.000000       0.00000       0.00000         234784.8027    0.000000    -0.00003     0.00000    0.000000000   -0.000000242   -0.000000431  258.787968  84550.1314
1242.00   15.0000    0.0000   15.0000  271.5730  271.5730  0.000000       0.00000       0.00000         234717.3688    0.000000    -0.00003     0.00000    0.000000000   -0.000000242   -0.000000431  258.745207  84416.2858
1254.00   15.0000    0.0000   15.0000  271.6510  271.6510  0.000000       0.00000       0.00000         234649.9737    0.000000    -0.00003     0.00000    0.000000000   -0.000000242   -0.000000431  258.702412  84282.6299
1266.00   15.0000    0.0000   15.0000  271.7290  271.7290  0.000000       0.00000       0.00000         234582.6172    0.000000    -0.00003     0.00000    0.000000000   -0.000000242   -0.000000430  258.659583  84149.1636
1278.00   15.0000    0.0000   15.0000  271.8070  271.8070  0.000000       0.00000       0.00000         234515.2995    0.000000    -0.00003     0.00000    0.000000000   -0.000000242   -0.000000430  258.616721  84015.8866
1290.00   15.0000    0.0000   15.0000  271.8850  271.8850  0.000000       0.00000       0.00000         234448.0203    0.000000    -0.00003     0.00000    0.000000000   -0.000000242   -0.000000430  258.573826  83882.7986
1302.00   15.0000    0.0000   15.0000  271.9630  271.9630  0.000000       0.00000       0.00000         234380.7797    0.000000    -0.00003     0.00000    0.000000000   -0.000000242   -0.000000429  258.530896  83749.8994
1314.00   15.0000    0.0000   15.0000  272.0410  272.0410  0.000000       0.00000       0.00000         234313.5777    0.000000    -0.00003     0.00000    0.000000000   -0.000000242   -0.000000429  258.487933  83617.1888
1326.00   15.0000    0.0000   15.0000  272.1190  272.1190  0.000000       0.00000       0.00000         234246.4143    0.000000    -0.00003     0.00000    0.000000000   -0.000000242   -0.000000428  258.444937  83484.6664
1338.00   15.0000    0.0000   15.0000  272.1970  272.1970  0.000000       0.00000       0.00000         234179.2893    0.000000    -0.00003     0.00000    0.000000000   -0.000000242   -0.000000428  258.401907  83352.3321
1350.00   15.0000    0.0000   15.0000  272.2750  272.2750  0.000000       0.00000       0.00000         234112.2027    0.000000    -0.00003     0.00000    0.000000000   -0.000000242   -0.000000428  258.358843  83220.1855
1362.00   15.0000    0.0000   15.0000  272.3530  272.3530  0.000000       0.00000       0.00000         234045.1546    0.000000    -0.00003     0.00000    0.000000000   -0.000000242   -0.000000427  258.315746  83088.2265
1374.00   15.0000    0.0000   15.0000  272.4310  272.4310  0.000000       0.00000       0.00000         233978.1449    0.000000    -0.00003     0.00000    0.000000000   -0.000000242   -0.000000427  258.272615  82956.4547
1386.00   15.0000    0.0000   15.0000  272.5090  272.5090  0.000000       0.00000       0.00000         233911.1736    0.000000    -0.00003     0.00000    0.000000000   -0.000000242   -0.000000427  258.229451  82824.8699
1398.00   15.0000    0.0000   15.0000  272.5870  272.5870  0.000000       0.00000       0.00000         233844.2406    0.000000    -0.00003     0.00000    0.000000000   -0.000000242   -0.000000426  258.186253  82693.4719
1410.00   15.0000    0.0000   15.0000  272.6650  272.6650  0.000000       0.00000       0.00000         233777.3458    0.000000    -0.00003     0.00000    0.000000000   -0.000000242   -0.000000426  258.143022  82562.2604
1422.00   15.0000    0.0000   15.0000  272.7430  272.7430  0.000000       0.00000       0.00000         233710.4894    0.000000    -0.00003     0.00000    0.000000000   -0.000000242   -0.000000425  258.099758  82431.2352
1434.00   15.0000    0.0000   15.0000  272.8210  272.8210  0.000000       0.00000       0.00000         233643.6711    0.000000    -0.00003     0.00000    0.000000000   -0.000000242   -0.000000425  258.056459  82300.3960
1446.00   15.0000    0.0000   15.0000  272.8990  272.8990  0.000000       0.00000       0.00000         233576.8911    0.000000    -0.00004     0.00000    0.000000000   -0.000000242   -0.000000425  258.013128  82169.7425
1458.00   15.0000    0.0000   15.0000  272.9770  272.9770  0.000000       0.00000       0.00000         233510.1492    0.000000    -0.00004     0.00000    0.000000000   -0.000000242   -0.000000424  257.969763  82039.2746
1470.00   15.0000    0.0000   15.0000  273.0550  273.0550  0.000000       0.00000       0.00000         233443.4455    0.000000    -0.00004     0.00000    0.000000000   -0.000000242   -0.000000424  257.926364  81908.9919
1482.00   15.0000    0.0000   15.0000  273.1330  273.1330  0.000000       0.00000       0.00000         233376.7798    0.000000    -0.00004     0.00000    0.000000000   -0.000000242   -0.000000424  257.882932  81778.8943
1494.00   15.0000    0.0000   15.0000  273.2110  273.2110  0.000000       0.00000       0.00000         233310.1522    0.000000    -0.00004     0.00000    0.000000000   -0.000000242   -0.000000423  257.839466  81648.9814
1506.00   15.0000    0.0000   15.0000  273.2890  273.2890  0.000000       0.00000       0.00000         233243.5627    0.000000    -0.00004     0.00000    0.000000000   -0.000000242   -0.000000423  257.795967  81519.2530
1518.00   15.0000    0.0000   15.0000  273.3670  273.3670  0.000000       0.00000       0.00000         233177.0111    0.000000    -0.00004     0.00000    0.000000000   -0.000000242   -0.000000422  257.752435  81389.7090
1530.00   15.0000    0.0000   15.0000  273.4450  273.4450  0.000000       0.00000       0.00000         233110.4975    0.000000    -0.00004     0.00000    0.000000000   -0.000000242   -0.000000422  257.708869  81260.3489
1542.00   15.0000    0.0000   15.0000  273.5230  273.5230  0.000000       0.00000       0.00000         233044.0219    0.000000    -0.00004     0.00000    0.000000000   -0.000000242   -0.000000422  257.665270  81131.1726
1554.00   15.0000    0.0000   15.0000  273.6010  273.6010  0.000000       0.00000       0.00000         232977.5841    0.000000    -0.00004     0.00000    0.000000000   -0.000000242   -0.000000421  257.621638  81002.1798
1566.00   15.0000    0.0000   15.0000  273.6790  273.6790  0.000000       0.00000       0.00000         232911.1843    0.000000    -0.00004     0.00000    0.000000000   -0.000000242   -0.000000421  257.577972  80873.3704
1578.00   15.0000    0.0000   15.0000  273.7570  273.7570  0.000000       0.00000       0.00000         232844.8222    0.000000    -0.00004     0.00000    0.000000000   -0.000000242   -0.000000420  257.534272  80744.7439
1590.00   15.0000    0.0000   15.0000  273.8350  273.8350  0.000000       0.00000       0.00000         232778.4980    0.000000    -0.00004     0.00000    0.000000000   -0.000000242   -0.000000420  257.490540  80616.3003
1602.00   15.0000    0.0000   15.0000  273.9130  273.9130  0.000000       0.00000       0.00000         232712.2115    0.000000    -0.00004     0.00000    0.000000000   -0.000000242   -0.000000420  257.446774  80488.0392
1614.00   15.0000    0.0000   15.0000  273.9910  273.9910  0.000000       0.00000       0.00000         232645.9628    0.000000    -0.00004     0.00000    0.000000000   -0.000000242   -0.000000419  257.402974  80359.9604
1626.00   15.0000    0.0000   15.0000  274.0690  274.0690  0.000000       0.00000       0.00000         232579.7518    0.000000    -0.00004     0.00000    0.000000000   -0.000000242   -0.000000419  257.359142  80232.0637
1638.00   15.0000    0.0000   15.0000  274.1470  274.1470  0.000000       0.00000       0.00000         232513.5785    0.000000    -0.00004     0.00000    0.000000000   -0.000000242   -0.000000418  257.315276  80104.3487
1650.00   15.0000    0.0000   15.0000  274.2250  274.2250  0.000000       0.00000       0.00000         232447.4428    0.000000    -0.00004     0.00000    0.000000000   -0.000000242   -0.000000418  257.271376  79976.8154
1662.00   15.0000    0.0000   15.0000  274.3030  274.3030  0.000000       0.00000       0.00000         232381.3447    0.000000    -0.00004     0.00000    0.000000000   -0.000000242   -0.000000418  257.227444  79849.4633
1674.00   15.0000    0.0000   15.0000  274.3810  274.3810  0.000000       0.00000       0.00000         232315.2842    0.000000    -0.00004     0.00000    0.000000000   -0.000000242   -0.000000417  257.183478  79722.2924
1686.00   15.0000    0.0000   15.0000  274.4590  274.4590  0.000000       0.00000       0.00000         232249.2613    0.000000    -0.00004     0.00000    0.000000000   -0.000000242   -0.000000417  257.139479  79595.3023
1698.00   15.0000    0.0000   15.0000  274.5370  274.5370  0.000000       0.00000       0.00000         232183.2758    0.000000    -0.00004     0.00000    0.000000000   -0.000000242   -0.000000416  257.095446  79468.4928
1710.00   15.0000    0.0000   15.0000  274.6150  274.6150  0.000000       0.00000       0.00000         232117.3279    0.000000    -0.00004     0.00000    0.000000000   -0.000000241   -0.000000416  257.051380  79341.8636
1722.00   15.0000    0.0000   15.0000  274.6930  274.6930  0.000000       0.00000       0.00000         232051.4174    0.000000    -0.00004     0.00000    0.000000000   -0.000000241   -0.000000415  257.007281  79215.4146
1734.00   15.0000    0.0000   15.0000  274.7710  274.7710  0.000000       0.00000       0.00000         231985.5443    0.000000    -0.00004     0.00000    0.000000000   -0.000000241   -0.000000415  256.963149  79089.1454
1746.00   15.0000    0.0000   15.0000  274.8490  274.8490  0.000000       0.00000       0.00000         231919.7086    0.000000    -0.00004     0.00000    0.000000000   -0.000000241   -0.000000415  256.918983  78963.0558
1758.00   15.0000    0.0000   15.0000  274.9270  274.9270  0.000000       0.00000       0.00000         231853.9103    0.000000    -0.00004     0.00000    0.000000000   -0.000000241   -0.000000414  256.874785  78837.1457
1770.00   15.0000    0.0000   15.0000  275.0050  275.0050  0.000000       0.00000       0.00000         231788.1493    0.000000    -0.00004     0.00000    0.000000000   -0.000000241   -0.000000414  256.830553  78711.4146
1782.00   15.0000    0.0000   15.0000  275.0830  275.0830  0.000000       0.00000       0.00000         231722.4256    0.000000    -0.00004     0.00000    0.000000000   -0.000000241   -0.000000413  256.786288  78585.8625
1794.00   15.0000    0.0000   15.0000  275.1610  275.1610  0.000000       0.00000       0.00000         231656.7391    0.000000    -0.00004     0.00000    0.000000000   -0.000000241   -0.000000413  256.741989  78460.4891
1806.00   15.0000    0.0000   15.0000  275.2390  275.2390  0.000000       0.00000       0.00000         231591.0899    0.000000    -0.00004     0.00000    0.000000000   -0.000000241   -0.000000412  256.697658  78335.2941
1818.00   15.0000    0.0000   15.0000  275.3170  275.3170  0.000000       0.00000       0.00000         231525.4779    0.000000    -0.00004     0.00000    0.000000000   -0.000000241   -0.000000412  256.653293  78210.2772
1830.00   15.0000    0.0000   15.0000  275.3950  275.3950  0.000000       0.00000       0.00000         231459.9030    0.000000    -0.00004     0.00000    0.000000000   -0.000000241   -0.000000412  256.608895  78085.4383
1842.00   15.0000    0.0000   15.0000  275.4730  275.4730  0.000000       0.00000       0.00000         231394.3653    0.000000    -0.00004     0.00000    0.000000000   -0.000000241   -0.000000411  256.564464  77960.7772
1854.00   15.0000    0.0000   15.0000  275.5510  275.5510  0.000000       0.00000       0.00000         231328.8647    0.000000    -0.00005     0.00000    0.000000000   -0.000000241   -0.000000411  256.520000  77836.2935
1866.00   15.0000    0.0000   15.0000  275.6290  275.6290  0.000000       0.00000       0.00000         231263.4012    0.000000    -0.00005     0.00000    0.000000000   -0.000000241   -0.000000410  256.475502  77711.9870
1878.00   15.0000    0.0000   15.0000  275.7070  275.7070  0.000000       0.00000       0.00000         231197.9747    0.000000    -0.00005     0.00000    0.000000000   -0.000000241   -0.000000410  256.430972  77587.8575
1890.00   15.0000    0.0000   15.0000  275.7850  275.7850  0.000000       0.00000       0.00000         231132.5852    0.000000    -0.00005     0.00000    0.000000000   -0.000000241   -0.000000409  256.386408  77463.9048
1902.00   15.0000    0.0000   15.0000  275.8630  275.8630  0.000000       0.00000       0.00000         231067.2326    0.000000    -0.00005     0.00000    0.000000000   -0.000000241   -0.000000409  256.341811  77340.1286
1914.00   15.0000    0.0000   15.0000  275.9410  275.9410  0.000000       0.00000       0.00000         231001.9171    0.000000    -0.00005     0.00000    0.000000000   -0.000000240   -0.000000409  256.297181  77216.5287
1926.00   15.0000    0.0000   15.0000  276.0190  276.0190  0.000000       0.00000       0.00000         230936.6384    0.000000    -0.00005     0.00000    0.000000000   -0.000000240   -0.000000408  256.252518  77093.1049
1938.00   15.0000    0.0000   15.0000  276.0970  276.0970  0.000000       0.00000       0.00000         230871.3966    0.000000    -0.00005     0.00000    0.000000000   -0.000000240   -0.000000408  256.207822  76969.8568
1950.00   15.0000    0.0000   15.0000  276.1750  276.1750  0.000000       0.00000       0.00000         230806.1917    0.000000    -0.00005     0.00000    0.000000000   -0.000000240   -0.000000407  256.163093  76846.7843
1962.00   15.0000    0.0000   15.0000  276.2530  276.2530  0.000000       0.00000       0.00000         230741.0236    0.000000    -0.00005     0.00000    0.000000000   -0.000000240   -0.000000407  256.118331  76723.8872
1974.00   15.0000    0.0000   15.0000  276.3310  276.3310  0.000000       0.00000       0.00000         230675.8923    0.000000    -0.00005     0.00000    0.000000000   -0.000000240   -0.000000406  256.073536  76601.1652
1986.00   15.0000    0.0000   15.0000  276.4090  276.4090  0.000000       0.00000       0.00000         230610.7978    0.000000    -0.00005     0.00000    0.000000000   -0.000000240   -0.000000406  256.028707  76478.6180
1998.00   15.0000    0.0000   15.0000  276.4870  276.4870  0.000000       0.00000       0.00000         230545.7399    0.000000    -0.00005     0.00000    0.000000000   -0.000000240   -0.000000405  255.983846  76356.2455
2010.00   15.0000    0.0000   15.0000  276.5650  276.5650  0.000000       0.00000       0.00000         230480.7188    0.000000    -0.00005     0.00000    0.000000000   -0.000000240   -0.000000405  255.938951  76234.0474
2022.00   15.0000    0.0000   15.0000  276.6430  276.6430  0.000000       0.00000       0.00000         230415.7344    0.000000    -0.00005     0.00000    0.000000000   -0.000000240   -0.000000405  255.894024  76112.0234
2034.00   15.0000    0.0000   15.0000  276.7210  276.7210  0.000000       0.00000       0.00000         230350.7865    0.000000    -0.00005     0.00000    0.000000000   -0.000000240   -0.000000404  255.849064  75990.1734
2046.00   15.0000    0.0000   15.0000  276.7990  276.7990  0.000000       0.00000       0.00000         230285.8753    0.000000    -0.00005     0.00000    0.000000000   -0.000000240   -0.000000404  255.804070  75868.4971
2058.00   15.0000    0.0000   15.0000  276.8770  276.8770  0.000000       0.00000       0.00000         230221.0007    0.000000    -0.00005     0.00000    0.000000000   -0.000000239   -0.000000403  255.759044  75746.9943
2070.00   15.0000    0.0000   15.0000  276.9550  276.9550  0.000000       0.00000       0.00000         230156.1626    0.000000    -0.00005     0.00000    0.000000000   -0.000000239   -0.000000403  255.713984  75625.6647
2082.00   15.0000    0.0000   15.0000  277.0330  277.0330  0.000000       0.00000       0.00000         230091.3610    0.000000    -0.00005     0.00000    0.000000000   -0.000000239   -0.000000402  255.668892  75504.5081
2094.00   15.0000    0.0000   15.0000  277.1110  277.1110  0.000000       0.00000       0.00000         230026.5958    0.000000    -0.00005     0.00000    0.000000000   -0.000000239   -0.000000402  255.623766  75383.5243
2106.00   15.0000    0.0000   15.0000  277.1890  277.1890  0.000000       0.00000       0.00000         229961.8672    0.000000    -0.00005     0.00000    0.000000000   -0.000000239   -0.000000401  255.578608  75262.7130
2118.00   15.0000    0.0000   15.0000  277.2670  277.2670  0.000000       0.00000       0.00000         229897.1749    0.000000    -0.00005     0.00000    0.000000000   -0.000000239   -0.000000401  255.533417  75142.0740
2130.00   15.0000    0.0000   15.0000  277.3450  277.3450  0.000000       0.00000       0.00000         229832.5191    0.000000    -0.00005     0.00000    0.000000000   -0.000000239   -0.000000400  255.488193  75021.6071
2142.00   15.0000    0.0000   15.0000  277.4230  277.4230  0.000000       0.00000       0.00000         229767.8996    0.000000    -0.00005     0.00000    0.000000000   -0.000000239   -0.000000400  255.442935  74901.3121
2154.00   15.0000    0.0000   15.0000  277.5010  277.5010  0.000000       0.00000       0.00000         229703.3164    0.000000    -0.00005     0.00000    0.000000000   -0.000000239   -0.000000400  255.397645  74781.1886
2166.00   15.0000    0.0000   15.0000  277.5790  277.5790  0.000000       0.00000       0.00000         229638.7695    0.000000    -0.00005     0.00000    0.000000000   -0.000000239   -0.000000399  255.352322  74661.2366
2178.00   15.0000    0.0000   15.0000  277.6570  277.6570  0.000000       0.00000       0.00000         229574.2589    0.000000    -0.00005     0.00000    0.000000000   -0.000000238   -0.000000399  255.306966  74541.4557
2190.00   15.0000    0.0000   15.0000  277.7350  277.7350  0.000000       0.00000       0.00000         229509.7845    0.000000    -0.00005     0.00000    0.000000000   -0.000000238   -0.000000398  255.261578  74421.8458
2202.00   15.0000    0.0000   15.0000  277.8130  277.8130  0.000000       0.00000       0.00000         229445.3463    0.000000    -0.00005     0.00000    0.000000000   -0.000000238   -0.000000398  255.216156  74302.4065
2214.00   15.0000    0.0000   15.0000  277.8910  277.8910  0.000000       0.00000       0.00000         229380.9443    0.000000    -0.00005     0.00000    0.000000000   -0.000000238   -0.000000397  255.170701  74183.1377
2226.00   15.0000    0.0000   15.0000  277.9690  277.9690  0.000000       0.00000       0.00000         229316.5785    0.000000    -0.00005     0.00000    0.000000000   -0.000000238   -0.000000397  255.125214  74064.0392
2238.00   15.0000    0.0000   15.0000  278.0470  278.0470  0.000000       0.00000       0.00000         229252.2487    0.000000    -0.00005     0.00000    0.000000000   -0.000000238   -0.000000396  255.079694  73945.1107
2250.00   15.0000    0.0000   15.0000  278.1250  278.1250  0.000000       0.00000       0.00000         229187.9551    0.000000    -0.00005     0.00000    0.000000000   -0.000000238   -0.000000396  255.034140  73826.3520
2262.00   15.0000    0.0000   15.0000  278.2030  278.2030  0.000000       0.00000       0.00000         229123.6974    0.000000    -0.00006     0.00000    0.000000000   -0.000000238   -0.000000395  254.988555  73707.7628
2274.00   15.0000    0.0000   15.0000  278.2810  278.2810  0.000000       0.00000       0.00000         229059.4759    0.000000    -0.00006     0.00000    0.000000000   -0.000000238   -0.000000395  254.942936  73589.3430
2286.00   15.0000    0.0000   15.0000  278.3590  278.3590  0.000000       0.00000       0.00000         228995.2903    0.000000    -0.00006     0.00000    0.000000000   -0.000000237   -0.000000394  254.897284  73471.0922
2298.00   15.0000    0.0000   15.0000  278.4370  278.4370  0.000000       0.00000       0.00000         228931.1406    0.000000    -0.00006     0.00000    0.000000000   -0.000000237   -0.000000394  254.851600  73353.0104
2310.00   15.0000    0.0000   15.0000  278.5150  278.5150  0.000000       0.00000       0.00000         228867.0269    0.000000    -0.00006     0.00000    0.000000000   -0.000000237   -0.000000393  254.805882  73235.0972
2322.00   15.0000    0.0000   15.0000  278.5930  278.5930  0.000000       0.00000       0.00000         228802.9491    0.000000    -0.00006     0.00000    0.000000000   -0.000000237   -0.000000393  254.760132  73117.3524
2334.00   15.0000    0.0000   15.0000  278.6710  278.6710  0.000000       0.00000       0.00000         228738.9072    0.000000    -0.00006     0.00000    0.000000000   -0.000000237   -0.000000392  254.714350  72999.7759
2346.00   15.0000    0.0000   15.0000  278.7490  278.7490  0.000000       0.00000       0.00000         228674.9011    0.000000    -0.00006     0.00000    0.000000000   -0.000000237   -0.000000392  254.668534  72882.3673
2358.00   15.0000    0.0000   15.0000  278.8270  278.8270  0.000000       0.00000       0.00000         228610.9308    0.000000    -0.00006     0.00000    0.000000000   -0.000000237   -0.000000391  254.622686  72765.1264
2370.00   15.0000    0.0000   15.0000  278.9050  278.9050  0.000000       0.00000       0.00000         228546.9963    0.000000    -0.00006     0.00000    0.000000000   -0.000000237   -0.000000391  254.576805  72648.0531
2382.00   15.0000    0.0000   15.0000  278.9830  278.9830  0.000000       0.00000       0.00000              0.0000    0.000000    -0.00006     0.00000    0.000000000    0.000000000    0.000000000  254.530891  72531.1471
2394.00   15.0000    0.0000   15.0000  279.0610  279.0610  0.000000       0.00000       0.00000              0.0000    0.000000     0.00000     0.00000    0.000000000    0.000000000    0.000000000  254.484944  72414.4082
