   0.00    0.0000    0.0000    0.0000  239.9737  239.9737  0.000000       0.00000       0.00000              0.0000    0.000000     0.00000     0.00000    0.000000000    0.000000000    0.000000000    0.000000      0.0000
   6.00    7.9050    3.4814    8.6376  241.4146  241.4146  0.000000       0.74499       0.74499              0.0000    0.000000     0.00000     0.00000   -0.000007996    0.000000000    0.000000000  241.326847  99872.7538
  18.00    8.9230    3.8553    9.7202  241.5107  241.5107  0.000000       2.36335       2.36335              0.0502    0.000000    -0.00000     0.00000   -0.000019036    0.000000000    0.000000000  241.276471  99660.8392
  30.00    9.5658    4.0501   10.3879  241.5734  241.5734  0.000000       2.31106       2.31106              0.0733    0.000000    -0.00000     0.00000   -0.000023253   -0.000000083   -0.000000115  241.222015  99491.6270
  42.00   10.1492    4.1911   10.9805  241.6323  241.6323  0.000000       2.55146       2.55146              0.0866    0.000000    -0.00000     0.00000   -0.000025406   -0.000000091   -0.000000123  241.163727  99322.6626
  54.00   10.6718    4.2862   11.5003  241.6871  241.6871  0.000000       2.54236       2.54236              0.1004    0.000000    -0.00000     0.00000   -0.000027091   -0.000000096   -0.000000128  241.101308  99153.9430
  66.00   11.1634    4.3466   11.9797  241.7408  241.7408  0.000000       2.50791       2.50791              0.1124    0.000000    -0.00000     0.00000   -0.000028519   -0.000000098   -0.000000129  241.037793  98985.4660
  78.00   11.6310    4.3763   12.4271  241.7943  241.7943  0.000000       2.41224       2.41224              0.1242    0.000000    -0.00000     0.00000   -0.000029830   -0.000000097   -0.000000128  240.974003  98817.2309
  90.00   12.0812    4.3779   12.8499  241.8484  241.8484  0.000000       2.28929       2.28929              0.1357    0.000000    -0.00000     0.00000   -0.000031091   -0.000000095   -0.000000126  240.910844  98649.2375
 102.00   12.5170    4.3524   13.2521  241.9038  241.9038  0.000000       2.14345       2.14345              0.1472    0.000000    -0.00000     0.00000   -0.000032353   -0.000000091   -0.000000122  240.848916  98481.4863
 114.00   12.9404    4.3003   13.6362  241.9611  241.9611  0.000000       1.98409       1.98409              0.1590    0.000000    -0.00000     0.00000   -0.000033637   -0.000000086   -0.000000118  240.788791  98313.9778
 126.00   13.3523    4.2218   14.0038  242.0207  242.0207  0.000000       1.81593       1.81593              0.1712    0.000000    -0.00000     0.00000   -0.000034971   -0.000000081   -0.000000112  240.731009  98146.7134
 138.00   13.7529    4.1163   14.3557  242.0832  242.0832  0.000000       1.64321       1.64321              0.1842    0.000000    -0.00000     0.00000   -0.000036376   -0.000000074   -0.000000105  240.676145  97979.6945
 150.00   14.1416    3.9834   14.6919  242.1494  242.1494  0.000000       1.46886       1.46886              0.1980    0.000000    -0.00000     0.00000   -0.000037886   -0.000000065   -0.000000097  240.624842  97812.9231
 162.00   14.5175    3.8221   15.0122  242.2200  242.2200  0.000000       1.29531       1.29531              0.2132    0.000000    -0.00000     0.00000   -0.000039528   -0.000000055   -0.000000087  240.577861  97646.4016
 174.00   14.8791    3.6315   15.3158  242.2959  242.2959  0.000000       1.12429       1.12429              0.2300    0.000000    -0.00000     0.00000   -0.000041330   -0.000000043   -0.000000076  240.536154  97480.1329
 186.00   15.2242    3.4101   15.6014  242.3784  242.3784  0.000000       0.95748       0.95748              0.2491    0.000000    -0.00001     0.00000   -0.000043363   -0.000000028   -0.000000061  240.500963  97314.1209
 198.00   15.5499    3.1562   15.8670  242.4693  242.4693  0.000000       0.79568       0.79568              0.2713    0.000000    -0.00001     0.00000   -0.000045630   -0.000000009   -0.000000042  240.474009  97148.3701
 210.00   15.8523    2.8675   16.1096  242.5710  242.5710  0.000000       0.64113       0.64113              0.2981    0.000000    -0.00001     0.00000   -0.000048263    0.000000018   -0.000000017  240.457780  96982.8869
 222.00   16.1261    2.5405   16.3250  242.6877  242.6877  0.000000       0.49217       0.49217              0.3321    0.000000    -0.00001     0.00000   -0.000051605    0.000000055    0.000000018  240.456346  96817.6794
 234.00   16.3618    2.1713   16.5052  242.8259  242.8259  0.000000       0.35766       0.35766              0.3768    0.000000    -0.00001     0.00000   -0.000055559    0.000000114    0.000000075  240.476092  96652.7597
 246.00   16.5460    1.7474   16.6380  243.0008  243.0008  0.000000       0.22193       0.22193              0.4477    0.000000    -0.00002     0.00000   -0.000061495    0.000000217    0.000000172  240.532211  96488.1468
 258.00   16.6393    1.2689   16.6876  243.2379  243.2379  0.000000       0.13104       0.13104              0.5507    0.000000    -0.00002     0.00000   -0.000075834    0.000000501    0.000000440  240.649753  96323.8735
 270.00   16.5231    0.6550   16.5361  243.6803  243.6803  0.000000       0.00876       0.00876              1.3599    0.000000     0.00000     0.00000   -0.000054070    0.000006611    0.000005172  240.970154  96160.0288
 282.00   15.2234   -0.0543   15.2235  248.5258  248.5258  0.000000       0.00079       0.00079              2.4484    0.000000    -0.00020     0.00000   -0.000154442    0.000010012    0.000010567  245.643699  95998.1239
 294.00   15.0018   -0.0019   15.0018  250.7794  250.7794  0.000000       0.00000       0.00000             65.6801    0.000000    -0.00013     0.00000   -0.000006207    0.000006462    0.000006371  247.753432  95838.7243
 306.00   15.0000   -0.0000   15.0000  252.2233  252.2233  0.000000       0.00000       0.00000         279768.6303    0.000000    -0.00008     0.00000   -0.000000000    0.000004417    0.000004295  249.062441  95680.6857
 318.00   15.0000   -0.0000   15.0000  253.1075  253.1075  0.000000       0.00000       0.00000        2675563.0689    0.000000    -0.00008     0.00000    0.000000000    0.000003275    0.000003107  249.818287  95523.5610
 330.00   15.0000   -0.0000   15.0000  253.8806  253.8806  0.000000       0.00000       0.00000        2279873.3586    0.000000    -0.00007     0.00000    0.000000000    0.000002880    0.000002722  250.464086  95367.1336
 342.00   15.0000   -0.0000   15.0000  254.5241  254.5241  0.000000       0.00000       0.00000        1945237.5679    0.000000    -0.00006     0.00000    0.000000000    0.000002503    0.000002347  250.981620  95211.3245
 354.00   15.0000   -0.0000   15.0000  255.0923  255.0923  0.000000       0.00000       0.00000        1721057.1526    0.000000    -0.00006     0.00000    0.000000000    0.000002245    0.000002092  251.424749  95056.0672
 366.00   15.0000    0.0000   15.0000  255.5985  255.5985  0.000000       0.00000       0.00000        1553458.4668    0.000000    -0.00005     0.00000    0.000000000    0.000002045    0.000001894  251.806447  94901.3170
 378.00   15.0000    0.0000   15.0000  256.0641  256.0641  0.000000       0.00000       0.00000        1416753.7766    0.000000    -0.00005     0.00000    0.000000000    0.000001874    0.000001726  252.147896  94747.0402
 390.00   15.0000    0.0000   15.0000  256.4864  256.4864  0.000000       0.00000       0.00000        1306382.9059    0.000000    -0.00005     0.00000    0.000000000    0.000001733    0.000001584  252.446534  94593.2096
 402.00   15.0000    0.0000   15.0000  256.8841  256.8841  0.000000       0.00000       0.00000        1213624.9963    0.000000    -0.00005     0.00000    0.000000000    0.000001609    0.000001462  252.720824  94439.8027
 414.00   15.0000    0.0000   15.0000  257.2494  257.2494  0.000000       0.00000       0.00000        1136703.0328    0.000000    -0.00005     0.00000    0.000000000    0.000001504    0.000001357  252.962970  94286.8009
 426.00   15.0000    0.0000   15.0000  257.5997  257.5997  0.000000       0.00000       0.00000        1074255.5404    0.000000    -0.00004     0.00000    0.000000000    0.000001418    0.000001272  253.190355  94134.1886
 438.00   15.0000    0.0000   15.0000  257.9266  257.9266  0.000000       0.00000       0.00000        1017140.0865    0.000000    -0.00004     0.00000    0.000000000    0.000001336    0.000001190  253.394441  93981.9530
 450.00   15.0000    0.0000   15.0000  258.2418  258.2418  0.000000       0.00000       0.00000         968299.1444    0.000000    -0.00004     0.00000    0.000000000    0.000001265    0.000001119  253.586939  93830.0824
 462.00   15.0000    0.0000   15.0000  258.5386  258.5386  0.000000       0.00000       0.00000         921358.2541    0.000000    -0.00004     0.00000    0.000000000    0.000001193    0.000001047  253.761195  93678.5668
 474.00   15.0000    0.0000   15.0000  258.8248  258.8248  0.000000       0.00000       0.00000         882823.7915    0.000000    -0.00004     0.00000    0.000000000    0.000001134    0.000000988  253.924952  93527.3964
 486.00   15.0000    0.0000   15.0000  259.0978  259.0978  0.000000       0.00000       0.00000         846185.9282    0.000000    -0.00004     0.00000    0.000000000    0.000001076    0.000000930  254.075631  93376.5634
 498.00   15.0000    0.0000   15.0000  259.3613  259.3613  0.000000       0.00000       0.00000         814610.3025    0.000000    -0.00004     0.00000    0.000000000    0.000001026    0.000000880  254.216931  93226.0600
 510.00   15.0000    0.0000   15.0000  259.6148  259.6148  0.000000       0.00000       0.00000         785662.2149    0.000000    -0.00004     0.00000    0.000000000    0.000000979    0.000000832  254.348258  93075.8797
 522.00   15.0000    0.0000   15.0000  259.8605  259.8605  0.000000       0.00000       0.00000         759290.9794    0.000000    -0.00004     0.00000    0.000000000    0.000000935    0.000000788  254.471800  92926.0164
 534.00   15.0000    0.0000   15.0000  260.0977  260.0977  0.000000       0.00000       0.00000         735436.6950    0.000000    -0.00004     0.00000    0.000000000    0.000000895    0.000000748  254.586941  92776.4645
 546.00   15.0000    0.0000   15.0000  260.3287  260.3287  0.000000       0.00000       0.00000         713939.9189    0.000000    -0.00004     0.00000    0.000000000    0.000000858    0.000000711  254.695834  92627.2189
 558.00   15.0000    0.0000   15.0000  260.5526  260.5526  0.000000       0.00000       0.00000         695192.8538    0.000000    -0.00004     0.00000    0.000000000    0.000000826    0.000000678  254.797772  92478.2749
 570.00   15.0000    0.0000   15.0000  260.7720  260.7720  0.000000       0.00000       0.00000         675734.0853    0.000000    -0.00004     0.00000    0.000000000    0.000000792    0.000000643  254.895153  92329.6286
 582.00   15.0000    0.0000   15.0000  260.9838  260.9838  0.000000       0.00000       0.00000         656920.4263    0.000000    -0.00004     0.00000    0.000000000    0.000000757    0.000000609  254.985118  92181.2758
 594.00   15.0000    0.0000   15.0000  261.1915  261.1915  0.000000       0.00000       0.00000         639900.4419    0.000000    -0.00004     0.00000    0.000000000    0.000000726    0.000000577  255.070906  92033.2122
 606.00   15.0000    0.0000   15.0000  261.3929  261.3929  0.000000       0.00000       0.00000         623709.3176    0.000000    -0.00004     0.00000    0.000000000    0.000000696    0.000000547  255.150385  91885.4344
 618.00   15.0000    0.0000   15.0000  261.5905  261.5905  0.000000       0.00000       0.00000         609602.0777    0.000000    -0.00004     0.00000    0.000000000    0.000000669    0.000000520  255.226187  91737.9387
 630.00   15.0000    0.0000   15.0000  261.7831  261.7831  0.000000       0.00000       0.00000         595801.6041    0.000000    -0.00004     0.00000    0.000000000    0.000000643    0.000000493  255.296970  91590.7220
 642.00   15.0000    0.0000   15.0000  261.9723  261.9723  0.000000       0.00000       0.00000         583867.1492    0.000000    -0.00004     0.00000    0.000000000    0.000000620    0.000000470  255.364255  91443.7812
 654.00   15.0000    0.0000   15.0000  262.1575  262.1575  0.000000       0.00000       0.00000         572457.7079    0.000000    -0.00004     0.00000    0.000000000    0.000000598    0.000000448  255.427678  91297.1137
 666.00   15.0000    0.0000   15.0000  262.3395  262.3395  0.000000       0.00000       0.00000         562474.9323    0.000000    -0.00004     0.00000    0.000000000    0.000000579    0.000000428  255.487921  91150.7169
 678.00   15.0000    0.0000   15.0000  262.5186  262.5186  0.000000       0.00000       0.00000         553294.6764    0.000000    -0.00004     0.00000    0.000000000    0.000000561    0.000000410  255.545186  91004.5884
 690.00   15.0000    0.0000   15.0000  262.6950  262.6950  0.000000       0.00000       0.00000         545306.5573    0.000000    -0.00004     0.00000    0.000000000    0.000000546    0.000000394  255.599766  90858.7261
 702.00   15.0000    0.0000   15.0000  262.8692  262.8692  0.000000       0.00000       0.00000         538568.0437    0.000000    -0.00004     0.00000    0.000000000    0.000000533    0.000000381  255.652109  90713.1279
 714.00   15.0000    0.0000   15.0000  263.0415  263.0415  0.000000       0.00000       0.00000         532923.1214    0.000000    -0.00004     0.00000    0.000000000    0.000000523    0.000000370  255.702543  90567.7923
 726.00   15.0000    0.0000   15.0000  263.2123  263.2123  0.000000       0.00000       0.00000         528156.0772    0.000000    -0.00004     0.00000    0.000000000    0.000000515    0.000000361  255.751419  90422.7177
 738.00   15.0000    0.0000   15.0000  263.3817  263.3817  0.000000       0.00000       0.00000         524387.4412    0.000000    -0.00004     0.00000    0.000000000    0.000000509    0.000000354  255.798933  90277.9028
 750.00   15.0000    0.0000   15.0000  263.5503  263.5503  0.000000       0.00000       0.00000         521549.1475    0.000000    -0.00004     0.00000    0.000000000    0.000000505    0.000000350  255.845511  90133.3463
 762.00   15.0000    0.0000   15.0000  263.7181  263.7181  0.000000       0.00000       0.00000         520055.3132    0.000000    -0.00004     0.00000    0.000000000    0.000000504    0.000000348  255.891308  89989.0474
 774.00   15.0000    0.0000   15.0000  263.8859  263.8859  0.000000       0.00000       0.00000         519756.2291    0.000000    -0.00004     0.00000    0.000000000    0.000000506    0.000000349  255.937009  89845.0052
 786.00   15.0000    0.0000   15.0000  264.0538  264.0538  0.000000       0.00000       0.00000         520321.0720    0.000000    -0.00004     0.00000    0.000000000    0.000000510    0.000000353  255.982676  89701.2192
 798.00   15.0000    0.0000   15.0000  264.2222  264.2222  0.000000       0.00000       0.00000         521408.1101    0.000000    -0.00004     0.00000    0.000000000    0.000000516    0.000000358  256.028789  89557.6890
 810.00   15.0000    0.0000   15.0000  264.3909  264.3909  0.000000       0.00000       0.00000         523656.3765    0.000000    -0.00004     0.00000    0.000000000    0.000000524    0.000000365  256.075196  89414.4144
 822.00   15.0000    0.0000   15.0000  264.5610  264.5610  0.000000       0.00000       0.00000         528081.8073    0.000000    -0.00004     0.00000    0.000000000    0.000000538    0.000000378  256.122777  89271.3952
 834.00   15.0000    0.0000   15.0000  264.7329  264.7329  0.000000       0.00000       0.00000         535122.9540    0.000000    -0.00005     0.00000    0.000000000    0.000000559    0.000000398  256.172019  89128.6317
 846.00   15.0000    0.0000   15.0000  264.9077  264.9077  0.000000       0.00000       0.00000         545241.6906    0.000000    -0.00005     0.00000    0.000000000    0.000000588    0.000000425  256.224078  88986.1247
 858.00   15.0000    0.0000   15.0000  265.0863  265.0863  0.000000       0.00000       0.00000         557695.8576    0.000000    -0.00005     0.00000    0.000000000    0.000000624    0.000000459  256.279733  88843.8754
 870.00   15.0000    0.0000   15.0000  265.2695  265.2695  0.000000       0.00000       0.00000         577258.7557    0.000000    -0.00005     0.00000    0.000000000    0.000000678    0.000000511  256.339677  88701.8855
 882.00   15.0000    0.0000   15.0000  265.4611  265.4611  0.000000       0.00000       0.00000         595348.1391    0.000000    -0.00005     0.00000    0.000000000    0.000000730    0.000000561  256.407686  88560.1579
 894.00   15.0000    0.0000   15.0000  265.6563  265.6563  0.000000       0.00000       0.00000         631726.3149    0.000000    -0.00006     0.00000    0.000000000    0.000000831    0.000000658  256.479078  88418.6952
 906.00   15.0000    0.0000   15.0000  265.8718  265.8718  0.000000       0.00000       0.00000         651203.2611    0.000000    -0.00006     0.00000    0.000000000    0.000000889    0.000000714  256.570022  88277.5031
 918.00   15.0000    0.0000   15.0000  266.0800  266.0800  0.000000       0.00000       0.00000         728962.3565    0.000000    -0.00008     0.00000    0.000000000    0.000001105    0.000000921  256.653791  88136.5844
 930.00   15.0000    0.0000   15.0000  266.3465  266.3465  0.000000       0.00000       0.00000         736886.1960    0.000000    -0.00006     0.00000    0.000000000    0.000001136    0.000000955  256.793695  87995.9518
 942.00   15.0000    0.0000   15.0000  266.5603  266.5603  0.000000       0.00000       0.00000         929220.9042    0.000000    -0.00012     0.00000    0.000000000    0.000001679    0.000001472  256.882718  87855.6062
 954.00   15.0000    0.0000   15.0000  266.9527  266.9527  0.000000       0.00000       0.00000         891365.4052    0.000000    -0.00006     0.00000    0.000000000    0.000001590    0.000001404  257.143648  87715.5797
 966.00   15.0000    0.0000   15.0000  267.1427  267.1427  0.000000       0.00000       0.00000        1370154.6563    0.000000    -0.00021     0.00000    0.000000000    0.000003000    0.000002717  257.209525  87575.8653
 978.00   15.0000    0.0000   15.0000  267.8485  267.8485  0.000000       0.00000       0.00000        1264573.1433    0.000000    -0.00004     0.00000    0.000000000    0.000002721    0.000002547  257.771828  87436.5431
 990.00   15.0000    0.0000   15.0000  267.9716  267.9716  0.000000       0.00000       0.00000        3300476.3284    0.000000    -0.00063     0.00000    0.000000000    0.000009343    0.000008367  257.773224  87297.5948
1002.00   15.0000    0.0000   15.0000  270.0130  270.0130  0.000000       0.00000       0.00000        3207199.2127    0.000000    -0.00002     0.00000    0.000000000    0.000009127    0.000009392  259.619348  87159.3601
1014.00   15.0000    0.0000   15.0000  270.0910  270.0910  0.000000       0.00000       0.00000         236005.2723    0.000000    -0.00002     0.00000    0.000000000   -0.000000242   -0.000000438  259.577235  87021.8256
1026.00   15.0000    0.0000   15.0000  270.1690  270.1690  0.000000       0.00000       0.00000         235937.1356    0.000000    -0.00002     0.00000    0.000000000   -0.000000242   -0.000000438  259.535088  86884.4859
1038.00   15.0000    0.0000   15.0000  270.2470  270.2470  0.000000       0.00000       0.00000         235869.0383    0.000000    -0.00003     0.00000    0.000000000   -0.000000242   -0.000000437  259.492908  86747.3407
1050.00   15.0000    0.0000   15.0000  270.3250  270.3250  0.000000       0.00000       0.00000         235800.9803    0.000000    -0.00003     0.00000    0.000000000   -0.000000242   -0.000000437  259.450693  86610.3898
1062.00   15.0000    0.0000   15.0000  270.4030  270.4030  0.000000       0.00000       0.00000         235732.9615    0.000000    -0.00003     0.00000    0.000000000   -0.000000242   -0.000000437  259.408445  86473.6328
1074.00   15.0000    0.0000   15.0000  270.4810  270.4810  0.000000       0.00000       0.00000         235664.9820    0.000000    -0.00003     0.00000    0.000000000   -0.000000242   -0.000000436  259.366163  86337.0695
1086.00   15.0000    0.0000   15.0000  270.5590  270.5590  0.000000       0.00000       0.00000         235597.0417    0.000000    -0.00003     0.00000    0.000000000   -0.000000242   -0.000000436  259.323847  86200.6996
1098.00   15.0000    0.0000   15.0000  270.6370  270.6370  0.000000       0.00000       0.00000         235529.1405    0.000000    -0.00003     0.00000    0.000000000   -0.000000242   -0.000000436  259.281497  86064.5229
1110.00   15.0000    0.0000   15.0000  270.7150  270.7150  0.000000       0.00000       0.00000         235461.2785    0.000000    -0.00003     0.00000    0.000000000   -0.000000242   -0.000000435  259.239114  85928.5392
1122.00   15.0000    0.0000   15.0000  270.7930  270.7930  0.000000       0.00000       0.00000         235393.4555    0.000000    -0.00003     0.00000    0.000000000   -0.000000242   -0.000000435  259.196697  85792.7481
1134.00   15.0000    0.0000   15.0000  270.8710  270.8710  0.000000       0.00000       0.00000         235325.6716    0.000000    -0.00003     0.00000    0.000000000   -0.000000242   -0.000000435  259.154246  85657.1495
1146.00   15.0000    0.0000   15.0000  270.9490  270.9490  0.000000       0.00000       0.00000         235257.9268    0.000000    -0.00003     0.00000    0.000000000   -0.000000242   -0.000000434  259.111761  85521.7430
1158.00   15.0000    0.0000   15.0000  271.0270  271.0270  0.000000       0.00000       0.00000         235190.2209    0.000000    -0.00003     0.00000    0.000000000   -0.000000242   -0.000000434  259.069243  85386.5283
1170.00   15.0000    0.0000   15.0000  271.1050  271.1050  0.000000       0.00000       0.00000         235122.5540    0.000000    -0.00003     0.00000    0.000000000   -0.000000242   -0.000000434  259.026691  85251.5053
1182.00   15.0000    0.0000   15.0000  271.1830  271.1830  0.000000       0.00000       0.00000         235054.9260    0.000000    -0.00003     0.00000    0.000000000   -0.000000242   -0.000000433  258.984105  85116.6737
1194.00   15.0000    0.0000   15.0000  271.2610  271.2610  0.000000       0.00000       0.00000         234987.3369    0.000000    -0.00003     0.00000    0.000000000   -0.000000242   -0.000000433  258.941486  84982.0332
1206.00   15.0000    0.0000   15.0000  271.3390  271.3390  0.000000       0.00000       0.00000         234919.7867    0.000000    -0.00003     0.00000    0.000000000   -0.000000242   -0.000000433  258.898833  84847.5836
1218.00   15.0000    0.0000   15.0000  271.4170  271.4170  0.000000       0.00000       0.00000         234852.2753    0.000000    -0.00003     0.00000    0.000000000   -0.000000242   -0.000000432  258.856146  84713.3245
1230.00   15.0000    0.0000   15.0000  271.4950  271.4950  0.000000       0.00000       0.00000         234784.8027    0.000000    -0.00003     0.00000    0.000000000   -0.000000242   -0.000000432  258.813426  84579.2559
1242.00   15.0000    0.0000   15.0000  271.5730  271.5730  0.000000       0.00000       0.00000         234717.3688    0.000000    -0.00003     0.00000    0.000000000   -0.000000242   -0.000000432  258.770672  84445.3773
1254.00   15.0000    0.0000   15.0000  271.6510  271.6510  0.000000       0.00000       0.00000         234649.9737    0.000000    -0.00003     0.00000    0.000000000   -0.000000243   -0.000000431  258.727885  84311.6885
1266.00   15.0000    0.0000   15.0000  271.7290  271.7290  0.000000       0.00000       0.00000         234582.6172    0.000000    -0.00003     0.00000    0.000000000   -0.000000243   -0.000000431  258.685063  84178.1893
1278.00   15.0000    0.0000   15.0000  271.8070  271.8070  0.000000       0.00000       0.00000         234515.2995    0.000000    -0.00003     0.00000    0.000000000   -0.000000243   -0.000000431  258.642209  84044.8795
1290.00   15.0000    0.0000   15.0000  271.8850  271.8850  0.000000       0.00000       0.00000         234448.0203    0.000000    -0.00003     0.00000    0.000000000   -0.000000243   -0.000000430  258.599320  83911.7587
1302.00   15.0000    0.0000   15.0000  271.9630  271.9630  0.000000       0.00000       0.00000         234380.7797    0.000000    -0.00003     0.00000    0.000000000   -0.000000243   -0.000000430  258.556398  83778.8267
1314.00   15.0000    0.0000   15.0000  272.0410  272.0410  0.000000       0.00000       0.00000         234313.5777    0.000000    -0.00003     0.00000    0.000000000   -0.000000243   -0.000000429  258.513443  83646.0833
1326.00   15.0000    0.0000   15.0000  272.1190  272.1190  0.000000       0.00000       0.00000         234246.4143    0.000000    -0.00003     0.00000    0.000000000   -0.000000243   -0.000000429  258.470453  83513.5282
1338.00   15.0000    0.0000   15.0000  272.1970  272.1970  0.000000       0.00000       0.00000         234179.2893    0.000000    -0.00003     0.00000    0.000000000   -0.000000243   -0.000000429  258.427431  83381.1612
1350.00   15.0000    0.0000   15.0000  272.2750  272.2750  0.000000       0.00000       0.00000         234112.2027    0.000000    -0.00003     0.00000    0.000000000   -0.000000243   -0.000000428  258.384374  83248.9820
1362.00   15.0000    0.0000   15.0000  272.3530  272.3530  0.000000       0.00000       0.00000         234045.1546    0.000000    -0.00003     0.00000    0.000000000   -0.000000243   -0.000000428  258.341285  83116.9903
1374.00   15.0000    0.0000   15.0000  272.4310  272.4310  0.000000       0.00000       0.00000         233978.1449    0.000000    -0.00003     0.00000    0.000000000   -0.000000243   -0.000000428  258.298161  82985.1859
1386.00   15.0000    0.0000   15.0000  272.5090  272.5090  0.000000       0.00000       0.00000         233911.1736    0.000000    -0.00003     0.00000    0.000000000   -0.000000243   -0.000000427  258.255004  82853.5686
1398.00   15.0000    0.0000   15.0000  272.5870  272.5870  0.000000       0.00000       0.00000         233844.2406    0.000000    -0.00003     0.00000    0.000000000   -0.000000243   -0.000000427  258.211814  82722.1380
1410.00   15.0000    0.0000   15.0000  272.6650  272.6650  0.000000       0.00000       0.00000         233777.3458    0.000000    -0.00003     0.00000    0.000000000   -0.000000242   -0.000000426  258.168590  82590.8941
1422.00   15.0000    0.0000   15.0000  272.7430  272.7430  0.000000       0.00000       0.00000         233710.4894    0.000000    -0.00003     0.00000    0.000000000   -0.000000242   -0.000000426  258.125333  82459.8364
1434.00   15.0000    0.0000   15.0000  272.8210  272.8210  0.000000       0.00000       0.00000         233643.6711    0.000000    -0.00003     0.00000    0.000000000   -0.000000242   -0.000000426  258.082042  82328.9647
1446.00   15.0000    0.0000   15.0000  272.8990  272.8990  0.000000       0.00000       0.00000         233576.8911    0.000000    -0.00004     0.00000    0.000000000   -0.000000242   -0.000000425  258.038717  82198.2789
1458.00   15.0000    0.0000   15.0000  272.9770  272.9770  0.000000       0.00000       0.00000         233510.1492    0.000000    -0.00004     0.00000    0.000000000   -0.000000242   -0.000000425  257.995360  82067.7786
1470.00   15.0000    0.0000   15.0000  273.0550  273.0550  0.000000       0.00000       0.00000         233443.4455    0.000000    -0.00004     0.00000    0.000000000   -0.000000242   -0.000000425  257.951968  81937.4636
1482.00   15.0000    0.0000   15.0000  273.1330  273.1330  0.000000       0.00000       0.00000         233376.7798    0.000000    -0.00004     0.00000    0.000000000   -0.000000242   -0.000000424  257.908544  81807.3336
1494.00   15.0000    0.0000   15.0000  273.2110  273.2110  0.000000       0.00000       0.00000         233310.1522    0.000000    -0.00004     0.00000    0.000000000   -0.000000242   -0.000000424  257.865085  81677.3884
1506.00   15.0000    0.0000   15.0000  273.2890  273.2890  0.000000       0.00000       0.00000         233243.5627    0.000000    -0.00004     0.00000    0.000000000   -0.000000242   -0.000000423  257.821594  81547.6278
1518.00   15.0000    0.0000   15.0000  273.3670  273.3670  0.000000       0.00000       0.00000         233177.0111    0.000000    -0.00004     0.00000    0.000000000   -0.000000242   -0.000000423  257.778069  81418.0515
1530.00   15.0000    0.0000   15.0000  273.4450  273.4450  0.000000       0.00000       0.00000         233110.4975    0.000000    -0.00004     0.00000    0.000000000   -0.000000242   -0.000000423  257.734510  81288.6593
1542.00   15.0000    0.0000   15.0000  273.5230  273.5230  0.000000       0.00000       0.00000         233044.0219    0.000000    -0.00004     0.00000    0.000000000   -0.000000242   -0.000000422  257.690918  81159.4508
1554.00   15.0000    0.0000   15.0000  273.6010  273.6010  0.000000       0.00000       0.00000         232977.5841    0.000000    -0.00004     0.00000    0.000000000   -0.000000242   -0.000000422  257.647293  81030.4259
1566.00   15.0000    0.0000   15.0000  273.6790  273.6790  0.000000       0.00000       0.00000         232911.1843    0.000000    -0.00004     0.00000    0.000000000   -0.000000242   -0.000000421  257.603635  80901.5844
1578.00   15.0000    0.0000   15.0000  273.7570  273.7570  0.000000       0.00000       0.00000         232844.8222    0.000000    -0.00004     0.00000    0.000000000   -0.000000242   -0.000000421  257.559943  80772.9259
1590.00   15.0000    0.0000   15.0000  273.8350  273.8350  0.000000       0.00000       0.00000         232778.4980    0.000000    -0.00004     0.00000    0.000000000   -0.000000242   -0.000000421  257.516217  80644.4502
1602.00   15.0000    0.0000   15.0000  273.9130  273.9130  0.000000       0.00000       0.00000         232712.2115    0.000000    -0.00004     0.00000    0.000000000   -0.000000242   -0.000000420  257.472459  80516.1571
1614.00   15.0000    0.0000   15.0000  273.9910  273.9910  0.000000       0.00000       0.00000         232645.9628    0.000000    -0.00004     0.00000    0.000000000   -0.000000242   -0.000000420  257.428667  80388.0463
1626.00   15.0000    0.0000   15.0000  274.0690  274.0690  0.000000       0.00000       0.00000         232579.7518    0.000000    -0.00004     0.00000    0.000000000   -0.000000242   -0.000000419  257.384841  80260.1177
1638.00   15.0000    0.0000   15.0000  274.1470  274.1470  0.000000       0.00000       0.00000         232513.5785    0.000000    -0.00004     0.00000    0.000000000   -0.000000242   -0.000000419  257.340982  80132.3708
1650.00   15.0000    0.0000   15.0000  274.2250  274.2250  0.000000       0.00000       0.00000         232447.4428    0.000000    -0.00004     0.00000    0.000000000   -0.000000242   -0.000000419  257.297090  80004.8056
1662.00   15.0000    0.0000   15.0000  274.3030  274.3030  0.000000       0.00000       0.00000         232381.3447    0.000000    -0.00004     0.00000    0.000000000   -0.000000242   -0.000000418  257.253165  79877.4217
1674.00   15.0000    0.0000   15.0000  274.3810  274.3810  0.000000       0.00000       0.00000         232315.2842    0.000000    -0.00004     0.00000    0.000000000   -0.000000242   -0.000000418  257.209206  79750.2189
1686.00   15.0000    0.0000   15.0000  274.4590  274.4590  0.000000       0.00000       0.00000         232249.2613    0.000000    -0.00004     0.00000    0.000000000   -0.000000242   -0.000000417  257.165215  79623.1970
1698.00   15.0000    0.0000   15.0000  274.5370  274.5370  0.000000       0.00000       0.00000         232183.2758    0.000000    -0.00004     0.00000    0.000000000   -0.000000242   -0.000000417  257.121189  79496.3558
1710.00   15.0000    0.0000   15.0000  274.6150  274.6150  0.000000       0.00000       0.00000         232117.3279    0.000000    -0.00004     0.00000    0.000000000   -0.000000242   -0.000000416  257.077131  79369.6949
1722.00   15.0000    0.0000   15.0000  274.6930  274.6930  0.000000       0.00000       0.00000         232051.4174    0.000000    -0.00004     0.00000    0.000000000   -0.000000242   -0.000000416  257.033039  79243.2142
1734.00   15.0000    0.0000   15.0000  274.7710  274.7710  0.000000       0.00000       0.00000         231985.5443    0.000000    -0.00004     0.00000    0.000000000   -0.000000242   -0.000000416  256.988914  79116.9133
1746.00   15.0000    0.0000   15.0000  274.8490  274.8490  0.000000       0.00000       0.00000         231919.7086    0.000000    -0.00004     0.00000    0.000000000   -0.000000242   -0.000000415  256.944756  78990.7921
1758.00   15.0000    0.0000   15.0000  274.9270  274.9270  0.000000       0.00000       0.00000         231853.9103    0.000000    -0.00004     0.00000    0.000000000   -0.000000242   -0.000000415  256.900565  78864.8504
1770.00   15.0000    0.0000   15.0000  275.0050  275.0050  0.000000       0.00000       0.00000         231788.1493    0.000000    -0.00004     0.00000    0.000000000   -0.000000241   -0.000000414  256.856340  78739.0878
1782.00   15.0000    0.0000   15.0000  275.0830  275.0830  0.000000       0.00000       0.00000         231722.4256    0.000000    -0.00004     0.00000    0.000000000   -0.000000241   -0.000000414  256.812082  78613.5041
1794.00   15.0000    0.0000   15.0000  275.1610  275.1610  0.000000       0.00000       0.00000         231656.7391    0.000000    -0.00004     0.00000    0.000000000   -0.000000241   -0.000000414  256.767791  78488.0992
1806.00   15.0000    0.0000   15.0000  275.2390  275.2390  0.000000       0.00000       0.00000         231591.0899    0.000000    -0.00004     0.00000    0.000000000   -0.000000241   -0.000000413  256.723467  78362.8727
1818.00   15.0000    0.0000   15.0000  275.3170  275.3170  0.000000       0.00000       0.00000         231525.4779    0.000000    -0.00004     0.00000    0.000000000   -0.000000241   -0.000000413  256.679109  78237.8244
1830.00   15.0000    0.0000   15.0000  275.3950  275.3950  0.000000       0.00000       0.00000         231459.9030    0.000000    -0.00004     0.00000    0.000000000   -0.000000241   -0.000000412  256.634719  78112.9541
1842.00   15.0000    0.0000   15.0000  275.4730  275.4730  0.000000       0.00000       0.00000         231394.3653    0.000000    -0.00004     0.00000    0.000000000   -0.000000241   -0.000000412  256.590295  77988.2615
1854.00   15.0000    0.0000   15.0000  275.5510  275.5510  0.000000       0.00000       0.00000         231328.8647    0.000000    -0.00005     0.00000    0.000000000   -0.000000241   -0.000000411  256.545838  77863.7465
1866.00   15.0000    0.0000   15.0000  275.6290  275.6290  0.000000       0.00000       0.00000         231263.4012    0.000000    -0.00005     0.00000    0.000000000   -0.000000241   -0.000000411  256.501348  77739.4087
1878.00   15.0000    0.0000   15.0000  275.7070  275.7070  0.000000       0.00000       0.00000         231197.9747    0.000000    -0.00005     0.00000    0.000000000   -0.000000241   -0.000000411  256.456825  77615.2479
1890.00   15.0000    0.0000   15.0000  275.7850  275.7850  0.000000       0.00000       0.00000         231132.5852    0.000000    -0.00005     0.00000    0.000000000   -0.000000241   -0.000000410  256.412268  77491.2639
1902.00   15.0000    0.0000   15.0000  275.8630  275.8630  0.000000       0.00000       0.00000         231067.2326    0.000000    -0.00005     0.00000    0.000000000   -0.000000241   -0.000000410  256.367679  77367.4565
1914.00   15.0000    0.0000   15.0000  275.9410  275.9410  0.000000       0.00000       0.00000         231001.9171    0.000000    -0.00005     0.00000    0.000000000   -0.000000241   -0.000000409  256.323056  77243.8254
1926.00   15.0000    0.0000   15.0000  276.0190  276.0190  0.000000       0.00000       0.00000         230936.6384    0.000000    -0.00005     0.00000    0.000000000   -0.000000241   -0.000000409  256.278401  77120.3703
1938.00   15.0000    0.0000   15.0000  276.0970  276.0970  0.000000       0.00000       0.00000         230871.3966    0.000000    -0.00005     0.00000    0.000000000   -0.000000241   -0.000000408  256.233712  76997.0912
1950.00   15.0000    0.0000   15.0000  276.1750  276.1750  0.000000       0.00000       0.00000         230806.1917    0.000000    -0.00005     0.00000    0.000000000   -0.000000240   -0.000000408  256.188990  76873.9876
1962.00   15.0000    0.0000   15.0000  276.2530  276.2530  0.000000       0.00000       0.00000         230741.0236    0.000000    -0.00005     0.00000    0.000000000   -0.000000240   -0.000000407  256.144235  76751.0593
1974.00   15.0000    0.0000   15.0000  276.3310  276.3310  0.000000       0.00000       0.00000         230675.8923    0.000000    -0.00005     0.00000    0.000000000   -0.000000240   -0.000000407  256.099447  76628.3063
1986.00   15.0000    0.0000   15.0000  276.4090  276.4090  0.000000       0.00000       0.00000         230610.7978    0.000000    -0.00005     0.00000    0.000000000   -0.000000240   -0.000000407  256.054626  76505.7281
1998.00   15.0000    0.0000   15.0000  276.4870  276.4870  0.000000       0.00000       0.00000         230545.7399    0.000000    -0.00005     0.00000    0.000000000   -0.000000240   -0.000000406  256.009772  76383.3246
2010.00   15.0000    0.0000   15.0000  276.5650  276.5650  0.000000       0.00000       0.00000         230480.7188    0.000000    -0.00005     0.00000    0.000000000   -0.000000240   -0.000000406  255.964885  76261.0955
2022.00   15.0000    0.0000   15.0000  276.6430  276.6430  0.000000       0.00000       0.00000         230415.7344    0.000000    -0.00005     0.00000    0.000000000   -0.000000240   -0.000000405  255.919965  76139.0406
2034.00   15.0000    0.0000   15.0000  276.7210  276.7210  0.000000       0.00000       0.00000         230350.7865    0.000000    -0.00005     0.00000    0.000000000   -0.000000240   -0.000000405  255.875012  76017.1597
2046.00   15.0000    0.0000   15.0000  276.7990  276.7990  0.000000       0.00000       0.00000         230285.8753    0.000000    -0.00005     0.00000    0.000000000   -0.000000240   -0.000000404  255.830026  75895.4525
2058.00   15.0000    0.0000   15.0000  276.8770  276.8770  0.000000       0.00000       0.00000         230221.0007    0.000000    -0.00005     0.00000    0.000000000   -0.000000240   -0.000000404  255.785006  75773.9188
2070.00   15.0000    0.0000   15.0000  276.9550  276.9550  0.000000       0.00000       0.00000         230156.1626    0.000000    -0.00005     0.00000    0.000000000   -0.000000240   -0.000000403  255.739954  75652.5584
2082.00   15.0000    0.0000   15.0000  277.0330  277.0330  0.000000       0.00000       0.00000         230091.3610    0.000000    -0.00005     0.00000    0.000000000   -0.000000240   -0.000000403  255.694869  75531.3710
2094.00   15.0000    0.0000   15.0000  277.1110  277.1110  0.000000       0.00000       0.00000         230026.5958    0.000000    -0.00005     0.00000    0.000000000   -0.000000239   -0.000000402  255.649751  75410.3565
2106.00   15.0000    0.0000   15.0000  277.1890  277.1890  0.000000       0.00000       0.00000         229961.8672    0.000000    -0.00005     0.00000    0.000000000   -0.000000239   -0.000000402  255.604600  75289.5144
2118.00   15.0000    0.0000   15.0000  277.2670  277.2670  0.000000       0.00000       0.00000         229897.1749    0.000000    -0.00005     0.00000    0.000000000   -0.000000239   -0.000000402  255.559416  75168.8448
2130.00   15.0000    0.0000   15.0000  277.3450  277.3450  0.000000       0.00000       0.00000         229832.5191    0.000000    -0.00005     0.00000    0.000000000   -0.000000239   -0.000000401  255.514199  75048.3472
2142.00   15.0000    0.0000   15.0000  277.4230  277.4230  0.000000       0.00000       0.00000         229767.8996    0.000000    -0.00005     0.00000    0.000000000   -0.000000239   -0.000000401  255.468949  74928.0215
2154.00   15.0000    0.0000   15.0000  277.5010  277.5010  0.000000       0.00000       0.00000         229703.3164    0.000000    -0.00005     0.00000    0.000000000   -0.000000239   -0.000000400  255.423667  74807.8675
2166.00   15.0000    0.0000   15.0000  277.5790  277.5790  0.000000       0.00000       0.00000         229638.7695    0.000000    -0.00005     0.00000    0.000000000   -0.000000239   -0.000000400  255.378351  74687.8849
2178.00   15.0000    0.0000   15.0000  277.6570  277.6570  0.000000       0.00000       0.00000         229574.2589    0.000000    -0.00005     0.00000    0.000000000   -0.000000239   -0.000000399  255.333002  74568.0735
2190.00   15.0000    0.0000   15.0000  277.7350  277.7350  0.000000       0.00000       0.00000         229509.7845    0.000000    -0.00005     0.00000    0.000000000   -0.000000239   -0.000000399  255.287621  74448.4330
2202.00   15.0000    0.0000   15.0000  277.8130  277.8130  0.000000       0.00000       0.00000         229445.3463    0.000000    -0.00005     0.00000    0.000000000   -0.000000239   -0.000000398  255.242206  74328.9633
2214.00   15.0000    0.0000   15.0000  277.8910  277.8910  0.000000       0.00000       0.00000         229380.9443    0.000000    -0.00005     0.00000    0.000000000   -0.000000238   -0.000000398  255.196759  74209.6640
2226.00   15.0000    0.0000   15.0000  277.9690  277.9690  0.000000       0.00000       0.00000         229316.5785    0.000000    -0.00005     0.00000    0.000000000   -0.000000238   -0.000000397  255.151279  74090.5351
2238.00   15.0000    0.0000   15.0000  278.0470  278.0470  0.000000       0.00000       0.00000         229252.2487    0.000000    -0.00005     0.00000    0.000000000   -0.000000238   -0.000000397  255.105766  73971.5761
2250.00   15.0000    0.0000   15.0000  278.1250  278.1250  0.000000       0.00000       0.00000         229187.9551    0.000000    -0.00005     0.00000    0.000000000   -0.000000238   -0.000000396  255.060220  73852.7870
2262.00   15.0000    0.0000   15.0000  278.2030  278.2030  0.000000       0.00000       0.00000         229123.6974    0.000000    -0.00006     0.00000    0.000000000   -0.000000238   -0.000000396  255.014642  73734.1675
2274.00   15.0000    0.0000   15.0000  278.2810  278.2810  0.000000       0.00000       0.00000         229059.4759    0.000000    -0.00006     0.00000    0.000000000   -0.000000238   -0.000000395  254.969030  73615.7174
2286.00   15.0000    0.0000   15.0000  278.3590  278.3590  0.000000       0.00000       0.00000         228995.2903    0.000000    -0.00006     0.00000    0.000000000   -0.000000238   -0.000000395  254.923386  73497.4364
2298.00   15.0000    0.0000   15.0000  278.4370  278.4370  0.000000       0.00000       0.00000         228931.1406    0.000000    -0.00006     0.00000    0.000000000   -0.000000238   -0.000000394  254.877709  73379.3243
2310.00   15.0000    0.0000   15.0000  278.5150  278.5150  0.000000       0.00000       0.00000         228867.0269    0.000000    -0.00006     0.00000    0.000000000   -0.000000238   -0.000000394  254.831999  73261.3809
2322.00   15.0000    0.0000   15.0000  278.5930  278.5930  0.000000       0.00000       0.00000         228802.9491    0.000000    -0.00006     0.00000    0.000000000   -0.000000237   -0.000000393  254.786256  73143.6059
2334.00   15.0000    0.0000   15.0000  278.6710  278.6710  0.000000       0.00000       0.00000         228738.9072    0.000000    -0.00006     0.00000    0.000000000   -0.000000237   -0.000000393  254.740481  73025.9992
2346.00   15.0000    0.0000   15.0000  278.7490  278.7490  0.000000       0.00000       0.00000         228674.9011    0.000000    -0.00006     0.00000    0.000000000   -0.000000237   -0.000000392  254.694672  72908.5605
2358.00   15.0000    0.0000   15.0000  278.8270  278.8270  0.000000       0.00000       0.00000         228610.9308    0.000000    -0.00006     0.00000    0.000000000   -0.000000237   -0.000000392  254.648831  72791.2895
2370.00   15.0000    0.0000   15.0000  278.9050  278.9050  0.000000       0.00000       0.00000         228546.9963    0.000000    -0.00006     0.00000    0.000000000   -0.000000237   -0.000000392  254.602957  72674.1861
2382.00   15.0000    0.0000   15.0000  278.9830  278.9830  0.000000       0.00000       0.00000              0.0000    0.000000    -0.00006     0.00000    0.000000000    0.000000000    0.000000000  254.557051  72557.2501
2394.00   15.0000    0.0000   15.0000  279.0610  279.0610  0.000000       0.00000       0.00000              0.0000    0.000000     0.00000     0.00000    0.000000000    0.000000000    0.000000000  254.511112  72440.4811
