   0.00    0.0000    0.0000    0.0000  247.2429  247.2429  0.000000       0.00000       0.00000              0.0000    0.000000     0.00000     0.00000    0.000000000    0.000000000    0.000000000    0.000000      0.0000
   6.00    7.1749    3.6060    8.0300  249.4813  249.4813  0.000000       0.60633       0.60633              0.0000    0.000000     0.00000     0.00000   -0.000056272    0.000000000    0.000000000  249.393597  99876.8646
  18.00    8.3354    4.0763    9.2787  249.7236  249.7236  0.000000       1.59651       1.59651              0.0899    0.000000    -0.00000     0.00000   -0.000062665    0.000000000    0.000000000  249.489368  99671.8389
  30.00    9.1275    4.3291   10.1021  249.8948  249.8948  0.000000       1.41741       1.41741              0.1243    0.000000    -0.00000     0.00000   -0.000074127    0.000000305    0.000000220  249.543215  99508.2104
  42.00    9.8825    4.5071   10.8618  250.0639  250.0639  0.000000       1.50580       1.50580              0.1433    0.000000    -0.00000     0.00000   -0.000078680    0.000000286    0.000000201  249.594978  99344.8850
  54.00   10.5737    4.6134   11.5363  250.2255  250.2255  0.000000       1.41356       1.41356              0.1642    0.000000    -0.00000     0.00000   -0.000082070    0.000000274    0.000000189  249.639136  99181.8590
  66.00   11.2378    4.6604   12.1658  250.3887  250.3887  0.000000       1.33259       1.33259              0.1825    0.000000    -0.00000     0.00000   -0.000084960    0.000000285    0.000000199  249.684799  99019.1297
  78.00   11.8754    4.6509   12.7537  250.5548  250.5548  0.000000       1.21759       1.21759              0.2012    0.000000    -0.00000     0.00000   -0.000087532    0.000000306    0.000000219  249.733320  98856.6981
  90.00   12.4921    4.5861   13.3074  250.7268  250.7268  0.000000       1.09802       1.09802              0.2198    0.000000    -0.00000     0.00000   -0.000089965    0.000000338    0.000000249  249.787683  98694.5663
 102.00   13.0872    4.4655   13.8281  250.9068  250.9068  0.000000       0.97259       0.97259              0.2393    0.000000    -0.00001     0.00000   -0.000092305    0.000000380    0.000000289  249.849779  98532.7381
 114.00   13.6587    4.2877   14.3158  251.0968  251.0968  0.000000       0.84800       0.84800              0.2600    0.000000    -0.00001     0.00000   -0.000094584    0.000000432    0.000000339  249.921850  98371.2186
 126.00   14.2021    4.0510   14.7685  251.2992  251.2992  0.000000       0.72637       0.72637              0.2824    0.000000    -0.00001     0.00000   -0.000096833    0.000000498    0.000000402  250.006185  98210.0143
 138.00   14.7110    3.7534   15.1823  251.5168  251.5168  0.000000       0.61018       0.61018              0.3072    0.000000    -0.00001     0.00000   -0.000099100    0.000000578    0.000000479  250.105497  98049.1331
 150.00   15.1764    3.3935   15.5512  251.7528  251.7528  0.000000       0.50104       0.50104              0.3352    0.000000    -0.00001     0.00000   -0.000101408    0.000000678    0.000000575  250.223034  97888.5851
 162.00   15.5865    2.9703   15.8670  252.0114  252.0114  0.000000       0.40007       0.40007              0.3675    0.000000    -0.00001     0.00000   -0.000103773    0.000000804    0.000000696  250.362935  97728.3823
 174.00   15.9254    2.4853   16.1181  252.2981  252.2981  0.000000       0.30859       0.30859              0.4059    0.000000    -0.00002     0.00000   -0.000106239    0.000000967    0.000000853  250.530585  97568.5398
 186.00   16.1728    1.9425   16.2890  252.6207  252.6207  0.000000       0.22630       0.22630              0.4536    0.000000    -0.00002     0.00000   -0.000108953    0.000001182    0.000001059  250.733772  97409.0767
 198.00   16.3014    1.3541   16.3575  252.9898  252.9898  0.000000       0.15616       0.15616              0.5148    0.000000    -0.00003     0.00000   -0.000112143    0.000001489    0.000001354  250.982988  97250.0176
 210.00   16.2751    0.7396   16.2919  253.4271  253.4271  0.000000       0.09290       0.09290              0.6059    0.000000    -0.00003     0.00000   -0.000116590    0.000001924    0.000001771  251.299535  97091.3970
 222.00   16.0488    0.1659   16.0496  253.9526  253.9526  0.000000       0.05039       0.05039              0.7356    0.000000    -0.00004     0.00000   -0.000127718    0.000002828    0.000002629  251.703502  96933.2616
 234.00   15.5138   -0.2763   15.5163  254.7063  254.7063  0.000000       0.00073       0.00073              2.2198    0.000000     0.00000     0.00000   -0.000127665    0.000008646    0.000007775  252.333195  96775.7071
 246.00   14.9167   -0.0245   14.9167  257.1186  257.1186  0.000000       0.00000       0.00000              8.9242    0.000000    -0.00007     0.00000   -0.000006105    0.000009654    0.000009828  254.605351  96619.3051
 258.00   14.9990    0.0003   14.9990  258.0359  258.0359  0.000000       0.00000       0.00000            169.1924    0.000000    -0.00004     0.00000   -0.000000005    0.000004096    0.000003936  255.396375  96464.0961
 270.00   15.0000    0.0000   15.0000  258.5189  258.5189  0.000000       0.00000       0.00000         531443.0655    0.000000    -0.00004     0.00000   -0.000000000    0.000002621    0.000002430  255.757254  96309.4857
 282.00   15.0000   -0.0000   15.0000  258.9707  258.9707  0.000000       0.00000       0.00000        1307398.9358    0.000000    -0.00003     0.00000    0.000000000    0.000002299    0.000002116  256.087016  96155.3313
 294.00   15.0000   -0.0000   15.0000  259.3476  259.3476  0.000000       0.00000       0.00000        1155118.6645    0.000000    -0.00003     0.00000    0.000000000    0.000001994    0.000001811  256.342470  96001.5992
 306.00   15.0000   -0.0000   15.0000  259.7039  259.7039  0.000000       0.00000       0.00000        1093100.4902    0.000000    -0.00003     0.00000    0.000000000    0.000001886    0.000001703  256.577502  95848.2597
 318.00   15.0000   -0.0000   15.0000  260.0423  260.0423  0.000000       0.00000       0.00000        1045735.4322    0.000000    -0.00003     0.00000    0.000000000    0.000001807    0.000001622  256.794677  95695.2998
 330.00   15.0000    0.0000   15.0000  260.3694  260.3694  0.000000       0.00000       0.00000        1012818.4213    0.000000    -0.00003     0.00000    0.000000000    0.000001758    0.000001572  257.000522  95542.7096
 342.00   15.0000    0.0000   15.0000  260.6877  260.6877  0.000000       0.00000       0.00000         985410.2315    0.000000    -0.00003     0.00000    0.000000000    0.000001719    0.000001531  257.197519  95390.4821
 354.00   15.0000    0.0000   15.0000  260.9981  260.9981  0.000000       0.00000       0.00000         957312.4604    0.000000    -0.00003     0.00000    0.000000000    0.000001675    0.000001487  257.386600  95238.6110
 366.00   15.0000    0.0000   15.0000  261.2992  261.2992  0.000000       0.00000       0.00000         930441.6268    0.000000    -0.00003     0.00000    0.000000000    0.000001632    0.000001442  257.566355  95087.0902
 378.00   15.0000    0.0000   15.0000  261.5931  261.5931  0.000000       0.00000       0.00000         889952.6884    0.000000    -0.00003     0.00000    0.000000000    0.000001548    0.000001359  257.738918  94935.9139
 390.00   15.0000    0.0000   15.0000  261.8689  261.8689  0.000000       0.00000       0.00000         861156.2184    0.000000    -0.00003     0.00000    0.000000000    0.000001493    0.000001302  257.893529  94785.0736
 402.00   15.0000    0.0000   15.0000  262.1450  262.1450  0.000000       0.00000       0.00000         792882.3840    0.000000    -0.00003     0.00000    0.000000000    0.000001325    0.000001137  258.048250  94634.5632
 414.00   15.0000    0.0000   15.0000  262.3776  262.3776  0.000000       0.00000       0.00000         734090.8450    0.000000    -0.00003     0.00000    0.000000000    0.000001178    0.000000989  258.160080  94484.3693
 426.00   15.0000    0.0000   15.0000  262.6164  262.6164  0.000000       0.00000       0.00000         713227.8772    0.000000    -0.00003     0.00000    0.000000000    0.000001132    0.000000943  258.277862  94334.4804
 438.00   15.0000    0.0000   15.0000  262.8360  262.8360  0.000000       0.00000       0.00000         678299.0210    0.000000    -0.00003     0.00000    0.000000000    0.000001044    0.000000855  258.376722  94184.8920
 450.00   15.0000    0.0000   15.0000  263.0527  263.0527  0.000000       0.00000       0.00000         661966.1407    0.000000    -0.00003     0.00000    0.000000000    0.000001007    0.000000818  258.472587  94035.5971
 462.00   15.0000    0.0000   15.0000  263.2622  263.2622  0.000000       0.00000       0.00000         644133.1531    0.000000    -0.00003     0.00000    0.000000000    0.000000965    0.000000775  258.561275  93886.5919
 474.00   15.0000    0.0000   15.0000  263.4677  263.4677  0.000000       0.00000       0.00000         631423.6863    0.000000    -0.00003     0.00000    0.000000000    0.000000936    0.000000745  258.645998  93737.8728
 486.00   15.0000    0.0000   15.0000  263.6693  263.6693  0.000000       0.00000       0.00000         619647.9922    0.000000    -0.00003     0.00000    0.000000000    0.000000910    0.000000718  258.726774  93589.4366
 498.00   15.0000    0.0000   15.0000  263.8676  263.8676  0.000000       0.00000       0.00000         608907.4646    0.000000    -0.00003     0.00000    0.000000000    0.000000885    0.000000692  258.804166  93441.2808
 510.00   15.0000    0.0000   15.0000  264.0625  264.0625  0.000000       0.00000       0.00000         598939.4057    0.000000    -0.00003     0.00000    0.000000000    0.000000862    0.000000669  258.878257  93293.4027
 522.00   15.0000    0.0000   15.0000  264.2546  264.2546  0.000000       0.00000       0.00000         589382.0078    0.000000    -0.00003     0.00000    0.000000000    0.000000840    0.000000646  258.949444  93145.8001
 534.00   15.0000    0.0000   15.0000  264.4437  264.4437  0.000000       0.00000       0.00000         579752.9165    0.000000    -0.00003     0.00000    0.000000000    0.000000817    0.000000622  259.017582  92998.4706
 546.00   15.0000    0.0000   15.0000  264.6298  264.6298  0.000000       0.00000       0.00000         568358.4503    0.000000    -0.00003     0.00000    0.000000000    0.000000788    0.000000593  259.082763  92851.4119
 558.00   15.0000    0.0000   15.0000  264.8118  264.8118  0.000000       0.00000       0.00000         557158.6370    0.000000    -0.00003     0.00000    0.000000000    0.000000759    0.000000563  259.143770  92704.6215
 570.00   15.0000    0.0000   15.0000  264.9909  264.9909  0.000000       0.00000       0.00000         539204.7458    0.000000    -0.00003     0.00000    0.000000000    0.000000709    0.000000513  259.201933  92558.0969
 582.00   15.0000    0.0000   15.0000  265.1615  265.1615  0.000000       0.00000       0.00000         523137.0910    0.000000    -0.00003     0.00000    0.000000000    0.000000664    0.000000467  259.251630  92411.8343
 594.00   15.0000    0.0000   15.0000  265.3304  265.3304  0.000000       0.00000       0.00000         496856.4343    0.000000    -0.00003     0.00000    0.000000000    0.000000585    0.000000390  259.299663  92265.8303
 606.00   15.0000    0.0000   15.0000  265.4841  265.4841  0.000000       0.00000       0.00000         459302.0283    0.000000    -0.00003     0.00000    0.000000000    0.000000471    0.000000276  259.332748  92120.0797
 618.00   15.0000    0.0000   15.0000  265.6288  265.6288  0.000000       0.00000       0.00000         436052.3072    0.000000    -0.00003     0.00000    0.000000000    0.000000400    0.000000206  259.356984  91974.5755
 630.00   15.0000    0.0000   15.0000  265.7676  265.7676  0.000000       0.00000       0.00000         417786.2896    0.000000    -0.00003     0.00000    0.000000000    0.000000344    0.000000151  259.375338  91829.3130
 642.00   15.0000    0.0000   15.0000  265.9006  265.9006  0.000000       0.00000       0.00000         403312.4369    0.000000    -0.00003     0.00000    0.000000000    0.000000299    0.000000106  259.387999  91684.2886
 654.00   15.0000    0.0000   15.0000  266.0300  266.0300  0.000000       0.00000       0.00000         393020.7051    0.000000    -0.00003     0.00000    0.000000000    0.000000268    0.000000075  259.397177  91539.4993
 666.00   15.0000    0.0000   15.0000  266.1564  266.1564  0.000000       0.00000       0.00000         384631.2750    0.000000    -0.00003     0.00000    0.000000000    0.000000242    0.000000049  259.403314  91394.9429
 678.00   15.0000    0.0000   15.0000  266.2806  266.2806  0.000000       0.00000       0.00000         377980.3651    0.000000    -0.00003     0.00000    0.000000000    0.000000221    0.000000028  259.407172  91250.6176
 690.00   15.0000    0.0000   15.0000  266.4028  266.4028  0.000000       0.00000       0.00000         372474.6774    0.000000    -0.00003     0.00000    0.000000000    0.000000204    0.000000011  259.409090  91106.5218
 702.00   15.0000    0.0000   15.0000  266.5234  266.5234  0.000000       0.00000       0.00000         367709.7571    0.000000    -0.00003     0.00000    0.000000000    0.000000189   -0.000000004  259.409454  90962.6542
 714.00   15.0000    0.0000   15.0000  266.6426  266.6426  0.000000       0.00000       0.00000         363535.4151    0.000000    -0.00003     0.00000    0.000000000    0.000000176   -0.000000017  259.408347  90819.0136
 726.00   15.0000    0.0000   15.0000  266.7606  266.7606  0.000000       0.00000       0.00000         360002.4141    0.000000    -0.00003     0.00000    0.000000000    0.000000165   -0.000000028  259.406060  90675.5988
 738.00   15.0000    0.0000   15.0000  266.8776  266.8776  0.000000       0.00000       0.00000         356834.9394    0.000000    -0.00003     0.00000    0.000000000    0.000000155   -0.000000038  259.402708  90532.4090
 750.00   15.0000    0.0000   15.0000  266.9937  266.9937  0.000000       0.00000       0.00000         353813.1380    0.000000    -0.00003     0.00000    0.000000000    0.000000146   -0.000000047  259.398408  90389.4432
 762.00   15.0000    0.0000   15.0000  267.1088  267.1088  0.000000       0.00000       0.00000         351169.8178    0.000000    -0.00003     0.00000    0.000000000    0.000000138   -0.000000056  259.393133  90246.7005
 774.00   15.0000    0.0000   15.0000  267.2233  267.2233  0.000000       0.00000       0.00000         348012.5564    0.000000    -0.00003     0.00000    0.000000000    0.000000128   -0.000000066  259.387150  90104.1801
 786.00   15.0000    0.0000   15.0000  267.3364  267.3364  0.000000       0.00000       0.00000         345757.7996    0.000000    -0.00003     0.00000    0.000000000    0.000000120   -0.000000073  259.379867  89961.8812
 798.00   15.0000    0.0000   15.0000  267.4495  267.4495  0.000000       0.00000       0.00000         342390.9198    0.000000    -0.00003     0.00000    0.000000000    0.000000110   -0.000000084  259.372446  89819.8030
 810.00   15.0000    0.0000   15.0000  267.5605  267.5605  0.000000       0.00000       0.00000         338925.8774    0.000000    -0.00003     0.00000    0.000000000    0.000000099   -0.000000095  259.363019  89677.9446
 822.00   15.0000    0.0000   15.0000  267.6714  267.6714  0.000000       0.00000       0.00000         337202.5561    0.000000    -0.00003     0.00000    0.000000000    0.000000093   -0.000000100  259.353391  89536.3050
 834.00   15.0000    0.0000   15.0000  267.7814  267.7814  0.000000       0.00000       0.00000         335454.9623    0.000000    -0.00003     0.00000    0.000000000    0.000000087   -0.000000106  259.342863  89394.8836
 846.00   15.0000    0.0000   15.0000  267.8913  267.8913  0.000000       0.00000       0.00000         334311.9026    0.000000    -0.00003     0.00000    0.000000000    0.000000084   -0.000000110  259.332116  89253.6798
 858.00   15.0000    0.0000   15.0000  268.0006  268.0006  0.000000       0.00000       0.00000         333426.8973    0.000000    -0.00003     0.00000    0.000000000    0.000000081   -0.000000112  259.320853  89112.6931
 870.00   15.0000    0.0000   15.0000  268.1099  268.1099  0.000000       0.00000       0.00000         333492.3442    0.000000    -0.00003     0.00000    0.000000000    0.000000081   -0.000000112  259.309536  88971.9230
 882.00   15.0000    0.0000   15.0000  268.2194  268.2194  0.000000       0.00000       0.00000         334080.7954    0.000000    -0.00003     0.00000    0.000000000    0.000000083   -0.000000111  259.298306  88831.3691
 894.00   15.0000    0.0000   15.0000  268.3292  268.3292  0.000000       0.00000       0.00000         335440.8357    0.000000    -0.00003     0.00000    0.000000000    0.000000087   -0.000000106  259.287352  88691.0313
 906.00   15.0000    0.0000   15.0000  268.4397  268.4397  0.000000       0.00000       0.00000         338149.7383    0.000000    -0.00003     0.00000    0.000000000    0.000000096   -0.000000098  259.276976  88550.9094
 918.00   15.0000    0.0000   15.0000  268.5514  268.5514  0.000000       0.00000       0.00000         342532.8105    0.000000    -0.00003     0.00000    0.000000000    0.000000110   -0.000000084  259.267733  88411.0036
 930.00   15.0000    0.0000   15.0000  268.6648  268.6648  0.000000       0.00000       0.00000         349723.8880    0.000000    -0.00003     0.00000    0.000000000    0.000000134   -0.000000062  259.260130  88271.3143
 942.00   15.0000    0.0000   15.0000  268.7813  268.7813  0.000000       0.00000       0.00000         364788.1494    0.000000    -0.00004     0.00000    0.000000000    0.000000183   -0.000000014  259.255443  88131.8425
 954.00   15.0000    0.0000   15.0000  268.9048  268.9048  0.000000       0.00000       0.00000         381136.1129    0.000000    -0.00004     0.00000    0.000000000    0.000000236    0.000000038  259.257393  87992.5902
 966.00   15.0000    0.0000   15.0000  269.0322  269.0322  0.000000       0.00000       0.00000         464471.1596    0.000000    -0.00005     0.00000    0.000000000    0.000000509    0.000000304  259.263081  87853.5600
 978.00   15.0000    0.0000   15.0000  269.2106  269.2106  0.000000       0.00000       0.00000         455542.8984    0.000000    -0.00004     0.00000    0.000000000    0.000000481    0.000000278  259.317903  87714.7657
 990.00   15.0000    0.0000   15.0000  269.3323  269.3323  0.000000       0.00000       0.00000        1217309.5653    0.000000    -0.00021     0.00000    0.000000000    0.000003039    0.000002728  259.318010  87576.2053
1002.00   15.0000    0.0000   15.0000  270.0130  270.0130  0.000000       0.00000       0.00000        1148110.2504    0.000000    -0.00002     0.00000    0.000000000    0.000002817    0.000002620  259.856144  87438.0069
1014.00   15.0000    0.0000   15.0000  270.0910  270.0910  0.000000       0.00000       0.00000         236005.2723    0.000000    -0.00002     0.00000    0.000000000   -0.000000244   -0.000000444  259.814099  87300.1584
1026.00   15.0000    0.0000   15.0000  270.1690  270.1690  0.000000       0.00000       0.00000         235937.1356    0.000000    -0.00002     0.00000    0.000000000   -0.000000245   -0.000000443  259.772020  87162.5050
1038.00   15.0000    0.0000   15.0000  270.2470  270.2470  0.000000       0.00000       0.00000         235869.0383    0.000000    -0.00003     0.00000    0.000000000   -0.000000245   -0.000000443  259.729908  87025.0463
1050.00   15.0000    0.0000   15.0000  270.3250  270.3250  0.000000       0.00000       0.00000         235800.9803    0.000000    -0.00003     0.00000    0.000000000   -0.000000245   -0.000000443  259.687762  86887.7822
1062.00   15.0000    0.0000   15.0000  270.4030  270.4030  0.000000       0.00000       0.00000         235732.9615    0.000000    -0.00003     0.00000    0.000000000   -0.000000245   -0.000000442  259.645582  86750.7124
1074.00   15.0000    0.0000   15.0000  270.4810  270.4810  0.000000       0.00000       0.00000         235664.9820    0.000000    -0.00003     0.00000    0.000000000   -0.000000245   -0.000000442  259.603368  86613.8366
1086.00   15.0000    0.0000   15.0000  270.5590  270.5590  0.000000       0.00000       0.00000         235597.0417    0.000000    -0.00003     0.00000    0.000000000   -0.000000245   -0.000000442  259.561121  86477.1545
1098.00   15.0000    0.0000   15.0000  270.6370  270.6370  0.000000       0.00000       0.00000         235529.1405    0.000000    -0.00003     0.00000    0.000000000   -0.000000245   -0.000000441  259.518840  86340.6659
1110.00   15.0000    0.0000   15.0000  270.7150  270.7150  0.000000       0.00000       0.00000         235461.2785    0.000000    -0.00003     0.00000    0.000000000   -0.000000245   -0.000000441  259.476525  86204.3706
1122.00   15.0000    0.0000   15.0000  270.7930  270.7930  0.000000       0.00000       0.00000         235393.4555    0.000000    -0.00003     0.00000    0.000000000   -0.000000245   -0.000000441  259.434176  86068.2682
1134.00   15.0000    0.0000   15.0000  270.8710  270.8710  0.000000       0.00000       0.00000         235325.6716    0.000000    -0.00003     0.00000    0.000000000   -0.000000245   -0.000000440  259.391794  85932.3585
1146.00   15.0000    0.0000   15.0000  270.9490  270.9490  0.000000       0.00000       0.00000         235257.9268    0.000000    -0.00003     0.00000    0.000000000   -0.000000245   -0.000000440  259.349378  85796.6412
1158.00   15.0000    0.0000   15.0000  271.0270  271.0270  0.000000       0.00000       0.00000         235190.2209    0.000000    -0.00003     0.00000    0.000000000   -0.000000245   -0.000000440  259.306928  85661.1162
1170.00   15.0000    0.0000   15.0000  271.1050  271.1050  0.000000       0.00000       0.00000         235122.5540    0.000000    -0.00003     0.00000    0.000000000   -0.000000245   -0.000000439  259.264444  85525.7831
1182.00   15.0000    0.0000   15.0000  271.1830  271.1830  0.000000       0.00000       0.00000         235054.9260    0.000000    -0.00003     0.00000    0.000000000   -0.000000245   -0.000000439  259.221927  85390.6417
1194.00   15.0000    0.0000   15.0000  271.2610  271.2610  0.000000       0.00000       0.00000         234987.3369    0.000000    -0.00003     0.00000    0.000000000   -0.000000245   -0.000000439  259.179376  85255.6916
1206.00   15.0000    0.0000   15.0000  271.3390  271.3390  0.000000       0.00000       0.00000         234919.7867    0.000000    -0.00003     0.00000    0.000000000   -0.000000245   -0.000000438  259.136791  85120.9328
1218.00   15.0000    0.0000   15.0000  271.4170  271.4170  0.000000       0.00000       0.00000         234852.2753    0.000000    -0.00003     0.00000    0.000000000   -0.000000245   -0.000000438  259.094173  84986.3648
1230.00   15.0000    0.0000   15.0000  271.4950  271.4950  0.000000       0.00000       0.00000         234784.8027    0.000000    -0.00003     0.00000    0.000000000   -0.000000245   -0.000000438  259.051521  84851.9875
1242.00   15.0000    0.0000   15.0000  271.5730  271.5730  0.000000       0.00000       0.00000         234717.3688    0.000000    -0.00003     0.00000    0.000000000   -0.000000245   -0.000000437  259.008836  84717.8006
1254.00   15.0000    0.0000   15.0000  271.6510  271.6510  0.000000       0.00000       0.00000         234649.9737    0.000000    -0.00003     0.00000    0.000000000   -0.000000245   -0.000000437  258.966116  84583.8038
1266.00   15.0000    0.0000   15.0000  271.7290  271.7290  0.000000       0.00000       0.00000         234582.6172    0.000000    -0.00003     0.00000    0.000000000   -0.000000245   -0.000000437  258.923364  84449.9969
1278.00   15.0000    0.0000   15.0000  271.8070  271.8070  0.000000       0.00000       0.00000         234515.2995    0.000000    -0.00003     0.00000    0.000000000   -0.000000245   -0.000000436  258.880577  84316.3796
1290.00   15.0000    0.0000   15.0000  271.8850  271.8850  0.000000       0.00000       0.00000         234448.0203    0.000000    -0.00003     0.00000    0.000000000   -0.000000245   -0.000000436  258.837757  84182.9517
1302.00   15.0000    0.0000   15.0000  271.9630  271.9630  0.000000       0.00000       0.00000         234380.7797    0.000000    -0.00003     0.00000    0.000000000   -0.000000245   -0.000000435  258.794904  84049.7129
1314.00   15.0000    0.0000   15.0000  272.0410  272.0410  0.000000       0.00000       0.00000         234313.5777    0.000000    -0.00003     0.00000    0.000000000   -0.000000245   -0.000000435  258.752016  83916.6629
1326.00   15.0000    0.0000   15.0000  272.1190  272.1190  0.000000       0.00000       0.00000         234246.4143    0.000000    -0.00003     0.00000    0.000000000   -0.000000245   -0.000000435  258.709096  83783.8016
1338.00   15.0000    0.0000   15.0000  272.1970  272.1970  0.000000       0.00000       0.00000         234179.2893    0.000000    -0.00003     0.00000    0.000000000   -0.000000245   -0.000000434  258.666141  83651.1286
1350.00   15.0000    0.0000   15.0000  272.2750  272.2750  0.000000       0.00000       0.00000         234112.2027    0.000000    -0.00003     0.00000    0.000000000   -0.000000245   -0.000000434  258.623154  83518.6437
1362.00   15.0000    0.0000   15.0000  272.3530  272.3530  0.000000       0.00000       0.00000         234045.1546    0.000000    -0.00003     0.00000    0.000000000   -0.000000245   -0.000000434  258.580132  83386.3467
1374.00   15.0000    0.0000   15.0000  272.4310  272.4310  0.000000       0.00000       0.00000         233978.1449    0.000000    -0.00003     0.00000    0.000000000   -0.000000245   -0.000000433  258.537077  83254.2372
1386.00   15.0000    0.0000   15.0000  272.5090  272.5090  0.000000       0.00000       0.00000         233911.1736    0.000000    -0.00003     0.00000    0.000000000   -0.000000245   -0.000000433  258.493989  83122.3151
1398.00   15.0000    0.0000   15.0000  272.5870  272.5870  0.000000       0.00000       0.00000         233844.2406    0.000000    -0.00003     0.00000    0.000000000   -0.000000245   -0.000000432  258.450867  82990.5801
1410.00   15.0000    0.0000   15.0000  272.6650  272.6650  0.000000       0.00000       0.00000         233777.3458    0.000000    -0.00003     0.00000    0.000000000   -0.000000245   -0.000000432  258.407711  82859.0320
1422.00   15.0000    0.0000   15.0000  272.7430  272.7430  0.000000       0.00000       0.00000         233710.4894    0.000000    -0.00003     0.00000    0.000000000   -0.000000245   -0.000000432  258.364522  82727.6704
1434.00   15.0000    0.0000   15.0000  272.8210  272.8210  0.000000       0.00000       0.00000         233643.6711    0.000000    -0.00003     0.00000    0.000000000   -0.000000245   -0.000000431  258.321300  82596.4951
1446.00   15.0000    0.0000   15.0000  272.8990  272.8990  0.000000       0.00000       0.00000         233576.8911    0.000000    -0.00004     0.00000    0.000000000   -0.000000245   -0.000000431  258.278044  82465.5060
1458.00   15.0000    0.0000   15.0000  272.9770  272.9770  0.000000       0.00000       0.00000         233510.1492    0.000000    -0.00004     0.00000    0.000000000   -0.000000245   -0.000000431  258.234754  82334.7027
1470.00   15.0000    0.0000   15.0000  273.0550  273.0550  0.000000       0.00000       0.00000         233443.4455    0.000000    -0.00004     0.00000    0.000000000   -0.000000245   -0.000000430  258.191431  82204.0850
1482.00   15.0000    0.0000   15.0000  273.1330  273.1330  0.000000       0.00000       0.00000         233376.7798    0.000000    -0.00004     0.00000    0.000000000   -0.000000245   -0.000000430  258.148075  82073.6526
1494.00   15.0000    0.0000   15.0000  273.2110  273.2110  0.000000       0.00000       0.00000         233310.1522    0.000000    -0.00004     0.00000    0.000000000   -0.000000245   -0.000000429  258.104685  81943.4053
1506.00   15.0000    0.0000   15.0000  273.2890  273.2890  0.000000       0.00000       0.00000         233243.5627    0.000000    -0.00004     0.00000    0.000000000   -0.000000245   -0.000000429  258.061262  81813.3428
1518.00   15.0000    0.0000   15.0000  273.3670  273.3670  0.000000       0.00000       0.00000         233177.0111    0.000000    -0.00004     0.00000    0.000000000   -0.000000245   -0.000000429  258.017805  81683.4650
1530.00   15.0000    0.0000   15.0000  273.4450  273.4450  0.000000       0.00000       0.00000         233110.4975    0.000000    -0.00004     0.00000    0.000000000   -0.000000245   -0.000000428  257.974315  81553.7715
1542.00   15.0000    0.0000   15.0000  273.5230  273.5230  0.000000       0.00000       0.00000         233044.0219    0.000000    -0.00004     0.00000    0.000000000   -0.000000245   -0.000000428  257.930792  81424.2621
1554.00   15.0000    0.0000   15.0000  273.6010  273.6010  0.000000       0.00000       0.00000         232977.5841    0.000000    -0.00004     0.00000    0.000000000   -0.000000245   -0.000000427  257.887235  81294.9365
1566.00   15.0000    0.0000   15.0000  273.6790  273.6790  0.000000       0.00000       0.00000         232911.1843    0.000000    -0.00004     0.00000    0.000000000   -0.000000245   -0.000000427  257.843645  81165.7945
1578.00   15.0000    0.0000   15.0000  273.7570  273.7570  0.000000       0.00000       0.00000         232844.8222    0.000000    -0.00004     0.00000    0.000000000   -0.000000245   -0.000000427  257.800021  81036.8360
1590.00   15.0000    0.0000   15.0000  273.8350  273.8350  0.000000       0.00000       0.00000         232778.4980    0.000000    -0.00004     0.00000    0.000000000   -0.000000245   -0.000000426  257.756364  80908.0605
1602.00   15.0000    0.0000   15.0000  273.9130  273.9130  0.000000       0.00000       0.00000         232712.2115    0.000000    -0.00004     0.00000    0.000000000   -0.000000245   -0.000000426  257.712674  80779.4679
1614.00   15.0000    0.0000   15.0000  273.9910  273.9910  0.000000       0.00000       0.00000         232645.9628    0.000000    -0.00004     0.00000    0.000000000   -0.000000245   -0.000000425  257.668951  80651.0579
1626.00   15.0000    0.0000   15.0000  274.0690  274.0690  0.000000       0.00000       0.00000         232579.7518    0.000000    -0.00004     0.00000    0.000000000   -0.000000245   -0.000000425  257.625194  80522.8303
1638.00   15.0000    0.0000   15.0000  274.1470  274.1470  0.000000       0.00000       0.00000         232513.5785    0.000000    -0.00004     0.00000    0.000000000   -0.000000245   -0.000000425  257.581403  80394.7848
1650.00   15.0000    0.0000   15.0000  274.2250  274.2250  0.000000       0.00000       0.00000         232447.4428    0.000000    -0.00004     0.00000    0.000000000   -0.000000245   -0.000000424  257.537580  80266.9212
1662.00   15.0000    0.0000   15.0000  274.3030  274.3030  0.000000       0.00000       0.00000         232381.3447    0.000000    -0.00004     0.00000    0.000000000   -0.000000245   -0.000000424  257.493723  80139.2393
1674.00   15.0000    0.0000   15.0000  274.3810  274.3810  0.000000       0.00000       0.00000         232315.2842    0.000000    -0.00004     0.00000    0.000000000   -0.000000245   -0.000000423  257.449832  80011.7387
1686.00   15.0000    0.0000   15.0000  274.4590  274.4590  0.000000       0.00000       0.00000         232249.2613    0.000000    -0.00004     0.00000    0.000000000   -0.000000245   -0.000000423  257.405909  79884.4193
1698.00   15.0000    0.0000   15.0000  274.5370  274.5370  0.000000       0.00000       0.00000         232183.2758    0.000000    -0.00004     0.00000    0.000000000   -0.000000244   -0.000000423  257.361952  79757.2809
1710.00   15.0000    0.0000   15.0000  274.6150  274.6150  0.000000       0.00000       0.00000         232117.3279    0.000000    -0.00004     0.00000    0.000000000   -0.000000244   -0.000000422  257.317962  79630.3230
1722.00   15.0000    0.0000   15.0000  274.6930  274.6930  0.000000       0.00000       0.00000         232051.4174    0.000000    -0.00004     0.00000    0.000000000   -0.000000244   -0.000000422  257.273939  79503.5457
1734.00   15.0000    0.0000   15.0000  274.7710  274.7710  0.000000       0.00000       0.00000         231985.5443    0.000000    -0.00004     0.00000    0.000000000   -0.000000244   -0.000000421  257.229882  79376.9485
1746.00   15.0000    0.0000   15.0000  274.8490  274.8490  0.000000       0.00000       0.00000         231919.7086    0.000000    -0.00004     0.00000    0.000000000   -0.000000244   -0.000000421  257.185792  79250.5313
1758.00   15.0000    0.0000   15.0000  274.9270  274.9270  0.000000       0.00000       0.00000         231853.9103    0.000000    -0.00004     0.00000    0.000000000   -0.000000244   -0.000000420  257.141669  79124.2937
1770.00   15.0000    0.0000   15.0000  275.0050  275.0050  0.000000       0.00000       0.00000         231788.1493    0.000000    -0.00004     0.00000    0.000000000   -0.000000244   -0.000000420  257.097513  78998.2356
1782.00   15.0000    0.0000   15.0000  275.0830  275.0830  0.000000       0.00000       0.00000         231722.4256    0.000000    -0.00004     0.00000    0.000000000   -0.000000244   -0.000000420  257.053324  78872.3568
1794.00   15.0000    0.0000   15.0000  275.1610  275.1610  0.000000       0.00000       0.00000         231656.7391    0.000000    -0.00004     0.00000    0.000000000   -0.000000244   -0.000000419  257.009101  78746.6569
1806.00   15.0000    0.0000   15.0000  275.2390  275.2390  0.000000       0.00000       0.00000         231591.0899    0.000000    -0.00004     0.00000    0.000000000   -0.000000244   -0.000000419  256.964845  78621.1358
1818.00   15.0000    0.0000   15.0000  275.3170  275.3170  0.000000       0.00000       0.00000         231525.4779    0.000000    -0.00004     0.00000    0.000000000   -0.000000244   -0.000000418  256.920556  78495.7932
1830.00   15.0000    0.0000   15.0000  275.3950  275.3950  0.000000       0.00000       0.00000         231459.9030    0.000000    -0.00004     0.00000    0.000000000   -0.000000244   -0.000000418  256.876234  78370.6288
1842.00   15.0000    0.0000   15.0000  275.4730  275.4730  0.000000       0.00000       0.00000         231394.3653    0.000000    -0.00004     0.00000    0.000000000   -0.000000244   -0.000000417  256.831879  78245.6425
1854.00   15.0000    0.0000   15.0000  275.5510  275.5510  0.000000       0.00000       0.00000         231328.8647    0.000000    -0.00005     0.00000    0.000000000   -0.000000244   -0.000000417  256.787490  78120.8339
1866.00   15.0000    0.0000   15.0000  275.6290  275.6290  0.000000       0.00000       0.00000         231263.4012    0.000000    -0.00005     0.00000    0.000000000   -0.000000244   -0.000000417  256.743068  77996.2029
1878.00   15.0000    0.0000   15.0000  275.7070  275.7070  0.000000       0.00000       0.00000         231197.9747    0.000000    -0.00005     0.00000    0.000000000   -0.000000244   -0.000000416  256.698614  77871.7492
1890.00   15.0000    0.0000   15.0000  275.7850  275.7850  0.000000       0.00000       0.00000         231132.5852    0.000000    -0.00005     0.00000    0.000000000   -0.000000244   -0.000000416  256.654126  77747.4726
1902.00   15.0000    0.0000   15.0000  275.8630  275.8630  0.000000       0.00000       0.00000         231067.2326    0.000000    -0.00005     0.00000    0.000000000   -0.000000244   -0.000000415  256.609605  77623.3728
1914.00   15.0000    0.0000   15.0000  275.9410  275.9410  0.000000       0.00000       0.00000         231001.9171    0.000000    -0.00005     0.00000    0.000000000   -0.000000243   -0.000000415  256.565050  77499.4497
1926.00   15.0000    0.0000   15.0000  276.0190  276.0190  0.000000       0.00000       0.00000         230936.6384    0.000000    -0.00005     0.00000    0.000000000   -0.000000243   -0.000000414  256.520463  77375.7028
1938.00   15.0000    0.0000   15.0000  276.0970  276.0970  0.000000       0.00000       0.00000         230871.3966    0.000000    -0.00005     0.00000    0.000000000   -0.000000243   -0.000000414  256.475843  77252.1321
1950.00   15.0000    0.0000   15.0000  276.1750  276.1750  0.000000       0.00000       0.00000         230806.1917    0.000000    -0.00005     0.00000    0.000000000   -0.000000243   -0.000000413  256.431189  77128.7373
1962.00   15.0000    0.0000   15.0000  276.2530  276.2530  0.000000       0.00000       0.00000         230741.0236    0.000000    -0.00005     0.00000    0.000000000   -0.000000243   -0.000000413  256.386503  77005.5182
1974.00   15.0000    0.0000   15.0000  276.3310  276.3310  0.000000       0.00000       0.00000         230675.8923    0.000000    -0.00005     0.00000    0.000000000   -0.000000243   -0.000000413  256.341783  76882.4744
1986.00   15.0000    0.0000   15.0000  276.4090  276.4090  0.000000       0.00000       0.00000         230610.7978    0.000000    -0.00005     0.00000    0.000000000   -0.000000243   -0.000000412  256.297031  76759.6059
1998.00   15.0000    0.0000   15.0000  276.4870  276.4870  0.000000       0.00000       0.00000         230545.7399    0.000000    -0.00005     0.00000    0.000000000   -0.000000243   -0.000000412  256.252245  76636.9122
2010.00   15.0000    0.0000   15.0000  276.5650  276.5650  0.000000       0.00000       0.00000         230480.7188    0.000000    -0.00005     0.00000    0.000000000   -0.000000243   -0.000000411  256.207426  76514.3934
2022.00   15.0000    0.0000   15.0000  276.6430  276.6430  0.000000       0.00000       0.00000         230415.7344    0.000000    -0.00005     0.00000    0.000000000   -0.000000243   -0.000000411  256.162575  76392.0489
2034.00   15.0000    0.0000   15.0000  276.7210  276.7210  0.000000       0.00000       0.00000         230350.7865    0.000000    -0.00005     0.00000    0.000000000   -0.000000243   -0.000000410  256.117690  76269.8788
2046.00   15.0000    0.0000   15.0000  276.7990  276.7990  0.000000       0.00000       0.00000         230285.8753    0.000000    -0.00005     0.00000    0.000000000   -0.000000243   -0.000000410  256.072772  76147.8826
2058.00   15.0000    0.0000   15.0000  276.8770  276.8770  0.000000       0.00000       0.00000         230221.0007    0.000000    -0.00005     0.00000    0.000000000   -0.000000243   -0.000000409  256.027821  76026.0602
2070.00   15.0000    0.0000   15.0000  276.9550  276.9550  0.000000       0.00000       0.00000         230156.1626    0.000000    -0.00005     0.00000    0.000000000   -0.000000242   -0.000000409  255.982838  75904.4114
2082.00   15.0000    0.0000   15.0000  277.0330  277.0330  0.000000       0.00000       0.00000         230091.3610    0.000000    -0.00005     0.00000    0.000000000   -0.000000242   -0.000000409  255.937821  75782.9359
2094.00   15.0000    0.0000   15.0000  277.1110  277.1110  0.000000       0.00000       0.00000         230026.5958    0.000000    -0.00005     0.00000    0.000000000   -0.000000242   -0.000000408  255.892771  75661.6334
2106.00   15.0000    0.0000   15.0000  277.1890  277.1890  0.000000       0.00000       0.00000         229961.8672    0.000000    -0.00005     0.00000    0.000000000   -0.000000242   -0.000000408  255.847689  75540.5038
2118.00   15.0000    0.0000   15.0000  277.2670  277.2670  0.000000       0.00000       0.00000         229897.1749    0.000000    -0.00005     0.00000    0.000000000   -0.000000242   -0.000000407  255.802573  75419.5469
2130.00   15.0000    0.0000   15.0000  277.3450  277.3450  0.000000       0.00000       0.00000         229832.5191    0.000000    -0.00005     0.00000    0.000000000   -0.000000242   -0.000000407  255.757425  75298.7623
2142.00   15.0000    0.0000   15.0000  277.4230  277.4230  0.000000       0.00000       0.00000         229767.8996    0.000000    -0.00005     0.00000    0.000000000   -0.000000242   -0.000000406  255.712243  75178.1498
2154.00   15.0000    0.0000   15.0000  277.5010  277.5010  0.000000       0.00000       0.00000         229703.3164    0.000000    -0.00005     0.00000    0.000000000   -0.000000242   -0.000000406  255.667029  75057.7093
2166.00   15.0000    0.0000   15.0000  277.5790  277.5790  0.000000       0.00000       0.00000         229638.7695    0.000000    -0.00005     0.00000    0.000000000   -0.000000242   -0.000000405  255.621781  74937.4405
2178.00   15.0000    0.0000   15.0000  277.6570  277.6570  0.000000       0.00000       0.00000         229574.2589    0.000000    -0.00005     0.00000    0.000000000   -0.000000242   -0.000000405  255.576501  74817.3432
2190.00   15.0000    0.0000   15.0000  277.7350  277.7350  0.000000       0.00000       0.00000         229509.7845    0.000000    -0.00005     0.00000    0.000000000   -0.000000241   -0.000000404  255.531188  74697.4171
2202.00   15.0000    0.0000   15.0000  277.8130  277.8130  0.000000       0.00000       0.00000         229445.3463    0.000000    -0.00005     0.00000    0.000000000   -0.000000241   -0.000000404  255.485842  74577.6620
2214.00   15.0000    0.0000   15.0000  277.8910  277.8910  0.000000       0.00000       0.00000         229380.9443    0.000000    -0.00005     0.00000    0.000000000   -0.000000241   -0.000000403  255.440463  74458.0777
2226.00   15.0000    0.0000   15.0000  277.9690  277.9690  0.000000       0.00000       0.00000         229316.5785    0.000000    -0.00005     0.00000    0.000000000   -0.000000241   -0.000000403  255.395052  74338.6639
2238.00   15.0000    0.0000   15.0000  278.0470  278.0470  0.000000       0.00000       0.00000         229252.2487    0.000000    -0.00005     0.00000    0.000000000   -0.000000241   -0.000000402  255.349607  74219.4205
2250.00   15.0000    0.0000   15.0000  278.1250  278.1250  0.000000       0.00000       0.00000         229187.9551    0.000000    -0.00005     0.00000    0.000000000   -0.000000241   -0.000000402  255.304130  74100.3471
2262.00   15.0000    0.0000   15.0000  278.2030  278.2030  0.000000       0.00000       0.00000         229123.6974    0.000000    -0.00006     0.00000    0.000000000   -0.000000241   -0.000000401  255.258619  73981.4436
2274.00   15.0000    0.0000   15.0000  278.2810  278.2810  0.000000       0.00000       0.00000         229059.4759    0.000000    -0.00006     0.00000    0.000000000   -0.000000241   -0.000000401  255.213076  73862.7098
2286.00   15.0000    0.0000   15.0000  278.3590  278.3590  0.000000       0.00000       0.00000         228995.2903    0.000000    -0.00006     0.00000    0.000000000   -0.000000241   -0.000000401  255.167500  73744.1453
2298.00   15.0000    0.0000   15.0000  278.4370  278.4370  0.000000       0.00000       0.00000         228931.1406    0.000000    -0.00006     0.00000    0.000000000   -0.000000241   -0.000000400  255.121892  73625.7501
2310.00   15.0000    0.0000   15.0000  278.5150  278.5150  0.000000       0.00000       0.00000         228867.0269    0.000000    -0.00006     0.00000    0.000000000   -0.000000240   -0.000000400  255.076250  73507.5238
2322.00   15.0000    0.0000   15.0000  278.5930  278.5930  0.000000       0.00000       0.00000         228802.9491    0.000000    -0.00006     0.00000    0.000000000   -0.000000240   -0.000000399  255.030576  73389.4662
2334.00   15.0000    0.0000   15.0000  278.6710  278.6710  0.000000       0.00000       0.00000         228738.9072    0.000000    -0.00006     0.00000    0.000000000   -0.000000240   -0.000000399  254.984869  73271.5771
2346.00   15.0000    0.0000   15.0000  278.7490  278.7490  0.000000       0.00000       0.00000         228674.9011    0.000000    -0.00006     0.00000    0.000000000   -0.000000240   -0.000000398  254.939129  73153.8563
2358.00   15.0000    0.0000   15.0000  278.8270  278.8270  0.000000       0.00000       0.00000         228610.9308    0.000000    -0.00006     0.00000    0.000000000   -0.000000240   -0.000000398  254.893356  73036.3036
2370.00   15.0000    0.0000   15.0000  278.9050  278.9050  0.000000       0.00000       0.00000         228546.9963    0.000000    -0.00006     0.00000    0.000000000   -0.000000240   -0.000000397  254.847551  72918.9187
2382.00   15.0000    0.0000   15.0000  278.9830  278.9830  0.000000       0.00000       0.00000              0.0000    0.000000    -0.00006     0.00000    0.000000000    0.000000000    0.000000000  254.801713  72801.7014
2394.00   15.0000    0.0000   15.0000  279.0610  279.0610  0.000000       0.00000       0.00000              0.0000    0.000000     0.00000     0.00000    0.000000000    0.000000000    0.000000000  254.755842  72684.6515
