   0.00    0.0000    0.0000    0.0000  245.5456  245.5456  0.000000       0.00000       0.00000              0.0000    0.000000     0.00000     0.00000    0.000000000    0.000000000    0.000000000    0.000000      0.0000
   6.00    7.3574    3.5943    8.1884  247.5732  247.5732  0.000000       0.64140       0.64140              0.0000    0.000000     0.00000     0.00000   -0.000042222    0.000000000    0.000000000  247.485519  99875.9164
  18.00    8.4816    4.0414    9.3952  247.7722  247.7722  0.000000       1.76561       1.76561              0.0800    0.000000    -0.00000     0.00000   -0.000047087    0.000000000    0.000000000  247.537923  99669.2991
  30.00    9.2364    4.2809   10.1803  247.9105  247.9105  0.000000       1.59773       1.59773              0.1119    0.000000    -0.00000     0.00000   -0.000056773    0.000000138    0.000000070  247.559016  99504.3751
  42.00    9.9497    4.4517   10.9002  248.0462  248.0462  0.000000       1.71197       1.71197              0.1297    0.000000    -0.00000     0.00000   -0.000060663    0.000000122    0.000000053  247.577337  99339.7371
  54.00   10.6007    4.5580   11.5390  248.1753  248.1753  0.000000       1.62838       1.62838              0.1489    0.000000    -0.00000     0.00000   -0.000063593    0.000000111    0.000000043  247.589132  99175.3815
  66.00   11.2244    4.6119   12.1349  248.3053  248.3053  0.000000       1.55111       1.55111              0.1657    0.000000    -0.00000     0.00000   -0.000066159    0.000000116    0.000000048  247.601637  99011.3059
  78.00   11.8233    4.6166   12.6927  248.4372  248.4372  0.000000       1.43463       1.43463              0.1826    0.000000    -0.00000     0.00000   -0.000068541    0.000000128    0.000000059  247.616124  98847.5107
  90.00   12.4036    4.5735   13.2200  248.5736  248.5736  0.000000       1.31006       1.31006              0.1994    0.000000    -0.00000     0.00000   -0.000070897    0.000000148    0.000000078  247.634932  98683.9974
 102.00   12.9658    4.4826   13.7188  248.7159  248.7159  0.000000       1.17692       1.17692              0.2168    0.000000    -0.00000     0.00000   -0.000073311    0.000000173    0.000000102  247.659575  98520.7689
 114.00   13.5092    4.3429   14.1901  248.8659  248.8659  0.000000       1.04252       1.04252              0.2351    0.000000    -0.00001     0.00000   -0.000075868    0.000000205    0.000000133  247.691757  98357.8290
 126.00   14.0314    4.1532   14.6332  249.0252  249.0252  0.000000       0.90940       0.90940              0.2546    0.000000    -0.00001     0.00000   -0.000078634    0.000000245    0.000000171  247.733179  98195.1828
 138.00   14.5285    3.9118   15.0459  249.1958  249.1958  0.000000       0.78027       0.78027              0.2758    0.000000    -0.00001     0.00000   -0.000081734    0.000000293    0.000000217  247.785787  98032.8363
 150.00   14.9945    3.6170   15.4246  249.3800  249.3800  0.000000       0.65704       0.65704              0.2994    0.000000    -0.00001     0.00000   -0.000085227    0.000000351    0.000000273  247.851816  97870.7970
 162.00   15.4219    3.2678   15.7643  249.5806  249.5806  0.000000       0.54048       0.54048              0.3262    0.000000    -0.00001     0.00000   -0.000089273    0.000000423    0.000000341  247.934043  97709.0739
 174.00   15.8005    2.8638   16.0579  249.8010  249.8010  0.000000       0.43282       0.43282              0.3572    0.000000    -0.00001     0.00000   -0.000094067    0.000000513    0.000000428  248.035835  97547.6778
 186.00   16.1180    2.4054   16.2965  250.0463  250.0463  0.000000       0.33128       0.33128              0.3951    0.000000    -0.00002     0.00000   -0.000099985    0.000000626    0.000000536  248.162227  97386.6224
 198.00   16.3561    1.8984   16.4659  250.3218  250.3218  0.000000       0.24436       0.24436              0.4412    0.000000    -0.00002     0.00000   -0.000107423    0.000000786    0.000000689  248.318548  97225.9243
 210.00   16.4945    1.3422   16.5490  250.6432  250.6432  0.000000       0.15295       0.15295              0.5125    0.000000    -0.00002     0.00000   -0.000117954    0.000000982    0.000000878  248.520177  97065.6069
 222.00   16.4935    0.7844   16.5121  251.0095  251.0095  0.000000       0.10292       0.10292              0.5883    0.000000    -0.00003     0.00000   -0.000141046    0.000001372    0.000001248  248.766161  96905.6977
 234.00   16.2520    0.1935   16.2532  251.5080  251.5080  0.000000       0.00355       0.00355              1.6180    0.000000     0.00000     0.00000   -0.000128585    0.000011083    0.000009154  249.143064  96746.2514
 246.00   15.0669   -0.0419   15.0669  255.7086  255.7086  0.000000       0.00027       0.00027              2.9435    0.000000    -0.00007     0.00000   -0.000054836    0.000012758    0.000013918  253.186039  96588.4560
 258.00   15.0002   -0.0003   15.0002  256.6395  256.6395  0.000000       0.00000       0.00000            258.9365    0.000000    -0.00007     0.00000   -0.000000888    0.000004838    0.000004618  253.990396  96432.4328
 270.00   15.0000   -0.0000   15.0000  257.4680  257.4680  0.000000       0.00000       0.00000        1808854.7701    0.000000    -0.00005     0.00000    0.000000000    0.000003887    0.000003708  254.693072  96277.1230
 282.00   15.0000   -0.0000   15.0000  258.0322  258.0322  0.000000       0.00000       0.00000        1635492.6658    0.000000    -0.00004     0.00000    0.000000000    0.000002829    0.000002645  255.133999  96122.4110
 294.00   15.0000   -0.0000   15.0000  258.5008  258.5008  0.000000       0.00000       0.00000        1405797.8469    0.000000    -0.00004     0.00000    0.000000000    0.000002412    0.000002229  255.480104  95968.1856
 306.00   15.0000   -0.0000   15.0000  258.9216  258.9216  0.000000       0.00000       0.00000        1264505.4536    0.000000    -0.00004     0.00000    0.000000000    0.000002155    0.000001975  255.778790  95814.4018
 318.00   15.0000   -0.0000   15.0000  259.3021  259.3021  0.000000       0.00000       0.00000        1161399.3158    0.000000    -0.00004     0.00000    0.000000000    0.000001967    0.000001787  256.037475  95661.0315
 330.00   15.0000    0.0000   15.0000  259.6586  259.6586  0.000000       0.00000       0.00000        1092330.9796    0.000000    -0.00003     0.00000    0.000000000    0.000001845    0.000001665  256.272350  95508.0540
 342.00   15.0000    0.0000   15.0000  259.9962  259.9962  0.000000       0.00000       0.00000        1039418.6123    0.000000    -0.00003     0.00000    0.000000000    0.000001753    0.000001572  256.488383  95355.4555
 354.00   15.0000    0.0000   15.0000  260.3200  260.3200  0.000000       0.00000       0.00000         991623.2492    0.000000    -0.00003     0.00000    0.000000000    0.000001668    0.000001487  256.690622  95203.2248
 366.00   15.0000    0.0000   15.0000  260.6280  260.6280  0.000000       0.00000       0.00000         950540.3316    0.000000    -0.00003     0.00000    0.000000000    0.000001594    0.000001412  256.877144  95051.3521
 378.00   15.0000    0.0000   15.0000  260.9263  260.9263  0.000000       0.00000       0.00000         901606.0474    0.000000    -0.00003     0.00000    0.000000000    0.000001495    0.000001313  257.054006  94899.8289
 390.00   15.0000    0.0000   15.0000  261.2037  261.2037  0.000000       0.00000       0.00000         868431.1742    0.000000    -0.00003     0.00000    0.000000000    0.000001432    0.000001249  257.210158  94748.6450
 402.00   15.0000    0.0000   15.0000  261.4814  261.4814  0.000000       0.00000       0.00000         817001.2960    0.000000    -0.00003     0.00000    0.000000000    0.000001317    0.000001136  257.366477  94597.7936
 414.00   15.0000    0.0000   15.0000  261.7265  261.7265  0.000000       0.00000       0.00000         772171.9169    0.000000    -0.00003     0.00000    0.000000000    0.000001216    0.000001034  257.490575  94447.2644
 426.00   15.0000    0.0000   15.0000  261.9760  261.9760  0.000000       0.00000       0.00000         747636.7869    0.000000    -0.00003     0.00000    0.000000000    0.000001164    0.000000983  257.618884  94297.0483
 438.00   15.0000    0.0000   15.0000  262.2059  262.2059  0.000000       0.00000       0.00000         713117.2593    0.000000    -0.00003     0.00000    0.000000000    0.000001084    0.000000902  257.727761  94147.1400
 450.00   15.0000    0.0000   15.0000  262.4336  262.4336  0.000000       0.00000       0.00000         693975.9205    0.000000    -0.00003     0.00000    0.000000000    0.000001043    0.000000861  257.834493  93997.5327
 462.00   15.0000    0.0000   15.0000  262.6516  262.6516  0.000000       0.00000       0.00000         670396.4668    0.000000    -0.00003     0.00000    0.000000000    0.000000989    0.000000806  257.931479  93848.2220
 474.00   15.0000    0.0000   15.0000  262.8646  262.8646  0.000000       0.00000       0.00000         653320.2127    0.000000    -0.00003     0.00000    0.000000000    0.000000950    0.000000767  258.023490  93699.2030
 486.00   15.0000    0.0000   15.0000  263.0719  263.0719  0.000000       0.00000       0.00000         636930.0827    0.000000    -0.00003     0.00000    0.000000000    0.000000913    0.000000729  258.109845  93550.4721
 498.00   15.0000    0.0000   15.0000  263.2746  263.2746  0.000000       0.00000       0.00000         622179.3773    0.000000    -0.00003     0.00000    0.000000000    0.000000879    0.000000694  258.191640  93402.0256
 510.00   15.0000    0.0000   15.0000  263.4728  263.4728  0.000000       0.00000       0.00000         608639.0355    0.000000    -0.00003     0.00000    0.000000000    0.000000848    0.000000662  258.268801  93253.8602
 522.00   15.0000    0.0000   15.0000  263.6671  263.6671  0.000000       0.00000       0.00000         595808.6076    0.000000    -0.00003     0.00000    0.000000000    0.000000818    0.000000631  258.342155  93105.9729
 534.00   15.0000    0.0000   15.0000  263.8572  263.8572  0.000000       0.00000       0.00000         583161.5833    0.000000    -0.00003     0.00000    0.000000000    0.000000787    0.000000601  258.411314  92958.3608
 546.00   15.0000    0.0000   15.0000  264.0437  264.0437  0.000000       0.00000       0.00000         568982.5946    0.000000    -0.00003     0.00000    0.000000000    0.000000752    0.000000565  258.476770  92811.0211
 558.00   15.0000    0.0000   15.0000  264.2249  264.2249  0.000000       0.00000       0.00000         556034.7806    0.000000    -0.00003     0.00000    0.000000000    0.000000719    0.000000531  258.537054  92663.9507
 570.00   15.0000    0.0000   15.0000  264.4032  264.4032  0.000000       0.00000       0.00000         538475.7722    0.000000    -0.00003     0.00000    0.000000000    0.000000672    0.000000484  258.594401  92517.1467
 582.00   15.0000    0.0000   15.0000  264.5733  264.5733  0.000000       0.00000       0.00000         522577.1725    0.000000    -0.00003     0.00000    0.000000000    0.000000629    0.000000441  258.643651  92370.6055
 594.00   15.0000    0.0000   15.0000  264.7416  264.7416  0.000000       0.00000       0.00000         503436.8953    0.000000    -0.00003     0.00000    0.000000000    0.000000576    0.000000388  258.690998  92224.3237
 606.00   15.0000    0.0000   15.0000  264.8995  264.8995  0.000000       0.00000       0.00000         479348.0880    0.000000    -0.00003     0.00000    0.000000000    0.000000507    0.000000320  258.728193  92078.2974
 618.00   15.0000    0.0000   15.0000  265.0524  265.0524  0.000000       0.00000       0.00000         462392.6052    0.000000    -0.00003     0.00000    0.000000000    0.000000458    0.000000272  258.760332  91932.5218
 630.00   15.0000    0.0000   15.0000  265.1995  265.1995  0.000000       0.00000       0.00000         445295.8683    0.000000    -0.00003     0.00000    0.000000000    0.000000409    0.000000222  258.786827  91786.9935
 642.00   15.0000    0.0000   15.0000  265.3414  265.3414  0.000000       0.00000       0.00000         431396.8276    0.000000    -0.00003     0.00000    0.000000000    0.000000368    0.000000182  258.808168  91641.7090
 654.00   15.0000    0.0000   15.0000  265.4796  265.4796  0.000000       0.00000       0.00000         420270.7504    0.000000    -0.00003     0.00000    0.000000000    0.000000336    0.000000150  258.825883  91496.6653
 666.00   15.0000    0.0000   15.0000  265.6144  265.6144  0.000000       0.00000       0.00000         410707.5780    0.000000    -0.00003     0.00000    0.000000000    0.000000308    0.000000122  258.840195  91351.8602
 678.00   15.0000    0.0000   15.0000  265.7466  265.7466  0.000000       0.00000       0.00000         402659.0751    0.000000    -0.00003     0.00000    0.000000000    0.000000284    0.000000098  258.851866  91207.2915
 690.00   15.0000    0.0000   15.0000  265.8763  265.8763  0.000000       0.00000       0.00000         395557.6002    0.000000    -0.00003     0.00000    0.000000000    0.000000263    0.000000077  258.861091  91062.9575
 702.00   15.0000    0.0000   15.0000  266.0040  266.0040  0.000000       0.00000       0.00000         389469.0747    0.000000    -0.00003     0.00000    0.000000000    0.000000245    0.000000059  258.868272  90918.8564
 714.00   15.0000    0.0000   15.0000  266.1298  266.1298  0.000000       0.00000       0.00000         384212.7558    0.000000    -0.00003     0.00000    0.000000000    0.000000230    0.000000044  258.873647  90774.9868
 726.00   15.0000    0.0000   15.0000  266.2542  266.2542  0.000000       0.00000       0.00000         379646.8033    0.000000    -0.00003     0.00000    0.000000000    0.000000216    0.000000030  258.877503  90631.3474
 738.00   15.0000    0.0000   15.0000  266.3772  266.3772  0.000000       0.00000       0.00000         375548.0008    0.000000    -0.00003     0.00000    0.000000000    0.000000204    0.000000018  258.879988  90487.9371
 750.00   15.0000    0.0000   15.0000  266.4990  266.4990  0.000000       0.00000       0.00000         371808.8101    0.000000    -0.00003     0.00000    0.000000000    0.000000193    0.000000007  258.881250  90344.7547
 762.00   15.0000    0.0000   15.0000  266.6197  266.6197  0.000000       0.00000       0.00000         368602.1876    0.000000    -0.00003     0.00000    0.000000000    0.000000184   -0.000000003  258.881367  90201.7993
 774.00   15.0000    0.0000   15.0000  266.7396  266.7396  0.000000       0.00000       0.00000         364988.1624    0.000000    -0.00003     0.00000    0.000000000    0.000000173   -0.000000014  258.880597  90059.0699
 786.00   15.0000    0.0000   15.0000  266.8580  266.8580  0.000000       0.00000       0.00000         362499.3049    0.000000    -0.00003     0.00000    0.000000000    0.000000165   -0.000000022  258.878424  89916.5656
 798.00   15.0000    0.0000   15.0000  266.9763  266.9763  0.000000       0.00000       0.00000         359892.3920    0.000000    -0.00003     0.00000    0.000000000    0.000000157   -0.000000030  258.876075  89774.2855
 810.00   15.0000    0.0000   15.0000  267.0931  267.0931  0.000000       0.00000       0.00000         357551.7773    0.000000    -0.00003     0.00000    0.000000000    0.000000150   -0.000000037  258.872249  89632.2288
 822.00   15.0000    0.0000   15.0000  267.2100  267.2100  0.000000       0.00000       0.00000         356472.2349    0.000000    -0.00003     0.00000    0.000000000    0.000000147   -0.000000040  258.868413  89490.3948
 834.00   15.0000    0.0000   15.0000  267.3263  267.3263  0.000000       0.00000       0.00000         355340.3711    0.000000    -0.00003     0.00000    0.000000000    0.000000144   -0.000000044  258.863900  89348.7830
 846.00   15.0000    0.0000   15.0000  267.4425  267.4425  0.000000       0.00000       0.00000         354839.4148    0.000000    -0.00003     0.00000    0.000000000    0.000000142   -0.000000045  258.859343  89207.3928
 858.00   15.0000    0.0000   15.0000  267.5585  267.5585  0.000000       0.00000       0.00000         355070.4169    0.000000    -0.00003     0.00000    0.000000000    0.000000143   -0.000000045  258.854508  89066.2238
 870.00   15.0000    0.0000   15.0000  267.6750  267.6750  0.000000       0.00000       0.00000         356797.4590    0.000000    -0.00003     0.00000    0.000000000    0.000000149   -0.000000039  258.850094  88925.2757
 882.00   15.0000    0.0000   15.0000  267.7922  267.7922  0.000000       0.00000       0.00000         359547.5189    0.000000    -0.00003     0.00000    0.000000000    0.000000158   -0.000000031  258.846349  88784.5484
 894.00   15.0000    0.0000   15.0000  267.9106  267.9106  0.000000       0.00000       0.00000         364150.4865    0.000000    -0.00003     0.00000    0.000000000    0.000000172   -0.000000017  258.843673  88644.0420
 906.00   15.0000    0.0000   15.0000  268.0310  268.0310  0.000000       0.00000       0.00000         371366.9241    0.000000    -0.00003     0.00000    0.000000000    0.000000195    0.000000005  258.842842  88503.7571
 918.00   15.0000    0.0000   15.0000  268.1542  268.1542  0.000000       0.00000       0.00000         382315.0165    0.000000    -0.00004     0.00000    0.000000000    0.000000230    0.000000039  258.844736  88363.6945
 930.00   15.0000    0.0000   15.0000  268.2819  268.2819  0.000000       0.00000       0.00000         396193.5338    0.000000    -0.00004     0.00000    0.000000000    0.000000274    0.000000082  258.850842  88223.8557
 942.00   15.0000    0.0000   15.0000  268.4144  268.4144  0.000000       0.00000       0.00000         431693.5471    0.000000    -0.00004     0.00000    0.000000000    0.000000386    0.000000191  258.861534  88084.2427
 954.00   15.0000    0.0000   15.0000  268.5655  268.5655  0.000000       0.00000       0.00000         447564.4379    0.000000    -0.00004     0.00000    0.000000000    0.000000438    0.000000241  258.890137  87944.8612
 966.00   15.0000    0.0000   15.0000  268.7085  268.7085  0.000000       0.00000       0.00000         603908.0230    0.000000    -0.00008     0.00000    0.000000000    0.000000938    0.000000728  258.910920  87805.7135
 978.00   15.0000    0.0000   15.0000  268.9626  268.9626  0.000000       0.00000       0.00000         575770.3863    0.000000    -0.00004     0.00000    0.000000000    0.000000852    0.000000649  259.038586  87666.8258
 990.00   15.0000    0.0000   15.0000  269.0875  269.0875  0.000000       0.00000       0.00000        1594970.5825    0.000000    -0.00029     0.00000    0.000000000    0.000004248    0.000003859  259.041773  87528.1927
1002.00   15.0000    0.0000   15.0000  270.0130  270.0130  0.000000       0.00000       0.00000        1518505.2740    0.000000    -0.00002     0.00000    0.000000000    0.000004013    0.000003854  259.815373  87389.9855
1014.00   15.0000    0.0000   15.0000  270.0910  270.0910  0.000000       0.00000       0.00000         236005.2723    0.000000    -0.00002     0.00000    0.000000000   -0.000000244   -0.000000443  259.773317  87252.1911
1026.00   15.0000    0.0000   15.0000  270.1690  270.1690  0.000000       0.00000       0.00000         235937.1356    0.000000    -0.00002     0.00000    0.000000000   -0.000000244   -0.000000442  259.731227  87114.5918
1038.00   15.0000    0.0000   15.0000  270.2470  270.2470  0.000000       0.00000       0.00000         235869.0383    0.000000    -0.00003     0.00000    0.000000000   -0.000000244   -0.000000442  259.689103  86977.1871
1050.00   15.0000    0.0000   15.0000  270.3250  270.3250  0.000000       0.00000       0.00000         235800.9803    0.000000    -0.00003     0.00000    0.000000000   -0.000000244   -0.000000442  259.646945  86839.9770
1062.00   15.0000    0.0000   15.0000  270.4030  270.4030  0.000000       0.00000       0.00000         235732.9615    0.000000    -0.00003     0.00000    0.000000000   -0.000000244   -0.000000441  259.604753  86702.9610
1074.00   15.0000    0.0000   15.0000  270.4810  270.4810  0.000000       0.00000       0.00000         235664.9820    0.000000    -0.00003     0.00000    0.000000000   -0.000000244   -0.000000441  259.562527  86566.1390
1086.00   15.0000    0.0000   15.0000  270.5590  270.5590  0.000000       0.00000       0.00000         235597.0417    0.000000    -0.00003     0.00000    0.000000000   -0.000000244   -0.000000441  259.520268  86429.5108
1098.00   15.0000    0.0000   15.0000  270.6370  270.6370  0.000000       0.00000       0.00000         235529.1405    0.000000    -0.00003     0.00000    0.000000000   -0.000000244   -0.000000440  259.477975  86293.0759
1110.00   15.0000    0.0000   15.0000  270.7150  270.7150  0.000000       0.00000       0.00000         235461.2785    0.000000    -0.00003     0.00000    0.000000000   -0.000000244   -0.000000440  259.435648  86156.8342
1122.00   15.0000    0.0000   15.0000  270.7930  270.7930  0.000000       0.00000       0.00000         235393.4555    0.000000    -0.00003     0.00000    0.000000000   -0.000000244   -0.000000440  259.393288  86020.7855
1134.00   15.0000    0.0000   15.0000  270.8710  270.8710  0.000000       0.00000       0.00000         235325.6716    0.000000    -0.00003     0.00000    0.000000000   -0.000000244   -0.000000439  259.350894  85884.9294
1146.00   15.0000    0.0000   15.0000  270.9490  270.9490  0.000000       0.00000       0.00000         235257.9268    0.000000    -0.00003     0.00000    0.000000000   -0.000000244   -0.000000439  259.308466  85749.2657
1158.00   15.0000    0.0000   15.0000  271.0270  271.0270  0.000000       0.00000       0.00000         235190.2209    0.000000    -0.00003     0.00000    0.000000000   -0.000000244   -0.000000439  259.266004  85613.7941
1170.00   15.0000    0.0000   15.0000  271.1050  271.1050  0.000000       0.00000       0.00000         235122.5540    0.000000    -0.00003     0.00000    0.000000000   -0.000000244   -0.000000438  259.223509  85478.5144
1182.00   15.0000    0.0000   15.0000  271.1830  271.1830  0.000000       0.00000       0.00000         235054.9260    0.000000    -0.00003     0.00000    0.000000000   -0.000000245   -0.000000438  259.180980  85343.4263
1194.00   15.0000    0.0000   15.0000  271.2610  271.2610  0.000000       0.00000       0.00000         234987.3369    0.000000    -0.00003     0.00000    0.000000000   -0.000000245   -0.000000438  259.138417  85208.5296
1206.00   15.0000    0.0000   15.0000  271.3390  271.3390  0.000000       0.00000       0.00000         234919.7867    0.000000    -0.00003     0.00000    0.000000000   -0.000000245   -0.000000437  259.095821  85073.8241
1218.00   15.0000    0.0000   15.0000  271.4170  271.4170  0.000000       0.00000       0.00000         234852.2753    0.000000    -0.00003     0.00000    0.000000000   -0.000000245   -0.000000437  259.053191  84939.3093
1230.00   15.0000    0.0000   15.0000  271.4950  271.4950  0.000000       0.00000       0.00000         234784.8027    0.000000    -0.00003     0.00000    0.000000000   -0.000000245   -0.000000437  259.010527  84804.9852
1242.00   15.0000    0.0000   15.0000  271.5730  271.5730  0.000000       0.00000       0.00000         234717.3688    0.000000    -0.00003     0.00000    0.000000000   -0.000000245   -0.000000436  258.967830  84670.8514
1254.00   15.0000    0.0000   15.0000  271.6510  271.6510  0.000000       0.00000       0.00000         234649.9737    0.000000    -0.00003     0.00000    0.000000000   -0.000000245   -0.000000436  258.925099  84536.9076
1266.00   15.0000    0.0000   15.0000  271.7290  271.7290  0.000000       0.00000       0.00000         234582.6172    0.000000    -0.00003     0.00000    0.000000000   -0.000000245   -0.000000436  258.882334  84403.1537
1278.00   15.0000    0.0000   15.0000  271.8070  271.8070  0.000000       0.00000       0.00000         234515.2995    0.000000    -0.00003     0.00000    0.000000000   -0.000000245   -0.000000435  258.839536  84269.5894
1290.00   15.0000    0.0000   15.0000  271.8850  271.8850  0.000000       0.00000       0.00000         234448.0203    0.000000    -0.00003     0.00000    0.000000000   -0.000000245   -0.000000435  258.796704  84136.2144
1302.00   15.0000    0.0000   15.0000  271.9630  271.9630  0.000000       0.00000       0.00000         234380.7797    0.000000    -0.00003     0.00000    0.000000000   -0.000000245   -0.000000434  258.753839  84003.0285
1314.00   15.0000    0.0000   15.0000  272.0410  272.0410  0.000000       0.00000       0.00000         234313.5777    0.000000    -0.00003     0.00000    0.000000000   -0.000000245   -0.000000434  258.710940  83870.0313
1326.00   15.0000    0.0000   15.0000  272.1190  272.1190  0.000000       0.00000       0.00000         234246.4143    0.000000    -0.00003     0.00000    0.000000000   -0.000000245   -0.000000434  258.668007  83737.2228
1338.00   15.0000    0.0000   15.0000  272.1970  272.1970  0.000000       0.00000       0.00000         234179.2893    0.000000    -0.00003     0.00000    0.000000000   -0.000000245   -0.000000433  258.625041  83604.6025
1350.00   15.0000    0.0000   15.0000  272.2750  272.2750  0.000000       0.00000       0.00000         234112.2027    0.000000    -0.00003     0.00000    0.000000000   -0.000000245   -0.000000433  258.582042  83472.1702
1362.00   15.0000    0.0000   15.0000  272.3530  272.3530  0.000000       0.00000       0.00000         234045.1546    0.000000    -0.00003     0.00000    0.000000000   -0.000000245   -0.000000433  258.539009  83339.9258
1374.00   15.0000    0.0000   15.0000  272.4310  272.4310  0.000000       0.00000       0.00000         233978.1449    0.000000    -0.00003     0.00000    0.000000000   -0.000000245   -0.000000432  258.495942  83207.8689
1386.00   15.0000    0.0000   15.0000  272.5090  272.5090  0.000000       0.00000       0.00000         233911.1736    0.000000    -0.00003     0.00000    0.000000000   -0.000000245   -0.000000432  258.452842  83075.9993
1398.00   15.0000    0.0000   15.0000  272.5870  272.5870  0.000000       0.00000       0.00000         233844.2406    0.000000    -0.00003     0.00000    0.000000000   -0.000000245   -0.000000431  258.409708  82944.3168
1410.00   15.0000    0.0000   15.0000  272.6650  272.6650  0.000000       0.00000       0.00000         233777.3458    0.000000    -0.00003     0.00000    0.000000000   -0.000000245   -0.000000431  258.366540  82812.8210
1422.00   15.0000    0.0000   15.0000  272.7430  272.7430  0.000000       0.00000       0.00000         233710.4894    0.000000    -0.00003     0.00000    0.000000000   -0.000000245   -0.000000431  258.323340  82681.5118
1434.00   15.0000    0.0000   15.0000  272.8210  272.8210  0.000000       0.00000       0.00000         233643.6711    0.000000    -0.00003     0.00000    0.000000000   -0.000000245   -0.000000430  258.280105  82550.3888
1446.00   15.0000    0.0000   15.0000  272.8990  272.8990  0.000000       0.00000       0.00000         233576.8911    0.000000    -0.00004     0.00000    0.000000000   -0.000000245   -0.000000430  258.236838  82419.4519
1458.00   15.0000    0.0000   15.0000  272.9770  272.9770  0.000000       0.00000       0.00000         233510.1492    0.000000    -0.00004     0.00000    0.000000000   -0.000000245   -0.000000430  258.193536  82288.7008
1470.00   15.0000    0.0000   15.0000  273.0550  273.0550  0.000000       0.00000       0.00000         233443.4455    0.000000    -0.00004     0.00000    0.000000000   -0.000000245   -0.000000429  258.150202  82158.1353
1482.00   15.0000    0.0000   15.0000  273.1330  273.1330  0.000000       0.00000       0.00000         233376.7798    0.000000    -0.00004     0.00000    0.000000000   -0.000000245   -0.000000429  258.106834  82027.7550
1494.00   15.0000    0.0000   15.0000  273.2110  273.2110  0.000000       0.00000       0.00000         233310.1522    0.000000    -0.00004     0.00000    0.000000000   -0.000000245   -0.000000428  258.063432  81897.5597
1506.00   15.0000    0.0000   15.0000  273.2890  273.2890  0.000000       0.00000       0.00000         233243.5627    0.000000    -0.00004     0.00000    0.000000000   -0.000000245   -0.000000428  258.019997  81767.5493
1518.00   15.0000    0.0000   15.0000  273.3670  273.3670  0.000000       0.00000       0.00000         233177.0111    0.000000    -0.00004     0.00000    0.000000000   -0.000000245   -0.000000428  257.976529  81637.7234
1530.00   15.0000    0.0000   15.0000  273.4450  273.4450  0.000000       0.00000       0.00000         233110.4975    0.000000    -0.00004     0.00000    0.000000000   -0.000000244   -0.000000427  257.933027  81508.0818
1542.00   15.0000    0.0000   15.0000  273.5230  273.5230  0.000000       0.00000       0.00000         233044.0219    0.000000    -0.00004     0.00000    0.000000000   -0.000000244   -0.000000427  257.889492  81378.6242
1554.00   15.0000    0.0000   15.0000  273.6010  273.6010  0.000000       0.00000       0.00000         232977.5841    0.000000    -0.00004     0.00000    0.000000000   -0.000000244   -0.000000426  257.845923  81249.3504
1566.00   15.0000    0.0000   15.0000  273.6790  273.6790  0.000000       0.00000       0.00000         232911.1843    0.000000    -0.00004     0.00000    0.000000000   -0.000000244   -0.000000426  257.802321  81120.2602
1578.00   15.0000    0.0000   15.0000  273.7570  273.7570  0.000000       0.00000       0.00000         232844.8222    0.000000    -0.00004     0.00000    0.000000000   -0.000000244   -0.000000426  257.758686  80991.3534
1590.00   15.0000    0.0000   15.0000  273.8350  273.8350  0.000000       0.00000       0.00000         232778.4980    0.000000    -0.00004     0.00000    0.000000000   -0.000000244   -0.000000425  257.715017  80862.6295
1602.00   15.0000    0.0000   15.0000  273.9130  273.9130  0.000000       0.00000       0.00000         232712.2115    0.000000    -0.00004     0.00000    0.000000000   -0.000000244   -0.000000425  257.671315  80734.0885
1614.00   15.0000    0.0000   15.0000  273.9910  273.9910  0.000000       0.00000       0.00000         232645.9628    0.000000    -0.00004     0.00000    0.000000000   -0.000000244   -0.000000424  257.627580  80605.7301
1626.00   15.0000    0.0000   15.0000  274.0690  274.0690  0.000000       0.00000       0.00000         232579.7518    0.000000    -0.00004     0.00000    0.000000000   -0.000000244   -0.000000424  257.583811  80477.5540
1638.00   15.0000    0.0000   15.0000  274.1470  274.1470  0.000000       0.00000       0.00000         232513.5785    0.000000    -0.00004     0.00000    0.000000000   -0.000000244   -0.000000424  257.540009  80349.5599
1650.00   15.0000    0.0000   15.0000  274.2250  274.2250  0.000000       0.00000       0.00000         232447.4428    0.000000    -0.00004     0.00000    0.000000000   -0.000000244   -0.000000423  257.496173  80221.7477
1662.00   15.0000    0.0000   15.0000  274.3030  274.3030  0.000000       0.00000       0.00000         232381.3447    0.000000    -0.00004     0.00000    0.000000000   -0.000000244   -0.000000423  257.452305  80094.1171
1674.00   15.0000    0.0000   15.0000  274.3810  274.3810  0.000000       0.00000       0.00000         232315.2842    0.000000    -0.00004     0.00000    0.000000000   -0.000000244   -0.000000422  257.408403  79966.6679
1686.00   15.0000    0.0000   15.0000  274.4590  274.4590  0.000000       0.00000       0.00000         232249.2613    0.000000    -0.00004     0.00000    0.000000000   -0.000000244   -0.000000422  257.364467  79839.3998
1698.00   15.0000    0.0000   15.0000  274.5370  274.5370  0.000000       0.00000       0.00000         232183.2758    0.000000    -0.00004     0.00000    0.000000000   -0.000000244   -0.000000422  257.320499  79712.3125
1710.00   15.0000    0.0000   15.0000  274.6150  274.6150  0.000000       0.00000       0.00000         232117.3279    0.000000    -0.00004     0.00000    0.000000000   -0.000000244   -0.000000421  257.276497  79585.4058
1722.00   15.0000    0.0000   15.0000  274.6930  274.6930  0.000000       0.00000       0.00000         232051.4174    0.000000    -0.00004     0.00000    0.000000000   -0.000000244   -0.000000421  257.232462  79458.6796
1734.00   15.0000    0.0000   15.0000  274.7710  274.7710  0.000000       0.00000       0.00000         231985.5443    0.000000    -0.00004     0.00000    0.000000000   -0.000000244   -0.000000420  257.188394  79332.1334
1746.00   15.0000    0.0000   15.0000  274.8490  274.8490  0.000000       0.00000       0.00000         231919.7086    0.000000    -0.00004     0.00000    0.000000000   -0.000000244   -0.000000420  257.144292  79205.7672
1758.00   15.0000    0.0000   15.0000  274.9270  274.9270  0.000000       0.00000       0.00000         231853.9103    0.000000    -0.00004     0.00000    0.000000000   -0.000000244   -0.000000419  257.100157  79079.5806
1770.00   15.0000    0.0000   15.0000  275.0050  275.0050  0.000000       0.00000       0.00000         231788.1493    0.000000    -0.00004     0.00000    0.000000000   -0.000000244   -0.000000419  257.055989  78953.5734
1782.00   15.0000    0.0000   15.0000  275.0830  275.0830  0.000000       0.00000       0.00000         231722.4256    0.000000    -0.00004     0.00000    0.000000000   -0.000000244   -0.000000419  257.011788  78827.7455
1794.00   15.0000    0.0000   15.0000  275.1610  275.1610  0.000000       0.00000       0.00000         231656.7391    0.000000    -0.00004     0.00000    0.000000000   -0.000000244   -0.000000418  256.967553  78702.0964
1806.00   15.0000    0.0000   15.0000  275.2390  275.2390  0.000000       0.00000       0.00000         231591.0899    0.000000    -0.00004     0.00000    0.000000000   -0.000000244   -0.000000418  256.923286  78576.6260
1818.00   15.0000    0.0000   15.0000  275.3170  275.3170  0.000000       0.00000       0.00000         231525.4779    0.000000    -0.00004     0.00000    0.000000000   -0.000000244   -0.000000417  256.878985  78451.3341
1830.00   15.0000    0.0000   15.0000  275.3950  275.3950  0.000000       0.00000       0.00000         231459.9030    0.000000    -0.00004     0.00000    0.000000000   -0.000000243   -0.000000417  256.834651  78326.2204
1842.00   15.0000    0.0000   15.0000  275.4730  275.4730  0.000000       0.00000       0.00000         231394.3653    0.000000    -0.00004     0.00000    0.000000000   -0.000000243   -0.000000416  256.790284  78201.2847
1854.00   15.0000    0.0000   15.0000  275.5510  275.5510  0.000000       0.00000       0.00000         231328.8647    0.000000    -0.00005     0.00000    0.000000000   -0.000000243   -0.000000416  256.745884  78076.5267
1866.00   15.0000    0.0000   15.0000  275.6290  275.6290  0.000000       0.00000       0.00000         231263.4012    0.000000    -0.00005     0.00000    0.000000000   -0.000000243   -0.000000416  256.701450  77951.9462
1878.00   15.0000    0.0000   15.0000  275.7070  275.7070  0.000000       0.00000       0.00000         231197.9747    0.000000    -0.00005     0.00000    0.000000000   -0.000000243   -0.000000415  256.656984  77827.5430
1890.00   15.0000    0.0000   15.0000  275.7850  275.7850  0.000000       0.00000       0.00000         231132.5852    0.000000    -0.00005     0.00000    0.000000000   -0.000000243   -0.000000415  256.612484  77703.3168
1902.00   15.0000    0.0000   15.0000  275.8630  275.8630  0.000000       0.00000       0.00000         231067.2326    0.000000    -0.00005     0.00000    0.000000000   -0.000000243   -0.000000414  256.567951  77579.2674
1914.00   15.0000    0.0000   15.0000  275.9410  275.9410  0.000000       0.00000       0.00000         231001.9171    0.000000    -0.00005     0.00000    0.000000000   -0.000000243   -0.000000414  256.523385  77455.3945
1926.00   15.0000    0.0000   15.0000  276.0190  276.0190  0.000000       0.00000       0.00000         230936.6384    0.000000    -0.00005     0.00000    0.000000000   -0.000000243   -0.000000413  256.478786  77331.6979
1938.00   15.0000    0.0000   15.0000  276.0970  276.0970  0.000000       0.00000       0.00000         230871.3966    0.000000    -0.00005     0.00000    0.000000000   -0.000000243   -0.000000413  256.434154  77208.1775
1950.00   15.0000    0.0000   15.0000  276.1750  276.1750  0.000000       0.00000       0.00000         230806.1917    0.000000    -0.00005     0.00000    0.000000000   -0.000000243   -0.000000413  256.389489  77084.8328
1962.00   15.0000    0.0000   15.0000  276.2530  276.2530  0.000000       0.00000       0.00000         230741.0236    0.000000    -0.00005     0.00000    0.000000000   -0.000000243   -0.000000412  256.344790  76961.6638
1974.00   15.0000    0.0000   15.0000  276.3310  276.3310  0.000000       0.00000       0.00000         230675.8923    0.000000    -0.00005     0.00000    0.000000000   -0.000000243   -0.000000412  256.300059  76838.6701
1986.00   15.0000    0.0000   15.0000  276.4090  276.4090  0.000000       0.00000       0.00000         230610.7978    0.000000    -0.00005     0.00000    0.000000000   -0.000000243   -0.000000411  256.255295  76715.8516
1998.00   15.0000    0.0000   15.0000  276.4870  276.4870  0.000000       0.00000       0.00000         230545.7399    0.000000    -0.00005     0.00000    0.000000000   -0.000000242   -0.000000411  256.210497  76593.2079
2010.00   15.0000    0.0000   15.0000  276.5650  276.5650  0.000000       0.00000       0.00000         230480.7188    0.000000    -0.00005     0.00000    0.000000000   -0.000000242   -0.000000410  256.165667  76470.7390
2022.00   15.0000    0.0000   15.0000  276.6430  276.6430  0.000000       0.00000       0.00000         230415.7344    0.000000    -0.00005     0.00000    0.000000000   -0.000000242   -0.000000410  256.120803  76348.4444
2034.00   15.0000    0.0000   15.0000  276.7210  276.7210  0.000000       0.00000       0.00000         230350.7865    0.000000    -0.00005     0.00000    0.000000000   -0.000000242   -0.000000409  256.075907  76226.3241
2046.00   15.0000    0.0000   15.0000  276.7990  276.7990  0.000000       0.00000       0.00000         230285.8753    0.000000    -0.00005     0.00000    0.000000000   -0.000000242   -0.000000409  256.030977  76104.3777
2058.00   15.0000    0.0000   15.0000  276.8770  276.8770  0.000000       0.00000       0.00000         230221.0007    0.000000    -0.00005     0.00000    0.000000000   -0.000000242   -0.000000408  255.986015  75982.6051
2070.00   15.0000    0.0000   15.0000  276.9550  276.9550  0.000000       0.00000       0.00000         230156.1626    0.000000    -0.00005     0.00000    0.000000000   -0.000000242   -0.000000408  255.941019  75861.0059
2082.00   15.0000    0.0000   15.0000  277.0330  277.0330  0.000000       0.00000       0.00000         230091.3610    0.000000    -0.00005     0.00000    0.000000000   -0.000000242   -0.000000408  255.895991  75739.5800
2094.00   15.0000    0.0000   15.0000  277.1110  277.1110  0.000000       0.00000       0.00000         230026.5958    0.000000    -0.00005     0.00000    0.000000000   -0.000000242   -0.000000407  255.850929  75618.3272
2106.00   15.0000    0.0000   15.0000  277.1890  277.1890  0.000000       0.00000       0.00000         229961.8672    0.000000    -0.00005     0.00000    0.000000000   -0.000000242   -0.000000407  255.805835  75497.2471
2118.00   15.0000    0.0000   15.0000  277.2670  277.2670  0.000000       0.00000       0.00000         229897.1749    0.000000    -0.00005     0.00000    0.000000000   -0.000000242   -0.000000406  255.760707  75376.3397
2130.00   15.0000    0.0000   15.0000  277.3450  277.3450  0.000000       0.00000       0.00000         229832.5191    0.000000    -0.00005     0.00000    0.000000000   -0.000000241   -0.000000406  255.715547  75255.6045
2142.00   15.0000    0.0000   15.0000  277.4230  277.4230  0.000000       0.00000       0.00000         229767.8996    0.000000    -0.00005     0.00000    0.000000000   -0.000000241   -0.000000405  255.670354  75135.0415
2154.00   15.0000    0.0000   15.0000  277.5010  277.5010  0.000000       0.00000       0.00000         229703.3164    0.000000    -0.00005     0.00000    0.000000000   -0.000000241   -0.000000405  255.625128  75014.6504
2166.00   15.0000    0.0000   15.0000  277.5790  277.5790  0.000000       0.00000       0.00000         229638.7695    0.000000    -0.00005     0.00000    0.000000000   -0.000000241   -0.000000404  255.579869  74894.4309
2178.00   15.0000    0.0000   15.0000  277.6570  277.6570  0.000000       0.00000       0.00000         229574.2589    0.000000    -0.00005     0.00000    0.000000000   -0.000000241   -0.000000404  255.534577  74774.3828
2190.00   15.0000    0.0000   15.0000  277.7350  277.7350  0.000000       0.00000       0.00000         229509.7845    0.000000    -0.00005     0.00000    0.000000000   -0.000000241   -0.000000403  255.489252  74654.5059
2202.00   15.0000    0.0000   15.0000  277.8130  277.8130  0.000000       0.00000       0.00000         229445.3463    0.000000    -0.00005     0.00000    0.000000000   -0.000000241   -0.000000403  255.443894  74534.7999
2214.00   15.0000    0.0000   15.0000  277.8910  277.8910  0.000000       0.00000       0.00000         229380.9443    0.000000    -0.00005     0.00000    0.000000000   -0.000000241   -0.000000402  255.398504  74415.2647
2226.00   15.0000    0.0000   15.0000  277.9690  277.9690  0.000000       0.00000       0.00000         229316.5785    0.000000    -0.00005     0.00000    0.000000000   -0.000000241   -0.000000402  255.353080  74295.9000
2238.00   15.0000    0.0000   15.0000  278.0470  278.0470  0.000000       0.00000       0.00000         229252.2487    0.000000    -0.00005     0.00000    0.000000000   -0.000000241   -0.000000401  255.307624  74176.7056
2250.00   15.0000    0.0000   15.0000  278.1250  278.1250  0.000000       0.00000       0.00000         229187.9551    0.000000    -0.00005     0.00000    0.000000000   -0.000000240   -0.000000401  255.262135  74057.6812
2262.00   15.0000    0.0000   15.0000  278.2030  278.2030  0.000000       0.00000       0.00000         229123.6974    0.000000    -0.00006     0.00000    0.000000000   -0.000000240   -0.000000400  255.216613  73938.8267
2274.00   15.0000    0.0000   15.0000  278.2810  278.2810  0.000000       0.00000       0.00000         229059.4759    0.000000    -0.00006     0.00000    0.000000000   -0.000000240   -0.000000400  255.171058  73820.1417
2286.00   15.0000    0.0000   15.0000  278.3590  278.3590  0.000000       0.00000       0.00000         228995.2903    0.000000    -0.00006     0.00000    0.000000000   -0.000000240   -0.000000400  255.125470  73701.6261
2298.00   15.0000    0.0000   15.0000  278.4370  278.4370  0.000000       0.00000       0.00000         228931.1406    0.000000    -0.00006     0.00000    0.000000000   -0.000000240   -0.000000399  255.079849  73583.2796
2310.00   15.0000    0.0000   15.0000  278.5150  278.5150  0.000000       0.00000       0.00000         228867.0269    0.000000    -0.00006     0.00000    0.000000000   -0.000000240   -0.000000399  255.034196  73465.1020
2322.00   15.0000    0.0000   15.0000  278.5930  278.5930  0.000000       0.00000       0.00000         228802.9491    0.000000    -0.00006     0.00000    0.000000000   -0.000000240   -0.000000398  254.988510  73347.0931
2334.00   15.0000    0.0000   15.0000  278.6710  278.6710  0.000000       0.00000       0.00000         228738.9072    0.000000    -0.00006     0.00000    0.000000000   -0.000000240   -0.000000398  254.942791  73229.2527
2346.00   15.0000    0.0000   15.0000  278.7490  278.7490  0.000000       0.00000       0.00000         228674.9011    0.000000    -0.00006     0.00000    0.000000000   -0.000000240   -0.000000397  254.897040  73111.5805
2358.00   15.0000    0.0000   15.0000  278.8270  278.8270  0.000000       0.00000       0.00000         228610.9308    0.000000    -0.00006     0.00000    0.000000000   -0.000000239   -0.000000397  254.851255  72994.0763
2370.00   15.0000    0.0000   15.0000  278.9050  278.9050  0.000000       0.00000       0.00000         228546.9963    0.000000    -0.00006     0.00000    0.000000000   -0.000000239   -0.000000396  254.805438  72876.7399
2382.00   15.0000    0.0000   15.0000  278.9830  278.9830  0.000000       0.00000       0.00000              0.0000    0.000000    -0.00006     0.00000    0.000000000    0.000000000    0.000000000  254.759588  72759.5711
2394.00   15.0000    0.0000   15.0000  279.0610  279.0610  0.000000       0.00000       0.00000              0.0000    0.000000     0.00000     0.00000    0.000000000    0.000000000    0.000000000  254.713705  72642.5696
