   0.00    0.0000    0.0000    0.0000  239.2064  239.2064  0.000000       0.00000       0.00000              0.0000    0.000000     0.00000     0.00000    0.000000000    0.000000000    0.000000000    0.000000      0.0000
   6.00    7.9485    3.4852    8.6790  240.5852  240.5852  0.000000       0.75592       0.75592              0.0000    0.000000     0.00000     0.00000   -0.000003230    0.000000000    0.000000000  240.497452  99872.3156
  18.00    8.9532    3.8533    9.7472  240.6719  240.6719  0.000000       2.43450       2.43450              0.0469    0.000000    -0.00000     0.00000   -0.000013466    0.000000000    0.000000000  240.437722  99659.6683
  30.00    9.5833    4.0441   10.4016  240.7284  240.7284  0.000000       2.39986       2.39986              0.0691    0.000000    -0.00000     0.00000   -0.000017358   -0.000000089   -0.000000119  240.376985  99489.8660
  42.00   10.1528    4.1820   10.9804  240.7813  240.7813  0.000000       2.65362       2.65362              0.0822    0.000000    -0.00000     0.00000   -0.000019343   -0.000000096   -0.000000125  240.312786  99320.3090
  54.00   10.6626    4.2751   11.4877  240.8308  240.8308  0.000000       2.65164       2.65164              0.0957    0.000000    -0.00000     0.00000   -0.000020861   -0.000000100   -0.000000128  240.245004  99150.9945
  66.00   11.1419    4.3345   11.9553  240.8794  240.8794  0.000000       2.61899       2.61899              0.1076    0.000000    -0.00000     0.00000   -0.000022183   -0.000000100   -0.000000129  240.176384  98981.9207
  78.00   11.5979    4.3639   12.3917  240.9280  240.9280  0.000000       2.52249       2.52249              0.1192    0.000000    -0.00000     0.00000   -0.000023404   -0.000000099   -0.000000127  240.107719  98813.0870
  90.00   12.0373    4.3656   12.8045  240.9774  240.9774  0.000000       2.39668       2.39668              0.1306    0.000000    -0.00000     0.00000   -0.000024606   -0.000000097   -0.000000125  240.039853  98644.4934
 102.00   12.4633    4.3408   13.1976  241.0282  241.0282  0.000000       2.24710       2.24710              0.1420    0.000000    -0.00000     0.00000   -0.000025823   -0.000000093   -0.000000121  239.973360  98476.1403
 114.00   12.8777    4.2895   13.5734  241.0809  241.0809  0.000000       2.08372       2.08372              0.1537    0.000000    -0.00000     0.00000   -0.000027109   -0.000000089   -0.000000117  239.908789  98308.0288
 126.00   13.2815    4.2118   13.9333  241.1362  241.1362  0.000000       1.91191       1.91191              0.1658    0.000000    -0.00000     0.00000   -0.000028497   -0.000000083   -0.000000111  239.846652  98140.1599
 138.00   13.6746    4.1070   14.2780  241.1944  241.1944  0.000000       1.73632       1.73632              0.1784    0.000000    -0.00000     0.00000   -0.000030023   -0.000000077   -0.000000105  239.787481  97972.5353
 150.00   14.0564    3.9745   14.6075  241.2563  241.2563  0.000000       1.56029       1.56029              0.1918    0.000000    -0.00000     0.00000   -0.000031737   -0.000000069   -0.000000098  239.731851  97805.1570
 162.00   14.4258    3.8133   14.9213  241.3223  241.3223  0.000000       1.38645       1.38645              0.2062    0.000000    -0.00000     0.00000   -0.000033686   -0.000000060   -0.000000089  239.680403  97638.0274
 174.00   14.7809    3.6225   15.2183  241.3934  241.3934  0.000000       1.21680       1.21680              0.2218    0.000000    -0.00000     0.00000   -0.000035908   -0.000000050   -0.000000079  239.633880  97471.1493
 186.00   15.1192    3.4010   15.4970  241.4704  241.4704  0.000000       1.05275       1.05275              0.2390    0.000000    -0.00000     0.00000   -0.000038525   -0.000000038   -0.000000067  239.593172  97304.5261
 198.00   15.4373    3.1478   15.7549  241.5543  241.5543  0.000000       0.89581       0.89581              0.2583    0.000000    -0.00001     0.00000   -0.000041625   -0.000000023   -0.000000054  239.559355  97138.1619
 210.00   15.7312    2.8621   15.9894  241.6467  241.6467  0.000000       0.74582       0.74582              0.2804    0.000000    -0.00001     0.00000   -0.000045354   -0.000000006   -0.000000037  239.533819  96972.0615
 222.00   15.9953    2.5434   16.1963  241.7491  241.7491  0.000000       0.60591       0.60591              0.3061    0.000000    -0.00001     0.00000   -0.000049910    0.000000015   -0.000000017  239.518289  96806.2310
 234.00   16.2234    2.1907   16.3706  241.8645  241.8645  0.000000       0.47007       0.47007              0.3380    0.000000    -0.00001     0.00000   -0.000055800    0.000000042    0.000000009  239.515493  96640.6778
 246.00   16.4046    1.8072   16.5038  241.9956  241.9956  0.000000       0.35481       0.35481              0.3762    0.000000    -0.00001     0.00000   -0.000063350    0.000000080    0.000000045  239.528130  96475.4110
 258.00   16.5280    1.3853   16.5860  242.1513  242.1513  0.000000       0.22192       0.22192              0.4383    0.000000    -0.00001     0.00000   -0.000074569    0.000000123    0.000000086  239.565191  96310.4440
 270.00   16.5628    0.9636   16.5908  242.3278  242.3278  0.000000       0.16566       0.16566              0.4895    0.000000    -0.00001     0.00000   -0.000100962    0.000000199    0.000000158  239.622586  96145.7915
 282.00   16.4347    0.4874   16.4420  242.5621  242.5621  0.000000       0.00192       0.00192              1.9947    0.000000     0.00000     0.00000   -0.000086890    0.000008287    0.000005950  239.737166  95981.4793
 294.00   15.0411   -0.0125   15.0411  249.0465  249.0465  0.000000       0.00028       0.00028              3.1409    0.000000    -0.00010     0.00000   -0.000048377    0.000009962    0.000011777  246.027416  95819.5801
 306.00   15.0001   -0.0001   15.0001  250.1924  250.1924  0.000000       0.00000       0.00000           1255.9621    0.000000    -0.00012     0.00000   -0.000001113    0.000004103    0.000003868  247.041988  95660.3739
 318.00   15.0000   -0.0000   15.0000  251.5103  251.5103  0.000000       0.00000       0.00000        3502485.3299    0.000000    -0.00009     0.00000    0.000000000    0.000003898    0.000003764  248.225912  95502.1369
 330.00   15.0000   -0.0000   15.0000  252.3908  252.3908  0.000000       0.00000       0.00000        2629989.9982    0.000000    -0.00008     0.00000    0.000000000    0.000002992    0.000002836  248.977603  95344.7768
 342.00   15.0000   -0.0000   15.0000  253.1348  253.1348  0.000000       0.00000       0.00000        2243153.1977    0.000000    -0.00007     0.00000    0.000000000    0.000002632    0.000002481  249.594290  95188.1070
 354.00   15.0000   -0.0000   15.0000  253.7804  253.7804  0.000000       0.00000       0.00000        1949222.4689    0.000000    -0.00006     0.00000    0.000000000    0.000002336    0.000002188  250.113645  95032.0500
 366.00   15.0000   -0.0000   15.0000  254.3454  254.3454  0.000000       0.00000       0.00000        1733909.1462    0.000000    -0.00006     0.00000    0.000000000    0.000002109    0.000001964  250.553261  94876.5471
 378.00   15.0000    0.0000   15.0000  254.8597  254.8597  0.000000       0.00000       0.00000        1571722.6423    0.000000    -0.00005     0.00000    0.000000000    0.000001933    0.000001790  250.942680  94721.5551
 390.00   15.0000    0.0000   15.0000  255.3258  255.3258  0.000000       0.00000       0.00000        1442002.7001    0.000000    -0.00005     0.00000    0.000000000    0.000001787    0.000001645  251.284342  94567.0415
 402.00   15.0000    0.0000   15.0000  255.7608  255.7608  0.000000       0.00000       0.00000        1331715.5497    0.000000    -0.00005     0.00000    0.000000000    0.000001657    0.000001517  251.595297  94412.9799
 414.00   15.0000    0.0000   15.0000  256.1593  256.1593  0.000000       0.00000       0.00000        1239734.5593    0.000000    -0.00005     0.00000    0.000000000    0.000001545    0.000001405  251.870150  94259.3482
 426.00   15.0000    0.0000   15.0000  256.5380  256.5380  0.000000       0.00000       0.00000        1164405.7101    0.000000    -0.00005     0.00000    0.000000000    0.000001451    0.000001312  252.125298  94106.1276
 438.00   15.0000    0.0000   15.0000  256.8904  256.8904  0.000000       0.00000       0.00000        1098671.4726    0.000000    -0.00005     0.00000    0.000000000    0.000001367    0.000001228  252.354446  93953.3028
 450.00   15.0000    0.0000   15.0000  257.2287  257.2287  0.000000       0.00000       0.00000        1045350.6113    0.000000    -0.00004     0.00000    0.000000000    0.000001299    0.000001160  252.569648  93800.8604
 462.00   15.0000    0.0000   15.0000  257.5484  257.5484  0.000000       0.00000       0.00000         995157.4437    0.000000    -0.00004     0.00000    0.000000000    0.000001232    0.000001093  252.766417  93648.7893
 474.00   15.0000    0.0000   15.0000  257.8560  257.8560  0.000000       0.00000       0.00000         950620.1172    0.000000    -0.00004     0.00000    0.000000000    0.000001171    0.000001032  252.951070  93497.0792
 486.00   15.0000    0.0000   15.0000  258.1483  258.1483  0.000000       0.00000       0.00000         908747.0942    0.000000    -0.00004     0.00000    0.000000000    0.000001111    0.000000972  253.120719  93345.7208
 498.00   15.0000    0.0000   15.0000  258.4301  258.4301  0.000000       0.00000       0.00000         873212.8117    0.000000    -0.00004     0.00000    0.000000000    0.000001060    0.000000921  253.279827  93194.7055
 510.00   15.0000    0.0000   15.0000  258.7006  258.7006  0.000000       0.00000       0.00000         840778.8341    0.000000    -0.00004     0.00000    0.000000000    0.000001012    0.000000873  253.427804  93044.0258
 522.00   15.0000    0.0000   15.0000  258.9624  258.9624  0.000000       0.00000       0.00000         811331.9704    0.000000    -0.00004     0.00000    0.000000000    0.000000968    0.000000829  253.567111  92893.6748
 534.00   15.0000    0.0000   15.0000  259.2148  259.2148  0.000000       0.00000       0.00000         784484.0933    0.000000    -0.00004     0.00000    0.000000000    0.000000927    0.000000787  253.697101  92743.6465
 546.00   15.0000    0.0000   15.0000  259.4601  259.4601  0.000000       0.00000       0.00000         760001.9599    0.000000    -0.00004     0.00000    0.000000000    0.000000889    0.000000749  253.819996  92593.9351
 558.00   15.0000    0.0000   15.0000  259.6974  259.6974  0.000000       0.00000       0.00000         738571.9913    0.000000    -0.00004     0.00000    0.000000000    0.000000856    0.000000715  253.935014  92444.5353
 570.00   15.0000    0.0000   15.0000  259.9295  259.9295  0.000000       0.00000       0.00000         718806.2036    0.000000    -0.00004     0.00000    0.000000000    0.000000825    0.000000684  254.044805  92295.4425
 582.00   15.0000    0.0000   15.0000  260.1547  260.1547  0.000000       0.00000       0.00000         701188.4040    0.000000    -0.00004     0.00000    0.000000000    0.000000797    0.000000656  254.147733  92146.6524
 594.00   15.0000    0.0000   15.0000  260.3759  260.3759  0.000000       0.00000       0.00000         684155.1959    0.000000    -0.00004     0.00000    0.000000000    0.000000770    0.000000628  254.246746  91998.1612
 606.00   15.0000    0.0000   15.0000  260.5906  260.5906  0.000000       0.00000       0.00000         666657.2535    0.000000    -0.00004     0.00000    0.000000000    0.000000740    0.000000598  254.339246  91849.9650
 618.00   15.0000    0.0000   15.0000  260.8011  260.8011  0.000000       0.00000       0.00000         651286.4071    0.000000    -0.00004     0.00000    0.000000000    0.000000714    0.000000571  254.427522  91702.0601
 630.00   15.0000    0.0000   15.0000  261.0063  261.0063  0.000000       0.00000       0.00000         636885.8362    0.000000    -0.00004     0.00000    0.000000000    0.000000689    0.000000546  254.510595  91554.4430
 642.00   15.0000    0.0000   15.0000  261.2079  261.2079  0.000000       0.00000       0.00000         624427.3237    0.000000    -0.00004     0.00000    0.000000000    0.000000668    0.000000525  254.590034  91407.1106
 654.00   15.0000    0.0000   15.0000  261.4055  261.4055  0.000000       0.00000       0.00000         612664.7019    0.000000    -0.00004     0.00000    0.000000000    0.000000648    0.000000504  254.665468  91260.0599
 666.00   15.0000    0.0000   15.0000  261.5999  261.5999  0.000000       0.00000       0.00000         602441.3599    0.000000    -0.00004     0.00000    0.000000000    0.000000631    0.000000486  254.737691  91113.2884
 678.00   15.0000    0.0000   15.0000  261.7912  261.7912  0.000000       0.00000       0.00000         593079.7446    0.000000    -0.00004     0.00000    0.000000000    0.000000615    0.000000470  254.806860  90966.7935
 690.00   15.0000    0.0000   15.0000  261.9799  261.9799  0.000000       0.00000       0.00000         584988.0990    0.000000    -0.00004     0.00000    0.000000000    0.000000601    0.000000456  254.873346  90820.5730
 702.00   15.0000    0.0000   15.0000  262.1663  262.1663  0.000000       0.00000       0.00000         577838.0073    0.000000    -0.00004     0.00000    0.000000000    0.000000590    0.000000443  254.937565  90674.6250
 714.00   15.0000    0.0000   15.0000  262.3506  262.3506  0.000000       0.00000       0.00000         571902.9738    0.000000    -0.00004     0.00000    0.000000000    0.000000580    0.000000433  254.999682  90528.9476
 726.00   15.0000    0.0000   15.0000  262.5335  262.5335  0.000000       0.00000       0.00000         567401.4952    0.000000    -0.00004     0.00000    0.000000000    0.000000574    0.000000426  255.060284  90383.5393
 738.00   15.0000    0.0000   15.0000  262.7152  262.7152  0.000000       0.00000       0.00000         564061.9513    0.000000    -0.00004     0.00000    0.000000000    0.000000570    0.000000422  255.119677  90238.3985
 750.00   15.0000    0.0000   15.0000  262.8961  262.8961  0.000000       0.00000       0.00000         561681.5765    0.000000    -0.00004     0.00000    0.000000000    0.000000569    0.000000419  255.178276  90093.5244
 762.00   15.0000    0.0000   15.0000  263.0765  263.0765  0.000000       0.00000       0.00000         560562.9446    0.000000    -0.00004     0.00000    0.000000000    0.000000570    0.000000420  255.236263  89948.9158
 774.00   15.0000    0.0000   15.0000  263.2570  263.2570  0.000000       0.00000       0.00000         560621.7695    0.000000    -0.00004     0.00000    0.000000000    0.000000574    0.000000423  255.294243  89804.5721
 786.00   15.0000    0.0000   15.0000  263.4377  263.4377  0.000000       0.00000       0.00000         562543.8045    0.000000    -0.00004     0.00000    0.000000000    0.000000582    0.000000430  255.352346  89660.4928
 798.00   15.0000    0.0000   15.0000  263.6197  263.6197  0.000000       0.00000       0.00000         565829.1349    0.000000    -0.00005     0.00000    0.000000000    0.000000594    0.000000441  255.411607  89516.6777
 810.00   15.0000    0.0000   15.0000  263.8028  263.8028  0.000000       0.00000       0.00000         570577.2899    0.000000    -0.00005     0.00000    0.000000000    0.000000609    0.000000455  255.471845  89373.1268
 822.00   15.0000    0.0000   15.0000  263.9881  263.9881  0.000000       0.00000       0.00000         577606.3965    0.000000    -0.00005     0.00000    0.000000000    0.000000630    0.000000474  255.534158  89229.8405
 834.00   15.0000    0.0000   15.0000  264.1760  264.1760  0.000000       0.00000       0.00000         586305.1559    0.000000    -0.00005     0.00000    0.000000000    0.000000656    0.000000498  255.598878  89086.8194
 846.00   15.0000    0.0000   15.0000  264.3672  264.3672  0.000000       0.00000       0.00000         598803.6277    0.000000    -0.00005     0.00000    0.000000000    0.000000691    0.000000532  255.666724  88944.0645
 858.00   15.0000    0.0000   15.0000  264.5634  264.5634  0.000000       0.00000       0.00000         613318.2075    0.000000    -0.00005     0.00000    0.000000000    0.000000732    0.000000571  255.739362  88801.5775
 870.00   15.0000    0.0000   15.0000  264.7643  264.7643  0.000000       0.00000       0.00000         637717.6338    0.000000    -0.00006     0.00000    0.000000000    0.000000798    0.000000634  255.816398  88659.3604
 882.00   15.0000    0.0000   15.0000  264.9766  264.9766  0.000000       0.00000       0.00000         657166.7233    0.000000    -0.00006     0.00000    0.000000000    0.000000853    0.000000687  255.904426  88517.4167
 894.00   15.0000    0.0000   15.0000  265.1904  265.1904  0.000000       0.00000       0.00000         702449.4241    0.000000    -0.00007     0.00000    0.000000000    0.000000975    0.000000804  255.993783  88375.7494
 906.00   15.0000    0.0000   15.0000  265.4325  265.4325  0.000000       0.00000       0.00000         719726.7301    0.000000    -0.00006     0.00000    0.000000000    0.000001029    0.000000856  256.110318  88234.3657
 918.00   15.0000    0.0000   15.0000  265.6580  265.6580  0.000000       0.00000       0.00000         815864.4350    0.000000    -0.00009     0.00000    0.000000000    0.000001289    0.000001105  256.210714  88093.2678
 930.00   15.0000    0.0000   15.0000  265.9629  265.9629  0.000000       0.00000       0.00000         815681.9481    0.000000    -0.00007     0.00000    0.000000000    0.000001302    0.000001123  256.387687  87952.4718
 942.00   15.0000    0.0000   15.0000  266.1889  266.1889  0.000000       0.00000       0.00000        1041538.8175    0.000000    -0.00013     0.00000    0.000000000    0.000001926    0.000001713  256.488356  87811.9768
 954.00   15.0000    0.0000   15.0000  266.6415  266.6415  0.000000       0.00000       0.00000         990745.5370    0.000000    -0.00006     0.00000    0.000000000    0.000001810    0.000001628  256.807236  87671.8207
 966.00   15.0000    0.0000   15.0000  266.8354  266.8354  0.000000       0.00000       0.00000        1520010.6613    0.000000    -0.00024     0.00000    0.000000000    0.000003348    0.000003044  256.876902  87531.9942
 978.00   15.0000    0.0000   15.0000  267.6341  267.6341  0.000000       0.00000       0.00000        1413553.0390    0.000000    -0.00004     0.00000    0.000000000    0.000003077    0.000002916  257.528490  87392.5859
 990.00   15.0000    0.0000   15.0000  267.7613  267.7613  0.000000       0.00000       0.00000        3630269.0371    0.000000    -0.00069     0.00000    0.000000000    0.000010263    0.000009137  257.533763  87253.5774
1002.00   15.0000    0.0000   15.0000  270.0130  270.0130  0.000000       0.00000       0.00000        3525543.8029    0.000000    -0.00002     0.00000    0.000000000    0.000010031    0.000010420  259.581889  87115.3380
1014.00   15.0000    0.0000   15.0000  270.0910  270.0910  0.000000       0.00000       0.00000         236005.2723    0.000000    -0.00002     0.00000    0.000000000   -0.000000242   -0.000000437  259.539765  86977.8532
1026.00   15.0000    0.0000   15.0000  270.1690  270.1690  0.000000       0.00000       0.00000         235937.1356    0.000000    -0.00002     0.00000    0.000000000   -0.000000242   -0.000000437  259.497607  86840.5631
1038.00   15.0000    0.0000   15.0000  270.2470  270.2470  0.000000       0.00000       0.00000         235869.0383    0.000000    -0.00003     0.00000    0.000000000   -0.000000242   -0.000000437  259.455415  86703.4674
1050.00   15.0000    0.0000   15.0000  270.3250  270.3250  0.000000       0.00000       0.00000         235800.9803    0.000000    -0.00003     0.00000    0.000000000   -0.000000242   -0.000000436  259.413190  86566.5660
1062.00   15.0000    0.0000   15.0000  270.4030  270.4030  0.000000       0.00000       0.00000         235732.9615    0.000000    -0.00003     0.00000    0.000000000   -0.000000242   -0.000000436  259.370931  86429.8584
1074.00   15.0000    0.0000   15.0000  270.4810  270.4810  0.000000       0.00000       0.00000         235664.9820    0.000000    -0.00003     0.00000    0.000000000   -0.000000242   -0.000000436  259.328638  86293.3445
1086.00   15.0000    0.0000   15.0000  270.5590  270.5590  0.000000       0.00000       0.00000         235597.0417    0.000000    -0.00003     0.00000    0.000000000   -0.000000242   -0.000000435  259.286311  86157.0240
1098.00   15.0000    0.0000   15.0000  270.6370  270.6370  0.000000       0.00000       0.00000         235529.1405    0.000000    -0.00003     0.00000    0.000000000   -0.000000242   -0.000000435  259.243951  86020.8966
1110.00   15.0000    0.0000   15.0000  270.7150  270.7150  0.000000       0.00000       0.00000         235461.2785    0.000000    -0.00003     0.00000    0.000000000   -0.000000242   -0.000000435  259.201557  85884.9622
1122.00   15.0000    0.0000   15.0000  270.7930  270.7930  0.000000       0.00000       0.00000         235393.4555    0.000000    -0.00003     0.00000    0.000000000   -0.000000242   -0.000000434  259.159129  85749.2203
1134.00   15.0000    0.0000   15.0000  270.8710  270.8710  0.000000       0.00000       0.00000         235325.6716    0.000000    -0.00003     0.00000    0.000000000   -0.000000242   -0.000000434  259.116667  85613.6708
1146.00   15.0000    0.0000   15.0000  270.9490  270.9490  0.000000       0.00000       0.00000         235257.9268    0.000000    -0.00003     0.00000    0.000000000   -0.000000242   -0.000000434  259.074172  85478.3134
1158.00   15.0000    0.0000   15.0000  271.0270  271.0270  0.000000       0.00000       0.00000         235190.2209    0.000000    -0.00003     0.00000    0.000000000   -0.000000242   -0.000000433  259.031643  85343.1478
1170.00   15.0000    0.0000   15.0000  271.1050  271.1050  0.000000       0.00000       0.00000         235122.5540    0.000000    -0.00003     0.00000    0.000000000   -0.000000242   -0.000000433  258.989080  85208.1739
1182.00   15.0000    0.0000   15.0000  271.1830  271.1830  0.000000       0.00000       0.00000         235054.9260    0.000000    -0.00003     0.00000    0.000000000   -0.000000242   -0.000000432  258.946483  85073.3912
1194.00   15.0000    0.0000   15.0000  271.2610  271.2610  0.000000       0.00000       0.00000         234987.3369    0.000000    -0.00003     0.00000    0.000000000   -0.000000242   -0.000000432  258.903853  84938.7996
1206.00   15.0000    0.0000   15.0000  271.3390  271.3390  0.000000       0.00000       0.00000         234919.7867    0.000000    -0.00003     0.00000    0.000000000   -0.000000242   -0.000000432  258.861190  84804.3989
1218.00   15.0000    0.0000   15.0000  271.4170  271.4170  0.000000       0.00000       0.00000         234852.2753    0.000000    -0.00003     0.00000    0.000000000   -0.000000242   -0.000000431  258.818492  84670.1887
1230.00   15.0000    0.0000   15.0000  271.4950  271.4950  0.000000       0.00000       0.00000         234784.8027    0.000000    -0.00003     0.00000    0.000000000   -0.000000242   -0.000000431  258.775761  84536.1688
1242.00   15.0000    0.0000   15.0000  271.5730  271.5730  0.000000       0.00000       0.00000         234717.3688    0.000000    -0.00003     0.00000    0.000000000   -0.000000242   -0.000000431  258.732996  84402.3389
1254.00   15.0000    0.0000   15.0000  271.6510  271.6510  0.000000       0.00000       0.00000         234649.9737    0.000000    -0.00003     0.00000    0.000000000   -0.000000242   -0.000000430  258.690198  84268.6988
1266.00   15.0000    0.0000   15.0000  271.7290  271.7290  0.000000       0.00000       0.00000         234582.6172    0.000000    -0.00003     0.00000    0.000000000   -0.000000242   -0.000000430  258.647366  84135.2483
1278.00   15.0000    0.0000   15.0000  271.8070  271.8070  0.000000       0.00000       0.00000         234515.2995    0.000000    -0.00003     0.00000    0.000000000   -0.000000242   -0.000000430  258.604500  84001.9870
1290.00   15.0000    0.0000   15.0000  271.8850  271.8850  0.000000       0.00000       0.00000         234448.0203    0.000000    -0.00003     0.00000    0.000000000   -0.000000242   -0.000000429  258.561601  83868.9148
1302.00   15.0000    0.0000   15.0000  271.9630  271.9630  0.000000       0.00000       0.00000         234380.7797    0.000000    -0.00003     0.00000    0.000000000   -0.000000242   -0.000000429  258.518668  83736.0313
1314.00   15.0000    0.0000   15.0000  272.0410  272.0410  0.000000       0.00000       0.00000         234313.5777    0.000000    -0.00003     0.00000    0.000000000   -0.000000242   -0.000000429  258.475702  83603.3364
1326.00   15.0000    0.0000   15.0000  272.1190  272.1190  0.000000       0.00000       0.00000         234246.4143    0.000000    -0.00003     0.00000    0.000000000   -0.000000242   -0.000000428  258.432702  83470.8297
1338.00   15.0000    0.0000   15.0000  272.1970  272.1970  0.000000       0.00000       0.00000         234179.2893    0.000000    -0.00003     0.00000    0.000000000   -0.000000242   -0.000000428  258.389668  83338.5110
1350.00   15.0000    0.0000   15.0000  272.2750  272.2750  0.000000       0.00000       0.00000         234112.2027    0.000000    -0.00003     0.00000    0.000000000   -0.000000242   -0.000000427  258.346601  83206.3801
1362.00   15.0000    0.0000   15.0000  272.3530  272.3530  0.000000       0.00000       0.00000         234045.1546    0.000000    -0.00003     0.00000    0.000000000   -0.000000242   -0.000000427  258.303500  83074.4367
1374.00   15.0000    0.0000   15.0000  272.4310  272.4310  0.000000       0.00000       0.00000         233978.1449    0.000000    -0.00003     0.00000    0.000000000   -0.000000242   -0.000000427  258.260366  82942.6806
1386.00   15.0000    0.0000   15.0000  272.5090  272.5090  0.000000       0.00000       0.00000         233911.1736    0.000000    -0.00003     0.00000    0.000000000   -0.000000242   -0.000000426  258.217198  82811.1114
1398.00   15.0000    0.0000   15.0000  272.5870  272.5870  0.000000       0.00000       0.00000         233844.2406    0.000000    -0.00003     0.00000    0.000000000   -0.000000242   -0.000000426  258.173997  82679.7290
1410.00   15.0000    0.0000   15.0000  272.6650  272.6650  0.000000       0.00000       0.00000         233777.3458    0.000000    -0.00003     0.00000    0.000000000   -0.000000242   -0.000000426  258.130763  82548.5331
1422.00   15.0000    0.0000   15.0000  272.7430  272.7430  0.000000       0.00000       0.00000         233710.4894    0.000000    -0.00003     0.00000    0.000000000   -0.000000242   -0.000000425  258.087494  82417.5234
1434.00   15.0000    0.0000   15.0000  272.8210  272.8210  0.000000       0.00000       0.00000         233643.6711    0.000000    -0.00003     0.00000    0.000000000   -0.000000242   -0.000000425  258.044193  82286.6998
1446.00   15.0000    0.0000   15.0000  272.8990  272.8990  0.000000       0.00000       0.00000         233576.8911    0.000000    -0.00004     0.00000    0.000000000   -0.000000242   -0.000000424  258.000857  82156.0619
1458.00   15.0000    0.0000   15.0000  272.9770  272.9770  0.000000       0.00000       0.00000         233510.1492    0.000000    -0.00004     0.00000    0.000000000   -0.000000242   -0.000000424  257.957489  82025.6095
1470.00   15.0000    0.0000   15.0000  273.0550  273.0550  0.000000       0.00000       0.00000         233443.4455    0.000000    -0.00004     0.00000    0.000000000   -0.000000242   -0.000000424  257.914087  81895.3423
1482.00   15.0000    0.0000   15.0000  273.1330  273.1330  0.000000       0.00000       0.00000         233376.7798    0.000000    -0.00004     0.00000    0.000000000   -0.000000242   -0.000000423  257.870651  81765.2601
1494.00   15.0000    0.0000   15.0000  273.2110  273.2110  0.000000       0.00000       0.00000         233310.1522    0.000000    -0.00004     0.00000    0.000000000   -0.000000242   -0.000000423  257.827182  81635.3627
1506.00   15.0000    0.0000   15.0000  273.2890  273.2890  0.000000       0.00000       0.00000         233243.5627    0.000000    -0.00004     0.00000    0.000000000   -0.000000242   -0.000000422  257.783680  81505.6498
1518.00   15.0000    0.0000   15.0000  273.3670  273.3670  0.000000       0.00000       0.00000         233177.0111    0.000000    -0.00004     0.00000    0.000000000   -0.000000242   -0.000000422  257.740144  81376.1212
1530.00   15.0000    0.0000   15.0000  273.4450  273.4450  0.000000       0.00000       0.00000         233110.4975    0.000000    -0.00004     0.00000    0.000000000   -0.000000242   -0.000000422  257.696575  81246.7766
1542.00   15.0000    0.0000   15.0000  273.5230  273.5230  0.000000       0.00000       0.00000         233044.0219    0.000000    -0.00004     0.00000    0.000000000   -0.000000242   -0.000000421  257.652972  81117.6157
1554.00   15.0000    0.0000   15.0000  273.6010  273.6010  0.000000       0.00000       0.00000         232977.5841    0.000000    -0.00004     0.00000    0.000000000   -0.000000242   -0.000000421  257.609336  80988.6383
1566.00   15.0000    0.0000   15.0000  273.6790  273.6790  0.000000       0.00000       0.00000         232911.1843    0.000000    -0.00004     0.00000    0.000000000   -0.000000242   -0.000000420  257.565666  80859.8442
1578.00   15.0000    0.0000   15.0000  273.7570  273.7570  0.000000       0.00000       0.00000         232844.8222    0.000000    -0.00004     0.00000    0.000000000   -0.000000242   -0.000000420  257.521964  80731.2332
1590.00   15.0000    0.0000   15.0000  273.8350  273.8350  0.000000       0.00000       0.00000         232778.4980    0.000000    -0.00004     0.00000    0.000000000   -0.000000242   -0.000000420  257.478227  80602.8049
1602.00   15.0000    0.0000   15.0000  273.9130  273.9130  0.000000       0.00000       0.00000         232712.2115    0.000000    -0.00004     0.00000    0.000000000   -0.000000242   -0.000000419  257.434458  80474.5591
1614.00   15.0000    0.0000   15.0000  273.9910  273.9910  0.000000       0.00000       0.00000         232645.9628    0.000000    -0.00004     0.00000    0.000000000   -0.000000242   -0.000000419  257.390655  80346.4957
1626.00   15.0000    0.0000   15.0000  274.0690  274.0690  0.000000       0.00000       0.00000         232579.7518    0.000000    -0.00004     0.00000    0.000000000   -0.000000242   -0.000000418  257.346819  80218.6142
1638.00   15.0000    0.0000   15.0000  274.1470  274.1470  0.000000       0.00000       0.00000         232513.5785    0.000000    -0.00004     0.00000    0.000000000   -0.000000242   -0.000000418  257.302949  80090.9146
1650.00   15.0000    0.0000   15.0000  274.2250  274.2250  0.000000       0.00000       0.00000         232447.4428    0.000000    -0.00004     0.00000    0.000000000   -0.000000242   -0.000000418  257.259046  79963.3965
1662.00   15.0000    0.0000   15.0000  274.3030  274.3030  0.000000       0.00000       0.00000         232381.3447    0.000000    -0.00004     0.00000    0.000000000   -0.000000242   -0.000000417  257.215110  79836.0598
1674.00   15.0000    0.0000   15.0000  274.3810  274.3810  0.000000       0.00000       0.00000         232315.2842    0.000000    -0.00004     0.00000    0.000000000   -0.000000241   -0.000000417  257.171141  79708.9041
1686.00   15.0000    0.0000   15.0000  274.4590  274.4590  0.000000       0.00000       0.00000         232249.2613    0.000000    -0.00004     0.00000    0.000000000   -0.000000241   -0.000000416  257.127138  79581.9292
1698.00   15.0000    0.0000   15.0000  274.5370  274.5370  0.000000       0.00000       0.00000         232183.2758    0.000000    -0.00004     0.00000    0.000000000   -0.000000241   -0.000000416  257.083102  79455.1349
1710.00   15.0000    0.0000   15.0000  274.6150  274.6150  0.000000       0.00000       0.00000         232117.3279    0.000000    -0.00004     0.00000    0.000000000   -0.000000241   -0.000000416  257.039033  79328.5210
1722.00   15.0000    0.0000   15.0000  274.6930  274.6930  0.000000       0.00000       0.00000         232051.4174    0.000000    -0.00004     0.00000    0.000000000   -0.000000241   -0.000000415  256.994930  79202.0871
1734.00   15.0000    0.0000   15.0000  274.7710  274.7710  0.000000       0.00000       0.00000         231985.5443    0.000000    -0.00004     0.00000    0.000000000   -0.000000241   -0.000000415  256.950795  79075.8331
1746.00   15.0000    0.0000   15.0000  274.8490  274.8490  0.000000       0.00000       0.00000         231919.7086    0.000000    -0.00004     0.00000    0.000000000   -0.000000241   -0.000000414  256.906625  78949.7587
1758.00   15.0000    0.0000   15.0000  274.9270  274.9270  0.000000       0.00000       0.00000         231853.9103    0.000000    -0.00004     0.00000    0.000000000   -0.000000241   -0.000000414  256.862423  78823.8637
1770.00   15.0000    0.0000   15.0000  275.0050  275.0050  0.000000       0.00000       0.00000         231788.1493    0.000000    -0.00004     0.00000    0.000000000   -0.000000241   -0.000000413  256.818188  78698.1478
1782.00   15.0000    0.0000   15.0000  275.0830  275.0830  0.000000       0.00000       0.00000         231722.4256    0.000000    -0.00004     0.00000    0.000000000   -0.000000241   -0.000000413  256.773919  78572.6108
1794.00   15.0000    0.0000   15.0000  275.1610  275.1610  0.000000       0.00000       0.00000         231656.7391    0.000000    -0.00004     0.00000    0.000000000   -0.000000241   -0.000000413  256.729617  78447.2525
1806.00   15.0000    0.0000   15.0000  275.2390  275.2390  0.000000       0.00000       0.00000         231591.0899    0.000000    -0.00004     0.00000    0.000000000   -0.000000241   -0.000000412  256.685282  78322.0726
1818.00   15.0000    0.0000   15.0000  275.3170  275.3170  0.000000       0.00000       0.00000         231525.4779    0.000000    -0.00004     0.00000    0.000000000   -0.000000241   -0.000000412  256.640914  78197.0708
1830.00   15.0000    0.0000   15.0000  275.3950  275.3950  0.000000       0.00000       0.00000         231459.9030    0.000000    -0.00004     0.00000    0.000000000   -0.000000241   -0.000000411  256.596512  78072.2470
1842.00   15.0000    0.0000   15.0000  275.4730  275.4730  0.000000       0.00000       0.00000         231394.3653    0.000000    -0.00004     0.00000    0.000000000   -0.000000241   -0.000000411  256.552078  77947.6009
1854.00   15.0000    0.0000   15.0000  275.5510  275.5510  0.000000       0.00000       0.00000         231328.8647    0.000000    -0.00005     0.00000    0.000000000   -0.000000241   -0.000000410  256.507610  77823.1322
1866.00   15.0000    0.0000   15.0000  275.6290  275.6290  0.000000       0.00000       0.00000         231263.4012    0.000000    -0.00005     0.00000    0.000000000   -0.000000241   -0.000000410  256.463109  77698.8408
1878.00   15.0000    0.0000   15.0000  275.7070  275.7070  0.000000       0.00000       0.00000         231197.9747    0.000000    -0.00005     0.00000    0.000000000   -0.000000241   -0.000000410  256.418575  77574.7263
1890.00   15.0000    0.0000   15.0000  275.7850  275.7850  0.000000       0.00000       0.00000         231132.5852    0.000000    -0.00005     0.00000    0.000000000   -0.000000240   -0.000000409  256.374008  77450.7886
1902.00   15.0000    0.0000   15.0000  275.8630  275.8630  0.000000       0.00000       0.00000         231067.2326    0.000000    -0.00005     0.00000    0.000000000   -0.000000240   -0.000000409  256.329408  77327.0273
1914.00   15.0000    0.0000   15.0000  275.9410  275.9410  0.000000       0.00000       0.00000         231001.9171    0.000000    -0.00005     0.00000    0.000000000   -0.000000240   -0.000000408  256.284774  77203.4424
1926.00   15.0000    0.0000   15.0000  276.0190  276.0190  0.000000       0.00000       0.00000         230936.6384    0.000000    -0.00005     0.00000    0.000000000   -0.000000240   -0.000000408  256.240108  77080.0335
1938.00   15.0000    0.0000   15.0000  276.0970  276.0970  0.000000       0.00000       0.00000         230871.3966    0.000000    -0.00005     0.00000    0.000000000   -0.000000240   -0.000000407  256.195408  76956.8004
1950.00   15.0000    0.0000   15.0000  276.1750  276.1750  0.000000       0.00000       0.00000         230806.1917    0.000000    -0.00005     0.00000    0.000000000   -0.000000240   -0.000000407  256.150676  76833.7428
1962.00   15.0000    0.0000   15.0000  276.2530  276.2530  0.000000       0.00000       0.00000         230741.0236    0.000000    -0.00005     0.00000    0.000000000   -0.000000240   -0.000000407  256.105910  76710.8606
1974.00   15.0000    0.0000   15.0000  276.3310  276.3310  0.000000       0.00000       0.00000         230675.8923    0.000000    -0.00005     0.00000    0.000000000   -0.000000240   -0.000000406  256.061111  76588.1534
1986.00   15.0000    0.0000   15.0000  276.4090  276.4090  0.000000       0.00000       0.00000         230610.7978    0.000000    -0.00005     0.00000    0.000000000   -0.000000240   -0.000000406  256.016279  76465.6212
1998.00   15.0000    0.0000   15.0000  276.4870  276.4870  0.000000       0.00000       0.00000         230545.7399    0.000000    -0.00005     0.00000    0.000000000   -0.000000240   -0.000000405  255.971414  76343.2635
2010.00   15.0000    0.0000   15.0000  276.5650  276.5650  0.000000       0.00000       0.00000         230480.7188    0.000000    -0.00005     0.00000    0.000000000   -0.000000240   -0.000000405  255.926516  76221.0802
2022.00   15.0000    0.0000   15.0000  276.6430  276.6430  0.000000       0.00000       0.00000         230415.7344    0.000000    -0.00005     0.00000    0.000000000   -0.000000240   -0.000000404  255.881585  76099.0711
2034.00   15.0000    0.0000   15.0000  276.7210  276.7210  0.000000       0.00000       0.00000         230350.7865    0.000000    -0.00005     0.00000    0.000000000   -0.000000239   -0.000000404  255.836621  75977.2359
2046.00   15.0000    0.0000   15.0000  276.7990  276.7990  0.000000       0.00000       0.00000         230285.8753    0.000000    -0.00005     0.00000    0.000000000   -0.000000239   -0.000000403  255.791624  75855.5744
2058.00   15.0000    0.0000   15.0000  276.8770  276.8770  0.000000       0.00000       0.00000         230221.0007    0.000000    -0.00005     0.00000    0.000000000   -0.000000239   -0.000000403  255.746595  75734.0864
2070.00   15.0000    0.0000   15.0000  276.9550  276.9550  0.000000       0.00000       0.00000         230156.1626    0.000000    -0.00005     0.00000    0.000000000   -0.000000239   -0.000000402  255.701532  75612.7715
2082.00   15.0000    0.0000   15.0000  277.0330  277.0330  0.000000       0.00000       0.00000         230091.3610    0.000000    -0.00005     0.00000    0.000000000   -0.000000239   -0.000000402  255.656436  75491.6297
2094.00   15.0000    0.0000   15.0000  277.1110  277.1110  0.000000       0.00000       0.00000         230026.5958    0.000000    -0.00005     0.00000    0.000000000   -0.000000239   -0.000000402  255.611307  75370.6606
2106.00   15.0000    0.0000   15.0000  277.1890  277.1890  0.000000       0.00000       0.00000         229961.8672    0.000000    -0.00005     0.00000    0.000000000   -0.000000239   -0.000000401  255.566145  75249.8641
2118.00   15.0000    0.0000   15.0000  277.2670  277.2670  0.000000       0.00000       0.00000         229897.1749    0.000000    -0.00005     0.00000    0.000000000   -0.000000239   -0.000000401  255.520950  75129.2398
2130.00   15.0000    0.0000   15.0000  277.3450  277.3450  0.000000       0.00000       0.00000         229832.5191    0.000000    -0.00005     0.00000    0.000000000   -0.000000239   -0.000000400  255.475722  75008.7876
2142.00   15.0000    0.0000   15.0000  277.4230  277.4230  0.000000       0.00000       0.00000         229767.8996    0.000000    -0.00005     0.00000    0.000000000   -0.000000239   -0.000000400  255.430462  74888.5073
2154.00   15.0000    0.0000   15.0000  277.5010  277.5010  0.000000       0.00000       0.00000         229703.3164    0.000000    -0.00005     0.00000    0.000000000   -0.000000239   -0.000000399  255.385168  74768.3985
2166.00   15.0000    0.0000   15.0000  277.5790  277.5790  0.000000       0.00000       0.00000         229638.7695    0.000000    -0.00005     0.00000    0.000000000   -0.000000238   -0.000000399  255.339842  74648.4611
2178.00   15.0000    0.0000   15.0000  277.6570  277.6570  0.000000       0.00000       0.00000         229574.2589    0.000000    -0.00005     0.00000    0.000000000   -0.000000238   -0.000000398  255.294482  74528.6949
2190.00   15.0000    0.0000   15.0000  277.7350  277.7350  0.000000       0.00000       0.00000         229509.7845    0.000000    -0.00005     0.00000    0.000000000   -0.000000238   -0.000000398  255.249090  74409.0996
2202.00   15.0000    0.0000   15.0000  277.8130  277.8130  0.000000       0.00000       0.00000         229445.3463    0.000000    -0.00005     0.00000    0.000000000   -0.000000238   -0.000000397  255.203665  74289.6749
2214.00   15.0000    0.0000   15.0000  277.8910  277.8910  0.000000       0.00000       0.00000         229380.9443    0.000000    -0.00005     0.00000    0.000000000   -0.000000238   -0.000000397  255.158207  74170.4208
2226.00   15.0000    0.0000   15.0000  277.9690  277.9690  0.000000       0.00000       0.00000         229316.5785    0.000000    -0.00005     0.00000    0.000000000   -0.000000238   -0.000000396  255.112716  74051.3368
2238.00   15.0000    0.0000   15.0000  278.0470  278.0470  0.000000       0.00000       0.00000         229252.2487    0.000000    -0.00005     0.00000    0.000000000   -0.000000238   -0.000000396  255.067192  73932.4229
2250.00   15.0000    0.0000   15.0000  278.1250  278.1250  0.000000       0.00000       0.00000         229187.9551    0.000000    -0.00005     0.00000    0.000000000   -0.000000238   -0.000000395  255.021635  73813.6787
2262.00   15.0000    0.0000   15.0000  278.2030  278.2030  0.000000       0.00000       0.00000         229123.6974    0.000000    -0.00006     0.00000    0.000000000   -0.000000238   -0.000000395  254.976046  73695.1041
2274.00   15.0000    0.0000   15.0000  278.2810  278.2810  0.000000       0.00000       0.00000         229059.4759    0.000000    -0.00006     0.00000    0.000000000   -0.000000237   -0.000000395  254.930423  73576.6988
2286.00   15.0000    0.0000   15.0000  278.3590  278.3590  0.000000       0.00000       0.00000         228995.2903    0.000000    -0.00006     0.00000    0.000000000   -0.000000237   -0.000000394  254.884768  73458.4626
2298.00   15.0000    0.0000   15.0000  278.4370  278.4370  0.000000       0.00000       0.00000         228931.1406    0.000000    -0.00006     0.00000    0.000000000   -0.000000237   -0.000000394  254.839080  73340.3952
2310.00   15.0000    0.0000   15.0000  278.5150  278.5150  0.000000       0.00000       0.00000         228867.0269    0.000000    -0.00006     0.00000    0.000000000   -0.000000237   -0.000000393  254.793360  73222.4965
2322.00   15.0000    0.0000   15.0000  278.5930  278.5930  0.000000       0.00000       0.00000         228802.9491    0.000000    -0.00006     0.00000    0.000000000   -0.000000237   -0.000000393  254.747606  73104.7662
2334.00   15.0000    0.0000   15.0000  278.6710  278.6710  0.000000       0.00000       0.00000         228738.9072    0.000000    -0.00006     0.00000    0.000000000   -0.000000237   -0.000000392  254.701820  72987.2041
2346.00   15.0000    0.0000   15.0000  278.7490  278.7490  0.000000       0.00000       0.00000         228674.9011    0.000000    -0.00006     0.00000    0.000000000   -0.000000237   -0.000000392  254.656001  72869.8100
2358.00   15.0000    0.0000   15.0000  278.8270  278.8270  0.000000       0.00000       0.00000         228610.9308    0.000000    -0.00006     0.00000    0.000000000   -0.000000237   -0.000000391  254.610149  72752.5836
2370.00   15.0000    0.0000   15.0000  278.9050  278.9050  0.000000       0.00000       0.00000         228546.9963    0.000000    -0.00006     0.00000    0.000000000   -0.000000236   -0.000000391  254.564264  72635.5247
2382.00   15.0000    0.0000   15.0000  278.9830  278.9830  0.000000       0.00000       0.00000              0.0000    0.000000    -0.00006     0.00000    0.000000000    0.000000000    0.000000000  254.518347  72518.6331
2394.00   15.0000    0.0000   15.0000  279.0610  279.0610  0.000000       0.00000       0.00000              0.0000    0.000000     0.00000     0.00000    0.000000000    0.000000000    0.000000000  254.472397  72401.9086
