   0.00    0.0000    0.0000    0.0000  242.3409  242.3409  0.000000       0.00000       0.00000              0.0000    0.000000     0.00000     0.00000    0.000000000    0.000000000    0.000000000    0.000000      0.0000
   6.00    7.6722    3.5529    8.4550  244.0035  244.0035  0.000000       0.70342       0.70342              0.0000    0.000000     0.00000     0.00000   -0.000017426    0.000000000    0.000000000  243.915714  99874.1027
  18.00    8.7303    3.9588    9.5859  244.1361  244.1361  0.000000       2.10408       2.10408              0.0623    0.000000    -0.00000     0.00000   -0.000031322    0.000000000    0.000000000  243.901879  99664.4453
  30.00    9.4160    4.1741   10.2997  244.2249  244.2249  0.000000       1.98778       1.98778              0.0891    0.000000    -0.00000     0.00000   -0.000036575   -0.000000034   -0.000000078  243.873478  99497.0560
  42.00   10.0497    4.3305   10.9430  244.3098  244.3098  0.000000       2.16598       2.16598              0.1042    0.000000    -0.00000     0.00000   -0.000039235   -0.000000046   -0.000000090  243.841178  99329.9271
  54.00   10.6222    4.4345   11.5107  244.3896  244.3896  0.000000       2.11508       2.11508              0.1202    0.000000    -0.00000     0.00000   -0.000041257   -0.000000054   -0.000000098  243.803681  99163.0551
  66.00   11.1654    4.4980   12.0374  244.4687  244.4687  0.000000       2.05428       2.05428              0.1341    0.000000    -0.00000     0.00000   -0.000042986   -0.000000054   -0.000000098  243.765435  98996.4375
  78.00   11.6848    4.5247   12.5302  244.5481  244.5481  0.000000       1.94169       1.94169              0.1480    0.000000    -0.00000     0.00000   -0.000044570   -0.000000052   -0.000000095  243.727482  98830.0740
  90.00   12.1869    4.5168   12.9970  244.6292  244.6292  0.000000       1.81039       1.81039              0.1617    0.000000    -0.00000     0.00000   -0.000046097   -0.000000046   -0.000000090  243.691224  98663.9647
 102.00   12.6743    4.4752   13.4412  244.7130  244.7130  0.000000       1.66229       1.66229              0.1757    0.000000    -0.00000     0.00000   -0.000047588   -0.000000037   -0.000000081  243.657619  98498.1109
 114.00   13.1485    4.3998   13.8651  244.8006  244.8006  0.000000       1.50578       1.50578              0.1903    0.000000    -0.00000     0.00000   -0.000049057   -0.000000026   -0.000000071  243.627692  98332.5143
 126.00   13.6097    4.2899   14.2698  244.8929  244.8929  0.000000       1.34455       1.34455              0.2058    0.000000    -0.00000     0.00000   -0.000050541   -0.000000012   -0.000000057  243.602502  98167.1774
 138.00   14.0573    4.1445   14.6555  244.9914  244.9914  0.000000       1.18222       1.18222              0.2227    0.000000    -0.00000     0.00000   -0.000052057    0.000000006   -0.000000039  243.583302  98002.1035
 150.00   14.4898    3.9618   15.0217  245.0975  245.0975  0.000000       1.02127       1.02127              0.2414    0.000000    -0.00001     0.00000   -0.000053623    0.000000029   -0.000000018  243.571646  97837.2967
 162.00   14.9049    3.7396   15.3669  245.2132  245.2132  0.000000       0.86397       0.86397              0.2627    0.000000    -0.00001     0.00000   -0.000055370    0.000000058    0.000000011  243.569592  97672.7624
 174.00   15.2991    3.4750   15.6888  245.3416  245.3416  0.000000       0.71197       0.71197              0.2877    0.000000    -0.00001     0.00000   -0.000057070    0.000000098    0.000000048  243.580000  97508.5077
 186.00   15.6673    3.1638   15.9835  245.4870  245.4870  0.000000       0.56713       0.56713              0.3179    0.000000    -0.00001     0.00000   -0.000058945    0.000000152    0.000000101  243.607167  97344.5418
 198.00   16.0018    2.8004   16.2450  245.6563  245.6563  0.000000       0.43075       0.43075              0.3562    0.000000    -0.00001     0.00000   -0.000060959    0.000000234    0.000000178  243.658022  97180.8778
 210.00   16.2901    2.3765   16.4625  245.8617  245.8617  0.000000       0.30611       0.30611              0.4077    0.000000    -0.00002     0.00000   -0.000063230    0.000000368    0.000000306  243.744635  97017.5351
 222.00   16.5096    1.8781   16.6161  246.1283  246.1283  0.000000       0.19338       0.19338              0.4843    0.000000    -0.00003     0.00000   -0.000066194    0.000000620    0.000000546  243.891776  96854.5449
 234.00   16.6087    1.2884   16.6586  246.5127  246.5127  0.000000       0.10341       0.10341              0.6103    0.000000    -0.00005     0.00000   -0.000071304    0.000001252    0.000001140  244.155538  96691.9654
 246.00   16.4468    0.5788   16.4570  247.2101  247.2101  0.000000       0.03076       0.03076              0.9324    0.000000    -0.00005     0.00000   -0.000077879    0.000004331    0.000003851  244.728957  96529.9362
 258.00   15.5648   -0.0986   15.5651  249.4638  249.4638  0.000000       0.00080       0.00080              2.3727    0.000000     0.00000     0.00000   -0.000236255    0.000011148    0.000009949  246.842624  96369.0589
 270.00   15.0048   -0.0068   15.0048  253.3015  253.3015  0.000000       0.00000       0.00000             14.4630    0.000000    -0.00011     0.00000   -0.000010715    0.000010608    0.000011245  250.521813  96210.3126
 282.00   15.0000   -0.0000   15.0000  254.5805  254.5805  0.000000       0.00000       0.00000          28099.8138    0.000000    -0.00007     0.00000   -0.000000001    0.000004928    0.000004773  251.669381  96053.3583
 294.00   15.0000   -0.0000   15.0000  255.4245  255.4245  0.000000       0.00000       0.00000        2487411.6898    0.000000    -0.00006     0.00000    0.000000000    0.000003720    0.000003536  252.386497  95897.2398
 306.00   15.0000   -0.0000   15.0000  256.1354  256.1354  0.000000       0.00000       0.00000        2049458.3021    0.000000    -0.00005     0.00000    0.000000000    0.000003121    0.000002947  252.971632  95741.7765
 318.00   15.0000   -0.0000   15.0000  256.7092  256.7092  0.000000       0.00000       0.00000        1722808.5536    0.000000    -0.00005     0.00000    0.000000000    0.000002639    0.000002466  253.421172  95586.8823
 330.00   15.0000   -0.0000   15.0000  257.2178  257.2178  0.000000       0.00000       0.00000        1525235.1033    0.000000    -0.00005     0.00000    0.000000000    0.000002346    0.000002177  253.805955  95432.4929
 342.00   15.0000    0.0000   15.0000  257.6694  257.6694  0.000000       0.00000       0.00000        1372012.0128    0.000000    -0.00004     0.00000    0.000000000    0.000002109    0.000001942  254.134393  95278.5691
 354.00   15.0000    0.0000   15.0000  258.0830  258.0830  0.000000       0.00000       0.00000        1254331.1888    0.000000    -0.00004     0.00000    0.000000000    0.000001923    0.000001757  254.425101  95125.0806
 366.00   15.0000    0.0000   15.0000  258.4616  258.4616  0.000000       0.00000       0.00000        1164505.7098    0.000000    -0.00004     0.00000    0.000000000    0.000001780    0.000001614  254.681238  94972.0038
 378.00   15.0000    0.0000   15.0000  258.8196  258.8196  0.000000       0.00000       0.00000        1085164.6708    0.000000    -0.00004     0.00000    0.000000000    0.000001647    0.000001483  254.916742  94819.3207
 390.00   15.0000    0.0000   15.0000  259.1490  259.1490  0.000000       0.00000       0.00000        1024045.9873    0.000000    -0.00004     0.00000    0.000000000    0.000001546    0.000001381  255.124054  94667.0153
 402.00   15.0000    0.0000   15.0000  259.4690  259.4690  0.000000       0.00000       0.00000         964693.6451    0.000000    -0.00004     0.00000    0.000000000    0.000001442    0.000001278  255.321943  94515.0751
 414.00   15.0000    0.0000   15.0000  259.7616  259.7616  0.000000       0.00000       0.00000         913603.1670    0.000000    -0.00004     0.00000    0.000000000    0.000001351    0.000001186  255.492669  94363.4883
 426.00   15.0000    0.0000   15.0000  260.0498  260.0498  0.000000       0.00000       0.00000         872621.5046    0.000000    -0.00004     0.00000    0.000000000    0.000001277    0.000001113  255.659010  94212.2442
 438.00   15.0000    0.0000   15.0000  260.3170  260.3170  0.000000       0.00000       0.00000         830456.0377    0.000000    -0.00004     0.00000    0.000000000    0.000001197    0.000001033  255.804470  94061.3346
 450.00   15.0000    0.0000   15.0000  260.5789  260.5789  0.000000       0.00000       0.00000         800140.8820    0.000000    -0.00003     0.00000    0.000000000    0.000001142    0.000000978  255.944721  93910.7507
 462.00   15.0000    0.0000   15.0000  260.8272  260.8272  0.000000       0.00000       0.00000         767772.9832    0.000000    -0.00003     0.00000    0.000000000    0.000001079    0.000000915  256.071479  93760.4863
 474.00   15.0000    0.0000   15.0000  261.0690  261.0690  0.000000       0.00000       0.00000         742958.3516    0.000000    -0.00003     0.00000    0.000000000    0.000001032    0.000000867  256.191692  93610.5345
 486.00   15.0000    0.0000   15.0000  261.3019  261.3019  0.000000       0.00000       0.00000         718531.4222    0.000000    -0.00003     0.00000    0.000000000    0.000000984    0.000000819  256.303118  93460.8902
 498.00   15.0000    0.0000   15.0000  261.5285  261.5285  0.000000       0.00000       0.00000         696082.8981    0.000000    -0.00003     0.00000    0.000000000    0.000000939    0.000000774  256.408211  93311.5482
 510.00   15.0000    0.0000   15.0000  261.7474  261.7474  0.000000       0.00000       0.00000         673555.3398    0.000000    -0.00003     0.00000    0.000000000    0.000000893    0.000000727  256.505735  93162.5037
 522.00   15.0000    0.0000   15.0000  261.9600  261.9600  0.000000       0.00000       0.00000         652711.8957    0.000000    -0.00003     0.00000    0.000000000    0.000000849    0.000000683  256.596852  93013.7518
 534.00   15.0000    0.0000   15.0000  262.1659  262.1659  0.000000       0.00000       0.00000         634404.1924    0.000000    -0.00003     0.00000    0.000000000    0.000000810    0.000000644  256.681438  92865.2883
 546.00   15.0000    0.0000   15.0000  262.3670  262.3670  0.000000       0.00000       0.00000         616210.1941    0.000000    -0.00003     0.00000    0.000000000    0.000000771    0.000000604  256.761189  92717.1092
 558.00   15.0000    0.0000   15.0000  262.5616  262.5616  0.000000       0.00000       0.00000         600031.4131    0.000000    -0.00003     0.00000    0.000000000    0.000000736    0.000000568  256.834466  92569.2106
 570.00   15.0000    0.0000   15.0000  262.7526  262.7526  0.000000       0.00000       0.00000         583035.4662    0.000000    -0.00003     0.00000    0.000000000    0.000000697    0.000000530  256.904157  92421.5889
 582.00   15.0000    0.0000   15.0000  262.9365  262.9365  0.000000       0.00000       0.00000         567488.6912    0.000000    -0.00003     0.00000    0.000000000    0.000000662    0.000000494  256.966851  92274.2406
 594.00   15.0000    0.0000   15.0000  263.1177  263.1177  0.000000       0.00000       0.00000         552639.1302    0.000000    -0.00003     0.00000    0.000000000    0.000000628    0.000000460  257.026854  92127.1623
 606.00   15.0000    0.0000   15.0000  263.2923  263.2923  0.000000       0.00000       0.00000         537169.3986    0.000000    -0.00003     0.00000    0.000000000    0.000000591    0.000000423  257.080292  91980.3509
 618.00   15.0000    0.0000   15.0000  263.4639  263.4639  0.000000       0.00000       0.00000         524409.2902    0.000000    -0.00003     0.00000    0.000000000    0.000000561    0.000000393  257.130633  91833.8029
 630.00   15.0000    0.0000   15.0000  263.6305  263.6305  0.000000       0.00000       0.00000         510938.1310    0.000000    -0.00003     0.00000    0.000000000    0.000000528    0.000000360  257.176108  91687.5157
 642.00   15.0000    0.0000   15.0000  263.7935  263.7935  0.000000       0.00000       0.00000         499502.0443    0.000000    -0.00003     0.00000    0.000000000    0.000000501    0.000000332  257.218029  91541.4863
 654.00   15.0000    0.0000   15.0000  263.9530  263.9530  0.000000       0.00000       0.00000         488588.9712    0.000000    -0.00003     0.00000    0.000000000    0.000000474    0.000000305  257.256356  91395.7121
 666.00   15.0000    0.0000   15.0000  264.1091  264.1091  0.000000       0.00000       0.00000         479055.2647    0.000000    -0.00003     0.00000    0.000000000    0.000000451    0.000000282  257.291453  91250.1909
 678.00   15.0000    0.0000   15.0000  264.2626  264.2626  0.000000       0.00000       0.00000         470577.8181    0.000000    -0.00003     0.00000    0.000000000    0.000000430    0.000000261  257.323820  91104.9204
 690.00   15.0000    0.0000   15.0000  264.4135  264.4135  0.000000       0.00000       0.00000         462603.7105    0.000000    -0.00003     0.00000    0.000000000    0.000000410    0.000000241  257.353616  90959.8987
 702.00   15.0000    0.0000   15.0000  264.5620  264.5620  0.000000       0.00000       0.00000         454819.4942    0.000000    -0.00003     0.00000    0.000000000    0.000000390    0.000000221  257.380994  90815.1239
 714.00   15.0000    0.0000   15.0000  264.7080  264.7080  0.000000       0.00000       0.00000         447888.6892    0.000000    -0.00003     0.00000    0.000000000    0.000000373    0.000000203  257.405918  90670.5942
 726.00   15.0000    0.0000   15.0000  264.8521  264.8521  0.000000       0.00000       0.00000         442205.9581    0.000000    -0.00003     0.00000    0.000000000    0.000000359    0.000000189  257.428958  90526.3080
 738.00   15.0000    0.0000   15.0000  264.9946  264.9946  0.000000       0.00000       0.00000         437352.6599    0.000000    -0.00003     0.00000    0.000000000    0.000000347    0.000000177  257.450327  90382.2638
 750.00   15.0000    0.0000   15.0000  265.1357  265.1357  0.000000       0.00000       0.00000         433090.1465    0.000000    -0.00003     0.00000    0.000000000    0.000000336    0.000000166  257.470332  90238.4603
 762.00   15.0000    0.0000   15.0000  265.2756  265.2756  0.000000       0.00000       0.00000         429706.5086    0.000000    -0.00003     0.00000    0.000000000    0.000000328    0.000000157  257.489037  90094.8964
 774.00   15.0000    0.0000   15.0000  265.4147  265.4147  0.000000       0.00000       0.00000         426793.7470    0.000000    -0.00003     0.00000    0.000000000    0.000000321    0.000000150  257.506929  89951.5711
 786.00   15.0000    0.0000   15.0000  265.5528  265.5528  0.000000       0.00000       0.00000         424855.0741    0.000000    -0.00003     0.00000    0.000000000    0.000000317    0.000000145  257.523817  89808.4835
 798.00   15.0000    0.0000   15.0000  265.6908  265.6908  0.000000       0.00000       0.00000         423636.2079    0.000000    -0.00003     0.00000    0.000000000    0.000000314    0.000000142  257.540505  89665.6327
 810.00   15.0000    0.0000   15.0000  265.8283  265.8283  0.000000       0.00000       0.00000         423818.1848    0.000000    -0.00003     0.00000    0.000000000    0.000000316    0.000000143  257.556642  89523.0183
 822.00   15.0000    0.0000   15.0000  265.9666  265.9666  0.000000       0.00000       0.00000         425012.1050    0.000000    -0.00004     0.00000    0.000000000    0.000000320    0.000000147  257.573461  89380.6398
 834.00   15.0000    0.0000   15.0000  266.1050  266.1050  0.000000       0.00000       0.00000         426765.1137    0.000000    -0.00004     0.00000    0.000000000    0.000000326    0.000000152  257.590368  89238.4970
 846.00   15.0000    0.0000   15.0000  266.2445  266.2445  0.000000       0.00000       0.00000         430469.1890    0.000000    -0.00004     0.00000    0.000000000    0.000000337    0.000000163  257.608310  89096.5899
 858.00   15.0000    0.0000   15.0000  266.3854  266.3854  0.000000       0.00000       0.00000         436341.0806    0.000000    -0.00004     0.00000    0.000000000    0.000000355    0.000000180  257.627571  88954.9187
 870.00   15.0000    0.0000   15.0000  266.5289  266.5289  0.000000       0.00000       0.00000         445319.9248    0.000000    -0.00004     0.00000    0.000000000    0.000000382    0.000000206  257.649235  88813.4840
 882.00   15.0000    0.0000   15.0000  266.6759  266.6759  0.000000       0.00000       0.00000         456302.0917    0.000000    -0.00004     0.00000    0.000000000    0.000000415    0.000000237  257.674180  88672.2869
 894.00   15.0000    0.0000   15.0000  266.8268  266.8268  0.000000       0.00000       0.00000         473139.9792    0.000000    -0.00004     0.00000    0.000000000    0.000000465    0.000000285  257.702797  88531.3289
 906.00   15.0000    0.0000   15.0000  266.9849  266.9849  0.000000       0.00000       0.00000         490717.3674    0.000000    -0.00005     0.00000    0.000000000    0.000000517    0.000000336  257.738393  88390.6125
 918.00   15.0000    0.0000   15.0000  267.1474  267.1474  0.000000       0.00000       0.00000         528706.0472    0.000000    -0.00005     0.00000    0.000000000    0.000000630    0.000000445  257.778139  88250.1403
 930.00   15.0000    0.0000   15.0000  267.3306  267.3306  0.000000       0.00000       0.00000         547725.5105    0.000000    -0.00005     0.00000    0.000000000    0.000000689    0.000000502  257.837745  88109.9183
 942.00   15.0000    0.0000   15.0000  267.5057  267.5057  0.000000       0.00000       0.00000         655311.4618    0.000000    -0.00007     0.00000    0.000000000    0.000001010    0.000000813  257.889576  87969.9493
 954.00   15.0000    0.0000   15.0000  267.7596  267.7596  0.000000       0.00000       0.00000         650716.8414    0.000000    -0.00005     0.00000    0.000000000    0.000001003    0.000000810  258.017135  87830.2513
 966.00   15.0000    0.0000   15.0000  267.9322  267.9322  0.000000       0.00000       0.00000         977335.3678    0.000000    -0.00014     0.00000    0.000000000    0.000002003    0.000001765  258.066304  87690.8228
 978.00   15.0000    0.0000   15.0000  268.4004  268.4004  0.000000       0.00000       0.00000         903730.2471    0.000000    -0.00004     0.00000    0.000000000    0.000001792    0.000001597  258.400142  87551.7187
 990.00   15.0000    0.0000   15.0000  268.5258  268.5258  0.000000       0.00000       0.00000        2453791.3919    0.000000    -0.00046     0.00000    0.000000000    0.000006887    0.000006248  258.403702  87412.9260
1002.00   15.0000    0.0000   15.0000  270.0130  270.0130  0.000000       0.00000       0.00000        2368619.6679    0.000000    -0.00002     0.00000    0.000000000    0.000006656    0.000006660  259.717434  87274.7041
1014.00   15.0000    0.0000   15.0000  270.0910  270.0910  0.000000       0.00000       0.00000         236005.2723    0.000000    -0.00002     0.00000    0.000000000   -0.000000243   -0.000000440  259.675349  87137.0397
1026.00   15.0000    0.0000   15.0000  270.1690  270.1690  0.000000       0.00000       0.00000         235937.1356    0.000000    -0.00002     0.00000    0.000000000   -0.000000243   -0.000000440  259.633230  86999.5701
1038.00   15.0000    0.0000   15.0000  270.2470  270.2470  0.000000       0.00000       0.00000         235869.0383    0.000000    -0.00003     0.00000    0.000000000   -0.000000243   -0.000000440  259.591078  86862.2951
1050.00   15.0000    0.0000   15.0000  270.3250  270.3250  0.000000       0.00000       0.00000         235800.9803    0.000000    -0.00003     0.00000    0.000000000   -0.000000243   -0.000000439  259.548892  86725.2145
1062.00   15.0000    0.0000   15.0000  270.4030  270.4030  0.000000       0.00000       0.00000         235732.9615    0.000000    -0.00003     0.00000    0.000000000   -0.000000243   -0.000000439  259.506672  86588.3279
1074.00   15.0000    0.0000   15.0000  270.4810  270.4810  0.000000       0.00000       0.00000         235664.9820    0.000000    -0.00003     0.00000    0.000000000   -0.000000243   -0.000000439  259.464418  86451.6352
1086.00   15.0000    0.0000   15.0000  270.5590  270.5590  0.000000       0.00000       0.00000         235597.0417    0.000000    -0.00003     0.00000    0.000000000   -0.000000243   -0.000000438  259.422131  86315.1361
1098.00   15.0000    0.0000   15.0000  270.6370  270.6370  0.000000       0.00000       0.00000         235529.1405    0.000000    -0.00003     0.00000    0.000000000   -0.000000243   -0.000000438  259.379809  86178.8303
1110.00   15.0000    0.0000   15.0000  270.7150  270.7150  0.000000       0.00000       0.00000         235461.2785    0.000000    -0.00003     0.00000    0.000000000   -0.000000243   -0.000000438  259.337454  86042.7175
1122.00   15.0000    0.0000   15.0000  270.7930  270.7930  0.000000       0.00000       0.00000         235393.4555    0.000000    -0.00003     0.00000    0.000000000   -0.000000243   -0.000000437  259.295065  85906.7975
1134.00   15.0000    0.0000   15.0000  270.8710  270.8710  0.000000       0.00000       0.00000         235325.6716    0.000000    -0.00003     0.00000    0.000000000   -0.000000243   -0.000000437  259.252643  85771.0701
1146.00   15.0000    0.0000   15.0000  270.9490  270.9490  0.000000       0.00000       0.00000         235257.9268    0.000000    -0.00003     0.00000    0.000000000   -0.000000243   -0.000000437  259.210187  85635.5349
1158.00   15.0000    0.0000   15.0000  271.0270  271.0270  0.000000       0.00000       0.00000         235190.2209    0.000000    -0.00003     0.00000    0.000000000   -0.000000243   -0.000000436  259.167697  85500.1918
1170.00   15.0000    0.0000   15.0000  271.1050  271.1050  0.000000       0.00000       0.00000         235122.5540    0.000000    -0.00003     0.00000    0.000000000   -0.000000243   -0.000000436  259.125173  85365.0404
1182.00   15.0000    0.0000   15.0000  271.1830  271.1830  0.000000       0.00000       0.00000         235054.9260    0.000000    -0.00003     0.00000    0.000000000   -0.000000243   -0.000000436  259.082616  85230.0805
1194.00   15.0000    0.0000   15.0000  271.2610  271.2610  0.000000       0.00000       0.00000         234987.3369    0.000000    -0.00003     0.00000    0.000000000   -0.000000243   -0.000000435  259.040025  85095.3118
1206.00   15.0000    0.0000   15.0000  271.3390  271.3390  0.000000       0.00000       0.00000         234919.7867    0.000000    -0.00003     0.00000    0.000000000   -0.000000244   -0.000000435  258.997400  84960.7341
1218.00   15.0000    0.0000   15.0000  271.4170  271.4170  0.000000       0.00000       0.00000         234852.2753    0.000000    -0.00003     0.00000    0.000000000   -0.000000244   -0.000000435  258.954742  84826.3472
1230.00   15.0000    0.0000   15.0000  271.4950  271.4950  0.000000       0.00000       0.00000         234784.8027    0.000000    -0.00003     0.00000    0.000000000   -0.000000244   -0.000000434  258.912050  84692.1507
1242.00   15.0000    0.0000   15.0000  271.5730  271.5730  0.000000       0.00000       0.00000         234717.3688    0.000000    -0.00003     0.00000    0.000000000   -0.000000244   -0.000000434  258.869324  84558.1445
1254.00   15.0000    0.0000   15.0000  271.6510  271.6510  0.000000       0.00000       0.00000         234649.9737    0.000000    -0.00003     0.00000    0.000000000   -0.000000244   -0.000000434  258.826565  84424.3282
1266.00   15.0000    0.0000   15.0000  271.7290  271.7290  0.000000       0.00000       0.00000         234582.6172    0.000000    -0.00003     0.00000    0.000000000   -0.000000244   -0.000000433  258.783772  84290.7016
1278.00   15.0000    0.0000   15.0000  271.8070  271.8070  0.000000       0.00000       0.00000         234515.2995    0.000000    -0.00003     0.00000    0.000000000   -0.000000244   -0.000000433  258.740946  84157.2644
1290.00   15.0000    0.0000   15.0000  271.8850  271.8850  0.000000       0.00000       0.00000         234448.0203    0.000000    -0.00003     0.00000    0.000000000   -0.000000244   -0.000000432  258.698086  84024.0165
1302.00   15.0000    0.0000   15.0000  271.9630  271.9630  0.000000       0.00000       0.00000         234380.7797    0.000000    -0.00003     0.00000    0.000000000   -0.000000244   -0.000000432  258.655192  83890.9575
1314.00   15.0000    0.0000   15.0000  272.0410  272.0410  0.000000       0.00000       0.00000         234313.5777    0.000000    -0.00003     0.00000    0.000000000   -0.000000244   -0.000000432  258.612265  83758.0871
1326.00   15.0000    0.0000   15.0000  272.1190  272.1190  0.000000       0.00000       0.00000         234246.4143    0.000000    -0.00003     0.00000    0.000000000   -0.000000244   -0.000000431  258.569304  83625.4052
1338.00   15.0000    0.0000   15.0000  272.1970  272.1970  0.000000       0.00000       0.00000         234179.2893    0.000000    -0.00003     0.00000    0.000000000   -0.000000244   -0.000000431  258.526310  83492.9115
1350.00   15.0000    0.0000   15.0000  272.2750  272.2750  0.000000       0.00000       0.00000         234112.2027    0.000000    -0.00003     0.00000    0.000000000   -0.000000244   -0.000000431  258.483282  83360.6057
1362.00   15.0000    0.0000   15.0000  272.3530  272.3530  0.000000       0.00000       0.00000         234045.1546    0.000000    -0.00003     0.00000    0.000000000   -0.000000244   -0.000000430  258.440220  83228.4876
1374.00   15.0000    0.0000   15.0000  272.4310  272.4310  0.000000       0.00000       0.00000         233978.1449    0.000000    -0.00003     0.00000    0.000000000   -0.000000244   -0.000000430  258.397125  83096.5569
1386.00   15.0000    0.0000   15.0000  272.5090  272.5090  0.000000       0.00000       0.00000         233911.1736    0.000000    -0.00003     0.00000    0.000000000   -0.000000244   -0.000000430  258.353997  82964.8134
1398.00   15.0000    0.0000   15.0000  272.5870  272.5870  0.000000       0.00000       0.00000         233844.2406    0.000000    -0.00003     0.00000    0.000000000   -0.000000244   -0.000000429  258.310834  82833.2568
1410.00   15.0000    0.0000   15.0000  272.6650  272.6650  0.000000       0.00000       0.00000         233777.3458    0.000000    -0.00003     0.00000    0.000000000   -0.000000244   -0.000000429  258.267639  82701.8869
1422.00   15.0000    0.0000   15.0000  272.7430  272.7430  0.000000       0.00000       0.00000         233710.4894    0.000000    -0.00003     0.00000    0.000000000   -0.000000244   -0.000000428  258.224410  82570.7034
1434.00   15.0000    0.0000   15.0000  272.8210  272.8210  0.000000       0.00000       0.00000         233643.6711    0.000000    -0.00003     0.00000    0.000000000   -0.000000244   -0.000000428  258.181147  82439.7060
1446.00   15.0000    0.0000   15.0000  272.8990  272.8990  0.000000       0.00000       0.00000         233576.8911    0.000000    -0.00004     0.00000    0.000000000   -0.000000244   -0.000000428  258.137851  82308.8946
1458.00   15.0000    0.0000   15.0000  272.9770  272.9770  0.000000       0.00000       0.00000         233510.1492    0.000000    -0.00004     0.00000    0.000000000   -0.000000244   -0.000000427  258.094522  82178.2688
1470.00   15.0000    0.0000   15.0000  273.0550  273.0550  0.000000       0.00000       0.00000         233443.4455    0.000000    -0.00004     0.00000    0.000000000   -0.000000243   -0.000000427  258.051159  82047.8285
1482.00   15.0000    0.0000   15.0000  273.1330  273.1330  0.000000       0.00000       0.00000         233376.7798    0.000000    -0.00004     0.00000    0.000000000   -0.000000243   -0.000000426  258.007762  81917.5733
1494.00   15.0000    0.0000   15.0000  273.2110  273.2110  0.000000       0.00000       0.00000         233310.1522    0.000000    -0.00004     0.00000    0.000000000   -0.000000243   -0.000000426  257.964333  81787.5030
1506.00   15.0000    0.0000   15.0000  273.2890  273.2890  0.000000       0.00000       0.00000         233243.5627    0.000000    -0.00004     0.00000    0.000000000   -0.000000243   -0.000000426  257.920869  81657.6174
1518.00   15.0000    0.0000   15.0000  273.3670  273.3670  0.000000       0.00000       0.00000         233177.0111    0.000000    -0.00004     0.00000    0.000000000   -0.000000243   -0.000000425  257.877373  81527.9163
1530.00   15.0000    0.0000   15.0000  273.4450  273.4450  0.000000       0.00000       0.00000         233110.4975    0.000000    -0.00004     0.00000    0.000000000   -0.000000243   -0.000000425  257.833842  81398.3993
1542.00   15.0000    0.0000   15.0000  273.5230  273.5230  0.000000       0.00000       0.00000         233044.0219    0.000000    -0.00004     0.00000    0.000000000   -0.000000243   -0.000000424  257.790279  81269.0662
1554.00   15.0000    0.0000   15.0000  273.6010  273.6010  0.000000       0.00000       0.00000         232977.5841    0.000000    -0.00004     0.00000    0.000000000   -0.000000243   -0.000000424  257.746682  81139.9169
1566.00   15.0000    0.0000   15.0000  273.6790  273.6790  0.000000       0.00000       0.00000         232911.1843    0.000000    -0.00004     0.00000    0.000000000   -0.000000243   -0.000000424  257.703052  81010.9509
1578.00   15.0000    0.0000   15.0000  273.7570  273.7570  0.000000       0.00000       0.00000         232844.8222    0.000000    -0.00004     0.00000    0.000000000   -0.000000243   -0.000000423  257.659388  80882.1682
1590.00   15.0000    0.0000   15.0000  273.8350  273.8350  0.000000       0.00000       0.00000         232778.4980    0.000000    -0.00004     0.00000    0.000000000   -0.000000243   -0.000000423  257.615691  80753.5684
1602.00   15.0000    0.0000   15.0000  273.9130  273.9130  0.000000       0.00000       0.00000         232712.2115    0.000000    -0.00004     0.00000    0.000000000   -0.000000243   -0.000000422  257.571961  80625.1512
1614.00   15.0000    0.0000   15.0000  273.9910  273.9910  0.000000       0.00000       0.00000         232645.9628    0.000000    -0.00004     0.00000    0.000000000   -0.000000243   -0.000000422  257.528197  80496.9166
1626.00   15.0000    0.0000   15.0000  274.0690  274.0690  0.000000       0.00000       0.00000         232579.7518    0.000000    -0.00004     0.00000    0.000000000   -0.000000243   -0.000000422  257.484400  80368.8641
1638.00   15.0000    0.0000   15.0000  274.1470  274.1470  0.000000       0.00000       0.00000         232513.5785    0.000000    -0.00004     0.00000    0.000000000   -0.000000243   -0.000000421  257.440570  80240.9936
1650.00   15.0000    0.0000   15.0000  274.2250  274.2250  0.000000       0.00000       0.00000         232447.4428    0.000000    -0.00004     0.00000    0.000000000   -0.000000243   -0.000000421  257.396706  80113.3049
1662.00   15.0000    0.0000   15.0000  274.3030  274.3030  0.000000       0.00000       0.00000         232381.3447    0.000000    -0.00004     0.00000    0.000000000   -0.000000243   -0.000000420  257.352809  79985.7976
1674.00   15.0000    0.0000   15.0000  274.3810  274.3810  0.000000       0.00000       0.00000         232315.2842    0.000000    -0.00004     0.00000    0.000000000   -0.000000243   -0.000000420  257.308879  79858.4715
1686.00   15.0000    0.0000   15.0000  274.4590  274.4590  0.000000       0.00000       0.00000         232249.2613    0.000000    -0.00004     0.00000    0.000000000   -0.000000243   -0.000000420  257.264915  79731.3265
1698.00   15.0000    0.0000   15.0000  274.5370  274.5370  0.000000       0.00000       0.00000         232183.2758    0.000000    -0.00004     0.00000    0.000000000   -0.000000243   -0.000000419  257.220918  79604.3621
1710.00   15.0000    0.0000   15.0000  274.6150  274.6150  0.000000       0.00000       0.00000         232117.3279    0.000000    -0.00004     0.00000    0.000000000   -0.000000243   -0.000000419  257.176888  79477.5783
1722.00   15.0000    0.0000   15.0000  274.6930  274.6930  0.000000       0.00000       0.00000         232051.4174    0.000000    -0.00004     0.00000    0.000000000   -0.000000243   -0.000000418  257.132825  79350.9747
1734.00   15.0000    0.0000   15.0000  274.7710  274.7710  0.000000       0.00000       0.00000         231985.5443    0.000000    -0.00004     0.00000    0.000000000   -0.000000243   -0.000000418  257.088728  79224.5512
1746.00   15.0000    0.0000   15.0000  274.8490  274.8490  0.000000       0.00000       0.00000         231919.7086    0.000000    -0.00004     0.00000    0.000000000   -0.000000243   -0.000000418  257.044598  79098.3074
1758.00   15.0000    0.0000   15.0000  274.9270  274.9270  0.000000       0.00000       0.00000         231853.9103    0.000000    -0.00004     0.00000    0.000000000   -0.000000243   -0.000000417  257.000435  78972.2432
1770.00   15.0000    0.0000   15.0000  275.0050  275.0050  0.000000       0.00000       0.00000         231788.1493    0.000000    -0.00004     0.00000    0.000000000   -0.000000243   -0.000000417  256.956239  78846.3583
1782.00   15.0000    0.0000   15.0000  275.0830  275.0830  0.000000       0.00000       0.00000         231722.4256    0.000000    -0.00004     0.00000    0.000000000   -0.000000243   -0.000000416  256.912009  78720.6524
1794.00   15.0000    0.0000   15.0000  275.1610  275.1610  0.000000       0.00000       0.00000         231656.7391    0.000000    -0.00004     0.00000    0.000000000   -0.000000242   -0.000000416  256.867747  78595.1253
1806.00   15.0000    0.0000   15.0000  275.2390  275.2390  0.000000       0.00000       0.00000         231591.0899    0.000000    -0.00004     0.00000    0.000000000   -0.000000242   -0.000000415  256.823451  78469.7768
1818.00   15.0000    0.0000   15.0000  275.3170  275.3170  0.000000       0.00000       0.00000         231525.4779    0.000000    -0.00004     0.00000    0.000000000   -0.000000242   -0.000000415  256.779121  78344.6067
1830.00   15.0000    0.0000   15.0000  275.3950  275.3950  0.000000       0.00000       0.00000         231459.9030    0.000000    -0.00004     0.00000    0.000000000   -0.000000242   -0.000000415  256.734759  78219.6146
1842.00   15.0000    0.0000   15.0000  275.4730  275.4730  0.000000       0.00000       0.00000         231394.3653    0.000000    -0.00004     0.00000    0.000000000   -0.000000242   -0.000000414  256.690364  78094.8004
1854.00   15.0000    0.0000   15.0000  275.5510  275.5510  0.000000       0.00000       0.00000         231328.8647    0.000000    -0.00005     0.00000    0.000000000   -0.000000242   -0.000000414  256.645935  77970.1639
1866.00   15.0000    0.0000   15.0000  275.6290  275.6290  0.000000       0.00000       0.00000         231263.4012    0.000000    -0.00005     0.00000    0.000000000   -0.000000242   -0.000000413  256.601473  77845.7047
1878.00   15.0000    0.0000   15.0000  275.7070  275.7070  0.000000       0.00000       0.00000         231197.9747    0.000000    -0.00005     0.00000    0.000000000   -0.000000242   -0.000000413  256.556979  77721.4226
1890.00   15.0000    0.0000   15.0000  275.7850  275.7850  0.000000       0.00000       0.00000         231132.5852    0.000000    -0.00005     0.00000    0.000000000   -0.000000242   -0.000000412  256.512451  77597.3175
1902.00   15.0000    0.0000   15.0000  275.8630  275.8630  0.000000       0.00000       0.00000         231067.2326    0.000000    -0.00005     0.00000    0.000000000   -0.000000242   -0.000000412  256.467889  77473.3890
1914.00   15.0000    0.0000   15.0000  275.9410  275.9410  0.000000       0.00000       0.00000         231001.9171    0.000000    -0.00005     0.00000    0.000000000   -0.000000242   -0.000000412  256.423295  77349.6369
1926.00   15.0000    0.0000   15.0000  276.0190  276.0190  0.000000       0.00000       0.00000         230936.6384    0.000000    -0.00005     0.00000    0.000000000   -0.000000242   -0.000000411  256.378668  77226.0611
1938.00   15.0000    0.0000   15.0000  276.0970  276.0970  0.000000       0.00000       0.00000         230871.3966    0.000000    -0.00005     0.00000    0.000000000   -0.000000242   -0.000000411  256.334007  77102.6612
1950.00   15.0000    0.0000   15.0000  276.1750  276.1750  0.000000       0.00000       0.00000         230806.1917    0.000000    -0.00005     0.00000    0.000000000   -0.000000242   -0.000000410  256.289314  76979.4370
1962.00   15.0000    0.0000   15.0000  276.2530  276.2530  0.000000       0.00000       0.00000         230741.0236    0.000000    -0.00005     0.00000    0.000000000   -0.000000242   -0.000000410  256.244587  76856.3883
1974.00   15.0000    0.0000   15.0000  276.3310  276.3310  0.000000       0.00000       0.00000         230675.8923    0.000000    -0.00005     0.00000    0.000000000   -0.000000241   -0.000000409  256.199828  76733.5149
1986.00   15.0000    0.0000   15.0000  276.4090  276.4090  0.000000       0.00000       0.00000         230610.7978    0.000000    -0.00005     0.00000    0.000000000   -0.000000241   -0.000000409  256.155035  76610.8165
1998.00   15.0000    0.0000   15.0000  276.4870  276.4870  0.000000       0.00000       0.00000         230545.7399    0.000000    -0.00005     0.00000    0.000000000   -0.000000241   -0.000000408  256.110209  76488.2929
2010.00   15.0000    0.0000   15.0000  276.5650  276.5650  0.000000       0.00000       0.00000         230480.7188    0.000000    -0.00005     0.00000    0.000000000   -0.000000241   -0.000000408  256.065350  76365.9438
2022.00   15.0000    0.0000   15.0000  276.6430  276.6430  0.000000       0.00000       0.00000         230415.7344    0.000000    -0.00005     0.00000    0.000000000   -0.000000241   -0.000000407  256.020459  76243.7690
2034.00   15.0000    0.0000   15.0000  276.7210  276.7210  0.000000       0.00000       0.00000         230350.7865    0.000000    -0.00005     0.00000    0.000000000   -0.000000241   -0.000000407  255.975534  76121.7684
2046.00   15.0000    0.0000   15.0000  276.7990  276.7990  0.000000       0.00000       0.00000         230285.8753    0.000000    -0.00005     0.00000    0.000000000   -0.000000241   -0.000000407  255.930576  75999.9415
2058.00   15.0000    0.0000   15.0000  276.8770  276.8770  0.000000       0.00000       0.00000         230221.0007    0.000000    -0.00005     0.00000    0.000000000   -0.000000241   -0.000000406  255.885585  75878.2883
2070.00   15.0000    0.0000   15.0000  276.9550  276.9550  0.000000       0.00000       0.00000         230156.1626    0.000000    -0.00005     0.00000    0.000000000   -0.000000241   -0.000000406  255.840561  75756.8085
2082.00   15.0000    0.0000   15.0000  277.0330  277.0330  0.000000       0.00000       0.00000         230091.3610    0.000000    -0.00005     0.00000    0.000000000   -0.000000241   -0.000000405  255.795505  75635.5018
2094.00   15.0000    0.0000   15.0000  277.1110  277.1110  0.000000       0.00000       0.00000         230026.5958    0.000000    -0.00005     0.00000    0.000000000   -0.000000241   -0.000000405  255.750415  75514.3680
2106.00   15.0000    0.0000   15.0000  277.1890  277.1890  0.000000       0.00000       0.00000         229961.8672    0.000000    -0.00005     0.00000    0.000000000   -0.000000241   -0.000000404  255.705292  75393.4069
2118.00   15.0000    0.0000   15.0000  277.2670  277.2670  0.000000       0.00000       0.00000         229897.1749    0.000000    -0.00005     0.00000    0.000000000   -0.000000240   -0.000000404  255.660137  75272.6183
2130.00   15.0000    0.0000   15.0000  277.3450  277.3450  0.000000       0.00000       0.00000         229832.5191    0.000000    -0.00005     0.00000    0.000000000   -0.000000240   -0.000000403  255.614948  75152.0019
2142.00   15.0000    0.0000   15.0000  277.4230  277.4230  0.000000       0.00000       0.00000         229767.8996    0.000000    -0.00005     0.00000    0.000000000   -0.000000240   -0.000000403  255.569727  75031.5575
2154.00   15.0000    0.0000   15.0000  277.5010  277.5010  0.000000       0.00000       0.00000         229703.3164    0.000000    -0.00005     0.00000    0.000000000   -0.000000240   -0.000000402  255.524472  74911.2849
2166.00   15.0000    0.0000   15.0000  277.5790  277.5790  0.000000       0.00000       0.00000         229638.7695    0.000000    -0.00005     0.00000    0.000000000   -0.000000240   -0.000000402  255.479185  74791.1837
2178.00   15.0000    0.0000   15.0000  277.6570  277.6570  0.000000       0.00000       0.00000         229574.2589    0.000000    -0.00005     0.00000    0.000000000   -0.000000240   -0.000000401  255.433864  74671.2539
2190.00   15.0000    0.0000   15.0000  277.7350  277.7350  0.000000       0.00000       0.00000         229509.7845    0.000000    -0.00005     0.00000    0.000000000   -0.000000240   -0.000000401  255.388511  74551.4952
2202.00   15.0000    0.0000   15.0000  277.8130  277.8130  0.000000       0.00000       0.00000         229445.3463    0.000000    -0.00005     0.00000    0.000000000   -0.000000240   -0.000000401  255.343125  74431.9073
2214.00   15.0000    0.0000   15.0000  277.8910  277.8910  0.000000       0.00000       0.00000         229380.9443    0.000000    -0.00005     0.00000    0.000000000   -0.000000240   -0.000000400  255.297706  74312.4900
2226.00   15.0000    0.0000   15.0000  277.9690  277.9690  0.000000       0.00000       0.00000         229316.5785    0.000000    -0.00005     0.00000    0.000000000   -0.000000240   -0.000000400  255.252255  74193.2432
2238.00   15.0000    0.0000   15.0000  278.0470  278.0470  0.000000       0.00000       0.00000         229252.2487    0.000000    -0.00005     0.00000    0.000000000   -0.000000239   -0.000000399  255.206770  74074.1664
2250.00   15.0000    0.0000   15.0000  278.1250  278.1250  0.000000       0.00000       0.00000         229187.9551    0.000000    -0.00005     0.00000    0.000000000   -0.000000239   -0.000000399  255.161252  73955.2596
2262.00   15.0000    0.0000   15.0000  278.2030  278.2030  0.000000       0.00000       0.00000         229123.6974    0.000000    -0.00006     0.00000    0.000000000   -0.000000239   -0.000000398  255.115702  73836.5225
2274.00   15.0000    0.0000   15.0000  278.2810  278.2810  0.000000       0.00000       0.00000         229059.4759    0.000000    -0.00006     0.00000    0.000000000   -0.000000239   -0.000000398  255.070119  73717.9549
2286.00   15.0000    0.0000   15.0000  278.3590  278.3590  0.000000       0.00000       0.00000         228995.2903    0.000000    -0.00006     0.00000    0.000000000   -0.000000239   -0.000000397  255.024503  73599.5566
2298.00   15.0000    0.0000   15.0000  278.4370  278.4370  0.000000       0.00000       0.00000         228931.1406    0.000000    -0.00006     0.00000    0.000000000   -0.000000239   -0.000000397  254.978854  73481.3272
2310.00   15.0000    0.0000   15.0000  278.5150  278.5150  0.000000       0.00000       0.00000         228867.0269    0.000000    -0.00006     0.00000    0.000000000   -0.000000239   -0.000000396  254.933173  73363.2667
2322.00   15.0000    0.0000   15.0000  278.5930  278.5930  0.000000       0.00000       0.00000         228802.9491    0.000000    -0.00006     0.00000    0.000000000   -0.000000239   -0.000000396  254.887458  73245.3747
2334.00   15.0000    0.0000   15.0000  278.6710  278.6710  0.000000       0.00000       0.00000         228738.9072    0.000000    -0.00006     0.00000    0.000000000   -0.000000238   -0.000000395  254.841711  73127.6511
2346.00   15.0000    0.0000   15.0000  278.7490  278.7490  0.000000       0.00000       0.00000         228674.9011    0.000000    -0.00006     0.00000    0.000000000   -0.000000238   -0.000000395  254.795931  73010.0956
2358.00   15.0000    0.0000   15.0000  278.8270  278.8270  0.000000       0.00000       0.00000         228610.9308    0.000000    -0.00006     0.00000    0.000000000   -0.000000238   -0.000000394  254.750118  72892.7080
2370.00   15.0000    0.0000   15.0000  278.9050  278.9050  0.000000       0.00000       0.00000         228546.9963    0.000000    -0.00006     0.00000    0.000000000   -0.000000238   -0.000000394  254.704273  72775.4880
2382.00   15.0000    0.0000   15.0000  278.9830  278.9830  0.000000       0.00000       0.00000              0.0000    0.000000    -0.00006     0.00000    0.000000000    0.000000000    0.000000000  254.658395  72658.4355
2394.00   15.0000    0.0000   15.0000  279.0610  279.0610  0.000000       0.00000       0.00000              0.0000    0.000000     0.00000     0.00000    0.000000000    0.000000000    0.000000000  254.612484  72541.5503
