   0.00    0.0000    0.0000    0.0000  238.7071  238.7071  0.000000       0.00000       0.00000              0.0000    0.000000     0.00000     0.00000    0.000000000    0.000000000    0.000000000    0.000000      0.0000
   6.00    8.0406    3.4631    8.7547  240.0360  240.0360  0.000000       0.76904       0.76904              0.0000    0.000000     0.00000     0.00000   -0.000004189    0.000000000    0.000000000  239.948190  99872.0237
  18.00    9.0386    3.8240    9.8142  240.1150  240.1150  0.000000       2.51835       2.51835              0.0436    0.000000    -0.00000     0.00000   -0.000013952    0.000000000    0.000000000  239.880754  99658.8879
  30.00    9.6589    4.0107   10.4585  240.1658  240.1658  0.000000       2.51382       2.51382              0.0645    0.000000    -0.00000     0.00000   -0.000017628   -0.000000096   -0.000000123  239.814410  99488.6910
  42.00   10.2154    4.1462   11.0247  240.2130  240.2130  0.000000       2.79513       2.79513              0.0768    0.000000    -0.00000     0.00000   -0.000019478   -0.000000102   -0.000000129  239.744439  99318.7365
  54.00   10.7111    4.2391   11.5195  240.2567  240.2567  0.000000       2.81472       2.81472              0.0894    0.000000    -0.00000     0.00000   -0.000020853   -0.000000106   -0.000000132  239.670921  99149.0215
  66.00   11.1750    4.3005   11.9739  240.2992  240.2992  0.000000       2.79684       2.79684              0.1006    0.000000    -0.00000     0.00000   -0.000022005   -0.000000107   -0.000000133  239.596300  98979.5443
  78.00   11.6149    4.3344   12.3973  240.3415  240.3415  0.000000       2.71041       2.71041              0.1115    0.000000    -0.00000     0.00000   -0.000023018   -0.000000106   -0.000000132  239.521314  98810.3039
  90.00   12.0375    4.3433   12.7971  240.3841  240.3841  0.000000       2.58972       2.58972              0.1221    0.000000    -0.00000     0.00000   -0.000023975   -0.000000105   -0.000000131  239.446707  98641.3002
 102.00   12.4463    4.3285   13.1775  240.4277  240.4277  0.000000       2.44103       2.44103              0.1327    0.000000    -0.00000     0.00000   -0.000024886   -0.000000102   -0.000000128  239.372986  98472.5334
 114.00   12.8437    4.2906   13.5414  240.4726  240.4726  0.000000       2.27441       2.27441              0.1436    0.000000    -0.00000     0.00000   -0.000025777   -0.000000099   -0.000000125  239.300629  98304.0039
 126.00   13.2308    4.2296   13.8904  240.5194  240.5194  0.000000       2.09550       2.09550              0.1550    0.000000    -0.00000     0.00000   -0.000026686   -0.000000095   -0.000000120  239.230096  98135.7127
 138.00   13.6084    4.1452   14.2257  240.5686  240.5686  0.000000       1.90918       1.90918              0.1669    0.000000    -0.00000     0.00000   -0.000027616   -0.000000090   -0.000000115  239.161876  97967.6608
 150.00   13.9765    4.0369   14.5478  240.6206  240.6206  0.000000       1.71904       1.71904              0.1797    0.000000    -0.00000     0.00000   -0.000028587   -0.000000083   -0.000000109  239.096521  97799.8500
 162.00   14.3348    3.9036   14.8568  240.6763  240.6763  0.000000       1.52798       1.52798              0.1937    0.000000    -0.00000     0.00000   -0.000029599   -0.000000076   -0.000000102  239.034693  97632.2820
 174.00   14.6824    3.7442   15.1523  240.7363  240.7363  0.000000       1.33838       1.33838              0.2092    0.000000    -0.00000     0.00000   -0.000030678   -0.000000067   -0.000000093  238.977221  97464.9595
 186.00   15.0181    3.5571   15.4336  240.8019  240.8019  0.000000       1.15218       1.15218              0.2267    0.000000    -0.00000     0.00000   -0.000031815   -0.000000056   -0.000000083  238.925191  97297.8855
 198.00   15.3399    3.3400   15.6993  240.8744  240.8744  0.000000       0.97123       0.97123              0.2468    0.000000    -0.00000     0.00000   -0.000033087   -0.000000041   -0.000000069  238.880093  97131.0640
 210.00   15.6451    3.0903   15.9474  240.9562  240.9562  0.000000       0.79709       0.79709              0.2708    0.000000    -0.00001     0.00000   -0.000034495   -0.000000022   -0.000000051  238.844066  96964.5002
 222.00   15.9295    2.8041   16.1745  241.0504  241.0504  0.000000       0.63178       0.63178              0.3001    0.000000    -0.00001     0.00000   -0.000036079    0.000000004   -0.000000025  238.820359  96798.2013
 234.00   16.1871    2.4759   16.3754  241.1626  241.1626  0.000000       0.47639       0.47639              0.3378    0.000000    -0.00001     0.00000   -0.000038089    0.000000044    0.000000013  238.814330  96632.1773
 246.00   16.4070    2.0977   16.5405  241.3021  241.3021  0.000000       0.33565       0.33565              0.3889    0.000000    -0.00001     0.00000   -0.000040299    0.000000111    0.000000076  238.835356  96466.4432
 258.00   16.5695    1.6552   16.6520  241.4894  241.4894  0.000000       0.20711       0.20711              0.4672    0.000000    -0.00002     0.00000   -0.000043595    0.000000238    0.000000197  238.903645  96301.0243
 270.00   16.6265    1.1335   16.6651  241.7709  241.7709  0.000000       0.10959       0.10959              0.5962    0.000000    -0.00002     0.00000   -0.000049541    0.000000588    0.000000524  239.064889  96135.9682
 282.00   16.4343    0.4888   16.4415  242.3338  242.3338  0.000000       0.02338       0.02338              1.0209    0.000000     0.00000     0.00000   -0.000049284    0.000002984    0.000002579  239.504305  95971.4015
 294.00   15.4466   -0.1163   15.4471  244.8761  244.8761  0.000000       0.00048       0.00048              2.7302    0.000000    -0.00036     0.00000   -0.000203953    0.000007887    0.000007002  241.899402  95808.0785
 306.00   15.0020   -0.0042   15.0020  248.8511  248.8511  0.000000       0.00000       0.00000             24.0918    0.000000    -0.00014     0.00000   -0.000006679    0.000007627    0.000008054  245.707878  95647.0998
 318.00   15.0000   -0.0000   15.0000  250.3016  250.3016  0.000000       0.00000       0.00000         102095.9181    0.000000    -0.00010     0.00000   -0.000000000    0.000003947    0.000003818  247.022575  95488.0704
 330.00   15.0000   -0.0000   15.0000  251.2868  251.2868  0.000000       0.00000       0.00000        2962574.4903    0.000000    -0.00009     0.00000    0.000000000    0.000003113    0.000002959  247.877570  95330.0017
 342.00   15.0000   -0.0000   15.0000  252.1235  252.1235  0.000000       0.00000       0.00000        2488452.4668    0.000000    -0.00007     0.00000    0.000000000    0.000002720    0.000002573  248.585634  95172.6913
 354.00   15.0000   -0.0000   15.0000  252.8222  252.8222  0.000000       0.00000       0.00000        2117226.0798    0.000000    -0.00007     0.00000    0.000000000    0.000002375    0.000002231  249.157317  95016.0440
 366.00   15.0000   -0.0000   15.0000  253.4335  253.4335  0.000000       0.00000       0.00000        1872896.2811    0.000000    -0.00006     0.00000    0.000000000    0.000002144    0.000002002  249.642489  94859.9858
 378.00   15.0000    0.0000   15.0000  253.9839  253.9839  0.000000       0.00000       0.00000        1684499.6016    0.000000    -0.00006     0.00000    0.000000000    0.000001956    0.000001818  250.067405  94704.4674
 390.00   15.0000    0.0000   15.0000  254.4806  254.4806  0.000000       0.00000       0.00000        1540200.9331    0.000000    -0.00006     0.00000    0.000000000    0.000001810    0.000001672  250.439224  94549.4510
 402.00   15.0000    0.0000   15.0000  254.9431  254.9431  0.000000       0.00000       0.00000        1419725.0198    0.000000    -0.00005     0.00000    0.000000000    0.000001681    0.000001545  250.777226  94394.9074
 414.00   15.0000    0.0000   15.0000  255.3664  255.3664  0.000000       0.00000       0.00000        1317104.0420    0.000000    -0.00005     0.00000    0.000000000    0.000001566    0.000001431  251.076380  94240.8121
 426.00   15.0000    0.0000   15.0000  255.7663  255.7663  0.000000       0.00000       0.00000        1232631.1921    0.000000    -0.00005     0.00000    0.000000000    0.000001470    0.000001335  251.352361  94087.1443
 438.00   15.0000    0.0000   15.0000  256.1379  256.1379  0.000000       0.00000       0.00000        1159700.9593    0.000000    -0.00005     0.00000    0.000000000    0.000001384    0.000001249  251.600443  93933.8869
 450.00   15.0000    0.0000   15.0000  256.4932  256.4932  0.000000       0.00000       0.00000        1099640.3880    0.000000    -0.00005     0.00000    0.000000000    0.000001312    0.000001178  251.832263  93781.0248
 462.00   15.0000    0.0000   15.0000  256.8282  256.8282  0.000000       0.00000       0.00000        1046332.7572    0.000000    -0.00005     0.00000    0.000000000    0.000001247    0.000001113  252.043987  93628.5458
 474.00   15.0000    0.0000   15.0000  257.1509  257.1509  0.000000       0.00000       0.00000        1000705.4101    0.000000    -0.00005     0.00000    0.000000000    0.000001190    0.000001056  252.243493  93476.4387
 486.00   15.0000    0.0000   15.0000  257.4580  257.4580  0.000000       0.00000       0.00000         956114.8503    0.000000    -0.00004     0.00000    0.000000000    0.000001132    0.000000998  252.427562  93324.6940
 498.00   15.0000    0.0000   15.0000  257.7533  257.7533  0.000000       0.00000       0.00000         917066.8987    0.000000    -0.00004     0.00000    0.000000000    0.000001080    0.000000946  252.599971  93173.3026
 510.00   15.0000    0.0000   15.0000  258.0365  258.0365  0.000000       0.00000       0.00000         881926.6224    0.000000    -0.00004     0.00000    0.000000000    0.000001032    0.000000898  252.760304  93022.2561
 522.00   15.0000    0.0000   15.0000  258.3103  258.3103  0.000000       0.00000       0.00000         850626.0101    0.000000    -0.00004     0.00000    0.000000000    0.000000989    0.000000854  252.911335  92871.5473
 534.00   15.0000    0.0000   15.0000  258.5742  258.5742  0.000000       0.00000       0.00000         822032.2277    0.000000    -0.00004     0.00000    0.000000000    0.000000949    0.000000814  253.052620  92721.1696
 546.00   15.0000    0.0000   15.0000  258.8305  258.8305  0.000000       0.00000       0.00000         795420.9258    0.000000    -0.00004     0.00000    0.000000000    0.000000911    0.000000775  253.186236  92571.1168
 558.00   15.0000    0.0000   15.0000  259.0781  259.0781  0.000000       0.00000       0.00000         771914.7015    0.000000    -0.00004     0.00000    0.000000000    0.000000876    0.000000741  253.311302  92421.3833
 570.00   15.0000    0.0000   15.0000  259.3199  259.3199  0.000000       0.00000       0.00000         750666.6368    0.000000    -0.00004     0.00000    0.000000000    0.000000845    0.000000709  253.430589  92271.9640
 582.00   15.0000    0.0000   15.0000  259.5545  259.5545  0.000000       0.00000       0.00000         731562.1953    0.000000    -0.00004     0.00000    0.000000000    0.000000817    0.000000681  253.542701  92122.8543
 594.00   15.0000    0.0000   15.0000  259.7846  259.7846  0.000000       0.00000       0.00000         714609.8520    0.000000    -0.00004     0.00000    0.000000000    0.000000792    0.000000655  253.650339  91974.0501
 606.00   15.0000    0.0000   15.0000  260.0088  260.0088  0.000000       0.00000       0.00000         698823.5660    0.000000    -0.00004     0.00000    0.000000000    0.000000769    0.000000631  253.752121  91825.5474
 618.00   15.0000    0.0000   15.0000  260.2293  260.2293  0.000000       0.00000       0.00000         683622.6317    0.000000    -0.00004     0.00000    0.000000000    0.000000746    0.000000607  253.850132  91677.3429
 630.00   15.0000    0.0000   15.0000  260.4442  260.4442  0.000000       0.00000       0.00000         668245.1990    0.000000    -0.00004     0.00000    0.000000000    0.000000721    0.000000583  253.942639  91529.4330
 642.00   15.0000    0.0000   15.0000  260.6552  260.6552  0.000000       0.00000       0.00000         655100.7618    0.000000    -0.00004     0.00000    0.000000000    0.000000701    0.000000561  254.031248  91381.8144
 654.00   15.0000    0.0000   15.0000  260.8621  260.8621  0.000000       0.00000       0.00000         642994.4859    0.000000    -0.00004     0.00000    0.000000000    0.000000682    0.000000542  254.115727  91234.4840
 666.00   15.0000    0.0000   15.0000  261.0657  261.0657  0.000000       0.00000       0.00000         632532.0225    0.000000    -0.00004     0.00000    0.000000000    0.000000665    0.000000525  254.196943  91087.4390
 678.00   15.0000    0.0000   15.0000  261.2662  261.2662  0.000000       0.00000       0.00000         623023.0922    0.000000    -0.00004     0.00000    0.000000000    0.000000651    0.000000510  254.275041  90940.6770
 690.00   15.0000    0.0000   15.0000  261.4641  261.4641  0.000000       0.00000       0.00000         614885.8788    0.000000    -0.00004     0.00000    0.000000000    0.000000639    0.000000497  254.350460  90794.1957
 702.00   15.0000    0.0000   15.0000  261.6597  261.6597  0.000000       0.00000       0.00000         607751.2375    0.000000    -0.00004     0.00000    0.000000000    0.000000628    0.000000486  254.423608  90647.9929
 714.00   15.0000    0.0000   15.0000  261.8533  261.8533  0.000000       0.00000       0.00000         601933.5843    0.000000    -0.00004     0.00000    0.000000000    0.000000621    0.000000478  254.494695  90502.0670
 726.00   15.0000    0.0000   15.0000  262.0454  262.0454  0.000000       0.00000       0.00000         597669.5691    0.000000    -0.00004     0.00000    0.000000000    0.000000616    0.000000473  254.564325  90356.4162
 738.00   15.0000    0.0000   15.0000  262.2366  262.2366  0.000000       0.00000       0.00000         594652.8297    0.000000    -0.00004     0.00000    0.000000000    0.000000614    0.000000470  254.632858  90211.0392
 750.00   15.0000    0.0000   15.0000  262.4271  262.4271  0.000000       0.00000       0.00000         592676.2561    0.000000    -0.00004     0.00000    0.000000000    0.000000614    0.000000469  254.700708  90065.9349
 762.00   15.0000    0.0000   15.0000  262.6172  262.6172  0.000000       0.00000       0.00000         592179.2690    0.000000    -0.00005     0.00000    0.000000000    0.000000618    0.000000472  254.768107  89921.1025
 774.00   15.0000    0.0000   15.0000  262.8077  262.8077  0.000000       0.00000       0.00000         593273.6813    0.000000    -0.00005     0.00000    0.000000000    0.000000625    0.000000478  254.835746  89776.5413
 786.00   15.0000    0.0000   15.0000  262.9988  262.9988  0.000000       0.00000       0.00000         595442.8138    0.000000    -0.00005     0.00000    0.000000000    0.000000635    0.000000486  254.903925  89632.2509
 798.00   15.0000    0.0000   15.0000  263.1909  263.1909  0.000000       0.00000       0.00000         598540.1794    0.000000    -0.00005     0.00000    0.000000000    0.000000646    0.000000497  254.973016  89488.2312
 810.00   15.0000    0.0000   15.0000  263.3843  263.3843  0.000000       0.00000       0.00000         603769.2923    0.000000    -0.00005     0.00000    0.000000000    0.000000663    0.000000512  255.043229  89344.4821
 822.00   15.0000    0.0000   15.0000  263.5801  263.5801  0.000000       0.00000       0.00000         612031.8709    0.000000    -0.00005     0.00000    0.000000000    0.000000688    0.000000535  255.115685  89201.0040
 834.00   15.0000    0.0000   15.0000  263.7791  263.7791  0.000000       0.00000       0.00000         622762.1996    0.000000    -0.00005     0.00000    0.000000000    0.000000718    0.000000564  255.191164  89057.7978
 846.00   15.0000    0.0000   15.0000  263.9821  263.9821  0.000000       0.00000       0.00000         638310.8428    0.000000    -0.00006     0.00000    0.000000000    0.000000761    0.000000604  255.270435  88914.8649
 858.00   15.0000    0.0000   15.0000  264.1915  264.1915  0.000000       0.00000       0.00000         654544.0927    0.000000    -0.00006     0.00000    0.000000000    0.000000806    0.000000647  255.355748  88772.2073
 870.00   15.0000    0.0000   15.0000  264.4053  264.4053  0.000000       0.00000       0.00000         682733.2201    0.000000    -0.00006     0.00000    0.000000000    0.000000881    0.000000719  255.445298  88629.8272
 882.00   15.0000    0.0000   15.0000  264.6333  264.6333  0.000000       0.00000       0.00000         702626.5022    0.000000    -0.00006     0.00000    0.000000000    0.000000938    0.000000774  255.548374  88487.7291
 894.00   15.0000    0.0000   15.0000  264.8604  264.8604  0.000000       0.00000       0.00000         754509.8189    0.000000    -0.00007     0.00000    0.000000000    0.000001075    0.000000905  255.650541  88345.9158
 906.00   15.0000    0.0000   15.0000  265.1224  265.1224  0.000000       0.00000       0.00000         769224.6370    0.000000    -0.00007     0.00000    0.000000000    0.000001123    0.000000953  255.786247  88204.3955
 918.00   15.0000    0.0000   15.0000  265.3595  265.3595  0.000000       0.00000       0.00000         879154.2738    0.000000    -0.00010     0.00000    0.000000000    0.000001416    0.000001231  255.897889  88063.1701
 930.00   15.0000    0.0000   15.0000  265.6933  265.6933  0.000000       0.00000       0.00000         872408.2352    0.000000    -0.00007     0.00000    0.000000000    0.000001415    0.000001238  256.102623  87922.2579
 942.00   15.0000    0.0000   15.0000  265.9268  265.9268  0.000000       0.00000       0.00000        1121529.2672    0.000000    -0.00015     0.00000    0.000000000    0.000002094    0.000001875  256.210521  87781.6570
 954.00   15.0000    0.0000   15.0000  266.4232  266.4232  0.000000       0.00000       0.00000        1061315.2358    0.000000    -0.00006     0.00000    0.000000000    0.000001958    0.000001779  256.571613  87641.4091
 966.00   15.0000    0.0000   15.0000  266.6188  266.6188  0.000000       0.00000       0.00000        1629997.4166    0.000000    -0.00026     0.00000    0.000000000    0.000003595    0.000003273  256.642816  87501.5033
 978.00   15.0000    0.0000   15.0000  267.4868  267.4868  0.000000       0.00000       0.00000        1511198.5906    0.000000    -0.00004     0.00000    0.000000000    0.000003297    0.000003147  257.361063  87362.0347
 990.00   15.0000    0.0000   15.0000  267.6081  267.6081  0.000000       0.00000       0.00000        3857236.0838    0.000000    -0.00074     0.00000    0.000000000    0.000010884    0.000009643  257.360617  87222.9829
1002.00   15.0000    0.0000   15.0000  270.0130  270.0130  0.000000       0.00000       0.00000        3757407.5980    0.000000    -0.00002     0.00000    0.000000000    0.000010679    0.000011166  259.555843  87084.7385
1014.00   15.0000    0.0000   15.0000  270.0910  270.0910  0.000000       0.00000       0.00000         236005.2723    0.000000    -0.00002     0.00000    0.000000000   -0.000000241   -0.000000437  259.513711  86947.2882
1026.00   15.0000    0.0000   15.0000  270.1690  270.1690  0.000000       0.00000       0.00000         235937.1356    0.000000    -0.00002     0.00000    0.000000000   -0.000000241   -0.000000436  259.471546  86810.0325
1038.00   15.0000    0.0000   15.0000  270.2470  270.2470  0.000000       0.00000       0.00000         235869.0383    0.000000    -0.00003     0.00000    0.000000000   -0.000000241   -0.000000436  259.429347  86672.9713
1050.00   15.0000    0.0000   15.0000  270.3250  270.3250  0.000000       0.00000       0.00000         235800.9803    0.000000    -0.00003     0.00000    0.000000000   -0.000000241   -0.000000436  259.387114  86536.1043
1062.00   15.0000    0.0000   15.0000  270.4030  270.4030  0.000000       0.00000       0.00000         235732.9615    0.000000    -0.00003     0.00000    0.000000000   -0.000000242   -0.000000435  259.344847  86399.4311
1074.00   15.0000    0.0000   15.0000  270.4810  270.4810  0.000000       0.00000       0.00000         235664.9820    0.000000    -0.00003     0.00000    0.000000000   -0.000000242   -0.000000435  259.302547  86262.9515
1086.00   15.0000    0.0000   15.0000  270.5590  270.5590  0.000000       0.00000       0.00000         235597.0417    0.000000    -0.00003     0.00000    0.000000000   -0.000000242   -0.000000435  259.260213  86126.6653
1098.00   15.0000    0.0000   15.0000  270.6370  270.6370  0.000000       0.00000       0.00000         235529.1405    0.000000    -0.00003     0.00000    0.000000000   -0.000000242   -0.000000434  259.217845  85990.5722
1110.00   15.0000    0.0000   15.0000  270.7150  270.7150  0.000000       0.00000       0.00000         235461.2785    0.000000    -0.00003     0.00000    0.000000000   -0.000000242   -0.000000434  259.175443  85854.6720
1122.00   15.0000    0.0000   15.0000  270.7930  270.7930  0.000000       0.00000       0.00000         235393.4555    0.000000    -0.00003     0.00000    0.000000000   -0.000000242   -0.000000434  259.133008  85718.9643
1134.00   15.0000    0.0000   15.0000  270.8710  270.8710  0.000000       0.00000       0.00000         235325.6716    0.000000    -0.00003     0.00000    0.000000000   -0.000000242   -0.000000433  259.090538  85583.4490
1146.00   15.0000    0.0000   15.0000  270.9490  270.9490  0.000000       0.00000       0.00000         235257.9268    0.000000    -0.00003     0.00000    0.000000000   -0.000000242   -0.000000433  259.048036  85448.1258
1158.00   15.0000    0.0000   15.0000  271.0270  271.0270  0.000000       0.00000       0.00000         235190.2209    0.000000    -0.00003     0.00000    0.000000000   -0.000000242   -0.000000433  259.005499  85312.9943
1170.00   15.0000    0.0000   15.0000  271.1050  271.1050  0.000000       0.00000       0.00000         235122.5540    0.000000    -0.00003     0.00000    0.000000000   -0.000000242   -0.000000432  258.962929  85178.0544
1182.00   15.0000    0.0000   15.0000  271.1830  271.1830  0.000000       0.00000       0.00000         235054.9260    0.000000    -0.00003     0.00000    0.000000000   -0.000000242   -0.000000432  258.920325  85043.3058
1194.00   15.0000    0.0000   15.0000  271.2610  271.2610  0.000000       0.00000       0.00000         234987.3369    0.000000    -0.00003     0.00000    0.000000000   -0.000000242   -0.000000432  258.877687  84908.7483
1206.00   15.0000    0.0000   15.0000  271.3390  271.3390  0.000000       0.00000       0.00000         234919.7867    0.000000    -0.00003     0.00000    0.000000000   -0.000000242   -0.000000431  258.835016  84774.3815
1218.00   15.0000    0.0000   15.0000  271.4170  271.4170  0.000000       0.00000       0.00000         234852.2753    0.000000    -0.00003     0.00000    0.000000000   -0.000000242   -0.000000431  258.792311  84640.2052
1230.00   15.0000    0.0000   15.0000  271.4950  271.4950  0.000000       0.00000       0.00000         234784.8027    0.000000    -0.00003     0.00000    0.000000000   -0.000000242   -0.000000430  258.749572  84506.2192
1242.00   15.0000    0.0000   15.0000  271.5730  271.5730  0.000000       0.00000       0.00000         234717.3688    0.000000    -0.00003     0.00000    0.000000000   -0.000000242   -0.000000430  258.706800  84372.4232
1254.00   15.0000    0.0000   15.0000  271.6510  271.6510  0.000000       0.00000       0.00000         234649.9737    0.000000    -0.00003     0.00000    0.000000000   -0.000000242   -0.000000430  258.663994  84238.8170
1266.00   15.0000    0.0000   15.0000  271.7290  271.7290  0.000000       0.00000       0.00000         234582.6172    0.000000    -0.00003     0.00000    0.000000000   -0.000000242   -0.000000429  258.621154  84105.4003
1278.00   15.0000    0.0000   15.0000  271.8070  271.8070  0.000000       0.00000       0.00000         234515.2995    0.000000    -0.00003     0.00000    0.000000000   -0.000000242   -0.000000429  258.578281  83972.1728
1290.00   15.0000    0.0000   15.0000  271.8850  271.8850  0.000000       0.00000       0.00000         234448.0203    0.000000    -0.00003     0.00000    0.000000000   -0.000000242   -0.000000429  258.535374  83839.1343
1302.00   15.0000    0.0000   15.0000  271.9630  271.9630  0.000000       0.00000       0.00000         234380.7797    0.000000    -0.00003     0.00000    0.000000000   -0.000000242   -0.000000428  258.492434  83706.2846
1314.00   15.0000    0.0000   15.0000  272.0410  272.0410  0.000000       0.00000       0.00000         234313.5777    0.000000    -0.00003     0.00000    0.000000000   -0.000000242   -0.000000428  258.449460  83573.6233
1326.00   15.0000    0.0000   15.0000  272.1190  272.1190  0.000000       0.00000       0.00000         234246.4143    0.000000    -0.00003     0.00000    0.000000000   -0.000000242   -0.000000428  258.406453  83441.1503
1338.00   15.0000    0.0000   15.0000  272.1970  272.1970  0.000000       0.00000       0.00000         234179.2893    0.000000    -0.00003     0.00000    0.000000000   -0.000000242   -0.000000427  258.363411  83308.8652
1350.00   15.0000    0.0000   15.0000  272.2750  272.2750  0.000000       0.00000       0.00000         234112.2027    0.000000    -0.00003     0.00000    0.000000000   -0.000000242   -0.000000427  258.320337  83176.7679
1362.00   15.0000    0.0000   15.0000  272.3530  272.3530  0.000000       0.00000       0.00000         234045.1546    0.000000    -0.00003     0.00000    0.000000000   -0.000000242   -0.000000426  258.277229  83044.8581
1374.00   15.0000    0.0000   15.0000  272.4310  272.4310  0.000000       0.00000       0.00000         233978.1449    0.000000    -0.00003     0.00000    0.000000000   -0.000000242   -0.000000426  258.234087  82913.1354
1386.00   15.0000    0.0000   15.0000  272.5090  272.5090  0.000000       0.00000       0.00000         233911.1736    0.000000    -0.00003     0.00000    0.000000000   -0.000000242   -0.000000426  258.190912  82781.5998
1398.00   15.0000    0.0000   15.0000  272.5870  272.5870  0.000000       0.00000       0.00000         233844.2406    0.000000    -0.00003     0.00000    0.000000000   -0.000000242   -0.000000425  258.147703  82650.2508
1410.00   15.0000    0.0000   15.0000  272.6650  272.6650  0.000000       0.00000       0.00000         233777.3458    0.000000    -0.00003     0.00000    0.000000000   -0.000000242   -0.000000425  258.104461  82519.0883
1422.00   15.0000    0.0000   15.0000  272.7430  272.7430  0.000000       0.00000       0.00000         233710.4894    0.000000    -0.00003     0.00000    0.000000000   -0.000000242   -0.000000425  258.061185  82388.1121
1434.00   15.0000    0.0000   15.0000  272.8210  272.8210  0.000000       0.00000       0.00000         233643.6711    0.000000    -0.00003     0.00000    0.000000000   -0.000000242   -0.000000424  258.017876  82257.3218
1446.00   15.0000    0.0000   15.0000  272.8990  272.8990  0.000000       0.00000       0.00000         233576.8911    0.000000    -0.00004     0.00000    0.000000000   -0.000000242   -0.000000424  257.974533  82126.7172
1458.00   15.0000    0.0000   15.0000  272.9770  272.9770  0.000000       0.00000       0.00000         233510.1492    0.000000    -0.00004     0.00000    0.000000000   -0.000000242   -0.000000423  257.931157  81996.2981
1470.00   15.0000    0.0000   15.0000  273.0550  273.0550  0.000000       0.00000       0.00000         233443.4455    0.000000    -0.00004     0.00000    0.000000000   -0.000000242   -0.000000423  257.887747  81866.0642
1482.00   15.0000    0.0000   15.0000  273.1330  273.1330  0.000000       0.00000       0.00000         233376.7798    0.000000    -0.00004     0.00000    0.000000000   -0.000000242   -0.000000423  257.844304  81736.0152
1494.00   15.0000    0.0000   15.0000  273.2110  273.2110  0.000000       0.00000       0.00000         233310.1522    0.000000    -0.00004     0.00000    0.000000000   -0.000000242   -0.000000422  257.800828  81606.1510
1506.00   15.0000    0.0000   15.0000  273.2890  273.2890  0.000000       0.00000       0.00000         233243.5627    0.000000    -0.00004     0.00000    0.000000000   -0.000000242   -0.000000422  257.757318  81476.4713
1518.00   15.0000    0.0000   15.0000  273.3670  273.3670  0.000000       0.00000       0.00000         233177.0111    0.000000    -0.00004     0.00000    0.000000000   -0.000000242   -0.000000421  257.713774  81346.9758
1530.00   15.0000    0.0000   15.0000  273.4450  273.4450  0.000000       0.00000       0.00000         233110.4975    0.000000    -0.00004     0.00000    0.000000000   -0.000000242   -0.000000421  257.670197  81217.6643
1542.00   15.0000    0.0000   15.0000  273.5230  273.5230  0.000000       0.00000       0.00000         233044.0219    0.000000    -0.00004     0.00000    0.000000000   -0.000000242   -0.000000421  257.626587  81088.5365
1554.00   15.0000    0.0000   15.0000  273.6010  273.6010  0.000000       0.00000       0.00000         232977.5841    0.000000    -0.00004     0.00000    0.000000000   -0.000000242   -0.000000420  257.582944  80959.5922
1566.00   15.0000    0.0000   15.0000  273.6790  273.6790  0.000000       0.00000       0.00000         232911.1843    0.000000    -0.00004     0.00000    0.000000000   -0.000000242   -0.000000420  257.539267  80830.8311
1578.00   15.0000    0.0000   15.0000  273.7570  273.7570  0.000000       0.00000       0.00000         232844.8222    0.000000    -0.00004     0.00000    0.000000000   -0.000000241   -0.000000419  257.495556  80702.2530
1590.00   15.0000    0.0000   15.0000  273.8350  273.8350  0.000000       0.00000       0.00000         232778.4980    0.000000    -0.00004     0.00000    0.000000000   -0.000000241   -0.000000419  257.451813  80573.8576
1602.00   15.0000    0.0000   15.0000  273.9130  273.9130  0.000000       0.00000       0.00000         232712.2115    0.000000    -0.00004     0.00000    0.000000000   -0.000000241   -0.000000419  257.408036  80445.6448
1614.00   15.0000    0.0000   15.0000  273.9910  273.9910  0.000000       0.00000       0.00000         232645.9628    0.000000    -0.00004     0.00000    0.000000000   -0.000000241   -0.000000418  257.364225  80317.6142
1626.00   15.0000    0.0000   15.0000  274.0690  274.0690  0.000000       0.00000       0.00000         232579.7518    0.000000    -0.00004     0.00000    0.000000000   -0.000000241   -0.000000418  257.320382  80189.7656
1638.00   15.0000    0.0000   15.0000  274.1470  274.1470  0.000000       0.00000       0.00000         232513.5785    0.000000    -0.00004     0.00000    0.000000000   -0.000000241   -0.000000417  257.276505  80062.0988
1650.00   15.0000    0.0000   15.0000  274.2250  274.2250  0.000000       0.00000       0.00000         232447.4428    0.000000    -0.00004     0.00000    0.000000000   -0.000000241   -0.000000417  257.232594  79934.6135
1662.00   15.0000    0.0000   15.0000  274.3030  274.3030  0.000000       0.00000       0.00000         232381.3447    0.000000    -0.00004     0.00000    0.000000000   -0.000000241   -0.000000417  257.188651  79807.3095
1674.00   15.0000    0.0000   15.0000  274.3810  274.3810  0.000000       0.00000       0.00000         232315.2842    0.000000    -0.00004     0.00000    0.000000000   -0.000000241   -0.000000416  257.144674  79680.1866
1686.00   15.0000    0.0000   15.0000  274.4590  274.4590  0.000000       0.00000       0.00000         232249.2613    0.000000    -0.00004     0.00000    0.000000000   -0.000000241   -0.000000416  257.100663  79553.2444
1698.00   15.0000    0.0000   15.0000  274.5370  274.5370  0.000000       0.00000       0.00000         232183.2758    0.000000    -0.00004     0.00000    0.000000000   -0.000000241   -0.000000415  257.056620  79426.4827
1710.00   15.0000    0.0000   15.0000  274.6150  274.6150  0.000000       0.00000       0.00000         232117.3279    0.000000    -0.00004     0.00000    0.000000000   -0.000000241   -0.000000415  257.012543  79299.9014
1722.00   15.0000    0.0000   15.0000  274.6930  274.6930  0.000000       0.00000       0.00000         232051.4174    0.000000    -0.00004     0.00000    0.000000000   -0.000000241   -0.000000415  256.968433  79173.5001
1734.00   15.0000    0.0000   15.0000  274.7710  274.7710  0.000000       0.00000       0.00000         231985.5443    0.000000    -0.00004     0.00000    0.000000000   -0.000000241   -0.000000414  256.924290  79047.2787
1746.00   15.0000    0.0000   15.0000  274.8490  274.8490  0.000000       0.00000       0.00000         231919.7086    0.000000    -0.00004     0.00000    0.000000000   -0.000000241   -0.000000414  256.880113  78921.2369
1758.00   15.0000    0.0000   15.0000  274.9270  274.9270  0.000000       0.00000       0.00000         231853.9103    0.000000    -0.00004     0.00000    0.000000000   -0.000000241   -0.000000413  256.835903  78795.3743
1770.00   15.0000    0.0000   15.0000  275.0050  275.0050  0.000000       0.00000       0.00000         231788.1493    0.000000    -0.00004     0.00000    0.000000000   -0.000000241   -0.000000413  256.791660  78669.6909
1782.00   15.0000    0.0000   15.0000  275.0830  275.0830  0.000000       0.00000       0.00000         231722.4256    0.000000    -0.00004     0.00000    0.000000000   -0.000000241   -0.000000412  256.747384  78544.1864
1794.00   15.0000    0.0000   15.0000  275.1610  275.1610  0.000000       0.00000       0.00000         231656.7391    0.000000    -0.00004     0.00000    0.000000000   -0.000000241   -0.000000412  256.703075  78418.8604
1806.00   15.0000    0.0000   15.0000  275.2390  275.2390  0.000000       0.00000       0.00000         231591.0899    0.000000    -0.00004     0.00000    0.000000000   -0.000000241   -0.000000412  256.658732  78293.7129
1818.00   15.0000    0.0000   15.0000  275.3170  275.3170  0.000000       0.00000       0.00000         231525.4779    0.000000    -0.00004     0.00000    0.000000000   -0.000000241   -0.000000411  256.614356  78168.7435
1830.00   15.0000    0.0000   15.0000  275.3950  275.3950  0.000000       0.00000       0.00000         231459.9030    0.000000    -0.00004     0.00000    0.000000000   -0.000000240   -0.000000411  256.569947  78043.9520
1842.00   15.0000    0.0000   15.0000  275.4730  275.4730  0.000000       0.00000       0.00000         231394.3653    0.000000    -0.00004     0.00000    0.000000000   -0.000000240   -0.000000410  256.525505  77919.3381
1854.00   15.0000    0.0000   15.0000  275.5510  275.5510  0.000000       0.00000       0.00000         231328.8647    0.000000    -0.00005     0.00000    0.000000000   -0.000000240   -0.000000410  256.481030  77794.9017
1866.00   15.0000    0.0000   15.0000  275.6290  275.6290  0.000000       0.00000       0.00000         231263.4012    0.000000    -0.00005     0.00000    0.000000000   -0.000000240   -0.000000409  256.436521  77670.6425
1878.00   15.0000    0.0000   15.0000  275.7070  275.7070  0.000000       0.00000       0.00000         231197.9747    0.000000    -0.00005     0.00000    0.000000000   -0.000000240   -0.000000409  256.391980  77546.5602
1890.00   15.0000    0.0000   15.0000  275.7850  275.7850  0.000000       0.00000       0.00000         231132.5852    0.000000    -0.00005     0.00000    0.000000000   -0.000000240   -0.000000409  256.347405  77422.6546
1902.00   15.0000    0.0000   15.0000  275.8630  275.8630  0.000000       0.00000       0.00000         231067.2326    0.000000    -0.00005     0.00000    0.000000000   -0.000000240   -0.000000408  256.302797  77298.9255
1914.00   15.0000    0.0000   15.0000  275.9410  275.9410  0.000000       0.00000       0.00000         231001.9171    0.000000    -0.00005     0.00000    0.000000000   -0.000000240   -0.000000408  256.258156  77175.3727
1926.00   15.0000    0.0000   15.0000  276.0190  276.0190  0.000000       0.00000       0.00000         230936.6384    0.000000    -0.00005     0.00000    0.000000000   -0.000000240   -0.000000407  256.213482  77051.9958
1938.00   15.0000    0.0000   15.0000  276.0970  276.0970  0.000000       0.00000       0.00000         230871.3966    0.000000    -0.00005     0.00000    0.000000000   -0.000000240   -0.000000407  256.168775  76928.7947
1950.00   15.0000    0.0000   15.0000  276.1750  276.1750  0.000000       0.00000       0.00000         230806.1917    0.000000    -0.00005     0.00000    0.000000000   -0.000000240   -0.000000406  256.124035  76805.7692
1962.00   15.0000    0.0000   15.0000  276.2530  276.2530  0.000000       0.00000       0.00000         230741.0236    0.000000    -0.00005     0.00000    0.000000000   -0.000000240   -0.000000406  256.079262  76682.9189
1974.00   15.0000    0.0000   15.0000  276.3310  276.3310  0.000000       0.00000       0.00000         230675.8923    0.000000    -0.00005     0.00000    0.000000000   -0.000000240   -0.000000405  256.034456  76560.2437
1986.00   15.0000    0.0000   15.0000  276.4090  276.4090  0.000000       0.00000       0.00000         230610.7978    0.000000    -0.00005     0.00000    0.000000000   -0.000000240   -0.000000405  255.989616  76437.7433
1998.00   15.0000    0.0000   15.0000  276.4870  276.4870  0.000000       0.00000       0.00000         230545.7399    0.000000    -0.00005     0.00000    0.000000000   -0.000000239   -0.000000405  255.944744  76315.4176
2010.00   15.0000    0.0000   15.0000  276.5650  276.5650  0.000000       0.00000       0.00000         230480.7188    0.000000    -0.00005     0.00000    0.000000000   -0.000000239   -0.000000404  255.899838  76193.2661
2022.00   15.0000    0.0000   15.0000  276.6430  276.6430  0.000000       0.00000       0.00000         230415.7344    0.000000    -0.00005     0.00000    0.000000000   -0.000000239   -0.000000404  255.854900  76071.2888
2034.00   15.0000    0.0000   15.0000  276.7210  276.7210  0.000000       0.00000       0.00000         230350.7865    0.000000    -0.00005     0.00000    0.000000000   -0.000000239   -0.000000403  255.809928  75949.4854
2046.00   15.0000    0.0000   15.0000  276.7990  276.7990  0.000000       0.00000       0.00000         230285.8753    0.000000    -0.00005     0.00000    0.000000000   -0.000000239   -0.000000403  255.764924  75827.8557
2058.00   15.0000    0.0000   15.0000  276.8770  276.8770  0.000000       0.00000       0.00000         230221.0007    0.000000    -0.00005     0.00000    0.000000000   -0.000000239   -0.000000402  255.719886  75706.3993
2070.00   15.0000    0.0000   15.0000  276.9550  276.9550  0.000000       0.00000       0.00000         230156.1626    0.000000    -0.00005     0.00000    0.000000000   -0.000000239   -0.000000402  255.674816  75585.1162
2082.00   15.0000    0.0000   15.0000  277.0330  277.0330  0.000000       0.00000       0.00000         230091.3610    0.000000    -0.00005     0.00000    0.000000000   -0.000000239   -0.000000401  255.629713  75464.0060
2094.00   15.0000    0.0000   15.0000  277.1110  277.1110  0.000000       0.00000       0.00000         230026.5958    0.000000    -0.00005     0.00000    0.000000000   -0.000000239   -0.000000401  255.584576  75343.0686
2106.00   15.0000    0.0000   15.0000  277.1890  277.1890  0.000000       0.00000       0.00000         229961.8672    0.000000    -0.00005     0.00000    0.000000000   -0.000000239   -0.000000400  255.539407  75222.3036
2118.00   15.0000    0.0000   15.0000  277.2670  277.2670  0.000000       0.00000       0.00000         229897.1749    0.000000    -0.00005     0.00000    0.000000000   -0.000000239   -0.000000400  255.494204  75101.7109
2130.00   15.0000    0.0000   15.0000  277.3450  277.3450  0.000000       0.00000       0.00000         229832.5191    0.000000    -0.00005     0.00000    0.000000000   -0.000000238   -0.000000400  255.448969  74981.2903
2142.00   15.0000    0.0000   15.0000  277.4230  277.4230  0.000000       0.00000       0.00000         229767.8996    0.000000    -0.00005     0.00000    0.000000000   -0.000000238   -0.000000399  255.403701  74861.0414
2154.00   15.0000    0.0000   15.0000  277.5010  277.5010  0.000000       0.00000       0.00000         229703.3164    0.000000    -0.00005     0.00000    0.000000000   -0.000000238   -0.000000399  255.358400  74740.9642
2166.00   15.0000    0.0000   15.0000  277.5790  277.5790  0.000000       0.00000       0.00000         229638.7695    0.000000    -0.00005     0.00000    0.000000000   -0.000000238   -0.000000398  255.313066  74621.0582
2178.00   15.0000    0.0000   15.0000  277.6570  277.6570  0.000000       0.00000       0.00000         229574.2589    0.000000    -0.00005     0.00000    0.000000000   -0.000000238   -0.000000398  255.267699  74501.3234
2190.00   15.0000    0.0000   15.0000  277.7350  277.7350  0.000000       0.00000       0.00000         229509.7845    0.000000    -0.00005     0.00000    0.000000000   -0.000000238   -0.000000397  255.222299  74381.7595
2202.00   15.0000    0.0000   15.0000  277.8130  277.8130  0.000000       0.00000       0.00000         229445.3463    0.000000    -0.00005     0.00000    0.000000000   -0.000000238   -0.000000397  255.176866  74262.3662
2214.00   15.0000    0.0000   15.0000  277.8910  277.8910  0.000000       0.00000       0.00000         229380.9443    0.000000    -0.00005     0.00000    0.000000000   -0.000000238   -0.000000396  255.131401  74143.1434
2226.00   15.0000    0.0000   15.0000  277.9690  277.9690  0.000000       0.00000       0.00000         229316.5785    0.000000    -0.00005     0.00000    0.000000000   -0.000000238   -0.000000396  255.085902  74024.0907
2238.00   15.0000    0.0000   15.0000  278.0470  278.0470  0.000000       0.00000       0.00000         229252.2487    0.000000    -0.00005     0.00000    0.000000000   -0.000000237   -0.000000395  255.040371  73905.2080
2250.00   15.0000    0.0000   15.0000  278.1250  278.1250  0.000000       0.00000       0.00000         229187.9551    0.000000    -0.00005     0.00000    0.000000000   -0.000000237   -0.000000395  254.994807  73786.4951
2262.00   15.0000    0.0000   15.0000  278.2030  278.2030  0.000000       0.00000       0.00000         229123.6974    0.000000    -0.00006     0.00000    0.000000000   -0.000000237   -0.000000394  254.949210  73667.9517
2274.00   15.0000    0.0000   15.0000  278.2810  278.2810  0.000000       0.00000       0.00000         229059.4759    0.000000    -0.00006     0.00000    0.000000000   -0.000000237   -0.000000394  254.903580  73549.5776
2286.00   15.0000    0.0000   15.0000  278.3590  278.3590  0.000000       0.00000       0.00000         228995.2903    0.000000    -0.00006     0.00000    0.000000000   -0.000000237   -0.000000393  254.857917  73431.3725
2298.00   15.0000    0.0000   15.0000  278.4370  278.4370  0.000000       0.00000       0.00000         228931.1406    0.000000    -0.00006     0.00000    0.000000000   -0.000000237   -0.000000393  254.812222  73313.3363
2310.00   15.0000    0.0000   15.0000  278.5150  278.5150  0.000000       0.00000       0.00000         228867.0269    0.000000    -0.00006     0.00000    0.000000000   -0.000000237   -0.000000392  254.766494  73195.4686
2322.00   15.0000    0.0000   15.0000  278.5930  278.5930  0.000000       0.00000       0.00000         228802.9491    0.000000    -0.00006     0.00000    0.000000000   -0.000000237   -0.000000392  254.720732  73077.7694
2334.00   15.0000    0.0000   15.0000  278.6710  278.6710  0.000000       0.00000       0.00000         228738.9072    0.000000    -0.00006     0.00000    0.000000000   -0.000000237   -0.000000391  254.674939  72960.2383
2346.00   15.0000    0.0000   15.0000  278.7490  278.7490  0.000000       0.00000       0.00000         228674.9011    0.000000    -0.00006     0.00000    0.000000000   -0.000000236   -0.000000391  254.629112  72842.8752
2358.00   15.0000    0.0000   15.0000  278.8270  278.8270  0.000000       0.00000       0.00000         228610.9308    0.000000    -0.00006     0.00000    0.000000000   -0.000000236   -0.000000391  254.583253  72725.6797
2370.00   15.0000    0.0000   15.0000  278.9050  278.9050  0.000000       0.00000       0.00000         228546.9963    0.000000    -0.00006     0.00000    0.000000000   -0.000000236   -0.000000390  254.537361  72608.6518
2382.00   15.0000    0.0000   15.0000  278.9830  278.9830  0.000000       0.00000       0.00000              0.0000    0.000000    -0.00006     0.00000    0.000000000    0.000000000    0.000000000  254.491436  72491.7911
2394.00   15.0000    0.0000   15.0000  279.0610  279.0610  0.000000       0.00000       0.00000              0.0000    0.000000     0.00000     0.00000    0.000000000    0.000000000    0.000000000  254.445478  72375.0974
