   0.00    0.0000    0.0000    0.0000  244.8302  244.8302  0.000000       0.00000       0.00000              0.0000    0.000000     0.00000     0.00000    0.000000000    0.000000000    0.000000000    0.000000      0.0000
   6.00    7.4287    3.5732    8.2434  246.7737  246.7737  0.000000       0.65475       0.65475              0.0000    0.000000     0.00000     0.00000   -0.000038712    0.000000000    0.000000000  246.685966  99875.5148
  18.00    8.5378    4.0088    9.4321  246.9560  246.9560  0.000000       1.83720       1.83720              0.0760    0.000000    -0.00000     0.00000   -0.000043196    0.000000000    0.000000000  246.721802  99668.2236
  30.00    9.2768    4.2413   10.2004  247.0818  247.0818  0.000000       1.67872       1.67872              0.1067    0.000000    -0.00000     0.00000   -0.000052323    0.000000085    0.000000022  246.730279  99502.7521
  42.00    9.9716    4.4078   10.9024  247.2042  247.2042  0.000000       1.80719       1.80719              0.1238    0.000000    -0.00000     0.00000   -0.000056028    0.000000068    0.000000006  246.735449  99337.5599
  54.00   10.6041    4.5127   11.5244  247.3203  247.3203  0.000000       1.73111       1.73111              0.1421    0.000000    -0.00000     0.00000   -0.000058897    0.000000058   -0.000000004  246.734200  99172.6433
  66.00   11.2084    4.5684   12.1037  247.4365  247.4365  0.000000       1.65861       1.65861              0.1581    0.000000    -0.00000     0.00000   -0.000061394    0.000000060   -0.000000002  246.732980  99007.9996
  78.00   11.7879    4.5783   12.6458  247.5539  247.5539  0.000000       1.54432       1.54432              0.1741    0.000000    -0.00000     0.00000   -0.000063694    0.000000067    0.000000005  246.732955  98843.6289
  90.00   12.3487    4.5442   13.1582  247.6746  247.6746  0.000000       1.41978       1.41978              0.1899    0.000000    -0.00000     0.00000   -0.000065975    0.000000081    0.000000018  246.736135  98679.5320
 102.00   12.8918    4.4665   13.6436  247.7999  247.7999  0.000000       1.28481       1.28481              0.2061    0.000000    -0.00000     0.00000   -0.000068287    0.000000099    0.000000035  246.743796  98515.7112
 114.00   13.4174    4.3449   14.1033  247.9311  247.9311  0.000000       1.14679       1.14679              0.2231    0.000000    -0.00000     0.00000   -0.000070688    0.000000122    0.000000057  246.757346  98352.1694
 126.00   13.9239    4.1784   14.5373  248.0697  248.0697  0.000000       1.00836       1.00836              0.2412    0.000000    -0.00001     0.00000   -0.000073249    0.000000150    0.000000085  246.778183  98188.9105
 138.00   14.4085    3.9658   14.9443  248.2174  248.2174  0.000000       0.87229       0.87229              0.2609    0.000000    -0.00001     0.00000   -0.000076001    0.000000186    0.000000118  246.807922  98025.9392
 150.00   14.8671    3.7059   15.3220  248.3760  248.3760  0.000000       0.74042       0.74042              0.2828    0.000000    -0.00001     0.00000   -0.000079014    0.000000229    0.000000160  246.848482  97863.2616
 162.00   15.2942    3.3971   15.6670  248.5480  248.5480  0.000000       0.61376       0.61376              0.3078    0.000000    -0.00001     0.00000   -0.000082340    0.000000283    0.000000212  246.902354  97700.8849
 174.00   15.6825    3.0382   15.9741  248.7369  248.7369  0.000000       0.49418       0.49418              0.3371    0.000000    -0.00001     0.00000   -0.000086079    0.000000354    0.000000279  246.972866  97538.8185
 186.00   16.0224    2.6275   16.2364  248.9479  248.9479  0.000000       0.38022       0.38022              0.3734    0.000000    -0.00001     0.00000   -0.000090425    0.000000449    0.000000371  247.065229  97377.0742
 198.00   16.2996    2.1648   16.4427  249.1886  249.1886  0.000000       0.27805       0.27805              0.4198    0.000000    -0.00002     0.00000   -0.000095508    0.000000594    0.000000510  247.186975  97215.6680
 210.00   16.4947    1.6438   16.5764  249.4772  249.4772  0.000000       0.17579       0.17579              0.4911    0.000000    -0.00002     0.00000   -0.000102291    0.000000824    0.000000730  247.356032  97054.6240
 222.00   16.5631    1.0794   16.5983  249.8382  249.8382  0.000000       0.10535       0.10535              0.5921    0.000000    -0.00002     0.00000   -0.000115872    0.000001411    0.000001286  247.596787  96893.9797
 234.00   16.3813    0.4201   16.3867  250.4265  250.4265  0.000000       0.01043       0.01043              1.2456    0.000000     0.00000     0.00000   -0.000095735    0.000008899    0.000007515  248.062560  96733.8296
 246.00   15.2067   -0.0870   15.2070  254.0797  254.0797  0.000000       0.00067       0.00067              2.4215    0.000000    -0.00014     0.00000   -0.000136590    0.000012622    0.000013020  251.563394  96575.2041
 258.00   15.0010   -0.0018   15.0010  255.8720  255.8720  0.000000       0.00000       0.00000             50.6214    0.000000    -0.00008     0.00000   -0.000004176    0.000007309    0.000007227  253.220401  96418.4620
 270.00   15.0000   -0.0000   15.0000  256.8480  256.8480  0.000000       0.00000       0.00000         302407.3967    0.000000    -0.00005     0.00000   -0.000000000    0.000004370    0.000004199  254.068937  96262.7480
 282.00   15.0000   -0.0000   15.0000  257.4832  257.4832  0.000000       0.00000       0.00000        1848396.9972    0.000000    -0.00005     0.00000    0.000000000    0.000003140    0.000002954  254.580019  96107.7011
 294.00   15.0000   -0.0000   15.0000  258.0128  258.0128  0.000000       0.00000       0.00000        1565725.0323    0.000000    -0.00004     0.00000    0.000000000    0.000002655    0.000002472  254.986401  95953.1825
 306.00   15.0000   -0.0000   15.0000  258.4719  258.4719  0.000000       0.00000       0.00000        1372321.0265    0.000000    -0.00004     0.00000    0.000000000    0.000002312    0.000002133  255.322916  95799.1368
 318.00   15.0000   -0.0000   15.0000  258.8809  258.8809  0.000000       0.00000       0.00000        1241277.2976    0.000000    -0.00004     0.00000    0.000000000    0.000002078    0.000001900  255.609733  95645.5259
 330.00   15.0000    0.0000   15.0000  259.2583  259.2583  0.000000       0.00000       0.00000        1150503.5696    0.000000    -0.00004     0.00000    0.000000000    0.000001918    0.000001740  255.865232  95492.3238
 342.00   15.0000    0.0000   15.0000  259.6108  259.6108  0.000000       0.00000       0.00000        1082648.0964    0.000000    -0.00004     0.00000    0.000000000    0.000001799    0.000001621  256.095982  95339.5123
 354.00   15.0000    0.0000   15.0000  259.9462  259.9462  0.000000       0.00000       0.00000        1024910.2888    0.000000    -0.00003     0.00000    0.000000000    0.000001696    0.000001518  256.309599  95187.0775
 366.00   15.0000    0.0000   15.0000  260.2629  260.2629  0.000000       0.00000       0.00000         976370.5719    0.000000    -0.00003     0.00000    0.000000000    0.000001609    0.000001430  256.504699  95035.0077
 378.00   15.0000    0.0000   15.0000  260.5681  260.5681  0.000000       0.00000       0.00000         922239.9721    0.000000    -0.00003     0.00000    0.000000000    0.000001502    0.000001324  256.688333  94883.2927
 390.00   15.0000    0.0000   15.0000  260.8510  260.8510  0.000000       0.00000       0.00000         884960.7192    0.000000    -0.00003     0.00000    0.000000000    0.000001432    0.000001253  256.849869  94731.9217
 402.00   15.0000    0.0000   15.0000  261.1330  261.1330  0.000000       0.00000       0.00000         835843.2598    0.000000    -0.00003     0.00000    0.000000000    0.000001327    0.000001150  257.010429  94580.8869
 414.00   15.0000    0.0000   15.0000  261.3851  261.3851  0.000000       0.00000       0.00000         793112.3903    0.000000    -0.00003     0.00000    0.000000000    0.000001236    0.000001057  257.141425  94430.1783
 426.00   15.0000    0.0000   15.0000  261.6404  261.6404  0.000000       0.00000       0.00000         766158.1025    0.000000    -0.00003     0.00000    0.000000000    0.000001180    0.000001002  257.275355  94279.7872
 438.00   15.0000    0.0000   15.0000  261.8757  261.8757  0.000000       0.00000       0.00000         731328.4045    0.000000    -0.00003     0.00000    0.000000000    0.000001103    0.000000924  257.389644  94129.7081
 450.00   15.0000    0.0000   15.0000  262.1091  262.1091  0.000000       0.00000       0.00000         711425.2907    0.000000    -0.00003     0.00000    0.000000000    0.000001062    0.000000882  257.501844  93979.9337
 462.00   15.0000    0.0000   15.0000  262.3321  262.3321  0.000000       0.00000       0.00000         686205.7712    0.000000    -0.00003     0.00000    0.000000000    0.000001005    0.000000825  257.603793  93830.4598
 474.00   15.0000    0.0000   15.0000  262.5496  262.5496  0.000000       0.00000       0.00000         666962.5893    0.000000    -0.00003     0.00000    0.000000000    0.000000962    0.000000782  257.700271  93681.2810
 486.00   15.0000    0.0000   15.0000  262.7606  262.7606  0.000000       0.00000       0.00000         648346.0704    0.000000    -0.00003     0.00000    0.000000000    0.000000920    0.000000740  257.790246  93532.3932
 498.00   15.0000    0.0000   15.0000  262.9666  262.9666  0.000000       0.00000       0.00000         631729.1634    0.000000    -0.00003     0.00000    0.000000000    0.000000883    0.000000702  257.875125  93383.7924
 510.00   15.0000    0.0000   15.0000  263.1672  263.1672  0.000000       0.00000       0.00000         616489.1065    0.000000    -0.00003     0.00000    0.000000000    0.000000848    0.000000666  257.954748  93235.4750
 522.00   15.0000    0.0000   15.0000  263.3636  263.3636  0.000000       0.00000       0.00000         602281.6696    0.000000    -0.00003     0.00000    0.000000000    0.000000815    0.000000633  258.030129  93087.4376
 534.00   15.0000    0.0000   15.0000  263.5554  263.5554  0.000000       0.00000       0.00000         588693.8849    0.000000    -0.00003     0.00000    0.000000000    0.000000783    0.000000600  258.100893  92939.6771
 546.00   15.0000    0.0000   15.0000  263.7433  263.7433  0.000000       0.00000       0.00000         573619.0210    0.000000    -0.00003     0.00000    0.000000000    0.000000746    0.000000563  258.167795  92792.1904
 558.00   15.0000    0.0000   15.0000  263.9257  263.9257  0.000000       0.00000       0.00000         559896.2679    0.000000    -0.00003     0.00000    0.000000000    0.000000712    0.000000528  258.229132  92644.9743
 570.00   15.0000    0.0000   15.0000  264.1050  264.1050  0.000000       0.00000       0.00000         542621.2150    0.000000    -0.00003     0.00000    0.000000000    0.000000667    0.000000483  258.287447  92498.0258
 582.00   15.0000    0.0000   15.0000  264.2764  264.2764  0.000000       0.00000       0.00000         526964.5211    0.000000    -0.00003     0.00000    0.000000000    0.000000626    0.000000442  258.337945  92351.3412
 594.00   15.0000    0.0000   15.0000  264.4458  264.4458  0.000000       0.00000       0.00000         509571.2387    0.000000    -0.00003     0.00000    0.000000000    0.000000579    0.000000395  258.386428  92204.9173
 606.00   15.0000    0.0000   15.0000  264.6062  264.6062  0.000000       0.00000       0.00000         488731.4437    0.000000    -0.00003     0.00000    0.000000000    0.000000521    0.000000338  258.425991  92058.7505
 618.00   15.0000    0.0000   15.0000  264.7623  264.7623  0.000000       0.00000       0.00000         473846.8656    0.000000    -0.00003     0.00000    0.000000000    0.000000480    0.000000297  258.461341  91912.8365
 630.00   15.0000    0.0000   15.0000  264.9132  264.9132  0.000000       0.00000       0.00000         458101.4760    0.000000    -0.00003     0.00000    0.000000000    0.000000436    0.000000253  258.491532  91767.1722
 642.00   15.0000    0.0000   15.0000  265.0593  265.0593  0.000000       0.00000       0.00000         444619.1699    0.000000    -0.00003     0.00000    0.000000000    0.000000398    0.000000215  258.516956  91621.7544
 654.00   15.0000    0.0000   15.0000  265.2016  265.2016  0.000000       0.00000       0.00000         433210.1154    0.000000    -0.00003     0.00000    0.000000000    0.000000366    0.000000183  258.538645  91476.5803
 666.00   15.0000    0.0000   15.0000  265.3405  265.3405  0.000000       0.00000       0.00000         423284.7408    0.000000    -0.00003     0.00000    0.000000000    0.000000337    0.000000155  258.556875  91331.6473
 678.00   15.0000    0.0000   15.0000  265.4765  265.4765  0.000000       0.00000       0.00000         414746.2964    0.000000    -0.00003     0.00000    0.000000000    0.000000313    0.000000130  258.572302  91186.9534
 690.00   15.0000    0.0000   15.0000  265.6099  265.6099  0.000000       0.00000       0.00000         407226.0766    0.000000    -0.00003     0.00000    0.000000000    0.000000291    0.000000109  258.585144  91042.4967
 702.00   15.0000    0.0000   15.0000  265.7412  265.7412  0.000000       0.00000       0.00000         400721.0476    0.000000    -0.00003     0.00000    0.000000000    0.000000273    0.000000090  258.595826  90898.2753
 714.00   15.0000    0.0000   15.0000  265.8705  265.8705  0.000000       0.00000       0.00000         395061.2136    0.000000    -0.00003     0.00000    0.000000000    0.000000256    0.000000073  258.604561  90754.2878
 726.00   15.0000    0.0000   15.0000  265.9983  265.9983  0.000000       0.00000       0.00000         390156.2179    0.000000    -0.00003     0.00000    0.000000000    0.000000242    0.000000059  258.611669  90610.5328
 738.00   15.0000    0.0000   15.0000  266.1245  266.1245  0.000000       0.00000       0.00000         385797.2548    0.000000    -0.00003     0.00000    0.000000000    0.000000230    0.000000047  258.617307  90467.0090
 750.00   15.0000    0.0000   15.0000  266.2495  266.2495  0.000000       0.00000       0.00000         381771.6783    0.000000    -0.00003     0.00000    0.000000000    0.000000218    0.000000035  258.621662  90323.7153
 762.00   15.0000    0.0000   15.0000  266.3733  266.3733  0.000000       0.00000       0.00000         378287.9442    0.000000    -0.00003     0.00000    0.000000000    0.000000208    0.000000025  258.624756  90180.6507
 774.00   15.0000    0.0000   15.0000  266.4961  266.4961  0.000000       0.00000       0.00000         374819.5364    0.000000    -0.00003     0.00000    0.000000000    0.000000198    0.000000014  258.626908  90037.8141
 786.00   15.0000    0.0000   15.0000  266.6177  266.6177  0.000000       0.00000       0.00000         372331.1020    0.000000    -0.00003     0.00000    0.000000000    0.000000191    0.000000007  258.627809  89895.2046
 798.00   15.0000    0.0000   15.0000  266.7391  266.7391  0.000000       0.00000       0.00000         369957.0024    0.000000    -0.00003     0.00000    0.000000000    0.000000184   -0.000000000  258.628387  89752.8214
 810.00   15.0000    0.0000   15.0000  266.8593  266.8593  0.000000       0.00000       0.00000         368135.9644    0.000000    -0.00003     0.00000    0.000000000    0.000000179   -0.000000006  258.627786  89610.6636
 822.00   15.0000    0.0000   15.0000  266.9795  266.9795  0.000000       0.00000       0.00000         367421.8605    0.000000    -0.00003     0.00000    0.000000000    0.000000177   -0.000000008  258.627210  89468.7307
 834.00   15.0000    0.0000   15.0000  267.0993  267.0993  0.000000       0.00000       0.00000         366707.4195    0.000000    -0.00003     0.00000    0.000000000    0.000000175   -0.000000010  258.626157  89327.0222
 846.00   15.0000    0.0000   15.0000  267.2192  267.2192  0.000000       0.00000       0.00000         366669.9205    0.000000    -0.00003     0.00000    0.000000000    0.000000175   -0.000000010  258.625128  89185.5376
 858.00   15.0000    0.0000   15.0000  267.3391  267.3391  0.000000       0.00000       0.00000         367845.1754    0.000000    -0.00003     0.00000    0.000000000    0.000000179   -0.000000006  258.624050  89044.2765
 870.00   15.0000    0.0000   15.0000  267.4599  267.4599  0.000000       0.00000       0.00000         370811.5397    0.000000    -0.00003     0.00000    0.000000000    0.000000188    0.000000002  258.623764  88903.2387
 882.00   15.0000    0.0000   15.0000  267.5818  267.5818  0.000000       0.00000       0.00000         374987.2003    0.000000    -0.00003     0.00000    0.000000000    0.000000201    0.000000015  258.624563  88762.4245
 894.00   15.0000    0.0000   15.0000  267.7055  267.7055  0.000000       0.00000       0.00000         381312.8359    0.000000    -0.00004     0.00000    0.000000000    0.000000221    0.000000034  258.626921  88621.8342
 906.00   15.0000    0.0000   15.0000  267.8317  267.8317  0.000000       0.00000       0.00000         390708.0785    0.000000    -0.00004     0.00000    0.000000000    0.000000250    0.000000062  258.631725  88481.4685
 918.00   15.0000    0.0000   15.0000  267.9616  267.9616  0.000000       0.00000       0.00000         405889.6665    0.000000    -0.00004     0.00000    0.000000000    0.000000298    0.000000109  258.640034  88341.3286
 930.00   15.0000    0.0000   15.0000  268.0978  268.0978  0.000000       0.00000       0.00000         422084.9216    0.000000    -0.00004     0.00000    0.000000000    0.000000349    0.000000158  258.654456  88201.4169
 942.00   15.0000    0.0000   15.0000  268.2385  268.2385  0.000000       0.00000       0.00000         469954.0041    0.000000    -0.00005     0.00000    0.000000000    0.000000499    0.000000304  258.673031  88061.7357
 954.00   15.0000    0.0000   15.0000  268.4064  268.4064  0.000000       0.00000       0.00000         483733.8190    0.000000    -0.00004     0.00000    0.000000000    0.000000544    0.000000348  258.717771  87922.2927
 966.00   15.0000    0.0000   15.0000  268.5563  268.5563  0.000000       0.00000       0.00000         677119.3379    0.000000    -0.00009     0.00000    0.000000000    0.000001157    0.000000943  258.745132  87783.0899
 978.00   15.0000    0.0000   15.0000  268.8514  268.8514  0.000000       0.00000       0.00000         631899.2400    0.000000    -0.00004     0.00000    0.000000000    0.000001019    0.000000817  258.912327  87644.1596
 990.00   15.0000    0.0000   15.0000  268.9720  268.9720  0.000000       0.00000       0.00000        1764645.4738    0.000000    -0.00032     0.00000    0.000000000    0.000004782    0.000004349  258.911382  87505.4938
1002.00   15.0000    0.0000   15.0000  270.0130  270.0130  0.000000       0.00000       0.00000        1693324.4503    0.000000    -0.00002     0.00000    0.000000000    0.000004568    0.000004434  259.796093  87367.2825
1014.00   15.0000    0.0000   15.0000  270.0910  270.0910  0.000000       0.00000       0.00000         236005.2723    0.000000    -0.00002     0.00000    0.000000000   -0.000000244   -0.000000442  259.754031  87229.5137
1026.00   15.0000    0.0000   15.0000  270.1690  270.1690  0.000000       0.00000       0.00000         235937.1356    0.000000    -0.00002     0.00000    0.000000000   -0.000000244   -0.000000442  259.711935  87091.9398
1038.00   15.0000    0.0000   15.0000  270.2470  270.2470  0.000000       0.00000       0.00000         235869.0383    0.000000    -0.00003     0.00000    0.000000000   -0.000000244   -0.000000442  259.669805  86954.5607
1050.00   15.0000    0.0000   15.0000  270.3250  270.3250  0.000000       0.00000       0.00000         235800.9803    0.000000    -0.00003     0.00000    0.000000000   -0.000000244   -0.000000441  259.627642  86817.3761
1062.00   15.0000    0.0000   15.0000  270.4030  270.4030  0.000000       0.00000       0.00000         235732.9615    0.000000    -0.00003     0.00000    0.000000000   -0.000000244   -0.000000441  259.585445  86680.3856
1074.00   15.0000    0.0000   15.0000  270.4810  270.4810  0.000000       0.00000       0.00000         235664.9820    0.000000    -0.00003     0.00000    0.000000000   -0.000000244   -0.000000441  259.543213  86543.5891
1086.00   15.0000    0.0000   15.0000  270.5590  270.5590  0.000000       0.00000       0.00000         235597.0417    0.000000    -0.00003     0.00000    0.000000000   -0.000000244   -0.000000440  259.500949  86406.9862
1098.00   15.0000    0.0000   15.0000  270.6370  270.6370  0.000000       0.00000       0.00000         235529.1405    0.000000    -0.00003     0.00000    0.000000000   -0.000000244   -0.000000440  259.458650  86270.5768
1110.00   15.0000    0.0000   15.0000  270.7150  270.7150  0.000000       0.00000       0.00000         235461.2785    0.000000    -0.00003     0.00000    0.000000000   -0.000000244   -0.000000440  259.416318  86134.3605
1122.00   15.0000    0.0000   15.0000  270.7930  270.7930  0.000000       0.00000       0.00000         235393.4555    0.000000    -0.00003     0.00000    0.000000000   -0.000000244   -0.000000439  259.373952  85998.3371
1134.00   15.0000    0.0000   15.0000  270.8710  270.8710  0.000000       0.00000       0.00000         235325.6716    0.000000    -0.00003     0.00000    0.000000000   -0.000000244   -0.000000439  259.331552  85862.5063
1146.00   15.0000    0.0000   15.0000  270.9490  270.9490  0.000000       0.00000       0.00000         235257.9268    0.000000    -0.00003     0.00000    0.000000000   -0.000000244   -0.000000439  259.289118  85726.8679
1158.00   15.0000    0.0000   15.0000  271.0270  271.0270  0.000000       0.00000       0.00000         235190.2209    0.000000    -0.00003     0.00000    0.000000000   -0.000000244   -0.000000438  259.246651  85591.4216
1170.00   15.0000    0.0000   15.0000  271.1050  271.1050  0.000000       0.00000       0.00000         235122.5540    0.000000    -0.00003     0.00000    0.000000000   -0.000000244   -0.000000438  259.204150  85456.1672
1182.00   15.0000    0.0000   15.0000  271.1830  271.1830  0.000000       0.00000       0.00000         235054.9260    0.000000    -0.00003     0.00000    0.000000000   -0.000000244   -0.000000438  259.161616  85321.1044
1194.00   15.0000    0.0000   15.0000  271.2610  271.2610  0.000000       0.00000       0.00000         234987.3369    0.000000    -0.00003     0.00000    0.000000000   -0.000000244   -0.000000437  259.119048  85186.2329
1206.00   15.0000    0.0000   15.0000  271.3390  271.3390  0.000000       0.00000       0.00000         234919.7867    0.000000    -0.00003     0.00000    0.000000000   -0.000000244   -0.000000437  259.076446  85051.5525
1218.00   15.0000    0.0000   15.0000  271.4170  271.4170  0.000000       0.00000       0.00000         234852.2753    0.000000    -0.00003     0.00000    0.000000000   -0.000000244   -0.000000437  259.033810  84917.0629
1230.00   15.0000    0.0000   15.0000  271.4950  271.4950  0.000000       0.00000       0.00000         234784.8027    0.000000    -0.00003     0.00000    0.000000000   -0.000000244   -0.000000436  258.991141  84782.7639
1242.00   15.0000    0.0000   15.0000  271.5730  271.5730  0.000000       0.00000       0.00000         234717.3688    0.000000    -0.00003     0.00000    0.000000000   -0.000000244   -0.000000436  258.948438  84648.6552
1254.00   15.0000    0.0000   15.0000  271.6510  271.6510  0.000000       0.00000       0.00000         234649.9737    0.000000    -0.00003     0.00000    0.000000000   -0.000000244   -0.000000435  258.905701  84514.7366
1266.00   15.0000    0.0000   15.0000  271.7290  271.7290  0.000000       0.00000       0.00000         234582.6172    0.000000    -0.00003     0.00000    0.000000000   -0.000000244   -0.000000435  258.862931  84381.0078
1278.00   15.0000    0.0000   15.0000  271.8070  271.8070  0.000000       0.00000       0.00000         234515.2995    0.000000    -0.00003     0.00000    0.000000000   -0.000000244   -0.000000435  258.820127  84247.4685
1290.00   15.0000    0.0000   15.0000  271.8850  271.8850  0.000000       0.00000       0.00000         234448.0203    0.000000    -0.00003     0.00000    0.000000000   -0.000000244   -0.000000434  258.777290  84114.1185
1302.00   15.0000    0.0000   15.0000  271.9630  271.9630  0.000000       0.00000       0.00000         234380.7797    0.000000    -0.00003     0.00000    0.000000000   -0.000000244   -0.000000434  258.734419  83980.9575
1314.00   15.0000    0.0000   15.0000  272.0410  272.0410  0.000000       0.00000       0.00000         234313.5777    0.000000    -0.00003     0.00000    0.000000000   -0.000000244   -0.000000434  258.691515  83847.9854
1326.00   15.0000    0.0000   15.0000  272.1190  272.1190  0.000000       0.00000       0.00000         234246.4143    0.000000    -0.00003     0.00000    0.000000000   -0.000000244   -0.000000433  258.648577  83715.2017
1338.00   15.0000    0.0000   15.0000  272.1970  272.1970  0.000000       0.00000       0.00000         234179.2893    0.000000    -0.00003     0.00000    0.000000000   -0.000000244   -0.000000433  258.605605  83582.6064
1350.00   15.0000    0.0000   15.0000  272.2750  272.2750  0.000000       0.00000       0.00000         234112.2027    0.000000    -0.00003     0.00000    0.000000000   -0.000000244   -0.000000433  258.562600  83450.1991
1362.00   15.0000    0.0000   15.0000  272.3530  272.3530  0.000000       0.00000       0.00000         234045.1546    0.000000    -0.00003     0.00000    0.000000000   -0.000000244   -0.000000432  258.519561  83317.9795
1374.00   15.0000    0.0000   15.0000  272.4310  272.4310  0.000000       0.00000       0.00000         233978.1449    0.000000    -0.00003     0.00000    0.000000000   -0.000000244   -0.000000432  258.476489  83185.9475
1386.00   15.0000    0.0000   15.0000  272.5090  272.5090  0.000000       0.00000       0.00000         233911.1736    0.000000    -0.00003     0.00000    0.000000000   -0.000000244   -0.000000431  258.433383  83054.1027
1398.00   15.0000    0.0000   15.0000  272.5870  272.5870  0.000000       0.00000       0.00000         233844.2406    0.000000    -0.00003     0.00000    0.000000000   -0.000000244   -0.000000431  258.390243  82922.4449
1410.00   15.0000    0.0000   15.0000  272.6650  272.6650  0.000000       0.00000       0.00000         233777.3458    0.000000    -0.00003     0.00000    0.000000000   -0.000000244   -0.000000431  258.347071  82790.9739
1422.00   15.0000    0.0000   15.0000  272.7430  272.7430  0.000000       0.00000       0.00000         233710.4894    0.000000    -0.00003     0.00000    0.000000000   -0.000000244   -0.000000430  258.303864  82659.6895
1434.00   15.0000    0.0000   15.0000  272.8210  272.8210  0.000000       0.00000       0.00000         233643.6711    0.000000    -0.00003     0.00000    0.000000000   -0.000000244   -0.000000430  258.260624  82528.5913
1446.00   15.0000    0.0000   15.0000  272.8990  272.8990  0.000000       0.00000       0.00000         233576.8911    0.000000    -0.00004     0.00000    0.000000000   -0.000000244   -0.000000429  258.217351  82397.6791
1458.00   15.0000    0.0000   15.0000  272.9770  272.9770  0.000000       0.00000       0.00000         233510.1492    0.000000    -0.00004     0.00000    0.000000000   -0.000000244   -0.000000429  258.174044  82266.9526
1470.00   15.0000    0.0000   15.0000  273.0550  273.0550  0.000000       0.00000       0.00000         233443.4455    0.000000    -0.00004     0.00000    0.000000000   -0.000000244   -0.000000429  258.130704  82136.4117
1482.00   15.0000    0.0000   15.0000  273.1330  273.1330  0.000000       0.00000       0.00000         233376.7798    0.000000    -0.00004     0.00000    0.000000000   -0.000000244   -0.000000428  258.087330  82006.0561
1494.00   15.0000    0.0000   15.0000  273.2110  273.2110  0.000000       0.00000       0.00000         233310.1522    0.000000    -0.00004     0.00000    0.000000000   -0.000000244   -0.000000428  258.043923  81875.8854
1506.00   15.0000    0.0000   15.0000  273.2890  273.2890  0.000000       0.00000       0.00000         233243.5627    0.000000    -0.00004     0.00000    0.000000000   -0.000000244   -0.000000428  258.000483  81745.8996
1518.00   15.0000    0.0000   15.0000  273.3670  273.3670  0.000000       0.00000       0.00000         233177.0111    0.000000    -0.00004     0.00000    0.000000000   -0.000000244   -0.000000427  257.957009  81616.0982
1530.00   15.0000    0.0000   15.0000  273.4450  273.4450  0.000000       0.00000       0.00000         233110.4975    0.000000    -0.00004     0.00000    0.000000000   -0.000000244   -0.000000427  257.913501  81486.4812
1542.00   15.0000    0.0000   15.0000  273.5230  273.5230  0.000000       0.00000       0.00000         233044.0219    0.000000    -0.00004     0.00000    0.000000000   -0.000000244   -0.000000426  257.869961  81357.0481
1554.00   15.0000    0.0000   15.0000  273.6010  273.6010  0.000000       0.00000       0.00000         232977.5841    0.000000    -0.00004     0.00000    0.000000000   -0.000000244   -0.000000426  257.826386  81227.7988
1566.00   15.0000    0.0000   15.0000  273.6790  273.6790  0.000000       0.00000       0.00000         232911.1843    0.000000    -0.00004     0.00000    0.000000000   -0.000000244   -0.000000426  257.782779  81098.7331
1578.00   15.0000    0.0000   15.0000  273.7570  273.7570  0.000000       0.00000       0.00000         232844.8222    0.000000    -0.00004     0.00000    0.000000000   -0.000000244   -0.000000425  257.739138  80969.8507
1590.00   15.0000    0.0000   15.0000  273.8350  273.8350  0.000000       0.00000       0.00000         232778.4980    0.000000    -0.00004     0.00000    0.000000000   -0.000000244   -0.000000425  257.695464  80841.1513
1602.00   15.0000    0.0000   15.0000  273.9130  273.9130  0.000000       0.00000       0.00000         232712.2115    0.000000    -0.00004     0.00000    0.000000000   -0.000000244   -0.000000424  257.651756  80712.6346
1614.00   15.0000    0.0000   15.0000  273.9910  273.9910  0.000000       0.00000       0.00000         232645.9628    0.000000    -0.00004     0.00000    0.000000000   -0.000000244   -0.000000424  257.608015  80584.3006
1626.00   15.0000    0.0000   15.0000  274.0690  274.0690  0.000000       0.00000       0.00000         232579.7518    0.000000    -0.00004     0.00000    0.000000000   -0.000000244   -0.000000424  257.564241  80456.1488
1638.00   15.0000    0.0000   15.0000  274.1470  274.1470  0.000000       0.00000       0.00000         232513.5785    0.000000    -0.00004     0.00000    0.000000000   -0.000000244   -0.000000423  257.520433  80328.1791
1650.00   15.0000    0.0000   15.0000  274.2250  274.2250  0.000000       0.00000       0.00000         232447.4428    0.000000    -0.00004     0.00000    0.000000000   -0.000000244   -0.000000423  257.476592  80200.3912
1662.00   15.0000    0.0000   15.0000  274.3030  274.3030  0.000000       0.00000       0.00000         232381.3447    0.000000    -0.00004     0.00000    0.000000000   -0.000000244   -0.000000422  257.432718  80072.7849
1674.00   15.0000    0.0000   15.0000  274.3810  274.3810  0.000000       0.00000       0.00000         232315.2842    0.000000    -0.00004     0.00000    0.000000000   -0.000000244   -0.000000422  257.388810  79945.3599
1686.00   15.0000    0.0000   15.0000  274.4590  274.4590  0.000000       0.00000       0.00000         232249.2613    0.000000    -0.00004     0.00000    0.000000000   -0.000000244   -0.000000422  257.344869  79818.1160
1698.00   15.0000    0.0000   15.0000  274.5370  274.5370  0.000000       0.00000       0.00000         232183.2758    0.000000    -0.00004     0.00000    0.000000000   -0.000000244   -0.000000421  257.300895  79691.0529
1710.00   15.0000    0.0000   15.0000  274.6150  274.6150  0.000000       0.00000       0.00000         232117.3279    0.000000    -0.00004     0.00000    0.000000000   -0.000000244   -0.000000421  257.256888  79564.1705
1722.00   15.0000    0.0000   15.0000  274.6930  274.6930  0.000000       0.00000       0.00000         232051.4174    0.000000    -0.00004     0.00000    0.000000000   -0.000000244   -0.000000420  257.212847  79437.4684
1734.00   15.0000    0.0000   15.0000  274.7710  274.7710  0.000000       0.00000       0.00000         231985.5443    0.000000    -0.00004     0.00000    0.000000000   -0.000000244   -0.000000420  257.168773  79310.9464
1746.00   15.0000    0.0000   15.0000  274.8490  274.8490  0.000000       0.00000       0.00000         231919.7086    0.000000    -0.00004     0.00000    0.000000000   -0.000000244   -0.000000419  257.124666  79184.6043
1758.00   15.0000    0.0000   15.0000  274.9270  274.9270  0.000000       0.00000       0.00000         231853.9103    0.000000    -0.00004     0.00000    0.000000000   -0.000000244   -0.000000419  257.080526  79058.4418
1770.00   15.0000    0.0000   15.0000  275.0050  275.0050  0.000000       0.00000       0.00000         231788.1493    0.000000    -0.00004     0.00000    0.000000000   -0.000000244   -0.000000419  257.036352  78932.4587
1782.00   15.0000    0.0000   15.0000  275.0830  275.0830  0.000000       0.00000       0.00000         231722.4256    0.000000    -0.00004     0.00000    0.000000000   -0.000000243   -0.000000418  256.992145  78806.6547
1794.00   15.0000    0.0000   15.0000  275.1610  275.1610  0.000000       0.00000       0.00000         231656.7391    0.000000    -0.00004     0.00000    0.000000000   -0.000000243   -0.000000418  256.947905  78681.0297
1806.00   15.0000    0.0000   15.0000  275.2390  275.2390  0.000000       0.00000       0.00000         231591.0899    0.000000    -0.00004     0.00000    0.000000000   -0.000000243   -0.000000417  256.903632  78555.5833
1818.00   15.0000    0.0000   15.0000  275.3170  275.3170  0.000000       0.00000       0.00000         231525.4779    0.000000    -0.00004     0.00000    0.000000000   -0.000000243   -0.000000417  256.859326  78430.3154
1830.00   15.0000    0.0000   15.0000  275.3950  275.3950  0.000000       0.00000       0.00000         231459.9030    0.000000    -0.00004     0.00000    0.000000000   -0.000000243   -0.000000416  256.814986  78305.2256
1842.00   15.0000    0.0000   15.0000  275.4730  275.4730  0.000000       0.00000       0.00000         231394.3653    0.000000    -0.00004     0.00000    0.000000000   -0.000000243   -0.000000416  256.770613  78180.3138
1854.00   15.0000    0.0000   15.0000  275.5510  275.5510  0.000000       0.00000       0.00000         231328.8647    0.000000    -0.00005     0.00000    0.000000000   -0.000000243   -0.000000416  256.726208  78055.5798
1866.00   15.0000    0.0000   15.0000  275.6290  275.6290  0.000000       0.00000       0.00000         231263.4012    0.000000    -0.00005     0.00000    0.000000000   -0.000000243   -0.000000415  256.681769  77931.0232
1878.00   15.0000    0.0000   15.0000  275.7070  275.7070  0.000000       0.00000       0.00000         231197.9747    0.000000    -0.00005     0.00000    0.000000000   -0.000000243   -0.000000415  256.637296  77806.6438
1890.00   15.0000    0.0000   15.0000  275.7850  275.7850  0.000000       0.00000       0.00000         231132.5852    0.000000    -0.00005     0.00000    0.000000000   -0.000000243   -0.000000414  256.592791  77682.4414
1902.00   15.0000    0.0000   15.0000  275.8630  275.8630  0.000000       0.00000       0.00000         231067.2326    0.000000    -0.00005     0.00000    0.000000000   -0.000000243   -0.000000414  256.548253  77558.4158
1914.00   15.0000    0.0000   15.0000  275.9410  275.9410  0.000000       0.00000       0.00000         231001.9171    0.000000    -0.00005     0.00000    0.000000000   -0.000000243   -0.000000413  256.503681  77434.5667
1926.00   15.0000    0.0000   15.0000  276.0190  276.0190  0.000000       0.00000       0.00000         230936.6384    0.000000    -0.00005     0.00000    0.000000000   -0.000000243   -0.000000413  256.459077  77310.8939
1938.00   15.0000    0.0000   15.0000  276.0970  276.0970  0.000000       0.00000       0.00000         230871.3966    0.000000    -0.00005     0.00000    0.000000000   -0.000000243   -0.000000413  256.414439  77187.3972
1950.00   15.0000    0.0000   15.0000  276.1750  276.1750  0.000000       0.00000       0.00000         230806.1917    0.000000    -0.00005     0.00000    0.000000000   -0.000000243   -0.000000412  256.369768  77064.0763
1962.00   15.0000    0.0000   15.0000  276.2530  276.2530  0.000000       0.00000       0.00000         230741.0236    0.000000    -0.00005     0.00000    0.000000000   -0.000000242   -0.000000412  256.325064  76940.9310
1974.00   15.0000    0.0000   15.0000  276.3310  276.3310  0.000000       0.00000       0.00000         230675.8923    0.000000    -0.00005     0.00000    0.000000000   -0.000000242   -0.000000411  256.280327  76817.9610
1986.00   15.0000    0.0000   15.0000  276.4090  276.4090  0.000000       0.00000       0.00000         230610.7978    0.000000    -0.00005     0.00000    0.000000000   -0.000000242   -0.000000411  256.235557  76695.1661
1998.00   15.0000    0.0000   15.0000  276.4870  276.4870  0.000000       0.00000       0.00000         230545.7399    0.000000    -0.00005     0.00000    0.000000000   -0.000000242   -0.000000410  256.190754  76572.5461
2010.00   15.0000    0.0000   15.0000  276.5650  276.5650  0.000000       0.00000       0.00000         230480.7188    0.000000    -0.00005     0.00000    0.000000000   -0.000000242   -0.000000410  256.145918  76450.1007
2022.00   15.0000    0.0000   15.0000  276.6430  276.6430  0.000000       0.00000       0.00000         230415.7344    0.000000    -0.00005     0.00000    0.000000000   -0.000000242   -0.000000409  256.101049  76327.8298
2034.00   15.0000    0.0000   15.0000  276.7210  276.7210  0.000000       0.00000       0.00000         230350.7865    0.000000    -0.00005     0.00000    0.000000000   -0.000000242   -0.000000409  256.056147  76205.7330
2046.00   15.0000    0.0000   15.0000  276.7990  276.7990  0.000000       0.00000       0.00000         230285.8753    0.000000    -0.00005     0.00000    0.000000000   -0.000000242   -0.000000408  256.011212  76083.8101
2058.00   15.0000    0.0000   15.0000  276.8770  276.8770  0.000000       0.00000       0.00000         230221.0007    0.000000    -0.00005     0.00000    0.000000000   -0.000000242   -0.000000408  255.966244  75962.0610
2070.00   15.0000    0.0000   15.0000  276.9550  276.9550  0.000000       0.00000       0.00000         230156.1626    0.000000    -0.00005     0.00000    0.000000000   -0.000000242   -0.000000408  255.921243  75840.4854
2082.00   15.0000    0.0000   15.0000  277.0330  277.0330  0.000000       0.00000       0.00000         230091.3610    0.000000    -0.00005     0.00000    0.000000000   -0.000000242   -0.000000407  255.876209  75719.0830
2094.00   15.0000    0.0000   15.0000  277.1110  277.1110  0.000000       0.00000       0.00000         230026.5958    0.000000    -0.00005     0.00000    0.000000000   -0.000000242   -0.000000407  255.831142  75597.8536
2106.00   15.0000    0.0000   15.0000  277.1890  277.1890  0.000000       0.00000       0.00000         229961.8672    0.000000    -0.00005     0.00000    0.000000000   -0.000000241   -0.000000406  255.786042  75476.7969
2118.00   15.0000    0.0000   15.0000  277.2670  277.2670  0.000000       0.00000       0.00000         229897.1749    0.000000    -0.00005     0.00000    0.000000000   -0.000000241   -0.000000406  255.740909  75355.9129
2130.00   15.0000    0.0000   15.0000  277.3450  277.3450  0.000000       0.00000       0.00000         229832.5191    0.000000    -0.00005     0.00000    0.000000000   -0.000000241   -0.000000405  255.695743  75235.2011
2142.00   15.0000    0.0000   15.0000  277.4230  277.4230  0.000000       0.00000       0.00000         229767.8996    0.000000    -0.00005     0.00000    0.000000000   -0.000000241   -0.000000405  255.650544  75114.6614
2154.00   15.0000    0.0000   15.0000  277.5010  277.5010  0.000000       0.00000       0.00000         229703.3164    0.000000    -0.00005     0.00000    0.000000000   -0.000000241   -0.000000404  255.605313  74994.2936
2166.00   15.0000    0.0000   15.0000  277.5790  277.5790  0.000000       0.00000       0.00000         229638.7695    0.000000    -0.00005     0.00000    0.000000000   -0.000000241   -0.000000404  255.560048  74874.0974
2178.00   15.0000    0.0000   15.0000  277.6570  277.6570  0.000000       0.00000       0.00000         229574.2589    0.000000    -0.00005     0.00000    0.000000000   -0.000000241   -0.000000403  255.514750  74754.0726
2190.00   15.0000    0.0000   15.0000  277.7350  277.7350  0.000000       0.00000       0.00000         229509.7845    0.000000    -0.00005     0.00000    0.000000000   -0.000000241   -0.000000403  255.469420  74634.2190
2202.00   15.0000    0.0000   15.0000  277.8130  277.8130  0.000000       0.00000       0.00000         229445.3463    0.000000    -0.00005     0.00000    0.000000000   -0.000000241   -0.000000402  255.424057  74514.5363
2214.00   15.0000    0.0000   15.0000  277.8910  277.8910  0.000000       0.00000       0.00000         229380.9443    0.000000    -0.00005     0.00000    0.000000000   -0.000000241   -0.000000402  255.378660  74395.0243
2226.00   15.0000    0.0000   15.0000  277.9690  277.9690  0.000000       0.00000       0.00000         229316.5785    0.000000    -0.00005     0.00000    0.000000000   -0.000000240   -0.000000401  255.333231  74275.6828
2238.00   15.0000    0.0000   15.0000  278.0470  278.0470  0.000000       0.00000       0.00000         229252.2487    0.000000    -0.00005     0.00000    0.000000000   -0.000000240   -0.000000401  255.287769  74156.5116
2250.00   15.0000    0.0000   15.0000  278.1250  278.1250  0.000000       0.00000       0.00000         229187.9551    0.000000    -0.00005     0.00000    0.000000000   -0.000000240   -0.000000401  255.242275  74037.5103
2262.00   15.0000    0.0000   15.0000  278.2030  278.2030  0.000000       0.00000       0.00000         229123.6974    0.000000    -0.00006     0.00000    0.000000000   -0.000000240   -0.000000400  255.196747  73918.6789
2274.00   15.0000    0.0000   15.0000  278.2810  278.2810  0.000000       0.00000       0.00000         229059.4759    0.000000    -0.00006     0.00000    0.000000000   -0.000000240   -0.000000400  255.151187  73800.0170
2286.00   15.0000    0.0000   15.0000  278.3590  278.3590  0.000000       0.00000       0.00000         228995.2903    0.000000    -0.00006     0.00000    0.000000000   -0.000000240   -0.000000399  255.105593  73681.5245
2298.00   15.0000    0.0000   15.0000  278.4370  278.4370  0.000000       0.00000       0.00000         228931.1406    0.000000    -0.00006     0.00000    0.000000000   -0.000000240   -0.000000399  255.059967  73563.2011
2310.00   15.0000    0.0000   15.0000  278.5150  278.5150  0.000000       0.00000       0.00000         228867.0269    0.000000    -0.00006     0.00000    0.000000000   -0.000000240   -0.000000398  255.014309  73445.0466
2322.00   15.0000    0.0000   15.0000  278.5930  278.5930  0.000000       0.00000       0.00000         228802.9491    0.000000    -0.00006     0.00000    0.000000000   -0.000000240   -0.000000398  254.968617  73327.0607
2334.00   15.0000    0.0000   15.0000  278.6710  278.6710  0.000000       0.00000       0.00000         228738.9072    0.000000    -0.00006     0.00000    0.000000000   -0.000000239   -0.000000397  254.922892  73209.2433
2346.00   15.0000    0.0000   15.0000  278.7490  278.7490  0.000000       0.00000       0.00000         228674.9011    0.000000    -0.00006     0.00000    0.000000000   -0.000000239   -0.000000397  254.877135  73091.5941
2358.00   15.0000    0.0000   15.0000  278.8270  278.8270  0.000000       0.00000       0.00000         228610.9308    0.000000    -0.00006     0.00000    0.000000000   -0.000000239   -0.000000396  254.831345  72974.1129
2370.00   15.0000    0.0000   15.0000  278.9050  278.9050  0.000000       0.00000       0.00000         228546.9963    0.000000    -0.00006     0.00000    0.000000000   -0.000000239   -0.000000396  254.785523  72856.7994
2382.00   15.0000    0.0000   15.0000  278.9830  278.9830  0.000000       0.00000       0.00000              0.0000    0.000000    -0.00006     0.00000    0.000000000    0.000000000    0.000000000  254.739667  72739.6535
2394.00   15.0000    0.0000   15.0000  279.0610  279.0610  0.000000       0.00000       0.00000              0.0000    0.000000     0.00000     0.00000    0.000000000    0.000000000    0.000000000  254.693779  72622.6748
