   0.00    0.0000    0.0000    0.0000  240.0447  240.0447  0.000000       0.00000       0.00000              0.0000    0.000000     0.00000     0.00000    0.000000000    0.000000000    0.000000000    0.000000      0.0000
   6.00    7.8917    3.4824    8.6259  241.4935  241.4935  0.000000       0.74295       0.74295              0.0000    0.000000     0.00000     0.00000   -0.000007839    0.000000000    0.000000000  241.405738  99872.7954
  18.00    8.9109    3.8571    9.7099  241.5909  241.5909  0.000000       2.35087       2.35087              0.0507    0.000000    -0.00000     0.00000   -0.000018965    0.000000000    0.000000000  241.356638  99660.9503
  30.00    9.5553    4.0523   10.3791  241.6545  241.6545  0.000000       2.29479       2.29479              0.0740    0.000000    -0.00000     0.00000   -0.000023222   -0.000000082   -0.000000114  241.303124  99491.7944
  42.00   10.1408    4.1934   10.9736  241.7144  241.7144  0.000000       2.53161       2.53161              0.0874    0.000000    -0.00000     0.00000   -0.000025403   -0.000000090   -0.000000122  241.245811  99322.8868
  54.00   10.6656    4.2883   11.4954  241.7702  241.7702  0.000000       2.51994       2.51994              0.1013    0.000000    -0.00000     0.00000   -0.000027121   -0.000000095   -0.000000127  241.184361  99154.2245
  66.00   11.1596    4.3481   11.9768  241.8249  241.8249  0.000000       2.48386       2.48386              0.1135    0.000000    -0.00000     0.00000   -0.000028588   -0.000000096   -0.000000128  241.121857  98985.8054
  78.00   11.6297    4.3769   12.4260  241.8794  241.8794  0.000000       2.38727       2.38727              0.1253    0.000000    -0.00000     0.00000   -0.000029948   -0.000000095   -0.000000127  241.059127  98817.6287
  90.00   12.0824    4.3771   12.8508  241.9347  241.9347  0.000000       2.26408       2.26408              0.1369    0.000000    -0.00000     0.00000   -0.000031263   -0.000000093   -0.000000124  240.997091  98649.6943
 102.00   12.5207    4.3497   13.2547  241.9913  241.9913  0.000000       2.11861       2.11861              0.1486    0.000000    -0.00000     0.00000   -0.000032597   -0.000000089   -0.000000121  240.936355  98482.0027
 114.00   12.9466    4.2953   13.6405  242.0498  242.0498  0.000000       1.96020       1.96020              0.1604    0.000000    -0.00000     0.00000   -0.000033964   -0.000000084   -0.000000116  240.877498  98314.5545
 126.00   13.3608    4.2138   14.0095  242.1108  242.1108  0.000000       1.79351       1.79351              0.1727    0.000000    -0.00000     0.00000   -0.000035400   -0.000000078   -0.000000110  240.821061  98147.3512
 138.00   13.7633    4.1050   14.3624  242.1748  242.1748  0.000000       1.62273       1.62273              0.1857    0.000000    -0.00000     0.00000   -0.000036928   -0.000000071   -0.000000103  240.767615  97980.3941
 150.00   14.1537    3.9682   14.6994  242.2424  242.2424  0.000000       1.45076       1.45076              0.1996    0.000000    -0.00000     0.00000   -0.000038584   -0.000000063   -0.000000095  240.717794  97813.6853
 162.00   14.5307    3.8026   15.0200  242.3145  242.3145  0.000000       1.27995       1.27995              0.2148    0.000000    -0.00000     0.00000   -0.000040405   -0.000000053   -0.000000085  240.672337  97647.2272
 174.00   14.8927    3.6072   15.3233  242.3920  242.3920  0.000000       1.11197       1.11197              0.2315    0.000000    -0.00000     0.00000   -0.000042424   -0.000000040   -0.000000073  240.632157  97481.0229
 186.00   15.2374    3.3809   15.6079  242.4760  242.4760  0.000000       0.94844       0.94844              0.2504    0.000000    -0.00001     0.00000   -0.000044714   -0.000000025   -0.000000059  240.598422  97315.0760
 198.00   15.5616    3.1222   15.8718  242.5681  242.5681  0.000000       0.78993       0.78993              0.2724    0.000000    -0.00001     0.00000   -0.000047300   -0.000000006   -0.000000041  240.572733  97149.3912
 210.00   15.8614    2.8293   16.1117  242.6707  242.6707  0.000000       0.63881       0.63881              0.2986    0.000000    -0.00001     0.00000   -0.000050318    0.000000019   -0.000000017  240.557344  96983.9744
 222.00   16.1312    2.4993   16.3236  242.7874  242.7874  0.000000       0.49250       0.49250              0.3317    0.000000    -0.00001     0.00000   -0.000054155    0.000000053    0.000000016  240.555937  96818.8334
 234.00   16.3616    2.1297   16.4996  242.9238  242.9238  0.000000       0.36134       0.36134              0.3745    0.000000    -0.00001     0.00000   -0.000058768    0.000000108    0.000000069  240.573953  96653.9793
 246.00   16.5404    1.7090   16.6285  243.0936  243.0936  0.000000       0.22507       0.22507              0.4429    0.000000    -0.00002     0.00000   -0.000065699    0.000000197    0.000000153  240.624915  96489.4295
 258.00   16.6300    1.2449   16.6765  243.3149  243.3149  0.000000       0.13918       0.13918              0.5350    0.000000    -0.00002     0.00000   -0.000082892    0.000000431    0.000000374  240.726851  96325.2119
 270.00   16.5233    0.6586   16.5364  243.7040  243.7040  0.000000       0.00661       0.00661              1.4653    0.000000     0.00000     0.00000   -0.000060425    0.000007389    0.000005644  240.994629  96161.3994
 282.00   15.1720   -0.0416   15.1721  249.0512  249.0512  0.000000       0.00075       0.00075              2.4885    0.000000    -0.00017     0.00000   -0.000131654    0.000010316    0.000011280  246.164111  95999.6697
 294.00   15.0013   -0.0012   15.0013  250.9504  250.9504  0.000000       0.00000       0.00000             99.4529    0.000000    -0.00013     0.00000   -0.000004916    0.000005923    0.000005758  247.923652  95840.4913
 306.00   15.0000   -0.0000   15.0000  252.3719  252.3719  0.000000       0.00000       0.00000         589232.1980    0.000000    -0.00008     0.00000   -0.000000000    0.000004397    0.000004274  249.210604  95682.5509
 318.00   15.0000   -0.0000   15.0000  253.2431  253.2431  0.000000       0.00000       0.00000        2633218.4893    0.000000    -0.00007     0.00000    0.000000000    0.000003253    0.000003085  249.953588  95525.5123
 330.00   15.0000   -0.0000   15.0000  254.0039  254.0039  0.000000       0.00000       0.00000        2247513.4935    0.000000    -0.00007     0.00000    0.000000000    0.000002862    0.000002704  250.587233  95369.1624
 342.00   15.0000   -0.0000   15.0000  254.6402  254.6402  0.000000       0.00000       0.00000        1923208.9886    0.000000    -0.00006     0.00000    0.000000000    0.000002494    0.000002337  251.097762  95213.4242
 354.00   15.0000   -0.0000   15.0000  255.2024  255.2024  0.000000       0.00000       0.00000        1703021.4046    0.000000    -0.00006     0.00000    0.000000000    0.000002236    0.000002083  251.534911  95058.2334
 366.00   15.0000    0.0000   15.0000  255.7039  255.7039  0.000000       0.00000       0.00000        1538628.5505    0.000000    -0.00005     0.00000    0.000000000    0.000002039    0.000001887  251.911950  94903.5459
 378.00   15.0000    0.0000   15.0000  256.1653  256.1653  0.000000       0.00000       0.00000        1403812.3101    0.000000    -0.00005     0.00000    0.000000000    0.000001868    0.000001719  252.249316  94749.3288
 390.00   15.0000    0.0000   15.0000  256.5840  256.5840  0.000000       0.00000       0.00000        1295270.5923    0.000000    -0.00005     0.00000    0.000000000    0.000001727    0.000001579  252.544398  94595.5551
 402.00   15.0000    0.0000   15.0000  256.9787  256.9787  0.000000       0.00000       0.00000        1203973.8862    0.000000    -0.00005     0.00000    0.000000000    0.000001604    0.000001457  252.815689  94442.2029
 414.00   15.0000    0.0000   15.0000  257.3412  257.3412  0.000000       0.00000       0.00000        1128451.3193    0.000000    -0.00004     0.00000    0.000000000    0.000001500    0.000001353  253.055145  94289.2538
 426.00   15.0000    0.0000   15.0000  257.6894  257.6894  0.000000       0.00000       0.00000        1067295.7180    0.000000    -0.00004     0.00000    0.000000000    0.000001415    0.000001269  253.280365  94136.6924
 438.00   15.0000    0.0000   15.0000  258.0143  258.0143  0.000000       0.00000       0.00000        1010416.5007    0.000000    -0.00004     0.00000    0.000000000    0.000001333    0.000001186  253.482538  93984.5062
 450.00   15.0000    0.0000   15.0000  258.3274  258.3274  0.000000       0.00000       0.00000         961662.6146    0.000000    -0.00004     0.00000    0.000000000    0.000001261    0.000001115  253.672998  93832.6836
 462.00   15.0000    0.0000   15.0000  258.6222  258.6222  0.000000       0.00000       0.00000         915290.2967    0.000000    -0.00004     0.00000    0.000000000    0.000001189    0.000001043  253.845376  93681.2145
 474.00   15.0000    0.0000   15.0000  258.9067  258.9067  0.000000       0.00000       0.00000         877272.3333    0.000000    -0.00004     0.00000    0.000000000    0.000001131    0.000000984  254.007431  93530.0895
 486.00   15.0000    0.0000   15.0000  259.1781  259.1781  0.000000       0.00000       0.00000         840994.5311    0.000000    -0.00004     0.00000    0.000000000    0.000001073    0.000000926  254.156539  93379.3005
 498.00   15.0000    0.0000   15.0000  259.4402  259.4402  0.000000       0.00000       0.00000         809768.3953    0.000000    -0.00004     0.00000    0.000000000    0.000001023    0.000000876  254.296349  93228.8402
 510.00   15.0000    0.0000   15.0000  259.6923  259.6923  0.000000       0.00000       0.00000         781169.1347    0.000000    -0.00004     0.00000    0.000000000    0.000000976    0.000000828  254.426311  93078.7018
 522.00   15.0000    0.0000   15.0000  259.9366  259.9366  0.000000       0.00000       0.00000         755065.0661    0.000000    -0.00004     0.00000    0.000000000    0.000000932    0.000000784  254.548570  92928.8795
 534.00   15.0000    0.0000   15.0000  260.1726  260.1726  0.000000       0.00000       0.00000         731489.6643    0.000000    -0.00004     0.00000    0.000000000    0.000000892    0.000000744  254.662504  92779.3677
 546.00   15.0000    0.0000   15.0000  260.4024  260.4024  0.000000       0.00000       0.00000         710284.6424    0.000000    -0.00004     0.00000    0.000000000    0.000000856    0.000000707  254.770280  92630.1613
 558.00   15.0000    0.0000   15.0000  260.6253  260.6253  0.000000       0.00000       0.00000         691470.5201    0.000000    -0.00004     0.00000    0.000000000    0.000000823    0.000000675  254.871186  92481.2559
 570.00   15.0000    0.0000   15.0000  260.8434  260.8434  0.000000       0.00000       0.00000         671807.1949    0.000000    -0.00004     0.00000    0.000000000    0.000000788    0.000000639  254.967402  92332.6472
 582.00   15.0000    0.0000   15.0000  261.0541  261.0541  0.000000       0.00000       0.00000         653177.6219    0.000000    -0.00004     0.00000    0.000000000    0.000000754    0.000000604  255.056201  92184.3311
 594.00   15.0000    0.0000   15.0000  261.2607  261.2607  0.000000       0.00000       0.00000         636348.8982    0.000000    -0.00004     0.00000    0.000000000    0.000000722    0.000000573  255.140933  92036.3036
 606.00   15.0000    0.0000   15.0000  261.4610  261.4610  0.000000       0.00000       0.00000         620226.1734    0.000000    -0.00004     0.00000    0.000000000    0.000000692    0.000000542  255.219360  91888.5610
 618.00   15.0000    0.0000   15.0000  261.6576  261.6576  0.000000       0.00000       0.00000         606189.3235    0.000000    -0.00004     0.00000    0.000000000    0.000000665    0.000000515  255.294144  91741.0998
 630.00   15.0000    0.0000   15.0000  261.8492  261.8492  0.000000       0.00000       0.00000         592418.8304    0.000000    -0.00004     0.00000    0.000000000    0.000000639    0.000000488  255.363915  91593.9169
 642.00   15.0000    0.0000   15.0000  262.0373  262.0373  0.000000       0.00000       0.00000         580520.7624    0.000000    -0.00004     0.00000    0.000000000    0.000000616    0.000000465  255.430195  91447.0092
 654.00   15.0000    0.0000   15.0000  262.2215  262.2215  0.000000       0.00000       0.00000         569133.5004    0.000000    -0.00004     0.00000    0.000000000    0.000000594    0.000000443  255.492624  91300.3741
 666.00   15.0000    0.0000   15.0000  262.4025  262.4025  0.000000       0.00000       0.00000         559155.3004    0.000000    -0.00004     0.00000    0.000000000    0.000000574    0.000000423  255.551873  91154.0089
 678.00   15.0000    0.0000   15.0000  262.5805  262.5805  0.000000       0.00000       0.00000         549997.1630    0.000000    -0.00004     0.00000    0.000000000    0.000000557    0.000000405  255.608145  91007.9114
 690.00   15.0000    0.0000   15.0000  262.7559  262.7559  0.000000       0.00000       0.00000         542322.9097    0.000000    -0.00004     0.00000    0.000000000    0.000000542    0.000000389  255.661742  90862.0794
 702.00   15.0000    0.0000   15.0000  262.9293  262.9293  0.000000       0.00000       0.00000         535663.9022    0.000000    -0.00004     0.00000    0.000000000    0.000000529    0.000000376  255.713283  90716.5109
 714.00   15.0000    0.0000   15.0000  263.1006  263.1006  0.000000       0.00000       0.00000         529710.2733    0.000000    -0.00004     0.00000    0.000000000    0.000000518    0.000000365  255.762781  90571.2044
 726.00   15.0000    0.0000   15.0000  263.2704  263.2704  0.000000       0.00000       0.00000         524860.9767    0.000000    -0.00004     0.00000    0.000000000    0.000000509    0.000000355  255.810661  90426.1582
 738.00   15.0000    0.0000   15.0000  263.4388  263.4388  0.000000       0.00000       0.00000         521089.3452    0.000000    -0.00004     0.00000    0.000000000    0.000000503    0.000000348  255.857185  90281.3709
 750.00   15.0000    0.0000   15.0000  263.6063  263.6063  0.000000       0.00000       0.00000         518218.7549    0.000000    -0.00004     0.00000    0.000000000    0.000000499    0.000000344  255.902763  90136.8415
 762.00   15.0000    0.0000   15.0000  263.7731  263.7731  0.000000       0.00000       0.00000         516705.2005    0.000000    -0.00004     0.00000    0.000000000    0.000000498    0.000000342  255.947547  89992.5689
 774.00   15.0000    0.0000   15.0000  263.9399  263.9399  0.000000       0.00000       0.00000         516285.7827    0.000000    -0.00004     0.00000    0.000000000    0.000000500    0.000000343  255.992233  89848.5524
 786.00   15.0000    0.0000   15.0000  264.1066  264.1066  0.000000       0.00000       0.00000         516523.9456    0.000000    -0.00004     0.00000    0.000000000    0.000000503    0.000000345  256.036811  89704.7915
 798.00   15.0000    0.0000   15.0000  264.2737  264.2737  0.000000       0.00000       0.00000         517486.8949    0.000000    -0.00004     0.00000    0.000000000    0.000000508    0.000000350  256.081703  89561.2856
 810.00   15.0000    0.0000   15.0000  264.4413  264.4413  0.000000       0.00000       0.00000         519761.6014    0.000000    -0.00004     0.00000    0.000000000    0.000000517    0.000000357  256.126942  89418.0344
 822.00   15.0000    0.0000   15.0000  264.6101  264.6101  0.000000       0.00000       0.00000         524043.5820    0.000000    -0.00004     0.00000    0.000000000    0.000000530    0.000000370  256.173316  89275.0380
 834.00   15.0000    0.0000   15.0000  264.7807  264.7807  0.000000       0.00000       0.00000         530920.5911    0.000000    -0.00005     0.00000    0.000000000    0.000000551    0.000000389  256.221298  89132.2965
 846.00   15.0000    0.0000   15.0000  264.9542  264.9542  0.000000       0.00000       0.00000         540811.3275    0.000000    -0.00005     0.00000    0.000000000    0.000000579    0.000000416  256.272046  88989.8106
 858.00   15.0000    0.0000   15.0000  265.1313  265.1313  0.000000       0.00000       0.00000         553062.7783    0.000000    -0.00005     0.00000    0.000000000    0.000000614    0.000000449  256.326297  88847.5816
 870.00   15.0000    0.0000   15.0000  265.3130  265.3130  0.000000       0.00000       0.00000         572221.8354    0.000000    -0.00005     0.00000    0.000000000    0.000000668    0.000000501  256.384803  88705.6112
 882.00   15.0000    0.0000   15.0000  265.5029  265.5029  0.000000       0.00000       0.00000         590158.6715    0.000000    -0.00005     0.00000    0.000000000    0.000000719    0.000000550  256.451153  88563.9021
 894.00   15.0000    0.0000   15.0000  265.6965  265.6965  0.000000       0.00000       0.00000         625782.9438    0.000000    -0.00006     0.00000    0.000000000    0.000000818    0.000000645  256.521010  88422.4569
 906.00   15.0000    0.0000   15.0000  265.9098  265.9098  0.000000       0.00000       0.00000         645373.8234    0.000000    -0.00006     0.00000    0.000000000    0.000000876    0.000000701  256.609823  88281.2813
 918.00   15.0000    0.0000   15.0000  266.1165  266.1165  0.000000       0.00000       0.00000         721622.4646    0.000000    -0.00008     0.00000    0.000000000    0.000001088    0.000000905  256.692125  88140.3780
 930.00   15.0000    0.0000   15.0000  266.3798  266.3798  0.000000       0.00000       0.00000         730155.2979    0.000000    -0.00006     0.00000    0.000000000    0.000001121    0.000000940  256.828954  87999.7595
 942.00   15.0000    0.0000   15.0000  266.5925  266.5925  0.000000       0.00000       0.00000         919571.5958    0.000000    -0.00011     0.00000    0.000000000    0.000001657    0.000001450  256.916885  87859.4268
 954.00   15.0000    0.0000   15.0000  266.9798  266.9798  0.000000       0.00000       0.00000         882684.9469    0.000000    -0.00006     0.00000    0.000000000    0.000001571    0.000001384  257.172919  87719.4115
 966.00   15.0000    0.0000   15.0000  267.1692  267.1692  0.000000       0.00000       0.00000        1358541.9516    0.000000    -0.00021     0.00000    0.000000000    0.000002973    0.000002692  257.238291  87579.7067
 978.00   15.0000    0.0000   15.0000  267.8680  267.8680  0.000000       0.00000       0.00000        1249239.4443    0.000000    -0.00004     0.00000    0.000000000    0.000002682    0.000002508  257.793886  87440.3921
 990.00   15.0000    0.0000   15.0000  267.9882  267.9882  0.000000       0.00000       0.00000        3270460.8552    0.000000    -0.00062     0.00000    0.000000000    0.000009258    0.000008294  257.792384  87301.4488
1002.00   15.0000    0.0000   15.0000  270.0130  270.0130  0.000000       0.00000       0.00000        3182171.5196    0.000000    -0.00002     0.00000    0.000000000    0.000009056    0.000009311  259.622627  87163.2140
1014.00   15.0000    0.0000   15.0000  270.0910  270.0910  0.000000       0.00000       0.00000         236005.2723    0.000000    -0.00002     0.00000    0.000000000   -0.000000242   -0.000000438  259.580515  87025.6752
1026.00   15.0000    0.0000   15.0000  270.1690  270.1690  0.000000       0.00000       0.00000         235937.1356    0.000000    -0.00002     0.00000    0.000000000   -0.000000242   -0.000000438  259.538369  86888.3312
1038.00   15.0000    0.0000   15.0000  270.2470  270.2470  0.000000       0.00000       0.00000         235869.0383    0.000000    -0.00003     0.00000    0.000000000   -0.000000242   -0.000000438  259.496189  86751.1817
1050.00   15.0000    0.0000   15.0000  270.3250  270.3250  0.000000       0.00000       0.00000         235800.9803    0.000000    -0.00003     0.00000    0.000000000   -0.000000242   -0.000000437  259.453976  86614.2264
1062.00   15.0000    0.0000   15.0000  270.4030  270.4030  0.000000       0.00000       0.00000         235732.9615    0.000000    -0.00003     0.00000    0.000000000   -0.000000242   -0.000000437  259.411728  86477.4650
1074.00   15.0000    0.0000   15.0000  270.4810  270.4810  0.000000       0.00000       0.00000         235664.9820    0.000000    -0.00003     0.00000    0.000000000   -0.000000242   -0.000000437  259.369447  86340.8974
1086.00   15.0000    0.0000   15.0000  270.5590  270.5590  0.000000       0.00000       0.00000         235597.0417    0.000000    -0.00003     0.00000    0.000000000   -0.000000242   -0.000000436  259.327132  86204.5232
1098.00   15.0000    0.0000   15.0000  270.6370  270.6370  0.000000       0.00000       0.00000         235529.1405    0.000000    -0.00003     0.00000    0.000000000   -0.000000242   -0.000000436  259.284783  86068.3422
1110.00   15.0000    0.0000   15.0000  270.7150  270.7150  0.000000       0.00000       0.00000         235461.2785    0.000000    -0.00003     0.00000    0.000000000   -0.000000242   -0.000000436  259.242401  85932.3542
1122.00   15.0000    0.0000   15.0000  270.7930  270.7930  0.000000       0.00000       0.00000         235393.4555    0.000000    -0.00003     0.00000    0.000000000   -0.000000242   -0.000000435  259.199985  85796.5588
1134.00   15.0000    0.0000   15.0000  270.8710  270.8710  0.000000       0.00000       0.00000         235325.6716    0.000000    -0.00003     0.00000    0.000000000   -0.000000242   -0.000000435  259.157535  85660.9558
1146.00   15.0000    0.0000   15.0000  270.9490  270.9490  0.000000       0.00000       0.00000         235257.9268    0.000000    -0.00003     0.00000    0.000000000   -0.000000242   -0.000000434  259.115051  85525.5450
1158.00   15.0000    0.0000   15.0000  271.0270  271.0270  0.000000       0.00000       0.00000         235190.2209    0.000000    -0.00003     0.00000    0.000000000   -0.000000242   -0.000000434  259.072534  85390.3261
1170.00   15.0000    0.0000   15.0000  271.1050  271.1050  0.000000       0.00000       0.00000         235122.5540    0.000000    -0.00003     0.00000    0.000000000   -0.000000242   -0.000000434  259.029983  85255.2988
1182.00   15.0000    0.0000   15.0000  271.1830  271.1830  0.000000       0.00000       0.00000         235054.9260    0.000000    -0.00003     0.00000    0.000000000   -0.000000242   -0.000000433  258.987398  85120.4629
1194.00   15.0000    0.0000   15.0000  271.2610  271.2610  0.000000       0.00000       0.00000         234987.3369    0.000000    -0.00003     0.00000    0.000000000   -0.000000242   -0.000000433  258.944780  84985.8181
1206.00   15.0000    0.0000   15.0000  271.3390  271.3390  0.000000       0.00000       0.00000         234919.7867    0.000000    -0.00003     0.00000    0.000000000   -0.000000242   -0.000000433  258.902128  84851.3642
1218.00   15.0000    0.0000   15.0000  271.4170  271.4170  0.000000       0.00000       0.00000         234852.2753    0.000000    -0.00003     0.00000    0.000000000   -0.000000243   -0.000000432  258.859442  84717.1009
1230.00   15.0000    0.0000   15.0000  271.4950  271.4950  0.000000       0.00000       0.00000         234784.8027    0.000000    -0.00003     0.00000    0.000000000   -0.000000243   -0.000000432  258.816723  84583.0280
1242.00   15.0000    0.0000   15.0000  271.5730  271.5730  0.000000       0.00000       0.00000         234717.3688    0.000000    -0.00003     0.00000    0.000000000   -0.000000243   -0.000000432  258.773970  84449.1451
1254.00   15.0000    0.0000   15.0000  271.6510  271.6510  0.000000       0.00000       0.00000         234649.9737    0.000000    -0.00003     0.00000    0.000000000   -0.000000243   -0.000000431  258.731183  84315.4521
1266.00   15.0000    0.0000   15.0000  271.7290  271.7290  0.000000       0.00000       0.00000         234582.6172    0.000000    -0.00003     0.00000    0.000000000   -0.000000243   -0.000000431  258.688363  84181.9486
1278.00   15.0000    0.0000   15.0000  271.8070  271.8070  0.000000       0.00000       0.00000         234515.2995    0.000000    -0.00003     0.00000    0.000000000   -0.000000243   -0.000000431  258.645509  84048.6345
1290.00   15.0000    0.0000   15.0000  271.8850  271.8850  0.000000       0.00000       0.00000         234448.0203    0.000000    -0.00003     0.00000    0.000000000   -0.000000243   -0.000000430  258.602622  83915.5095
1302.00   15.0000    0.0000   15.0000  271.9630  271.9630  0.000000       0.00000       0.00000         234380.7797    0.000000    -0.00003     0.00000    0.000000000   -0.000000243   -0.000000430  258.559701  83782.5733
1314.00   15.0000    0.0000   15.0000  272.0410  272.0410  0.000000       0.00000       0.00000         234313.5777    0.000000    -0.00003     0.00000    0.000000000   -0.000000243   -0.000000429  258.516746  83649.8256
1326.00   15.0000    0.0000   15.0000  272.1190  272.1190  0.000000       0.00000       0.00000         234246.4143    0.000000    -0.00003     0.00000    0.000000000   -0.000000243   -0.000000429  258.473758  83517.2663
1338.00   15.0000    0.0000   15.0000  272.1970  272.1970  0.000000       0.00000       0.00000         234179.2893    0.000000    -0.00003     0.00000    0.000000000   -0.000000243   -0.000000429  258.430736  83384.8950
1350.00   15.0000    0.0000   15.0000  272.2750  272.2750  0.000000       0.00000       0.00000         234112.2027    0.000000    -0.00003     0.00000    0.000000000   -0.000000243   -0.000000428  258.387681  83252.7116
1362.00   15.0000    0.0000   15.0000  272.3530  272.3530  0.000000       0.00000       0.00000         234045.1546    0.000000    -0.00003     0.00000    0.000000000   -0.000000243   -0.000000428  258.344592  83120.7157
1374.00   15.0000    0.0000   15.0000  272.4310  272.4310  0.000000       0.00000       0.00000         233978.1449    0.000000    -0.00003     0.00000    0.000000000   -0.000000243   -0.000000428  258.301469  82988.9071
1386.00   15.0000    0.0000   15.0000  272.5090  272.5090  0.000000       0.00000       0.00000         233911.1736    0.000000    -0.00003     0.00000    0.000000000   -0.000000243   -0.000000427  258.258313  82857.2855
1398.00   15.0000    0.0000   15.0000  272.5870  272.5870  0.000000       0.00000       0.00000         233844.2406    0.000000    -0.00003     0.00000    0.000000000   -0.000000243   -0.000000427  258.215124  82725.8508
1410.00   15.0000    0.0000   15.0000  272.6650  272.6650  0.000000       0.00000       0.00000         233777.3458    0.000000    -0.00003     0.00000    0.000000000   -0.000000243   -0.000000427  258.171901  82594.6026
1422.00   15.0000    0.0000   15.0000  272.7430  272.7430  0.000000       0.00000       0.00000         233710.4894    0.000000    -0.00003     0.00000    0.000000000   -0.000000243   -0.000000426  258.128645  82463.5407
1434.00   15.0000    0.0000   15.0000  272.8210  272.8210  0.000000       0.00000       0.00000         233643.6711    0.000000    -0.00003     0.00000    0.000000000   -0.000000243   -0.000000426  258.085355  82332.6648
1446.00   15.0000    0.0000   15.0000  272.8990  272.8990  0.000000       0.00000       0.00000         233576.8911    0.000000    -0.00004     0.00000    0.000000000   -0.000000242   -0.000000425  258.042031  82201.9748
1458.00   15.0000    0.0000   15.0000  272.9770  272.9770  0.000000       0.00000       0.00000         233510.1492    0.000000    -0.00004     0.00000    0.000000000   -0.000000242   -0.000000425  257.998674  82071.4703
1470.00   15.0000    0.0000   15.0000  273.0550  273.0550  0.000000       0.00000       0.00000         233443.4455    0.000000    -0.00004     0.00000    0.000000000   -0.000000242   -0.000000425  257.955284  81941.1511
1482.00   15.0000    0.0000   15.0000  273.1330  273.1330  0.000000       0.00000       0.00000         233376.7798    0.000000    -0.00004     0.00000    0.000000000   -0.000000242   -0.000000424  257.911860  81811.0170
1494.00   15.0000    0.0000   15.0000  273.2110  273.2110  0.000000       0.00000       0.00000         233310.1522    0.000000    -0.00004     0.00000    0.000000000   -0.000000242   -0.000000424  257.868403  81681.0676
1506.00   15.0000    0.0000   15.0000  273.2890  273.2890  0.000000       0.00000       0.00000         233243.5627    0.000000    -0.00004     0.00000    0.000000000   -0.000000242   -0.000000423  257.824912  81551.3028
1518.00   15.0000    0.0000   15.0000  273.3670  273.3670  0.000000       0.00000       0.00000         233177.0111    0.000000    -0.00004     0.00000    0.000000000   -0.000000242   -0.000000423  257.781388  81421.7224
1530.00   15.0000    0.0000   15.0000  273.4450  273.4450  0.000000       0.00000       0.00000         233110.4975    0.000000    -0.00004     0.00000    0.000000000   -0.000000242   -0.000000423  257.737831  81292.3259
1542.00   15.0000    0.0000   15.0000  273.5230  273.5230  0.000000       0.00000       0.00000         233044.0219    0.000000    -0.00004     0.00000    0.000000000   -0.000000242   -0.000000422  257.694240  81163.1133
1554.00   15.0000    0.0000   15.0000  273.6010  273.6010  0.000000       0.00000       0.00000         232977.5841    0.000000    -0.00004     0.00000    0.000000000   -0.000000242   -0.000000422  257.650616  81034.0843
1566.00   15.0000    0.0000   15.0000  273.6790  273.6790  0.000000       0.00000       0.00000         232911.1843    0.000000    -0.00004     0.00000    0.000000000   -0.000000242   -0.000000421  257.606958  80905.2386
1578.00   15.0000    0.0000   15.0000  273.7570  273.7570  0.000000       0.00000       0.00000         232844.8222    0.000000    -0.00004     0.00000    0.000000000   -0.000000242   -0.000000421  257.563267  80776.5759
1590.00   15.0000    0.0000   15.0000  273.8350  273.8350  0.000000       0.00000       0.00000         232778.4980    0.000000    -0.00004     0.00000    0.000000000   -0.000000242   -0.000000421  257.519542  80648.0961
1602.00   15.0000    0.0000   15.0000  273.9130  273.9130  0.000000       0.00000       0.00000         232712.2115    0.000000    -0.00004     0.00000    0.000000000   -0.000000242   -0.000000420  257.475785  80519.7988
1614.00   15.0000    0.0000   15.0000  273.9910  273.9910  0.000000       0.00000       0.00000         232645.9628    0.000000    -0.00004     0.00000    0.000000000   -0.000000242   -0.000000420  257.431994  80391.6839
1626.00   15.0000    0.0000   15.0000  274.0690  274.0690  0.000000       0.00000       0.00000         232579.7518    0.000000    -0.00004     0.00000    0.000000000   -0.000000242   -0.000000419  257.388169  80263.7511
1638.00   15.0000    0.0000   15.0000  274.1470  274.1470  0.000000       0.00000       0.00000         232513.5785    0.000000    -0.00004     0.00000    0.000000000   -0.000000242   -0.000000419  257.344311  80136.0002
1650.00   15.0000    0.0000   15.0000  274.2250  274.2250  0.000000       0.00000       0.00000         232447.4428    0.000000    -0.00004     0.00000    0.000000000   -0.000000242   -0.000000419  257.300420  80008.4308
1662.00   15.0000    0.0000   15.0000  274.3030  274.3030  0.000000       0.00000       0.00000         232381.3447    0.000000    -0.00004     0.00000    0.000000000   -0.000000242   -0.000000418  257.256496  79881.0428
1674.00   15.0000    0.0000   15.0000  274.3810  274.3810  0.000000       0.00000       0.00000         232315.2842    0.000000    -0.00004     0.00000    0.000000000   -0.000000242   -0.000000418  257.212538  79753.8359
1686.00   15.0000    0.0000   15.0000  274.4590  274.4590  0.000000       0.00000       0.00000         232249.2613    0.000000    -0.00004     0.00000    0.000000000   -0.000000242   -0.000000417  257.168547  79626.8099
1698.00   15.0000    0.0000   15.0000  274.5370  274.5370  0.000000       0.00000       0.00000         232183.2758    0.000000    -0.00004     0.00000    0.000000000   -0.000000242   -0.000000417  257.124523  79499.9645
1710.00   15.0000    0.0000   15.0000  274.6150  274.6150  0.000000       0.00000       0.00000         232117.3279    0.000000    -0.00004     0.00000    0.000000000   -0.000000242   -0.000000417  257.080466  79373.2995
1722.00   15.0000    0.0000   15.0000  274.6930  274.6930  0.000000       0.00000       0.00000         232051.4174    0.000000    -0.00004     0.00000    0.000000000   -0.000000242   -0.000000416  257.036375  79246.8147
1734.00   15.0000    0.0000   15.0000  274.7710  274.7710  0.000000       0.00000       0.00000         231985.5443    0.000000    -0.00004     0.00000    0.000000000   -0.000000242   -0.000000416  256.992251  79120.5097
1746.00   15.0000    0.0000   15.0000  274.8490  274.8490  0.000000       0.00000       0.00000         231919.7086    0.000000    -0.00004     0.00000    0.000000000   -0.000000242   -0.000000415  256.948094  78994.3844
1758.00   15.0000    0.0000   15.0000  274.9270  274.9270  0.000000       0.00000       0.00000         231853.9103    0.000000    -0.00004     0.00000    0.000000000   -0.000000242   -0.000000415  256.903903  78868.4386
1770.00   15.0000    0.0000   15.0000  275.0050  275.0050  0.000000       0.00000       0.00000         231788.1493    0.000000    -0.00004     0.00000    0.000000000   -0.000000242   -0.000000414  256.859679  78742.6719
1782.00   15.0000    0.0000   15.0000  275.0830  275.0830  0.000000       0.00000       0.00000         231722.4256    0.000000    -0.00004     0.00000    0.000000000   -0.000000241   -0.000000414  256.815422  78617.0842
1794.00   15.0000    0.0000   15.0000  275.1610  275.1610  0.000000       0.00000       0.00000         231656.7391    0.000000    -0.00004     0.00000    0.000000000   -0.000000241   -0.000000414  256.771132  78491.6751
1806.00   15.0000    0.0000   15.0000  275.2390  275.2390  0.000000       0.00000       0.00000         231591.0899    0.000000    -0.00004     0.00000    0.000000000   -0.000000241   -0.000000413  256.726809  78366.4446
1818.00   15.0000    0.0000   15.0000  275.3170  275.3170  0.000000       0.00000       0.00000         231525.4779    0.000000    -0.00004     0.00000    0.000000000   -0.000000241   -0.000000413  256.682453  78241.3922
1830.00   15.0000    0.0000   15.0000  275.3950  275.3950  0.000000       0.00000       0.00000         231459.9030    0.000000    -0.00004     0.00000    0.000000000   -0.000000241   -0.000000412  256.638063  78116.5178
1842.00   15.0000    0.0000   15.0000  275.4730  275.4730  0.000000       0.00000       0.00000         231394.3653    0.000000    -0.00004     0.00000    0.000000000   -0.000000241   -0.000000412  256.593640  77991.8212
1854.00   15.0000    0.0000   15.0000  275.5510  275.5510  0.000000       0.00000       0.00000         231328.8647    0.000000    -0.00005     0.00000    0.000000000   -0.000000241   -0.000000411  256.549184  77867.3021
1866.00   15.0000    0.0000   15.0000  275.6290  275.6290  0.000000       0.00000       0.00000         231263.4012    0.000000    -0.00005     0.00000    0.000000000   -0.000000241   -0.000000411  256.504695  77742.9603
1878.00   15.0000    0.0000   15.0000  275.7070  275.7070  0.000000       0.00000       0.00000         231197.9747    0.000000    -0.00005     0.00000    0.000000000   -0.000000241   -0.000000411  256.460173  77618.7954
1890.00   15.0000    0.0000   15.0000  275.7850  275.7850  0.000000       0.00000       0.00000         231132.5852    0.000000    -0.00005     0.00000    0.000000000   -0.000000241   -0.000000410  256.415617  77494.8074
1902.00   15.0000    0.0000   15.0000  275.8630  275.8630  0.000000       0.00000       0.00000         231067.2326    0.000000    -0.00005     0.00000    0.000000000   -0.000000241   -0.000000410  256.371029  77370.9959
1914.00   15.0000    0.0000   15.0000  275.9410  275.9410  0.000000       0.00000       0.00000         231001.9171    0.000000    -0.00005     0.00000    0.000000000   -0.000000241   -0.000000409  256.326407  77247.3608
1926.00   15.0000    0.0000   15.0000  276.0190  276.0190  0.000000       0.00000       0.00000         230936.6384    0.000000    -0.00005     0.00000    0.000000000   -0.000000241   -0.000000409  256.281752  77123.9017
1938.00   15.0000    0.0000   15.0000  276.0970  276.0970  0.000000       0.00000       0.00000         230871.3966    0.000000    -0.00005     0.00000    0.000000000   -0.000000241   -0.000000408  256.237065  77000.6185
1950.00   15.0000    0.0000   15.0000  276.1750  276.1750  0.000000       0.00000       0.00000         230806.1917    0.000000    -0.00005     0.00000    0.000000000   -0.000000241   -0.000000408  256.192344  76877.5109
1962.00   15.0000    0.0000   15.0000  276.2530  276.2530  0.000000       0.00000       0.00000         230741.0236    0.000000    -0.00005     0.00000    0.000000000   -0.000000240   -0.000000407  256.147590  76754.5786
1974.00   15.0000    0.0000   15.0000  276.3310  276.3310  0.000000       0.00000       0.00000         230675.8923    0.000000    -0.00005     0.00000    0.000000000   -0.000000240   -0.000000407  256.102803  76631.8215
1986.00   15.0000    0.0000   15.0000  276.4090  276.4090  0.000000       0.00000       0.00000         230610.7978    0.000000    -0.00005     0.00000    0.000000000   -0.000000240   -0.000000407  256.057983  76509.2393
1998.00   15.0000    0.0000   15.0000  276.4870  276.4870  0.000000       0.00000       0.00000         230545.7399    0.000000    -0.00005     0.00000    0.000000000   -0.000000240   -0.000000406  256.013129  76386.8318
2010.00   15.0000    0.0000   15.0000  276.5650  276.5650  0.000000       0.00000       0.00000         230480.7188    0.000000    -0.00005     0.00000    0.000000000   -0.000000240   -0.000000406  255.968243  76264.5987
2022.00   15.0000    0.0000   15.0000  276.6430  276.6430  0.000000       0.00000       0.00000         230415.7344    0.000000    -0.00005     0.00000    0.000000000   -0.000000240   -0.000000405  255.923324  76142.5398
2034.00   15.0000    0.0000   15.0000  276.7210  276.7210  0.000000       0.00000       0.00000         230350.7865    0.000000    -0.00005     0.00000    0.000000000   -0.000000240   -0.000000405  255.878372  76020.6549
2046.00   15.0000    0.0000   15.0000  276.7990  276.7990  0.000000       0.00000       0.00000         230285.8753    0.000000    -0.00005     0.00000    0.000000000   -0.000000240   -0.000000404  255.833387  75898.9437
2058.00   15.0000    0.0000   15.0000  276.8770  276.8770  0.000000       0.00000       0.00000         230221.0007    0.000000    -0.00005     0.00000    0.000000000   -0.000000240   -0.000000404  255.788369  75777.4060
2070.00   15.0000    0.0000   15.0000  276.9550  276.9550  0.000000       0.00000       0.00000         230156.1626    0.000000    -0.00005     0.00000    0.000000000   -0.000000240   -0.000000403  255.743317  75656.0416
2082.00   15.0000    0.0000   15.0000  277.0330  277.0330  0.000000       0.00000       0.00000         230091.3610    0.000000    -0.00005     0.00000    0.000000000   -0.000000240   -0.000000403  255.698233  75534.8503
2094.00   15.0000    0.0000   15.0000  277.1110  277.1110  0.000000       0.00000       0.00000         230026.5958    0.000000    -0.00005     0.00000    0.000000000   -0.000000240   -0.000000403  255.653116  75413.8317
2106.00   15.0000    0.0000   15.0000  277.1890  277.1890  0.000000       0.00000       0.00000         229961.8672    0.000000    -0.00005     0.00000    0.000000000   -0.000000239   -0.000000402  255.607966  75292.9857
2118.00   15.0000    0.0000   15.0000  277.2670  277.2670  0.000000       0.00000       0.00000         229897.1749    0.000000    -0.00005     0.00000    0.000000000   -0.000000239   -0.000000402  255.562783  75172.3121
2130.00   15.0000    0.0000   15.0000  277.3450  277.3450  0.000000       0.00000       0.00000         229832.5191    0.000000    -0.00005     0.00000    0.000000000   -0.000000239   -0.000000401  255.517567  75051.8105
2142.00   15.0000    0.0000   15.0000  277.4230  277.4230  0.000000       0.00000       0.00000         229767.8996    0.000000    -0.00005     0.00000    0.000000000   -0.000000239   -0.000000401  255.472318  74931.4809
2154.00   15.0000    0.0000   15.0000  277.5010  277.5010  0.000000       0.00000       0.00000         229703.3164    0.000000    -0.00005     0.00000    0.000000000   -0.000000239   -0.000000400  255.427036  74811.3229
2166.00   15.0000    0.0000   15.0000  277.5790  277.5790  0.000000       0.00000       0.00000         229638.7695    0.000000    -0.00005     0.00000    0.000000000   -0.000000239   -0.000000400  255.381722  74691.3363
2178.00   15.0000    0.0000   15.0000  277.6570  277.6570  0.000000       0.00000       0.00000         229574.2589    0.000000    -0.00005     0.00000    0.000000000   -0.000000239   -0.000000399  255.336374  74571.5209
2190.00   15.0000    0.0000   15.0000  277.7350  277.7350  0.000000       0.00000       0.00000         229509.7845    0.000000    -0.00005     0.00000    0.000000000   -0.000000239   -0.000000399  255.290993  74451.8765
2202.00   15.0000    0.0000   15.0000  277.8130  277.8130  0.000000       0.00000       0.00000         229445.3463    0.000000    -0.00005     0.00000    0.000000000   -0.000000239   -0.000000398  255.245580  74332.4028
2214.00   15.0000    0.0000   15.0000  277.8910  277.8910  0.000000       0.00000       0.00000         229380.9443    0.000000    -0.00005     0.00000    0.000000000   -0.000000238   -0.000000398  255.200134  74213.0996
2226.00   15.0000    0.0000   15.0000  277.9690  277.9690  0.000000       0.00000       0.00000         229316.5785    0.000000    -0.00005     0.00000    0.000000000   -0.000000238   -0.000000397  255.154654  74093.9667
2238.00   15.0000    0.0000   15.0000  278.0470  278.0470  0.000000       0.00000       0.00000         229252.2487    0.000000    -0.00005     0.00000    0.000000000   -0.000000238   -0.000000397  255.109142  73975.0039
2250.00   15.0000    0.0000   15.0000  278.1250  278.1250  0.000000       0.00000       0.00000         229187.9551    0.000000    -0.00005     0.00000    0.000000000   -0.000000238   -0.000000396  255.063598  73856.2109
2262.00   15.0000    0.0000   15.0000  278.2030  278.2030  0.000000       0.00000       0.00000         229123.6974    0.000000    -0.00006     0.00000    0.000000000   -0.000000238   -0.000000396  255.018020  73737.5874
2274.00   15.0000    0.0000   15.0000  278.2810  278.2810  0.000000       0.00000       0.00000         229059.4759    0.000000    -0.00006     0.00000    0.000000000   -0.000000238   -0.000000395  254.972409  73619.1333
2286.00   15.0000    0.0000   15.0000  278.3590  278.3590  0.000000       0.00000       0.00000         228995.2903    0.000000    -0.00006     0.00000    0.000000000   -0.000000238   -0.000000395  254.926766  73500.8484
2298.00   15.0000    0.0000   15.0000  278.4370  278.4370  0.000000       0.00000       0.00000         228931.1406    0.000000    -0.00006     0.00000    0.000000000   -0.000000238   -0.000000395  254.881090  73382.7324
2310.00   15.0000    0.0000   15.0000  278.5150  278.5150  0.000000       0.00000       0.00000         228867.0269    0.000000    -0.00006     0.00000    0.000000000   -0.000000238   -0.000000394  254.835381  73264.7851
2322.00   15.0000    0.0000   15.0000  278.5930  278.5930  0.000000       0.00000       0.00000         228802.9491    0.000000    -0.00006     0.00000    0.000000000   -0.000000237   -0.000000394  254.789639  73147.0062
2334.00   15.0000    0.0000   15.0000  278.6710  278.6710  0.000000       0.00000       0.00000         228738.9072    0.000000    -0.00006     0.00000    0.000000000   -0.000000237   -0.000000393  254.743864  73029.3956
2346.00   15.0000    0.0000   15.0000  278.7490  278.7490  0.000000       0.00000       0.00000         228674.9011    0.000000    -0.00006     0.00000    0.000000000   -0.000000237   -0.000000393  254.698057  72911.9529
2358.00   15.0000    0.0000   15.0000  278.8270  278.8270  0.000000       0.00000       0.00000         228610.9308    0.000000    -0.00006     0.00000    0.000000000   -0.000000237   -0.000000392  254.652217  72794.6781
2370.00   15.0000    0.0000   15.0000  278.9050  278.9050  0.000000       0.00000       0.00000         228546.9963    0.000000    -0.00006     0.00000    0.000000000   -0.000000237   -0.000000392  254.606344  72677.5708
2382.00   15.0000    0.0000   15.0000  278.9830  278.9830  0.000000       0.00000       0.00000              0.0000    0.000000    -0.00006     0.00000    0.000000000    0.000000000    0.000000000  254.560439  72560.6309
2394.00   15.0000    0.0000   15.0000  279.0610  279.0610  0.000000       0.00000       0.00000              0.0000    0.000000     0.00000     0.00000    0.000000000    0.000000000    0.000000000  254.514500  72443.8580
