   0.00    0.0000    0.0000    0.0000  243.5809  243.5809  0.000000       0.00000       0.00000              0.0000    0.000000     0.00000     0.00000    0.000000000    0.000000000    0.000000000    0.000000      0.0000
   6.00    7.5273    3.5967    8.3424  245.3809  245.3809  0.000000       0.67843       0.67843              0.0000    0.000000     0.00000     0.00000   -0.000030692    0.000000000    0.000000000  245.293200  99874.8088
  18.00    8.6074    4.0222    9.5008  245.5370  245.5370  0.000000       1.96263       1.96263              0.0693    0.000000    -0.00000     0.00000   -0.000034027    0.000000000    0.000000000  245.302752  99666.3343
  30.00    9.3182    4.2494   10.2413  245.6435  245.6435  0.000000       1.81627       1.81627              0.0984    0.000000    -0.00000     0.00000   -0.000041990    0.000000017   -0.000000036  245.292013  99499.9030
  42.00    9.9821    4.4142   10.9146  245.7468  245.7468  0.000000       1.96187       1.96187              0.1147    0.000000    -0.00000     0.00000   -0.000045076    0.000000004   -0.000000049  245.278041  99333.7413
  54.00   10.5854    4.5218   11.5108  245.8447  245.8447  0.000000       1.89005       1.89005              0.1323    0.000000    -0.00000     0.00000   -0.000047304   -0.000000004   -0.000000056  245.258680  99167.8459
  66.00   11.1613    4.5841   12.0660  245.9428  245.9428  0.000000       1.81583       1.81583              0.1477    0.000000    -0.00000     0.00000   -0.000049172   -0.000000002   -0.000000054  245.239455  99002.2144
  78.00   11.7141    4.6044   12.5865  246.0424  246.0424  0.000000       1.69531       1.69531              0.1632    0.000000    -0.00000     0.00000   -0.000050846    0.000000005   -0.000000047  245.221587  98836.8471
  90.00   12.2504    4.5843   13.0801  246.1452  246.1452  0.000000       1.56122       1.56122              0.1786    0.000000    -0.00000     0.00000   -0.000052443    0.000000017   -0.000000036  245.206945  98671.7451
 102.00   12.7720    4.5241   13.5496  246.2526  246.2526  0.000000       1.41456       1.41456              0.1946    0.000000    -0.00000     0.00000   -0.000054025    0.000000033   -0.000000021  245.196860  98506.9106
 114.00   13.2798    4.4228   13.9969  246.3662  246.3662  0.000000       1.26360       1.26360              0.2113    0.000000    -0.00000     0.00000   -0.000055710    0.000000054   -0.000000001  245.192826  98342.3467
 126.00   13.7728    4.2789   14.4222  246.4875  246.4875  0.000000       1.11170       1.11170              0.2293    0.000000    -0.00001     0.00000   -0.000057391    0.000000080    0.000000025  245.196426  98178.0576
 138.00   14.2491    4.0901   14.8245  246.6184  246.6184  0.000000       0.96245       0.96245              0.2490    0.000000    -0.00001     0.00000   -0.000059349    0.000000113    0.000000056  245.209559  98014.0485
 150.00   14.7051    3.8539   15.2017  246.7614  246.7614  0.000000       0.81823       0.81823              0.2708    0.000000    -0.00001     0.00000   -0.000061639    0.000000154    0.000000096  245.234540  97850.3262
 162.00   15.1357    3.5671   15.5503  246.9192  246.9192  0.000000       0.68135       0.68135              0.2955    0.000000    -0.00001     0.00000   -0.000064441    0.000000206    0.000000146  245.274312  97686.8988
 174.00   15.5333    3.2266   15.8649  247.0960  247.0960  0.000000       0.55283       0.55283              0.3242    0.000000    -0.00001     0.00000   -0.000068072    0.000000274    0.000000210  245.332790  97523.7771
 186.00   15.8876    2.8294   16.1376  247.2970  247.2970  0.000000       0.43560       0.43560              0.3580    0.000000    -0.00001     0.00000   -0.000073030    0.000000363    0.000000296  245.415130  97360.9744
 198.00   16.1843    2.3726   16.3573  247.5298  247.5298  0.000000       0.32691       0.32691              0.4000    0.000000    -0.00002     0.00000   -0.000080158    0.000000482    0.000000409  245.529069  97198.5084
 210.00   16.4014    1.8594   16.5065  247.8038  247.8038  0.000000       0.23681       0.23681              0.4512    0.000000    -0.00002     0.00000   -0.000090999    0.000000655    0.000000574  245.683720  97036.4021
 222.00   16.5115    1.2869   16.5615  248.1405  248.1405  0.000000       0.14418       0.14418              0.5298    0.000000    -0.00003     0.00000   -0.000108854    0.000000866    0.000000777  245.900334  96874.6882
 234.00   16.4686    0.7158   16.4841  248.5368  248.5368  0.000000       0.10035       0.10035              0.6027    0.000000    -0.00003     0.00000   -0.000148543    0.000001217    0.000001109  246.175940  96713.4052
 246.00   16.1668    0.1292   16.1673  249.0692  249.0692  0.000000       0.00132       0.00132              2.0992    0.000000     0.00000     0.00000   -0.000162379    0.000011913    0.000009340  246.586084  96552.6145
 258.00   15.0172   -0.0133   15.0172  254.3972  254.3972  0.000000       0.00007       0.00007              4.1860    0.000000    -0.00007     0.00000   -0.000025344    0.000013359    0.000015230  251.742516  96393.8646
 270.00   15.0000   -0.0000   15.0000  255.3045  255.3045  0.000000       0.00000       0.00000           3668.4174    0.000000    -0.00008     0.00000   -0.000000206    0.000004675    0.000004434  252.523047  96237.2578
 282.00   15.0000   -0.0000   15.0000  256.2731  256.2731  0.000000       0.00000       0.00000        2584309.5060    0.000000    -0.00006     0.00000    0.000000000    0.000004177    0.000004007  253.363731  96081.4059
 294.00   15.0000   -0.0000   15.0000  256.9257  256.9257  0.000000       0.00000       0.00000        1919836.7558    0.000000    -0.00005     0.00000    0.000000000    0.000003113    0.000002930  253.891694  95926.2263
 306.00   15.0000   -0.0000   15.0000  257.4802  257.4802  0.000000       0.00000       0.00000        1639665.1544    0.000000    -0.00005     0.00000    0.000000000    0.000002668    0.000002490  254.322469  95771.5894
 318.00   15.0000   -0.0000   15.0000  257.9589  257.9589  0.000000       0.00000       0.00000        1439091.2159    0.000000    -0.00004     0.00000    0.000000000    0.000002337    0.000002161  254.678070  95617.4402
 330.00   15.0000    0.0000   15.0000  258.3887  258.3887  0.000000       0.00000       0.00000        1299156.8343    0.000000    -0.00004     0.00000    0.000000000    0.000002102    0.000001928  254.985252  95463.7391
 342.00   15.0000    0.0000   15.0000  258.7804  258.7804  0.000000       0.00000       0.00000        1195633.2693    0.000000    -0.00004     0.00000    0.000000000    0.000001927    0.000001754  255.254608  95310.4583
 354.00   15.0000    0.0000   15.0000  259.1460  259.1460  0.000000       0.00000       0.00000        1113237.6640    0.000000    -0.00004     0.00000    0.000000000    0.000001785    0.000001613  255.497974  95157.5772
 366.00   15.0000    0.0000   15.0000  259.4865  259.4865  0.000000       0.00000       0.00000        1049691.7894    0.000000    -0.00004     0.00000    0.000000000    0.000001676    0.000001503  255.716520  95005.0791
 378.00   15.0000    0.0000   15.0000  259.8126  259.8126  0.000000       0.00000       0.00000         985419.0579    0.000000    -0.00004     0.00000    0.000000000    0.000001557    0.000001386  255.920711  94852.9511
 390.00   15.0000    0.0000   15.0000  260.1131  260.1131  0.000000       0.00000       0.00000         936824.5035    0.000000    -0.00004     0.00000    0.000000000    0.000001469    0.000001297  256.099529  94701.1802
 402.00   15.0000    0.0000   15.0000  260.4089  260.4089  0.000000       0.00000       0.00000         885454.1459    0.000000    -0.00003     0.00000    0.000000000    0.000001369    0.000001198  256.273689  94549.7565
 414.00   15.0000    0.0000   15.0000  260.6774  260.6774  0.000000       0.00000       0.00000         841509.4887    0.000000    -0.00003     0.00000    0.000000000    0.000001282    0.000001110  256.420693  94398.6695
 426.00   15.0000    0.0000   15.0000  260.9458  260.9458  0.000000       0.00000       0.00000         809018.6154    0.000000    -0.00003     0.00000    0.000000000    0.000001219    0.000001048  256.567588  94247.9104
 438.00   15.0000    0.0000   15.0000  261.1940  261.1940  0.000000       0.00000       0.00000         771693.8625    0.000000    -0.00003     0.00000    0.000000000    0.000001142    0.000000970  256.694497  94097.4722
 450.00   15.0000    0.0000   15.0000  261.4391  261.4391  0.000000       0.00000       0.00000         747827.7613    0.000000    -0.00003     0.00000    0.000000000    0.000001095    0.000000923  256.818192  93947.3474
 462.00   15.0000    0.0000   15.0000  261.6725  261.6725  0.000000       0.00000       0.00000         720694.6191    0.000000    -0.00003     0.00000    0.000000000    0.000001038    0.000000866  256.930337  93797.5309
 474.00   15.0000    0.0000   15.0000  261.9006  261.9006  0.000000       0.00000       0.00000         699444.4600    0.000000    -0.00003     0.00000    0.000000000    0.000000995    0.000000821  257.037174  93648.0170
 486.00   15.0000    0.0000   15.0000  262.1208  262.1208  0.000000       0.00000       0.00000         676766.0984    0.000000    -0.00003     0.00000    0.000000000    0.000000946    0.000000772  257.136140  93498.8011
 498.00   15.0000    0.0000   15.0000  262.3348  262.3348  0.000000       0.00000       0.00000         656461.8315    0.000000    -0.00003     0.00000    0.000000000    0.000000901    0.000000728  257.228875  93349.8784
 510.00   15.0000    0.0000   15.0000  262.5423  262.5423  0.000000       0.00000       0.00000         637902.6918    0.000000    -0.00003     0.00000    0.000000000    0.000000861    0.000000686  257.315213  93201.2447
 522.00   15.0000    0.0000   15.0000  262.7446  262.7446  0.000000       0.00000       0.00000         620836.0308    0.000000    -0.00003     0.00000    0.000000000    0.000000822    0.000000648  257.396398  93052.8958
 534.00   15.0000    0.0000   15.0000  262.9415  262.9415  0.000000       0.00000       0.00000         605188.3001    0.000000    -0.00003     0.00000    0.000000000    0.000000787    0.000000612  257.472112  92904.8282
 546.00   15.0000    0.0000   15.0000  263.1341  263.1341  0.000000       0.00000       0.00000         588753.1533    0.000000    -0.00003     0.00000    0.000000000    0.000000749    0.000000573  257.543553  92757.0384
 558.00   15.0000    0.0000   15.0000  263.3206  263.3206  0.000000       0.00000       0.00000         574088.3145    0.000000    -0.00003     0.00000    0.000000000    0.000000714    0.000000539  257.609014  92609.5229
 570.00   15.0000    0.0000   15.0000  263.5040  263.5040  0.000000       0.00000       0.00000         557291.4945    0.000000    -0.00003     0.00000    0.000000000    0.000000673    0.000000497  257.671302  92462.2785
 582.00   15.0000    0.0000   15.0000  263.6800  263.6800  0.000000       0.00000       0.00000         541807.6012    0.000000    -0.00003     0.00000    0.000000000    0.000000635    0.000000459  257.726260  92315.3016
 594.00   15.0000    0.0000   15.0000  263.8537  263.8537  0.000000       0.00000       0.00000         526130.2246    0.000000    -0.00003     0.00000    0.000000000    0.000000595    0.000000419  257.778856  92168.5890
 606.00   15.0000    0.0000   15.0000  264.0198  264.0198  0.000000       0.00000       0.00000         508820.2064    0.000000    -0.00003     0.00000    0.000000000    0.000000551    0.000000375  257.823994  92022.1372
 618.00   15.0000    0.0000   15.0000  264.1824  264.1824  0.000000       0.00000       0.00000         495499.8029    0.000000    -0.00003     0.00000    0.000000000    0.000000516    0.000000340  257.865725  91875.9428
 630.00   15.0000    0.0000   15.0000  264.3401  264.3401  0.000000       0.00000       0.00000         481423.9910    0.000000    -0.00003     0.00000    0.000000000    0.000000479    0.000000303  257.902509  91730.0028
 642.00   15.0000    0.0000   15.0000  264.4939  264.4939  0.000000       0.00000       0.00000         469865.8295    0.000000    -0.00003     0.00000    0.000000000    0.000000449    0.000000273  257.935400  91584.3143
 654.00   15.0000    0.0000   15.0000  264.6443  264.6443  0.000000       0.00000       0.00000         459028.5535    0.000000    -0.00003     0.00000    0.000000000    0.000000420    0.000000244  257.964927  91438.8748
 666.00   15.0000    0.0000   15.0000  264.7912  264.7912  0.000000       0.00000       0.00000         448569.6458    0.000000    -0.00003     0.00000    0.000000000    0.000000392    0.000000216  257.991010  91293.6819
 678.00   15.0000    0.0000   15.0000  264.9350  264.9350  0.000000       0.00000       0.00000         439171.6978    0.000000    -0.00003     0.00000    0.000000000    0.000000367    0.000000190  258.013962  91148.7333
 690.00   15.0000    0.0000   15.0000  265.0759  265.0759  0.000000       0.00000       0.00000         431043.9965    0.000000    -0.00003     0.00000    0.000000000    0.000000345    0.000000168  258.034136  91004.0269
 702.00   15.0000    0.0000   15.0000  265.2146  265.2146  0.000000       0.00000       0.00000         423926.1671    0.000000    -0.00003     0.00000    0.000000000    0.000000326    0.000000149  258.051977  90859.5609
 714.00   15.0000    0.0000   15.0000  265.3511  265.3511  0.000000       0.00000       0.00000         417713.8127    0.000000    -0.00003     0.00000    0.000000000    0.000000309    0.000000132  258.067675  90715.3335
 726.00   15.0000    0.0000   15.0000  265.4859  265.4859  0.000000       0.00000       0.00000         412370.6122    0.000000    -0.00003     0.00000    0.000000000    0.000000294    0.000000117  258.081609  90571.3434
 738.00   15.0000    0.0000   15.0000  265.6190  265.6190  0.000000       0.00000       0.00000         407672.5424    0.000000    -0.00003     0.00000    0.000000000    0.000000282    0.000000104  258.093946  90427.5892
 750.00   15.0000    0.0000   15.0000  265.7509  265.7509  0.000000       0.00000       0.00000         403410.3972    0.000000    -0.00003     0.00000    0.000000000    0.000000270    0.000000093  258.104924  90284.0696
 762.00   15.0000    0.0000   15.0000  265.8814  265.8814  0.000000       0.00000       0.00000         399864.9755    0.000000    -0.00003     0.00000    0.000000000    0.000000260    0.000000083  258.114580  90140.7835
 774.00   15.0000    0.0000   15.0000  266.0111  266.0111  0.000000       0.00000       0.00000         396547.1213    0.000000    -0.00003     0.00000    0.000000000    0.000000251    0.000000074  258.123329  89997.7299
 786.00   15.0000    0.0000   15.0000  266.1396  266.1396  0.000000       0.00000       0.00000         394153.3481    0.000000    -0.00003     0.00000    0.000000000    0.000000245    0.000000067  258.130897  89854.9078
 798.00   15.0000    0.0000   15.0000  266.2678  266.2678  0.000000       0.00000       0.00000         392394.1400    0.000000    -0.00003     0.00000    0.000000000    0.000000240    0.000000062  258.138140  89712.3165
 810.00   15.0000    0.0000   15.0000  266.3953  266.3953  0.000000       0.00000       0.00000         391516.5287    0.000000    -0.00003     0.00000    0.000000000    0.000000238    0.000000060  258.144605  89569.9552
 822.00   15.0000    0.0000   15.0000  266.5230  266.5230  0.000000       0.00000       0.00000         391683.9441    0.000000    -0.00003     0.00000    0.000000000    0.000000239    0.000000060  258.151299  89427.8235
 834.00   15.0000    0.0000   15.0000  266.6508  266.6508  0.000000       0.00000       0.00000         391989.8718    0.000000    -0.00003     0.00000    0.000000000    0.000000241    0.000000061  258.157876  89285.9209
 846.00   15.0000    0.0000   15.0000  266.7788  266.7788  0.000000       0.00000       0.00000         393343.6729    0.000000    -0.00003     0.00000    0.000000000    0.000000245    0.000000065  258.164770  89144.2472
 858.00   15.0000    0.0000   15.0000  266.9076  266.9076  0.000000       0.00000       0.00000         396508.5943    0.000000    -0.00003     0.00000    0.000000000    0.000000255    0.000000075  258.172209  89002.8023
 870.00   15.0000    0.0000   15.0000  267.0379  267.0379  0.000000       0.00000       0.00000         401963.6741    0.000000    -0.00004     0.00000    0.000000000    0.000000272    0.000000091  258.181110  88861.5862
 882.00   15.0000    0.0000   15.0000  267.1703  267.1703  0.000000       0.00000       0.00000         409254.5167    0.000000    -0.00004     0.00000    0.000000000    0.000000294    0.000000112  258.192003  88720.5996
 894.00   15.0000    0.0000   15.0000  267.3054  267.3054  0.000000       0.00000       0.00000         419959.7142    0.000000    -0.00004     0.00000    0.000000000    0.000000327    0.000000144  258.205522  88579.8433
 906.00   15.0000    0.0000   15.0000  267.4450  267.4450  0.000000       0.00000       0.00000         433636.5259    0.000000    -0.00004     0.00000    0.000000000    0.000000369    0.000000184  258.223193  88439.3188
 918.00   15.0000    0.0000   15.0000  267.5893  267.5893  0.000000       0.00000       0.00000         458255.7562    0.000000    -0.00004     0.00000    0.000000000    0.000000444    0.000000257  258.245373  88299.0281
 930.00   15.0000    0.0000   15.0000  267.7451  267.7451  0.000000       0.00000       0.00000         476904.9387    0.000000    -0.00005     0.00000    0.000000000    0.000000502    0.000000313  258.278627  88158.9749
 942.00   15.0000    0.0000   15.0000  267.9018  267.9018  0.000000       0.00000       0.00000         550700.6975    0.000000    -0.00006     0.00000    0.000000000    0.000000728    0.000000533  258.312634  88019.1620
 954.00   15.0000    0.0000   15.0000  268.1062  268.1062  0.000000       0.00000       0.00000         557531.7307    0.000000    -0.00005     0.00000    0.000000000    0.000000753    0.000000558  258.392569  87879.6017
 966.00   15.0000    0.0000   15.0000  268.2676  268.2676  0.000000       0.00000       0.00000         812818.5354    0.000000    -0.00011     0.00000    0.000000000    0.000001549    0.000001325  258.431024  87740.2945
 978.00   15.0000    0.0000   15.0000  268.6398  268.6398  0.000000       0.00000       0.00000         757572.5843    0.000000    -0.00004     0.00000    0.000000000    0.000001386    0.000001185  258.672416  87601.2833
 990.00   15.0000    0.0000   15.0000  268.7657  268.7657  0.000000       0.00000       0.00000        2087665.5753    0.000000    -0.00038     0.00000    0.000000000    0.000005781    0.000005260  258.676476  87462.5582
1002.00   15.0000    0.0000   15.0000  270.0130  270.0130  0.000000       0.00000       0.00000        2005608.3528    0.000000    -0.00002     0.00000    0.000000000    0.000005544    0.000005466  259.759616  87324.3422
1014.00   15.0000    0.0000   15.0000  270.0910  270.0910  0.000000       0.00000       0.00000         236005.2723    0.000000    -0.00002     0.00000    0.000000000   -0.000000243   -0.000000441  259.717543  87186.6217
1026.00   15.0000    0.0000   15.0000  270.1690  270.1690  0.000000       0.00000       0.00000         235937.1356    0.000000    -0.00002     0.00000    0.000000000   -0.000000244   -0.000000441  259.675437  87049.0963
1038.00   15.0000    0.0000   15.0000  270.2470  270.2470  0.000000       0.00000       0.00000         235869.0383    0.000000    -0.00003     0.00000    0.000000000   -0.000000244   -0.000000441  259.633297  86911.7654
1050.00   15.0000    0.0000   15.0000  270.3250  270.3250  0.000000       0.00000       0.00000         235800.9803    0.000000    -0.00003     0.00000    0.000000000   -0.000000244   -0.000000440  259.591123  86774.6290
1062.00   15.0000    0.0000   15.0000  270.4030  270.4030  0.000000       0.00000       0.00000         235732.9615    0.000000    -0.00003     0.00000    0.000000000   -0.000000244   -0.000000440  259.548915  86637.6868
1074.00   15.0000    0.0000   15.0000  270.4810  270.4810  0.000000       0.00000       0.00000         235664.9820    0.000000    -0.00003     0.00000    0.000000000   -0.000000244   -0.000000440  259.506673  86500.9384
1086.00   15.0000    0.0000   15.0000  270.5590  270.5590  0.000000       0.00000       0.00000         235597.0417    0.000000    -0.00003     0.00000    0.000000000   -0.000000244   -0.000000439  259.464398  86364.3837
1098.00   15.0000    0.0000   15.0000  270.6370  270.6370  0.000000       0.00000       0.00000         235529.1405    0.000000    -0.00003     0.00000    0.000000000   -0.000000244   -0.000000439  259.422089  86228.0223
1110.00   15.0000    0.0000   15.0000  270.7150  270.7150  0.000000       0.00000       0.00000         235461.2785    0.000000    -0.00003     0.00000    0.000000000   -0.000000244   -0.000000439  259.379746  86091.8540
1122.00   15.0000    0.0000   15.0000  270.7930  270.7930  0.000000       0.00000       0.00000         235393.4555    0.000000    -0.00003     0.00000    0.000000000   -0.000000244   -0.000000438  259.337370  85955.8786
1134.00   15.0000    0.0000   15.0000  270.8710  270.8710  0.000000       0.00000       0.00000         235325.6716    0.000000    -0.00003     0.00000    0.000000000   -0.000000244   -0.000000438  259.294959  85820.0957
1146.00   15.0000    0.0000   15.0000  270.9490  270.9490  0.000000       0.00000       0.00000         235257.9268    0.000000    -0.00003     0.00000    0.000000000   -0.000000244   -0.000000438  259.252515  85684.5052
1158.00   15.0000    0.0000   15.0000  271.0270  271.0270  0.000000       0.00000       0.00000         235190.2209    0.000000    -0.00003     0.00000    0.000000000   -0.000000244   -0.000000437  259.210038  85549.1067
1170.00   15.0000    0.0000   15.0000  271.1050  271.1050  0.000000       0.00000       0.00000         235122.5540    0.000000    -0.00003     0.00000    0.000000000   -0.000000244   -0.000000437  259.167526  85413.9001
1182.00   15.0000    0.0000   15.0000  271.1830  271.1830  0.000000       0.00000       0.00000         235054.9260    0.000000    -0.00003     0.00000    0.000000000   -0.000000244   -0.000000437  259.124981  85278.8850
1194.00   15.0000    0.0000   15.0000  271.2610  271.2610  0.000000       0.00000       0.00000         234987.3369    0.000000    -0.00003     0.00000    0.000000000   -0.000000244   -0.000000436  259.082402  85144.0612
1206.00   15.0000    0.0000   15.0000  271.3390  271.3390  0.000000       0.00000       0.00000         234919.7867    0.000000    -0.00003     0.00000    0.000000000   -0.000000244   -0.000000436  259.039790  85009.4285
1218.00   15.0000    0.0000   15.0000  271.4170  271.4170  0.000000       0.00000       0.00000         234852.2753    0.000000    -0.00003     0.00000    0.000000000   -0.000000244   -0.000000436  258.997144  84874.9865
1230.00   15.0000    0.0000   15.0000  271.4950  271.4950  0.000000       0.00000       0.00000         234784.8027    0.000000    -0.00003     0.00000    0.000000000   -0.000000244   -0.000000435  258.954464  84740.7350
1242.00   15.0000    0.0000   15.0000  271.5730  271.5730  0.000000       0.00000       0.00000         234717.3688    0.000000    -0.00003     0.00000    0.000000000   -0.000000244   -0.000000435  258.911750  84606.6738
1254.00   15.0000    0.0000   15.0000  271.6510  271.6510  0.000000       0.00000       0.00000         234649.9737    0.000000    -0.00003     0.00000    0.000000000   -0.000000244   -0.000000435  258.869003  84472.8027
1266.00   15.0000    0.0000   15.0000  271.7290  271.7290  0.000000       0.00000       0.00000         234582.6172    0.000000    -0.00003     0.00000    0.000000000   -0.000000244   -0.000000434  258.826223  84339.1213
1278.00   15.0000    0.0000   15.0000  271.8070  271.8070  0.000000       0.00000       0.00000         234515.2995    0.000000    -0.00003     0.00000    0.000000000   -0.000000244   -0.000000434  258.783408  84205.6293
1290.00   15.0000    0.0000   15.0000  271.8850  271.8850  0.000000       0.00000       0.00000         234448.0203    0.000000    -0.00003     0.00000    0.000000000   -0.000000244   -0.000000433  258.740560  84072.3267
1302.00   15.0000    0.0000   15.0000  271.9630  271.9630  0.000000       0.00000       0.00000         234380.7797    0.000000    -0.00003     0.00000    0.000000000   -0.000000244   -0.000000433  258.697679  83939.2130
1314.00   15.0000    0.0000   15.0000  272.0410  272.0410  0.000000       0.00000       0.00000         234313.5777    0.000000    -0.00003     0.00000    0.000000000   -0.000000244   -0.000000433  258.654764  83806.2881
1326.00   15.0000    0.0000   15.0000  272.1190  272.1190  0.000000       0.00000       0.00000         234246.4143    0.000000    -0.00003     0.00000    0.000000000   -0.000000244   -0.000000432  258.611815  83673.5516
1338.00   15.0000    0.0000   15.0000  272.1970  272.1970  0.000000       0.00000       0.00000         234179.2893    0.000000    -0.00003     0.00000    0.000000000   -0.000000244   -0.000000432  258.568833  83541.0034
1350.00   15.0000    0.0000   15.0000  272.2750  272.2750  0.000000       0.00000       0.00000         234112.2027    0.000000    -0.00003     0.00000    0.000000000   -0.000000244   -0.000000432  258.525817  83408.6432
1362.00   15.0000    0.0000   15.0000  272.3530  272.3530  0.000000       0.00000       0.00000         234045.1546    0.000000    -0.00003     0.00000    0.000000000   -0.000000244   -0.000000431  258.482768  83276.4707
1374.00   15.0000    0.0000   15.0000  272.4310  272.4310  0.000000       0.00000       0.00000         233978.1449    0.000000    -0.00003     0.00000    0.000000000   -0.000000244   -0.000000431  258.439685  83144.4856
1386.00   15.0000    0.0000   15.0000  272.5090  272.5090  0.000000       0.00000       0.00000         233911.1736    0.000000    -0.00003     0.00000    0.000000000   -0.000000244   -0.000000431  258.396569  83012.6878
1398.00   15.0000    0.0000   15.0000  272.5870  272.5870  0.000000       0.00000       0.00000         233844.2406    0.000000    -0.00003     0.00000    0.000000000   -0.000000244   -0.000000430  258.353419  82881.0770
1410.00   15.0000    0.0000   15.0000  272.6650  272.6650  0.000000       0.00000       0.00000         233777.3458    0.000000    -0.00003     0.00000    0.000000000   -0.000000244   -0.000000430  258.310235  82749.6528
1422.00   15.0000    0.0000   15.0000  272.7430  272.7430  0.000000       0.00000       0.00000         233710.4894    0.000000    -0.00003     0.00000    0.000000000   -0.000000244   -0.000000429  258.267019  82618.4152
1434.00   15.0000    0.0000   15.0000  272.8210  272.8210  0.000000       0.00000       0.00000         233643.6711    0.000000    -0.00003     0.00000    0.000000000   -0.000000244   -0.000000429  258.223768  82487.3638
1446.00   15.0000    0.0000   15.0000  272.8990  272.8990  0.000000       0.00000       0.00000         233576.8911    0.000000    -0.00004     0.00000    0.000000000   -0.000000244   -0.000000429  258.180484  82356.4983
1458.00   15.0000    0.0000   15.0000  272.9770  272.9770  0.000000       0.00000       0.00000         233510.1492    0.000000    -0.00004     0.00000    0.000000000   -0.000000244   -0.000000428  258.137167  82225.8186
1470.00   15.0000    0.0000   15.0000  273.0550  273.0550  0.000000       0.00000       0.00000         233443.4455    0.000000    -0.00004     0.00000    0.000000000   -0.000000244   -0.000000428  258.093816  82095.3243
1482.00   15.0000    0.0000   15.0000  273.1330  273.1330  0.000000       0.00000       0.00000         233376.7798    0.000000    -0.00004     0.00000    0.000000000   -0.000000244   -0.000000427  258.050432  81965.0152
1494.00   15.0000    0.0000   15.0000  273.2110  273.2110  0.000000       0.00000       0.00000         233310.1522    0.000000    -0.00004     0.00000    0.000000000   -0.000000244   -0.000000427  258.007014  81834.8912
1506.00   15.0000    0.0000   15.0000  273.2890  273.2890  0.000000       0.00000       0.00000         233243.5627    0.000000    -0.00004     0.00000    0.000000000   -0.000000244   -0.000000427  257.963563  81704.9518
1518.00   15.0000    0.0000   15.0000  273.3670  273.3670  0.000000       0.00000       0.00000         233177.0111    0.000000    -0.00004     0.00000    0.000000000   -0.000000244   -0.000000426  257.920079  81575.1969
1530.00   15.0000    0.0000   15.0000  273.4450  273.4450  0.000000       0.00000       0.00000         233110.4975    0.000000    -0.00004     0.00000    0.000000000   -0.000000244   -0.000000426  257.876561  81445.6263
1542.00   15.0000    0.0000   15.0000  273.5230  273.5230  0.000000       0.00000       0.00000         233044.0219    0.000000    -0.00004     0.00000    0.000000000   -0.000000244   -0.000000426  257.833010  81316.2396
1554.00   15.0000    0.0000   15.0000  273.6010  273.6010  0.000000       0.00000       0.00000         232977.5841    0.000000    -0.00004     0.00000    0.000000000   -0.000000244   -0.000000425  257.789425  81187.0367
1566.00   15.0000    0.0000   15.0000  273.6790  273.6790  0.000000       0.00000       0.00000         232911.1843    0.000000    -0.00004     0.00000    0.000000000   -0.000000244   -0.000000425  257.745807  81058.0172
1578.00   15.0000    0.0000   15.0000  273.7570  273.7570  0.000000       0.00000       0.00000         232844.8222    0.000000    -0.00004     0.00000    0.000000000   -0.000000244   -0.000000424  257.702155  80929.1810
1590.00   15.0000    0.0000   15.0000  273.8350  273.8350  0.000000       0.00000       0.00000         232778.4980    0.000000    -0.00004     0.00000    0.000000000   -0.000000244   -0.000000424  257.658470  80800.5278
1602.00   15.0000    0.0000   15.0000  273.9130  273.9130  0.000000       0.00000       0.00000         232712.2115    0.000000    -0.00004     0.00000    0.000000000   -0.000000244   -0.000000424  257.614752  80672.0573
1614.00   15.0000    0.0000   15.0000  273.9910  273.9910  0.000000       0.00000       0.00000         232645.9628    0.000000    -0.00004     0.00000    0.000000000   -0.000000244   -0.000000423  257.571001  80543.7693
1626.00   15.0000    0.0000   15.0000  274.0690  274.0690  0.000000       0.00000       0.00000         232579.7518    0.000000    -0.00004     0.00000    0.000000000   -0.000000244   -0.000000423  257.527216  80415.6636
1638.00   15.0000    0.0000   15.0000  274.1470  274.1470  0.000000       0.00000       0.00000         232513.5785    0.000000    -0.00004     0.00000    0.000000000   -0.000000244   -0.000000422  257.483398  80287.7400
1650.00   15.0000    0.0000   15.0000  274.2250  274.2250  0.000000       0.00000       0.00000         232447.4428    0.000000    -0.00004     0.00000    0.000000000   -0.000000244   -0.000000422  257.439546  80159.9980
1662.00   15.0000    0.0000   15.0000  274.3030  274.3030  0.000000       0.00000       0.00000         232381.3447    0.000000    -0.00004     0.00000    0.000000000   -0.000000244   -0.000000421  257.395661  80032.4377
1674.00   15.0000    0.0000   15.0000  274.3810  274.3810  0.000000       0.00000       0.00000         232315.2842    0.000000    -0.00004     0.00000    0.000000000   -0.000000243   -0.000000421  257.351743  79905.0585
1686.00   15.0000    0.0000   15.0000  274.4590  274.4590  0.000000       0.00000       0.00000         232249.2613    0.000000    -0.00004     0.00000    0.000000000   -0.000000243   -0.000000421  257.307792  79777.8605
1698.00   15.0000    0.0000   15.0000  274.5370  274.5370  0.000000       0.00000       0.00000         232183.2758    0.000000    -0.00004     0.00000    0.000000000   -0.000000243   -0.000000420  257.263807  79650.8432
1710.00   15.0000    0.0000   15.0000  274.6150  274.6150  0.000000       0.00000       0.00000         232117.3279    0.000000    -0.00004     0.00000    0.000000000   -0.000000243   -0.000000420  257.219789  79524.0065
1722.00   15.0000    0.0000   15.0000  274.6930  274.6930  0.000000       0.00000       0.00000         232051.4174    0.000000    -0.00004     0.00000    0.000000000   -0.000000243   -0.000000419  257.175738  79397.3501
1734.00   15.0000    0.0000   15.0000  274.7710  274.7710  0.000000       0.00000       0.00000         231985.5443    0.000000    -0.00004     0.00000    0.000000000   -0.000000243   -0.000000419  257.131654  79270.8738
1746.00   15.0000    0.0000   15.0000  274.8490  274.8490  0.000000       0.00000       0.00000         231919.7086    0.000000    -0.00004     0.00000    0.000000000   -0.000000243   -0.000000419  257.087536  79144.5772
1758.00   15.0000    0.0000   15.0000  274.9270  274.9270  0.000000       0.00000       0.00000         231853.9103    0.000000    -0.00004     0.00000    0.000000000   -0.000000243   -0.000000418  257.043385  79018.4603
1770.00   15.0000    0.0000   15.0000  275.0050  275.0050  0.000000       0.00000       0.00000         231788.1493    0.000000    -0.00004     0.00000    0.000000000   -0.000000243   -0.000000418  256.999201  78892.5228
1782.00   15.0000    0.0000   15.0000  275.0830  275.0830  0.000000       0.00000       0.00000         231722.4256    0.000000    -0.00004     0.00000    0.000000000   -0.000000243   -0.000000417  256.954984  78766.7643
1794.00   15.0000    0.0000   15.0000  275.1610  275.1610  0.000000       0.00000       0.00000         231656.7391    0.000000    -0.00004     0.00000    0.000000000   -0.000000243   -0.000000417  256.910733  78641.1847
1806.00   15.0000    0.0000   15.0000  275.2390  275.2390  0.000000       0.00000       0.00000         231591.0899    0.000000    -0.00004     0.00000    0.000000000   -0.000000243   -0.000000416  256.866449  78515.7837
1818.00   15.0000    0.0000   15.0000  275.3170  275.3170  0.000000       0.00000       0.00000         231525.4779    0.000000    -0.00004     0.00000    0.000000000   -0.000000243   -0.000000416  256.822132  78390.5611
1830.00   15.0000    0.0000   15.0000  275.3950  275.3950  0.000000       0.00000       0.00000         231459.9030    0.000000    -0.00004     0.00000    0.000000000   -0.000000243   -0.000000416  256.777782  78265.5167
1842.00   15.0000    0.0000   15.0000  275.4730  275.4730  0.000000       0.00000       0.00000         231394.3653    0.000000    -0.00004     0.00000    0.000000000   -0.000000243   -0.000000415  256.733399  78140.6502
1854.00   15.0000    0.0000   15.0000  275.5510  275.5510  0.000000       0.00000       0.00000         231328.8647    0.000000    -0.00005     0.00000    0.000000000   -0.000000243   -0.000000415  256.688983  78015.9613
1866.00   15.0000    0.0000   15.0000  275.6290  275.6290  0.000000       0.00000       0.00000         231263.4012    0.000000    -0.00005     0.00000    0.000000000   -0.000000243   -0.000000414  256.644533  77891.4499
1878.00   15.0000    0.0000   15.0000  275.7070  275.7070  0.000000       0.00000       0.00000         231197.9747    0.000000    -0.00005     0.00000    0.000000000   -0.000000243   -0.000000414  256.600050  77767.1157
1890.00   15.0000    0.0000   15.0000  275.7850  275.7850  0.000000       0.00000       0.00000         231132.5852    0.000000    -0.00005     0.00000    0.000000000   -0.000000242   -0.000000413  256.555535  77642.9584
1902.00   15.0000    0.0000   15.0000  275.8630  275.8630  0.000000       0.00000       0.00000         231067.2326    0.000000    -0.00005     0.00000    0.000000000   -0.000000242   -0.000000413  256.510986  77518.9778
1914.00   15.0000    0.0000   15.0000  275.9410  275.9410  0.000000       0.00000       0.00000         231001.9171    0.000000    -0.00005     0.00000    0.000000000   -0.000000242   -0.000000413  256.466404  77395.1737
1926.00   15.0000    0.0000   15.0000  276.0190  276.0190  0.000000       0.00000       0.00000         230936.6384    0.000000    -0.00005     0.00000    0.000000000   -0.000000242   -0.000000412  256.421788  77271.5459
1938.00   15.0000    0.0000   15.0000  276.0970  276.0970  0.000000       0.00000       0.00000         230871.3966    0.000000    -0.00005     0.00000    0.000000000   -0.000000242   -0.000000412  256.377140  77148.0941
1950.00   15.0000    0.0000   15.0000  276.1750  276.1750  0.000000       0.00000       0.00000         230806.1917    0.000000    -0.00005     0.00000    0.000000000   -0.000000242   -0.000000411  256.332459  77024.8180
1962.00   15.0000    0.0000   15.0000  276.2530  276.2530  0.000000       0.00000       0.00000         230741.0236    0.000000    -0.00005     0.00000    0.000000000   -0.000000242   -0.000000411  256.287744  76901.7175
1974.00   15.0000    0.0000   15.0000  276.3310  276.3310  0.000000       0.00000       0.00000         230675.8923    0.000000    -0.00005     0.00000    0.000000000   -0.000000242   -0.000000410  256.242997  76778.7923
1986.00   15.0000    0.0000   15.0000  276.4090  276.4090  0.000000       0.00000       0.00000         230610.7978    0.000000    -0.00005     0.00000    0.000000000   -0.000000242   -0.000000410  256.198217  76656.0422
1998.00   15.0000    0.0000   15.0000  276.4870  276.4870  0.000000       0.00000       0.00000         230545.7399    0.000000    -0.00005     0.00000    0.000000000   -0.000000242   -0.000000409  256.153403  76533.4669
2010.00   15.0000    0.0000   15.0000  276.5650  276.5650  0.000000       0.00000       0.00000         230480.7188    0.000000    -0.00005     0.00000    0.000000000   -0.000000242   -0.000000409  256.108556  76411.0662
2022.00   15.0000    0.0000   15.0000  276.6430  276.6430  0.000000       0.00000       0.00000         230415.7344    0.000000    -0.00005     0.00000    0.000000000   -0.000000242   -0.000000408  256.063677  76288.8398
2034.00   15.0000    0.0000   15.0000  276.7210  276.7210  0.000000       0.00000       0.00000         230350.7865    0.000000    -0.00005     0.00000    0.000000000   -0.000000242   -0.000000408  256.018764  76166.7876
2046.00   15.0000    0.0000   15.0000  276.7990  276.7990  0.000000       0.00000       0.00000         230285.8753    0.000000    -0.00005     0.00000    0.000000000   -0.000000241   -0.000000408  255.973819  76044.9093
2058.00   15.0000    0.0000   15.0000  276.8770  276.8770  0.000000       0.00000       0.00000         230221.0007    0.000000    -0.00005     0.00000    0.000000000   -0.000000241   -0.000000407  255.928840  75923.2047
2070.00   15.0000    0.0000   15.0000  276.9550  276.9550  0.000000       0.00000       0.00000         230156.1626    0.000000    -0.00005     0.00000    0.000000000   -0.000000241   -0.000000407  255.883828  75801.6735
2082.00   15.0000    0.0000   15.0000  277.0330  277.0330  0.000000       0.00000       0.00000         230091.3610    0.000000    -0.00005     0.00000    0.000000000   -0.000000241   -0.000000406  255.838784  75680.3154
2094.00   15.0000    0.0000   15.0000  277.1110  277.1110  0.000000       0.00000       0.00000         230026.5958    0.000000    -0.00005     0.00000    0.000000000   -0.000000241   -0.000000406  255.793706  75559.1304
2106.00   15.0000    0.0000   15.0000  277.1890  277.1890  0.000000       0.00000       0.00000         229961.8672    0.000000    -0.00005     0.00000    0.000000000   -0.000000241   -0.000000405  255.748596  75438.1181
2118.00   15.0000    0.0000   15.0000  277.2670  277.2670  0.000000       0.00000       0.00000         229897.1749    0.000000    -0.00005     0.00000    0.000000000   -0.000000241   -0.000000405  255.703452  75317.2783
2130.00   15.0000    0.0000   15.0000  277.3450  277.3450  0.000000       0.00000       0.00000         229832.5191    0.000000    -0.00005     0.00000    0.000000000   -0.000000241   -0.000000404  255.658276  75196.6107
2142.00   15.0000    0.0000   15.0000  277.4230  277.4230  0.000000       0.00000       0.00000         229767.8996    0.000000    -0.00005     0.00000    0.000000000   -0.000000241   -0.000000404  255.613066  75076.1153
2154.00   15.0000    0.0000   15.0000  277.5010  277.5010  0.000000       0.00000       0.00000         229703.3164    0.000000    -0.00005     0.00000    0.000000000   -0.000000241   -0.000000403  255.567824  74955.7916
2166.00   15.0000    0.0000   15.0000  277.5790  277.5790  0.000000       0.00000       0.00000         229638.7695    0.000000    -0.00005     0.00000    0.000000000   -0.000000241   -0.000000403  255.522549  74835.6395
2178.00   15.0000    0.0000   15.0000  277.6570  277.6570  0.000000       0.00000       0.00000         229574.2589    0.000000    -0.00005     0.00000    0.000000000   -0.000000240   -0.000000402  255.477241  74715.6587
2190.00   15.0000    0.0000   15.0000  277.7350  277.7350  0.000000       0.00000       0.00000         229509.7845    0.000000    -0.00005     0.00000    0.000000000   -0.000000240   -0.000000402  255.431900  74595.8491
2202.00   15.0000    0.0000   15.0000  277.8130  277.8130  0.000000       0.00000       0.00000         229445.3463    0.000000    -0.00005     0.00000    0.000000000   -0.000000240   -0.000000402  255.386526  74476.2104
2214.00   15.0000    0.0000   15.0000  277.8910  277.8910  0.000000       0.00000       0.00000         229380.9443    0.000000    -0.00005     0.00000    0.000000000   -0.000000240   -0.000000401  255.341119  74356.7424
2226.00   15.0000    0.0000   15.0000  277.9690  277.9690  0.000000       0.00000       0.00000         229316.5785    0.000000    -0.00005     0.00000    0.000000000   -0.000000240   -0.000000401  255.295680  74237.4447
2238.00   15.0000    0.0000   15.0000  278.0470  278.0470  0.000000       0.00000       0.00000         229252.2487    0.000000    -0.00005     0.00000    0.000000000   -0.000000240   -0.000000400  255.250207  74118.3173
2250.00   15.0000    0.0000   15.0000  278.1250  278.1250  0.000000       0.00000       0.00000         229187.9551    0.000000    -0.00005     0.00000    0.000000000   -0.000000240   -0.000000400  255.204702  73999.3599
2262.00   15.0000    0.0000   15.0000  278.2030  278.2030  0.000000       0.00000       0.00000         229123.6974    0.000000    -0.00006     0.00000    0.000000000   -0.000000240   -0.000000399  255.159164  73880.5722
2274.00   15.0000    0.0000   15.0000  278.2810  278.2810  0.000000       0.00000       0.00000         229059.4759    0.000000    -0.00006     0.00000    0.000000000   -0.000000240   -0.000000399  255.113593  73761.9541
2286.00   15.0000    0.0000   15.0000  278.3590  278.3590  0.000000       0.00000       0.00000         228995.2903    0.000000    -0.00006     0.00000    0.000000000   -0.000000239   -0.000000398  255.067989  73643.5052
2298.00   15.0000    0.0000   15.0000  278.4370  278.4370  0.000000       0.00000       0.00000         228931.1406    0.000000    -0.00006     0.00000    0.000000000   -0.000000239   -0.000000398  255.022353  73525.2254
2310.00   15.0000    0.0000   15.0000  278.5150  278.5150  0.000000       0.00000       0.00000         228867.0269    0.000000    -0.00006     0.00000    0.000000000   -0.000000239   -0.000000397  254.976683  73407.1145
2322.00   15.0000    0.0000   15.0000  278.5930  278.5930  0.000000       0.00000       0.00000         228802.9491    0.000000    -0.00006     0.00000    0.000000000   -0.000000239   -0.000000397  254.930981  73289.1722
2334.00   15.0000    0.0000   15.0000  278.6710  278.6710  0.000000       0.00000       0.00000         228738.9072    0.000000    -0.00006     0.00000    0.000000000   -0.000000239   -0.000000396  254.885246  73171.3982
2346.00   15.0000    0.0000   15.0000  278.7490  278.7490  0.000000       0.00000       0.00000         228674.9011    0.000000    -0.00006     0.00000    0.000000000   -0.000000239   -0.000000396  254.839478  73053.7925
2358.00   15.0000    0.0000   15.0000  278.8270  278.8270  0.000000       0.00000       0.00000         228610.9308    0.000000    -0.00006     0.00000    0.000000000   -0.000000239   -0.000000395  254.793678  72936.3547
2370.00   15.0000    0.0000   15.0000  278.9050  278.9050  0.000000       0.00000       0.00000         228546.9963    0.000000    -0.00006     0.00000    0.000000000   -0.000000239   -0.000000395  254.747844  72819.0846
2382.00   15.0000    0.0000   15.0000  278.9830  278.9830  0.000000       0.00000       0.00000              0.0000    0.000000    -0.00006     0.00000    0.000000000    0.000000000    0.000000000  254.701978  72701.9820
2394.00   15.0000    0.0000   15.0000  279.0610  279.0610  0.000000       0.00000       0.00000              0.0000    0.000000     0.00000     0.00000    0.000000000    0.000000000    0.000000000  254.656080  72585.0467
