   0.00    0.0000    0.0000    0.0000  241.0594  241.0594  0.000000       0.00000       0.00000              0.0000    0.000000     0.00000     0.00000    0.000000000    0.000000000    0.000000000    0.000000      0.0000
   6.00    7.7993    3.5164    8.5553  242.5977  242.5977  0.000000       0.72633       0.72633              0.0000    0.000000     0.00000     0.00000   -0.000012134    0.000000000    0.000000000  242.509995  99873.3739
  18.00    8.8349    3.9047    9.6593  242.7095  242.7095  0.000000       2.24402       2.24402              0.0557    0.000000    -0.00000     0.00000   -0.000024368    0.000000000    0.000000000  242.475257  99662.4965
  30.00    9.4968    4.1088   10.3475  242.7832  242.7832  0.000000       2.15934       2.15934              0.0805    0.000000    -0.00000     0.00000   -0.000029032   -0.000000066   -0.000000103  242.431844  99494.1212
  42.00   10.1025    4.2569   10.9627  242.8531  242.8531  0.000000       2.36967       2.36967              0.0946    0.000000    -0.00000     0.00000   -0.000031407   -0.000000076   -0.000000113  242.384505  99325.9990
  54.00   10.6473    4.3564   11.5041  242.9184  242.9184  0.000000       2.33959       2.33959              0.1093    0.000000    -0.00000     0.00000   -0.000033244   -0.000000082   -0.000000119  242.332546  99158.1265
  66.00   11.1619    4.4187   12.0047  242.9827  242.9827  0.000000       2.29177       2.29177              0.1222    0.000000    -0.00000     0.00000   -0.000034821   -0.000000083   -0.000000120  242.279588  98990.5015
  78.00   11.6526    4.4477   12.4726  243.0470  243.0470  0.000000       2.18720       2.18720              0.1349    0.000000    -0.00000     0.00000   -0.000036253   -0.000000082   -0.000000118  242.226548  98823.1232
  90.00   12.1260    4.4458   12.9153  243.1123  243.1123  0.000000       2.05945       2.05945              0.1473    0.000000    -0.00000     0.00000   -0.000037651   -0.000000079   -0.000000115  242.174529  98655.9918
 102.00   12.5848    4.4142   13.3365  243.1794  243.1794  0.000000       1.91170       1.91170              0.1599    0.000000    -0.00000     0.00000   -0.000039029   -0.000000073   -0.000000110  242.124272  98489.1078
 114.00   13.0310    4.3530   13.7389  243.2490  243.2490  0.000000       1.75284       1.75284              0.1729    0.000000    -0.00000     0.00000   -0.000040419   -0.000000067   -0.000000103  242.076519  98322.4724
 126.00   13.4652    4.2621   14.1236  243.3220  243.3220  0.000000       1.58705       1.58705              0.1865    0.000000    -0.00000     0.00000   -0.000041841   -0.000000058   -0.000000095  242.032000  98156.0873
 138.00   13.8871    4.1408   14.4913  243.3990  243.3990  0.000000       1.41824       1.41824              0.2011    0.000000    -0.00000     0.00000   -0.000043332   -0.000000047   -0.000000084  241.991536  97989.9546
 150.00   14.2961    3.9881   14.8419  243.4812  243.4812  0.000000       1.24912       1.24912              0.2170    0.000000    -0.00000     0.00000   -0.000044911   -0.000000034   -0.000000072  241.956088  97824.0771
 162.00   14.6906    3.8027   15.1748  243.5696  243.5696  0.000000       1.08190       1.08190              0.2347    0.000000    -0.00000     0.00000   -0.000046626   -0.000000018   -0.000000056  241.926862  97658.4583
 174.00   15.0686    3.5829   15.4887  243.6660  243.6660  0.000000       0.91840       0.91840              0.2548    0.000000    -0.00001     0.00000   -0.000048492    0.000000003   -0.000000036  241.905447  97493.1025
 186.00   15.4269    3.3262   15.7815  243.7725  243.7725  0.000000       0.76000       0.76000              0.2783    0.000000    -0.00001     0.00000   -0.000050630    0.000000030   -0.000000011  241.894069  97328.0156
 198.00   15.7613    3.0297   16.0498  243.8924  243.8924  0.000000       0.60863       0.60863              0.3067    0.000000    -0.00001     0.00000   -0.000052850    0.000000067    0.000000025  241.895985  97163.2050
 210.00   16.0656    2.6886   16.2890  244.0313  244.0313  0.000000       0.46409       0.46409              0.3429    0.000000    -0.00001     0.00000   -0.000055546    0.000000121    0.000000077  241.916587  96998.6811
 222.00   16.3293    2.2966   16.4900  244.1983  244.1983  0.000000       0.33237       0.33237              0.3914    0.000000    -0.00001     0.00000   -0.000058765    0.000000211    0.000000162  241.964952  96834.4592
 234.00   16.5354    1.8396   16.6374  244.4136  244.4136  0.000000       0.20644       0.20644              0.4667    0.000000    -0.00002     0.00000   -0.000063097    0.000000377    0.000000320  242.061201  96670.5643
 246.00   16.6385    1.3065   16.6897  244.7198  244.7198  0.000000       0.11324       0.11324              0.5879    0.000000    -0.00002     0.00000   -0.000071841    0.000000847    0.000000762  242.247233  96507.0419
 258.00   16.4987    0.6249   16.5105  245.3166  245.3166  0.000000       0.01606       0.01606              1.1426    0.000000     0.00000     0.00000   -0.000054720    0.000005725    0.000004772  242.720765  96344.0178
 270.00   15.3612   -0.0806   15.3614  248.9543  248.9543  0.000000       0.00082       0.00082              2.4006    0.000000    -0.00025     0.00000   -0.000204573    0.000010681    0.000010393  246.202165  96182.5756
 282.00   15.0032   -0.0039   15.0032  251.9994  251.9994  0.000000       0.00000       0.00000             30.1310    0.000000    -0.00012     0.00000   -0.000008671    0.000008400    0.000008589  249.095728  96023.4795
 294.00   15.0000   -0.0000   15.0000  253.3723  253.3723  0.000000       0.00000       0.00000          80951.2348    0.000000    -0.00008     0.00000   -0.000000000    0.000004743    0.000004602  250.335373  95865.9648
 306.00   15.0000   -0.0000   15.0000  254.2586  254.2586  0.000000       0.00000       0.00000        2618008.2535    0.000000    -0.00007     0.00000    0.000000000    0.000003546    0.000003372  251.093705  95709.3353
 318.00   15.0000   -0.0000   15.0000  255.0014  255.0014  0.000000       0.00000       0.00000        2184522.1389    0.000000    -0.00006     0.00000    0.000000000    0.000003037    0.000002869  251.710009  95553.3890
 330.00   15.0000   -0.0000   15.0000  255.6219  255.6219  0.000000       0.00000       0.00000        1854841.9815    0.000000    -0.00006     0.00000    0.000000000    0.000002614    0.000002450  252.205250  95398.0401
 342.00   15.0000   -0.0000   15.0000  256.1618  256.1618  0.000000       0.00000       0.00000        1637282.4888    0.000000    -0.00005     0.00000    0.000000000    0.000002329    0.000002167  252.620704  95243.2233
 354.00   15.0000    0.0000   15.0000  256.6483  256.6483  0.000000       0.00000       0.00000        1471987.1927    0.000000    -0.00005     0.00000    0.000000000    0.000002103    0.000001944  252.983319  95088.8955
 366.00   15.0000    0.0000   15.0000  257.0863  257.0863  0.000000       0.00000       0.00000        1343944.8001    0.000000    -0.00005     0.00000    0.000000000    0.000001924    0.000001765  253.297885  94935.0238
 378.00   15.0000    0.0000   15.0000  257.4939  257.4939  0.000000       0.00000       0.00000        1237007.8691    0.000000    -0.00004     0.00000    0.000000000    0.000001767    0.000001611  253.582255  94781.5824
 390.00   15.0000    0.0000   15.0000  257.8659  257.8659  0.000000       0.00000       0.00000        1152966.0836    0.000000    -0.00004     0.00000    0.000000000    0.000001643    0.000001487  253.831392  94628.5500
 402.00   15.0000    0.0000   15.0000  258.2215  258.2215  0.000000       0.00000       0.00000        1081391.2418    0.000000    -0.00004     0.00000    0.000000000    0.000001533    0.000001378  254.064305  94475.9095
 414.00   15.0000    0.0000   15.0000  258.5493  258.5493  0.000000       0.00000       0.00000        1020660.8461    0.000000    -0.00004     0.00000    0.000000000    0.000001439    0.000001284  254.269598  94323.6466
 426.00   15.0000    0.0000   15.0000  258.8674  258.8674  0.000000       0.00000       0.00000         967827.1302    0.000000    -0.00004     0.00000    0.000000000    0.000001355    0.000001200  254.465258  94171.7488
 438.00   15.0000    0.0000   15.0000  259.1624  259.1624  0.000000       0.00000       0.00000         917244.6445    0.000000    -0.00004     0.00000    0.000000000    0.000001270    0.000001115  254.638140  94020.2053
 450.00   15.0000    0.0000   15.0000  259.4491  259.4491  0.000000       0.00000       0.00000         877898.3036    0.000000    -0.00004     0.00000    0.000000000    0.000001205    0.000001051  254.802685  93869.0058
 462.00   15.0000    0.0000   15.0000  259.7198  259.7198  0.000000       0.00000       0.00000         838517.1369    0.000000    -0.00004     0.00000    0.000000000    0.000001137    0.000000982  254.951402  93718.1421
 474.00   15.0000    0.0000   15.0000  259.9821  259.9821  0.000000       0.00000       0.00000         806889.2584    0.000000    -0.00004     0.00000    0.000000000    0.000001083    0.000000927  255.091692  93567.6062
 486.00   15.0000    0.0000   15.0000  260.2332  260.2332  0.000000       0.00000       0.00000         776281.1001    0.000000    -0.00004     0.00000    0.000000000    0.000001028    0.000000873  255.220953  93417.3914
 498.00   15.0000    0.0000   15.0000  260.4765  260.4765  0.000000       0.00000       0.00000         749891.6080    0.000000    -0.00004     0.00000    0.000000000    0.000000981    0.000000825  255.342380  93267.4914
 510.00   15.0000    0.0000   15.0000  260.7113  260.7113  0.000000       0.00000       0.00000         725724.4111    0.000000    -0.00004     0.00000    0.000000000    0.000000937    0.000000781  255.455380  93117.9005
 522.00   15.0000    0.0000   15.0000  260.9396  260.9396  0.000000       0.00000       0.00000         703503.4998    0.000000    -0.00004     0.00000    0.000000000    0.000000895    0.000000739  255.561905  92968.6137
 534.00   15.0000    0.0000   15.0000  261.1605  261.1605  0.000000       0.00000       0.00000         682181.6373    0.000000    -0.00004     0.00000    0.000000000    0.000000855    0.000000698  255.661197  92819.6262
 546.00   15.0000    0.0000   15.0000  261.3756  261.3756  0.000000       0.00000       0.00000         660881.3582    0.000000    -0.00004     0.00000    0.000000000    0.000000813    0.000000656  255.754551  92670.9334
 558.00   15.0000    0.0000   15.0000  261.5833  261.5833  0.000000       0.00000       0.00000         642263.3569    0.000000    -0.00004     0.00000    0.000000000    0.000000776    0.000000619  255.840667  92522.5308
 570.00   15.0000    0.0000   15.0000  261.7867  261.7867  0.000000       0.00000       0.00000         624447.9476    0.000000    -0.00003     0.00000    0.000000000    0.000000741    0.000000583  255.922503  92374.4145
 582.00   15.0000    0.0000   15.0000  261.9834  261.9834  0.000000       0.00000       0.00000         608253.5703    0.000000    -0.00003     0.00000    0.000000000    0.000000708    0.000000550  255.997590  92226.5806
 594.00   15.0000    0.0000   15.0000  262.1767  262.1767  0.000000       0.00000       0.00000         592994.4109    0.000000    -0.00003     0.00000    0.000000000    0.000000676    0.000000518  256.069394  92079.0256
 606.00   15.0000    0.0000   15.0000  262.3638  262.3638  0.000000       0.00000       0.00000         577844.8310    0.000000    -0.00003     0.00000    0.000000000    0.000000644    0.000000486  256.135026  91931.7462
 618.00   15.0000    0.0000   15.0000  262.5477  262.5477  0.000000       0.00000       0.00000         564709.2581    0.000000    -0.00003     0.00000    0.000000000    0.000000617    0.000000458  256.197428  91784.7391
 630.00   15.0000    0.0000   15.0000  262.7267  262.7267  0.000000       0.00000       0.00000         551256.9539    0.000000    -0.00003     0.00000    0.000000000    0.000000587    0.000000429  256.254912  91638.0013
 642.00   15.0000    0.0000   15.0000  262.9022  262.9022  0.000000       0.00000       0.00000         539599.0653    0.000000    -0.00003     0.00000    0.000000000    0.000000562    0.000000403  256.308957  91491.5300
 654.00   15.0000    0.0000   15.0000  263.0739  263.0739  0.000000       0.00000       0.00000         528169.1562    0.000000    -0.00003     0.00000    0.000000000    0.000000537    0.000000378  256.359201  91345.3226
 666.00   15.0000    0.0000   15.0000  263.2422  263.2422  0.000000       0.00000       0.00000         518184.6808    0.000000    -0.00003     0.00000    0.000000000    0.000000515    0.000000355  256.406141  91199.3764
 678.00   15.0000    0.0000   15.0000  263.4077  263.4077  0.000000       0.00000       0.00000         509194.5099    0.000000    -0.00003     0.00000    0.000000000    0.000000495    0.000000335  256.450181  91053.6893
 690.00   15.0000    0.0000   15.0000  263.5705  263.5705  0.000000       0.00000       0.00000         501226.3551    0.000000    -0.00003     0.00000    0.000000000    0.000000478    0.000000317  256.491534  90908.2590
 702.00   15.0000    0.0000   15.0000  263.7310  263.7310  0.000000       0.00000       0.00000         494115.9437    0.000000    -0.00003     0.00000    0.000000000    0.000000462    0.000000301  256.530624  90763.0838
 714.00   15.0000    0.0000   15.0000  263.8894  263.8894  0.000000       0.00000       0.00000         488083.1043    0.000000    -0.00003     0.00000    0.000000000    0.000000449    0.000000288  256.567561  90618.1619
 726.00   15.0000    0.0000   15.0000  264.0462  264.0462  0.000000       0.00000       0.00000         483286.5345    0.000000    -0.00004     0.00000    0.000000000    0.000000439    0.000000277  256.602907  90473.4918
 738.00   15.0000    0.0000   15.0000  264.2017  264.2017  0.000000       0.00000       0.00000         478877.0042    0.000000    -0.00004     0.00000    0.000000000    0.000000429    0.000000267  256.636874  90329.0721
 750.00   15.0000    0.0000   15.0000  264.3559  264.3559  0.000000       0.00000       0.00000         474556.6396    0.000000    -0.00004     0.00000    0.000000000    0.000000420    0.000000258  256.669490  90184.9016
 762.00   15.0000    0.0000   15.0000  264.5087  264.5087  0.000000       0.00000       0.00000         471402.8355    0.000000    -0.00004     0.00000    0.000000000    0.000000414    0.000000251  256.700782  90040.9792
 774.00   15.0000    0.0000   15.0000  264.6610  264.6610  0.000000       0.00000       0.00000         469243.8932    0.000000    -0.00004     0.00000    0.000000000    0.000000410    0.000000246  256.731453  89897.3037
 786.00   15.0000    0.0000   15.0000  264.8127  264.8127  0.000000       0.00000       0.00000         468280.9217    0.000000    -0.00004     0.00000    0.000000000    0.000000409    0.000000245  256.761424  89753.8745
 798.00   15.0000    0.0000   15.0000  264.9645  264.9645  0.000000       0.00000       0.00000         468585.5546    0.000000    -0.00004     0.00000    0.000000000    0.000000412    0.000000247  256.791524  89610.6908
 810.00   15.0000    0.0000   15.0000  265.1165  265.1165  0.000000       0.00000       0.00000         470181.0451    0.000000    -0.00004     0.00000    0.000000000    0.000000418    0.000000252  256.821721  89467.7523
 822.00   15.0000    0.0000   15.0000  265.2696  265.2696  0.000000       0.00000       0.00000         472846.0074    0.000000    -0.00004     0.00000    0.000000000    0.000000426    0.000000260  256.852858  89325.0588
 834.00   15.0000    0.0000   15.0000  265.4235  265.4235  0.000000       0.00000       0.00000         477161.2517    0.000000    -0.00004     0.00000    0.000000000    0.000000440    0.000000273  256.884766  89182.6104
 846.00   15.0000    0.0000   15.0000  265.5796  265.5796  0.000000       0.00000       0.00000         484004.3886    0.000000    -0.00004     0.00000    0.000000000    0.000000460    0.000000292  256.918653  89040.4073
 858.00   15.0000    0.0000   15.0000  265.7381  265.7381  0.000000       0.00000       0.00000         493299.8674    0.000000    -0.00004     0.00000    0.000000000    0.000000487    0.000000318  256.954903  88898.4504
 870.00   15.0000    0.0000   15.0000  265.9004  265.9004  0.000000       0.00000       0.00000         507306.7778    0.000000    -0.00005     0.00000    0.000000000    0.000000528    0.000000356  256.994678  88756.7407
 882.00   15.0000    0.0000   15.0000  266.0682  266.0682  0.000000       0.00000       0.00000         522491.8692    0.000000    -0.00005     0.00000    0.000000000    0.000000572    0.000000399  257.039785  88615.2803
 894.00   15.0000    0.0000   15.0000  266.2406  266.2406  0.000000       0.00000       0.00000         548380.0118    0.000000    -0.00005     0.00000    0.000000000    0.000000646    0.000000470  257.089170  88474.0712
 906.00   15.0000    0.0000   15.0000  266.4255  266.4255  0.000000       0.00000       0.00000         568334.9776    0.000000    -0.00005     0.00000    0.000000000    0.000000705    0.000000527  257.150626  88333.1175
 918.00   15.0000    0.0000   15.0000  266.6112  266.6112  0.000000       0.00000       0.00000         625138.3439    0.000000    -0.00006     0.00000    0.000000000    0.000000868    0.000000684  257.212654  88192.4222
 930.00   15.0000    0.0000   15.0000  266.8334  266.8334  0.000000       0.00000       0.00000         640383.4271    0.000000    -0.00006     0.00000    0.000000000    0.000000917    0.000000733  257.309945  88051.9944
 942.00   15.0000    0.0000   15.0000  267.0294  267.0294  0.000000       0.00000       0.00000         790277.7028    0.000000    -0.00009     0.00000    0.000000000    0.000001352    0.000001151  257.381736  87911.8362
 954.00   15.0000    0.0000   15.0000  267.3499  267.3499  0.000000       0.00000       0.00000         769553.1490    0.000000    -0.00005     0.00000    0.000000000    0.000001303    0.000001113  257.573525  87771.9727
 966.00   15.0000    0.0000   15.0000  267.5329  267.5329  0.000000       0.00000       0.00000        1174816.1404    0.000000    -0.00018     0.00000    0.000000000    0.000002519    0.000002261  257.632680  87632.3997
 978.00   15.0000    0.0000   15.0000  268.1191  268.1191  0.000000       0.00000       0.00000        1085658.4575    0.000000    -0.00004     0.00000    0.000000000    0.000002274    0.000002088  258.079986  87493.1851
 990.00   15.0000    0.0000   15.0000  268.2453  268.2453  0.000000       0.00000       0.00000        2884905.5134    0.000000    -0.00055     0.00000    0.000000000    0.000008155    0.000007356  258.084303  87354.3135
1002.00   15.0000    0.0000   15.0000  270.0130  270.0130  0.000000       0.00000       0.00000        2793135.2129    0.000000    -0.00002     0.00000    0.000000000    0.000007923    0.000008047  259.667598  87216.0855
1014.00   15.0000    0.0000   15.0000  270.0910  270.0910  0.000000       0.00000       0.00000         236005.2723    0.000000    -0.00002     0.00000    0.000000000   -0.000000243   -0.000000439  259.625498  87078.4871
1026.00   15.0000    0.0000   15.0000  270.1690  270.1690  0.000000       0.00000       0.00000         235937.1356    0.000000    -0.00002     0.00000    0.000000000   -0.000000243   -0.000000439  259.583365  86941.0835
1038.00   15.0000    0.0000   15.0000  270.2470  270.2470  0.000000       0.00000       0.00000         235869.0383    0.000000    -0.00003     0.00000    0.000000000   -0.000000243   -0.000000439  259.541199  86803.8744
1050.00   15.0000    0.0000   15.0000  270.3250  270.3250  0.000000       0.00000       0.00000         235800.9803    0.000000    -0.00003     0.00000    0.000000000   -0.000000243   -0.000000438  259.498998  86666.8597
1062.00   15.0000    0.0000   15.0000  270.4030  270.4030  0.000000       0.00000       0.00000         235732.9615    0.000000    -0.00003     0.00000    0.000000000   -0.000000243   -0.000000438  259.456764  86530.0390
1074.00   15.0000    0.0000   15.0000  270.4810  270.4810  0.000000       0.00000       0.00000         235664.9820    0.000000    -0.00003     0.00000    0.000000000   -0.000000243   -0.000000438  259.414496  86393.4120
1086.00   15.0000    0.0000   15.0000  270.5590  270.5590  0.000000       0.00000       0.00000         235597.0417    0.000000    -0.00003     0.00000    0.000000000   -0.000000243   -0.000000437  259.372194  86256.9786
1098.00   15.0000    0.0000   15.0000  270.6370  270.6370  0.000000       0.00000       0.00000         235529.1405    0.000000    -0.00003     0.00000    0.000000000   -0.000000243   -0.000000437  259.329858  86120.7384
1110.00   15.0000    0.0000   15.0000  270.7150  270.7150  0.000000       0.00000       0.00000         235461.2785    0.000000    -0.00003     0.00000    0.000000000   -0.000000243   -0.000000437  259.287488  85984.6912
1122.00   15.0000    0.0000   15.0000  270.7930  270.7930  0.000000       0.00000       0.00000         235393.4555    0.000000    -0.00003     0.00000    0.000000000   -0.000000243   -0.000000436  259.245085  85848.8368
1134.00   15.0000    0.0000   15.0000  270.8710  270.8710  0.000000       0.00000       0.00000         235325.6716    0.000000    -0.00003     0.00000    0.000000000   -0.000000243   -0.000000436  259.202648  85713.1747
1146.00   15.0000    0.0000   15.0000  270.9490  270.9490  0.000000       0.00000       0.00000         235257.9268    0.000000    -0.00003     0.00000    0.000000000   -0.000000243   -0.000000436  259.160178  85577.7050
1158.00   15.0000    0.0000   15.0000  271.0270  271.0270  0.000000       0.00000       0.00000         235190.2209    0.000000    -0.00003     0.00000    0.000000000   -0.000000243   -0.000000435  259.117674  85442.4271
1170.00   15.0000    0.0000   15.0000  271.1050  271.1050  0.000000       0.00000       0.00000         235122.5540    0.000000    -0.00003     0.00000    0.000000000   -0.000000243   -0.000000435  259.075135  85307.3410
1182.00   15.0000    0.0000   15.0000  271.1830  271.1830  0.000000       0.00000       0.00000         235054.9260    0.000000    -0.00003     0.00000    0.000000000   -0.000000243   -0.000000434  259.032564  85172.4463
1194.00   15.0000    0.0000   15.0000  271.2610  271.2610  0.000000       0.00000       0.00000         234987.3369    0.000000    -0.00003     0.00000    0.000000000   -0.000000243   -0.000000434  258.989958  85037.7427
1206.00   15.0000    0.0000   15.0000  271.3390  271.3390  0.000000       0.00000       0.00000         234919.7867    0.000000    -0.00003     0.00000    0.000000000   -0.000000243   -0.000000434  258.947319  84903.2301
1218.00   15.0000    0.0000   15.0000  271.4170  271.4170  0.000000       0.00000       0.00000         234852.2753    0.000000    -0.00003     0.00000    0.000000000   -0.000000243   -0.000000433  258.904647  84768.9082
1230.00   15.0000    0.0000   15.0000  271.4950  271.4950  0.000000       0.00000       0.00000         234784.8027    0.000000    -0.00003     0.00000    0.000000000   -0.000000243   -0.000000433  258.861940  84634.7766
1242.00   15.0000    0.0000   15.0000  271.5730  271.5730  0.000000       0.00000       0.00000         234717.3688    0.000000    -0.00003     0.00000    0.000000000   -0.000000243   -0.000000433  258.819200  84500.8352
1254.00   15.0000    0.0000   15.0000  271.6510  271.6510  0.000000       0.00000       0.00000         234649.9737    0.000000    -0.00003     0.00000    0.000000000   -0.000000243   -0.000000432  258.776427  84367.0837
1266.00   15.0000    0.0000   15.0000  271.7290  271.7290  0.000000       0.00000       0.00000         234582.6172    0.000000    -0.00003     0.00000    0.000000000   -0.000000243   -0.000000432  258.733619  84233.5219
1278.00   15.0000    0.0000   15.0000  271.8070  271.8070  0.000000       0.00000       0.00000         234515.2995    0.000000    -0.00003     0.00000    0.000000000   -0.000000243   -0.000000432  258.690778  84100.1494
1290.00   15.0000    0.0000   15.0000  271.8850  271.8850  0.000000       0.00000       0.00000         234448.0203    0.000000    -0.00003     0.00000    0.000000000   -0.000000243   -0.000000431  258.647904  83966.9661
1302.00   15.0000    0.0000   15.0000  271.9630  271.9630  0.000000       0.00000       0.00000         234380.7797    0.000000    -0.00003     0.00000    0.000000000   -0.000000243   -0.000000431  258.604996  83833.9717
1314.00   15.0000    0.0000   15.0000  272.0410  272.0410  0.000000       0.00000       0.00000         234313.5777    0.000000    -0.00003     0.00000    0.000000000   -0.000000243   -0.000000431  258.562054  83701.1658
1326.00   15.0000    0.0000   15.0000  272.1190  272.1190  0.000000       0.00000       0.00000         234246.4143    0.000000    -0.00003     0.00000    0.000000000   -0.000000243   -0.000000430  258.519079  83568.5484
1338.00   15.0000    0.0000   15.0000  272.1970  272.1970  0.000000       0.00000       0.00000         234179.2893    0.000000    -0.00003     0.00000    0.000000000   -0.000000243   -0.000000430  258.476070  83436.1190
1350.00   15.0000    0.0000   15.0000  272.2750  272.2750  0.000000       0.00000       0.00000         234112.2027    0.000000    -0.00003     0.00000    0.000000000   -0.000000243   -0.000000429  258.433028  83303.8776
1362.00   15.0000    0.0000   15.0000  272.3530  272.3530  0.000000       0.00000       0.00000         234045.1546    0.000000    -0.00003     0.00000    0.000000000   -0.000000243   -0.000000429  258.389952  83171.8237
1374.00   15.0000    0.0000   15.0000  272.4310  272.4310  0.000000       0.00000       0.00000         233978.1449    0.000000    -0.00003     0.00000    0.000000000   -0.000000243   -0.000000429  258.346843  83039.9572
1386.00   15.0000    0.0000   15.0000  272.5090  272.5090  0.000000       0.00000       0.00000         233911.1736    0.000000    -0.00003     0.00000    0.000000000   -0.000000243   -0.000000428  258.303700  82908.2778
1398.00   15.0000    0.0000   15.0000  272.5870  272.5870  0.000000       0.00000       0.00000         233844.2406    0.000000    -0.00003     0.00000    0.000000000   -0.000000243   -0.000000428  258.260523  82776.7853
1410.00   15.0000    0.0000   15.0000  272.6650  272.6650  0.000000       0.00000       0.00000         233777.3458    0.000000    -0.00003     0.00000    0.000000000   -0.000000243   -0.000000428  258.217313  82645.4793
1422.00   15.0000    0.0000   15.0000  272.7430  272.7430  0.000000       0.00000       0.00000         233710.4894    0.000000    -0.00003     0.00000    0.000000000   -0.000000243   -0.000000427  258.174070  82514.3597
1434.00   15.0000    0.0000   15.0000  272.8210  272.8210  0.000000       0.00000       0.00000         233643.6711    0.000000    -0.00003     0.00000    0.000000000   -0.000000243   -0.000000427  258.130793  82383.4263
1446.00   15.0000    0.0000   15.0000  272.8990  272.8990  0.000000       0.00000       0.00000         233576.8911    0.000000    -0.00004     0.00000    0.000000000   -0.000000243   -0.000000426  258.087482  82252.6787
1458.00   15.0000    0.0000   15.0000  272.9770  272.9770  0.000000       0.00000       0.00000         233510.1492    0.000000    -0.00004     0.00000    0.000000000   -0.000000243   -0.000000426  258.044139  82122.1166
1470.00   15.0000    0.0000   15.0000  273.0550  273.0550  0.000000       0.00000       0.00000         233443.4455    0.000000    -0.00004     0.00000    0.000000000   -0.000000243   -0.000000426  258.000761  81991.7400
1482.00   15.0000    0.0000   15.0000  273.1330  273.1330  0.000000       0.00000       0.00000         233376.7798    0.000000    -0.00004     0.00000    0.000000000   -0.000000243   -0.000000425  257.957350  81861.5484
1494.00   15.0000    0.0000   15.0000  273.2110  273.2110  0.000000       0.00000       0.00000         233310.1522    0.000000    -0.00004     0.00000    0.000000000   -0.000000243   -0.000000425  257.913906  81731.5418
1506.00   15.0000    0.0000   15.0000  273.2890  273.2890  0.000000       0.00000       0.00000         233243.5627    0.000000    -0.00004     0.00000    0.000000000   -0.000000243   -0.000000424  257.870428  81601.7197
1518.00   15.0000    0.0000   15.0000  273.3670  273.3670  0.000000       0.00000       0.00000         233177.0111    0.000000    -0.00004     0.00000    0.000000000   -0.000000243   -0.000000424  257.826917  81472.0820
1530.00   15.0000    0.0000   15.0000  273.4450  273.4450  0.000000       0.00000       0.00000         233110.4975    0.000000    -0.00004     0.00000    0.000000000   -0.000000243   -0.000000424  257.783373  81342.6284
1542.00   15.0000    0.0000   15.0000  273.5230  273.5230  0.000000       0.00000       0.00000         233044.0219    0.000000    -0.00004     0.00000    0.000000000   -0.000000243   -0.000000423  257.739795  81213.3586
1554.00   15.0000    0.0000   15.0000  273.6010  273.6010  0.000000       0.00000       0.00000         232977.5841    0.000000    -0.00004     0.00000    0.000000000   -0.000000243   -0.000000423  257.696184  81084.2725
1566.00   15.0000    0.0000   15.0000  273.6790  273.6790  0.000000       0.00000       0.00000         232911.1843    0.000000    -0.00004     0.00000    0.000000000   -0.000000243   -0.000000423  257.652539  80955.3698
1578.00   15.0000    0.0000   15.0000  273.7570  273.7570  0.000000       0.00000       0.00000         232844.8222    0.000000    -0.00004     0.00000    0.000000000   -0.000000243   -0.000000422  257.608861  80826.6502
1590.00   15.0000    0.0000   15.0000  273.8350  273.8350  0.000000       0.00000       0.00000         232778.4980    0.000000    -0.00004     0.00000    0.000000000   -0.000000243   -0.000000422  257.565150  80698.1134
1602.00   15.0000    0.0000   15.0000  273.9130  273.9130  0.000000       0.00000       0.00000         232712.2115    0.000000    -0.00004     0.00000    0.000000000   -0.000000243   -0.000000421  257.521405  80569.7593
1614.00   15.0000    0.0000   15.0000  273.9910  273.9910  0.000000       0.00000       0.00000         232645.9628    0.000000    -0.00004     0.00000    0.000000000   -0.000000243   -0.000000421  257.477627  80441.5876
1626.00   15.0000    0.0000   15.0000  274.0690  274.0690  0.000000       0.00000       0.00000         232579.7518    0.000000    -0.00004     0.00000    0.000000000   -0.000000243   -0.000000421  257.433815  80313.5981
1638.00   15.0000    0.0000   15.0000  274.1470  274.1470  0.000000       0.00000       0.00000         232513.5785    0.000000    -0.00004     0.00000    0.000000000   -0.000000243   -0.000000420  257.389970  80185.7904
1650.00   15.0000    0.0000   15.0000  274.2250  274.2250  0.000000       0.00000       0.00000         232447.4428    0.000000    -0.00004     0.00000    0.000000000   -0.000000243   -0.000000420  257.346092  80058.1644
1662.00   15.0000    0.0000   15.0000  274.3030  274.3030  0.000000       0.00000       0.00000         232381.3447    0.000000    -0.00004     0.00000    0.000000000   -0.000000242   -0.000000419  257.302181  79930.7199
1674.00   15.0000    0.0000   15.0000  274.3810  274.3810  0.000000       0.00000       0.00000         232315.2842    0.000000    -0.00004     0.00000    0.000000000   -0.000000242   -0.000000419  257.258236  79803.4565
1686.00   15.0000    0.0000   15.0000  274.4590  274.4590  0.000000       0.00000       0.00000         232249.2613    0.000000    -0.00004     0.00000    0.000000000   -0.000000242   -0.000000418  257.214258  79676.3740
1698.00   15.0000    0.0000   15.0000  274.5370  274.5370  0.000000       0.00000       0.00000         232183.2758    0.000000    -0.00004     0.00000    0.000000000   -0.000000242   -0.000000418  257.170247  79549.4722
1710.00   15.0000    0.0000   15.0000  274.6150  274.6150  0.000000       0.00000       0.00000         232117.3279    0.000000    -0.00004     0.00000    0.000000000   -0.000000242   -0.000000418  257.126203  79422.7508
1722.00   15.0000    0.0000   15.0000  274.6930  274.6930  0.000000       0.00000       0.00000         232051.4174    0.000000    -0.00004     0.00000    0.000000000   -0.000000242   -0.000000417  257.082125  79296.2097
1734.00   15.0000    0.0000   15.0000  274.7710  274.7710  0.000000       0.00000       0.00000         231985.5443    0.000000    -0.00004     0.00000    0.000000000   -0.000000242   -0.000000417  257.038014  79169.8485
1746.00   15.0000    0.0000   15.0000  274.8490  274.8490  0.000000       0.00000       0.00000         231919.7086    0.000000    -0.00004     0.00000    0.000000000   -0.000000242   -0.000000416  256.993869  79043.6670
1758.00   15.0000    0.0000   15.0000  274.9270  274.9270  0.000000       0.00000       0.00000         231853.9103    0.000000    -0.00004     0.00000    0.000000000   -0.000000242   -0.000000416  256.949692  78917.6650
1770.00   15.0000    0.0000   15.0000  275.0050  275.0050  0.000000       0.00000       0.00000         231788.1493    0.000000    -0.00004     0.00000    0.000000000   -0.000000242   -0.000000416  256.905481  78791.8423
1782.00   15.0000    0.0000   15.0000  275.0830  275.0830  0.000000       0.00000       0.00000         231722.4256    0.000000    -0.00004     0.00000    0.000000000   -0.000000242   -0.000000415  256.861237  78666.1985
1794.00   15.0000    0.0000   15.0000  275.1610  275.1610  0.000000       0.00000       0.00000         231656.7391    0.000000    -0.00004     0.00000    0.000000000   -0.000000242   -0.000000415  256.816960  78540.7335
1806.00   15.0000    0.0000   15.0000  275.2390  275.2390  0.000000       0.00000       0.00000         231591.0899    0.000000    -0.00004     0.00000    0.000000000   -0.000000242   -0.000000414  256.772650  78415.4470
1818.00   15.0000    0.0000   15.0000  275.3170  275.3170  0.000000       0.00000       0.00000         231525.4779    0.000000    -0.00004     0.00000    0.000000000   -0.000000242   -0.000000414  256.728306  78290.3388
1830.00   15.0000    0.0000   15.0000  275.3950  275.3950  0.000000       0.00000       0.00000         231459.9030    0.000000    -0.00004     0.00000    0.000000000   -0.000000242   -0.000000413  256.683930  78165.4086
1842.00   15.0000    0.0000   15.0000  275.4730  275.4730  0.000000       0.00000       0.00000         231394.3653    0.000000    -0.00004     0.00000    0.000000000   -0.000000242   -0.000000413  256.639520  78040.6562
1854.00   15.0000    0.0000   15.0000  275.5510  275.5510  0.000000       0.00000       0.00000         231328.8647    0.000000    -0.00005     0.00000    0.000000000   -0.000000242   -0.000000413  256.595077  77916.0814
1866.00   15.0000    0.0000   15.0000  275.6290  275.6290  0.000000       0.00000       0.00000         231263.4012    0.000000    -0.00005     0.00000    0.000000000   -0.000000242   -0.000000412  256.550601  77791.6839
1878.00   15.0000    0.0000   15.0000  275.7070  275.7070  0.000000       0.00000       0.00000         231197.9747    0.000000    -0.00005     0.00000    0.000000000   -0.000000241   -0.000000412  256.506091  77667.4634
1890.00   15.0000    0.0000   15.0000  275.7850  275.7850  0.000000       0.00000       0.00000         231132.5852    0.000000    -0.00005     0.00000    0.000000000   -0.000000241   -0.000000411  256.461549  77543.4199
1902.00   15.0000    0.0000   15.0000  275.8630  275.8630  0.000000       0.00000       0.00000         231067.2326    0.000000    -0.00005     0.00000    0.000000000   -0.000000241   -0.000000411  256.416974  77419.5529
1914.00   15.0000    0.0000   15.0000  275.9410  275.9410  0.000000       0.00000       0.00000         231001.9171    0.000000    -0.00005     0.00000    0.000000000   -0.000000241   -0.000000410  256.372365  77295.8623
1926.00   15.0000    0.0000   15.0000  276.0190  276.0190  0.000000       0.00000       0.00000         230936.6384    0.000000    -0.00005     0.00000    0.000000000   -0.000000241   -0.000000410  256.327723  77172.3478
1938.00   15.0000    0.0000   15.0000  276.0970  276.0970  0.000000       0.00000       0.00000         230871.3966    0.000000    -0.00005     0.00000    0.000000000   -0.000000241   -0.000000409  256.283048  77049.0093
1950.00   15.0000    0.0000   15.0000  276.1750  276.1750  0.000000       0.00000       0.00000         230806.1917    0.000000    -0.00005     0.00000    0.000000000   -0.000000241   -0.000000409  256.238340  76925.8464
1962.00   15.0000    0.0000   15.0000  276.2530  276.2530  0.000000       0.00000       0.00000         230741.0236    0.000000    -0.00005     0.00000    0.000000000   -0.000000241   -0.000000409  256.193599  76802.8589
1974.00   15.0000    0.0000   15.0000  276.3310  276.3310  0.000000       0.00000       0.00000         230675.8923    0.000000    -0.00005     0.00000    0.000000000   -0.000000241   -0.000000408  256.148825  76680.0467
1986.00   15.0000    0.0000   15.0000  276.4090  276.4090  0.000000       0.00000       0.00000         230610.7978    0.000000    -0.00005     0.00000    0.000000000   -0.000000241   -0.000000408  256.104018  76557.4093
1998.00   15.0000    0.0000   15.0000  276.4870  276.4870  0.000000       0.00000       0.00000         230545.7399    0.000000    -0.00005     0.00000    0.000000000   -0.000000241   -0.000000407  256.059178  76434.9468
2010.00   15.0000    0.0000   15.0000  276.5650  276.5650  0.000000       0.00000       0.00000         230480.7188    0.000000    -0.00005     0.00000    0.000000000   -0.000000241   -0.000000407  256.014305  76312.6587
2022.00   15.0000    0.0000   15.0000  276.6430  276.6430  0.000000       0.00000       0.00000         230415.7344    0.000000    -0.00005     0.00000    0.000000000   -0.000000241   -0.000000406  255.969399  76190.5448
2034.00   15.0000    0.0000   15.0000  276.7210  276.7210  0.000000       0.00000       0.00000         230350.7865    0.000000    -0.00005     0.00000    0.000000000   -0.000000240   -0.000000406  255.924460  76068.6050
2046.00   15.0000    0.0000   15.0000  276.7990  276.7990  0.000000       0.00000       0.00000         230285.8753    0.000000    -0.00005     0.00000    0.000000000   -0.000000240   -0.000000405  255.879487  75946.8390
2058.00   15.0000    0.0000   15.0000  276.8770  276.8770  0.000000       0.00000       0.00000         230221.0007    0.000000    -0.00005     0.00000    0.000000000   -0.000000240   -0.000000405  255.834482  75825.2465
2070.00   15.0000    0.0000   15.0000  276.9550  276.9550  0.000000       0.00000       0.00000         230156.1626    0.000000    -0.00005     0.00000    0.000000000   -0.000000240   -0.000000404  255.789444  75703.8273
2082.00   15.0000    0.0000   15.0000  277.0330  277.0330  0.000000       0.00000       0.00000         230091.3610    0.000000    -0.00005     0.00000    0.000000000   -0.000000240   -0.000000404  255.744373  75582.5813
2094.00   15.0000    0.0000   15.0000  277.1110  277.1110  0.000000       0.00000       0.00000         230026.5958    0.000000    -0.00005     0.00000    0.000000000   -0.000000240   -0.000000404  255.699269  75461.5081
2106.00   15.0000    0.0000   15.0000  277.1890  277.1890  0.000000       0.00000       0.00000         229961.8672    0.000000    -0.00005     0.00000    0.000000000   -0.000000240   -0.000000403  255.654132  75340.6075
2118.00   15.0000    0.0000   15.0000  277.2670  277.2670  0.000000       0.00000       0.00000         229897.1749    0.000000    -0.00005     0.00000    0.000000000   -0.000000240   -0.000000403  255.608962  75219.8793
2130.00   15.0000    0.0000   15.0000  277.3450  277.3450  0.000000       0.00000       0.00000         229832.5191    0.000000    -0.00005     0.00000    0.000000000   -0.000000240   -0.000000402  255.563759  75099.3233
2142.00   15.0000    0.0000   15.0000  277.4230  277.4230  0.000000       0.00000       0.00000         229767.8996    0.000000    -0.00005     0.00000    0.000000000   -0.000000240   -0.000000402  255.518523  74978.9392
2154.00   15.0000    0.0000   15.0000  277.5010  277.5010  0.000000       0.00000       0.00000         229703.3164    0.000000    -0.00005     0.00000    0.000000000   -0.000000240   -0.000000401  255.473254  74858.7269
2166.00   15.0000    0.0000   15.0000  277.5790  277.5790  0.000000       0.00000       0.00000         229638.7695    0.000000    -0.00005     0.00000    0.000000000   -0.000000239   -0.000000401  255.427952  74738.6860
2178.00   15.0000    0.0000   15.0000  277.6570  277.6570  0.000000       0.00000       0.00000         229574.2589    0.000000    -0.00005     0.00000    0.000000000   -0.000000239   -0.000000400  255.382617  74618.8163
2190.00   15.0000    0.0000   15.0000  277.7350  277.7350  0.000000       0.00000       0.00000         229509.7845    0.000000    -0.00005     0.00000    0.000000000   -0.000000239   -0.000000400  255.337250  74499.1177
2202.00   15.0000    0.0000   15.0000  277.8130  277.8130  0.000000       0.00000       0.00000         229445.3463    0.000000    -0.00005     0.00000    0.000000000   -0.000000239   -0.000000399  255.291850  74379.5898
2214.00   15.0000    0.0000   15.0000  277.8910  277.8910  0.000000       0.00000       0.00000         229380.9443    0.000000    -0.00005     0.00000    0.000000000   -0.000000239   -0.000000399  255.246416  74260.2325
2226.00   15.0000    0.0000   15.0000  277.9690  277.9690  0.000000       0.00000       0.00000         229316.5785    0.000000    -0.00005     0.00000    0.000000000   -0.000000239   -0.000000398  255.200950  74141.0456
2238.00   15.0000    0.0000   15.0000  278.0470  278.0470  0.000000       0.00000       0.00000         229252.2487    0.000000    -0.00005     0.00000    0.000000000   -0.000000239   -0.000000398  255.155451  74022.0287
2250.00   15.0000    0.0000   15.0000  278.1250  278.1250  0.000000       0.00000       0.00000         229187.9551    0.000000    -0.00005     0.00000    0.000000000   -0.000000239   -0.000000397  255.109919  73903.1817
2262.00   15.0000    0.0000   15.0000  278.2030  278.2030  0.000000       0.00000       0.00000         229123.6974    0.000000    -0.00006     0.00000    0.000000000   -0.000000239   -0.000000397  255.064354  73784.5044
2274.00   15.0000    0.0000   15.0000  278.2810  278.2810  0.000000       0.00000       0.00000         229059.4759    0.000000    -0.00006     0.00000    0.000000000   -0.000000238   -0.000000397  255.018757  73665.9965
2286.00   15.0000    0.0000   15.0000  278.3590  278.3590  0.000000       0.00000       0.00000         228995.2903    0.000000    -0.00006     0.00000    0.000000000   -0.000000238   -0.000000396  254.973126  73547.6578
2298.00   15.0000    0.0000   15.0000  278.4370  278.4370  0.000000       0.00000       0.00000         228931.1406    0.000000    -0.00006     0.00000    0.000000000   -0.000000238   -0.000000396  254.927463  73429.4880
2310.00   15.0000    0.0000   15.0000  278.5150  278.5150  0.000000       0.00000       0.00000         228867.0269    0.000000    -0.00006     0.00000    0.000000000   -0.000000238   -0.000000395  254.881767  73311.4870
2322.00   15.0000    0.0000   15.0000  278.5930  278.5930  0.000000       0.00000       0.00000         228802.9491    0.000000    -0.00006     0.00000    0.000000000   -0.000000238   -0.000000395  254.836039  73193.6545
2334.00   15.0000    0.0000   15.0000  278.6710  278.6710  0.000000       0.00000       0.00000         228738.9072    0.000000    -0.00006     0.00000    0.000000000   -0.000000238   -0.000000394  254.790277  73075.9902
2346.00   15.0000    0.0000   15.0000  278.7490  278.7490  0.000000       0.00000       0.00000         228674.9011    0.000000    -0.00006     0.00000    0.000000000   -0.000000238   -0.000000394  254.744483  72958.4941
2358.00   15.0000    0.0000   15.0000  278.8270  278.8270  0.000000       0.00000       0.00000         228610.9308    0.000000    -0.00006     0.00000    0.000000000   -0.000000238   -0.000000393  254.698656  72841.1657
2370.00   15.0000    0.0000   15.0000  278.9050  278.9050  0.000000       0.00000       0.00000         228546.9963    0.000000    -0.00006     0.00000    0.000000000   -0.000000238   -0.000000393  254.652796  72724.0050
2382.00   15.0000    0.0000   15.0000  278.9830  278.9830  0.000000       0.00000       0.00000              0.0000    0.000000    -0.00006     0.00000    0.000000000    0.000000000    0.000000000  254.606903  72607.0117
2394.00   15.0000    0.0000   15.0000  279.0610  279.0610  0.000000       0.00000       0.00000              0.0000    0.000000     0.00000     0.00000    0.000000000    0.000000000    0.000000000  254.560978  72490.1856
