   0.00    0.0000    0.0000    0.0000  248.3326  248.3326  0.000000       0.00000       0.00000              0.0000    0.000000     0.00000     0.00000    0.000000000    0.000000000    0.000000000    0.000000      0.0000
   6.00    7.2209    3.5418    8.0428  250.6835  250.6835  0.000000       0.59863       0.59863              0.0000    0.000000     0.00000     0.00000   -0.000065350    0.000000000    0.000000000  250.595839  99877.4546
  18.00    8.4120    4.0099    9.3188  250.9482  250.9482  0.000000       1.55712       1.55712              0.0933    0.000000    -0.00000     0.00000   -0.000071724    0.000000000    0.000000000  250.713970  99673.4177
  30.00    9.2281    4.2601   10.1640  251.1355  251.1355  0.000000       1.37990       1.37990              0.1281    0.000000    -0.00000     0.00000   -0.000083414    0.000000413    0.000000316  250.783930  99510.5902
  42.00   10.0061    4.4338   10.9444  251.3202  251.3202  0.000000       1.46721       1.46721              0.1473    0.000000    -0.00000     0.00000   -0.000087524    0.000000388    0.000000292  250.851267  99348.0733
  54.00   10.7177    4.5343   11.6374  251.4962  251.4962  0.000000       1.37809       1.37809              0.1683    0.000000    -0.00000     0.00000   -0.000090389    0.000000372    0.000000276  250.909792  99185.8624
  66.00   11.4004    4.5742   12.2839  251.6734  251.6734  0.000000       1.30124       1.30124              0.1866    0.000000    -0.00000     0.00000   -0.000092733    0.000000383    0.000000286  250.969417  99023.9545
  78.00   12.0549    4.5567   12.8874  251.8532  251.8532  0.000000       1.19105       1.19105              0.2052    0.000000    -0.00000     0.00000   -0.000094782    0.000000406    0.000000307  251.031531  98862.3500
  90.00   12.6869    4.4829   13.4557  252.0387  252.0387  0.000000       1.07646       1.07646              0.2238    0.000000    -0.00001     0.00000   -0.000096703    0.000000442    0.000000341  251.099322  98701.0510
 102.00   13.2957    4.3529   13.9901  252.2320  252.2320  0.000000       0.95578       0.95578              0.2431    0.000000    -0.00001     0.00000   -0.000098568    0.000000489    0.000000386  251.174769  98540.0610
 114.00   13.8794    4.1655   14.4910  252.4354  252.4354  0.000000       0.83550       0.83550              0.2637    0.000000    -0.00001     0.00000   -0.000100433    0.000000549    0.000000443  251.260236  98379.3851
 126.00   14.4338    3.9193   14.9565  252.6515  252.6515  0.000000       0.71748       0.71748              0.2859    0.000000    -0.00001     0.00000   -0.000102363    0.000000624    0.000000516  251.358142  98219.0296
 138.00   14.9530    3.6126   15.3832  252.8831  252.8831  0.000000       0.60411       0.60411              0.3106    0.000000    -0.00001     0.00000   -0.000104446    0.000000718    0.000000606  251.471385  98059.0027
 150.00   15.4281    3.2437   15.7654  253.1337  253.1337  0.000000       0.49683       0.49683              0.3385    0.000000    -0.00001     0.00000   -0.000106759    0.000000835    0.000000719  251.603499  97899.3143
 162.00   15.8478    2.8118   16.0953  253.4081  253.4081  0.000000       0.39690       0.39690              0.3711    0.000000    -0.00002     0.00000   -0.000109409    0.000000986    0.000000863  251.759064  97739.9770
 174.00   16.1966    2.3174   16.3615  253.7125  253.7125  0.000000       0.30525       0.30525              0.4101    0.000000    -0.00002     0.00000   -0.000112519    0.000001184    0.000001054  251.944289  97581.0066
 186.00   16.4532    1.7637   16.5475  254.0559  254.0559  0.000000       0.22278       0.22278              0.4592    0.000000    -0.00002     0.00000   -0.000116236    0.000001453    0.000001313  252.168089  97422.4234
 198.00   16.5881    1.1602   16.6287  254.4521  254.4521  0.000000       0.15025       0.15025              0.5245    0.000000    -0.00003     0.00000   -0.000120767    0.000001844    0.000001689  252.444256  97264.2546
 210.00   16.5580    0.5301   16.5665  254.9250  254.9250  0.000000       0.08884       0.08884              0.6203    0.000000    -0.00003     0.00000   -0.000126064    0.000002468    0.000002287  252.796140  97106.5387
 222.00   16.2959   -0.0669   16.2960  255.5211  255.5211  0.000000       0.03989       0.03989              0.7900    0.000000     0.00000     0.00000   -0.000130603    0.000003710    0.000003469  253.270060  96949.3351
 234.00   15.7042   -0.4513   15.7107  256.3763  256.3763  0.000000       0.00586       0.00586              1.3084    0.000000    -0.00009     0.00000   -0.000109865    0.000005964    0.000005612  254.000463  96792.7582
 246.00   15.0942   -0.2168   15.0957  257.6115  257.6115  0.000000       0.00020       0.00020              2.8663    0.000000    -0.00007     0.00000   -0.000025323    0.000006657    0.000006437  255.106732  96636.9971
 258.00   15.0004   -0.0027   15.0004  258.5618  258.5618  0.000000       0.00000       0.00000             21.9499    0.000000    -0.00003     0.00000   -0.000000663    0.000004060    0.000003914  255.930485  96482.0739
 270.00   15.0000   -0.0000   15.0000  258.9589  258.9589  0.000000       0.00000       0.00000          89810.1345    0.000000    -0.00003     0.00000   -0.000000000    0.000002137    0.000001952  256.206409  96327.7314
 282.00   15.0000   -0.0000   15.0000  259.3403  259.3403  0.000000       0.00000       0.00000        1145601.6716    0.000000    -0.00003     0.00000    0.000000000    0.000001987    0.000001804  256.466557  96173.7969
 294.00   15.0000   -0.0000   15.0000  259.6861  259.6861  0.000000       0.00000       0.00000        1069920.6239    0.000000    -0.00003     0.00000    0.000000000    0.000001844    0.000001661  256.691276  96020.2534
 306.00   15.0000   -0.0000   15.0000  260.0203  260.0203  0.000000       0.00000       0.00000        1037926.1060    0.000000    -0.00003     0.00000    0.000000000    0.000001800    0.000001615  256.904505  95867.0857
 318.00   15.0000   -0.0000   15.0000  260.3465  260.3465  0.000000       0.00000       0.00000        1015130.2868    0.000000    -0.00003     0.00000    0.000000000    0.000001776    0.000001589  257.109666  95714.2867
 330.00   15.0000    0.0000   15.0000  260.6671  260.6671  0.000000       0.00000       0.00000         997249.2117    0.000000    -0.00003     0.00000    0.000000000    0.000001762    0.000001573  257.309072  95561.8511
 342.00   15.0000    0.0000   15.0000  260.9827  260.9827  0.000000       0.00000       0.00000         980441.4419    0.000000    -0.00003     0.00000    0.000000000    0.000001749    0.000001557  257.503468  95409.7747
 354.00   15.0000    0.0000   15.0000  261.2933  261.2933  0.000000       0.00000       0.00000         961358.9207    0.000000    -0.00003     0.00000    0.000000000    0.000001728    0.000001535  257.692756  95258.0532
 366.00   15.0000    0.0000   15.0000  261.5975  261.5975  0.000000       0.00000       0.00000         940321.2471    0.000000    -0.00003     0.00000    0.000000000    0.000001699    0.000001505  257.875572  95106.6823
 378.00   15.0000    0.0000   15.0000  261.8953  261.8953  0.000000       0.00000       0.00000         904278.1096    0.000000    -0.00003     0.00000    0.000000000    0.000001627    0.000001432  258.052014  94955.6570
 390.00   15.0000    0.0000   15.0000  262.1771  262.1771  0.000000       0.00000       0.00000         875432.7974    0.000000    -0.00003     0.00000    0.000000000    0.000001571    0.000001375  258.212475  94804.9699
 402.00   15.0000    0.0000   15.0000  262.4570  262.4570  0.000000       0.00000       0.00000         788334.1953    0.000000    -0.00003     0.00000    0.000000000    0.000001346    0.000001154  258.371040  94654.6147
 414.00   15.0000    0.0000   15.0000  262.6834  262.6834  0.000000       0.00000       0.00000         713977.9440    0.000000    -0.00003     0.00000    0.000000000    0.000001151    0.000000959  258.476778  94504.5748
 426.00   15.0000    0.0000   15.0000  262.9160  262.9160  0.000000       0.00000       0.00000         695059.3960    0.000000    -0.00003     0.00000    0.000000000    0.000001108    0.000000916  258.588498  94354.8356
 438.00   15.0000    0.0000   15.0000  263.1307  263.1307  0.000000       0.00000       0.00000         661755.7211    0.000000    -0.00003     0.00000    0.000000000    0.000001022    0.000000830  258.682464  94205.3931
 450.00   15.0000    0.0000   15.0000  263.3422  263.3422  0.000000       0.00000       0.00000         647705.7490    0.000000    -0.00003     0.00000    0.000000000    0.000000991    0.000000797  258.773257  94056.2405
 462.00   15.0000    0.0000   15.0000  263.5481  263.5481  0.000000       0.00000       0.00000         633387.6948    0.000000    -0.00003     0.00000    0.000000000    0.000000957    0.000000763  258.858473  93907.3746
 474.00   15.0000    0.0000   15.0000  263.7507  263.7507  0.000000       0.00000       0.00000         622963.2808    0.000000    -0.00003     0.00000    0.000000000    0.000000934    0.000000739  258.940329  93758.7923
 486.00   15.0000    0.0000   15.0000  263.9502  263.9502  0.000000       0.00000       0.00000         613771.0425    0.000000    -0.00003     0.00000    0.000000000    0.000000914    0.000000718  259.019066  93610.4911
 498.00   15.0000    0.0000   15.0000  264.1472  264.1472  0.000000       0.00000       0.00000         605595.2037    0.000000    -0.00003     0.00000    0.000000000    0.000000896    0.000000700  259.095215  93462.4686
 510.00   15.0000    0.0000   15.0000  264.3417  264.3417  0.000000       0.00000       0.00000         597904.4198    0.000000    -0.00003     0.00000    0.000000000    0.000000880    0.000000682  259.168882  93314.7229
 522.00   15.0000    0.0000   15.0000  264.5340  264.5340  0.000000       0.00000       0.00000         590393.6224    0.000000    -0.00003     0.00000    0.000000000    0.000000864    0.000000665  259.240262  93167.2520
 534.00   15.0000    0.0000   15.0000  264.7239  264.7239  0.000000       0.00000       0.00000         582626.5397    0.000000    -0.00003     0.00000    0.000000000    0.000000846    0.000000646  259.309268  93020.0540
 546.00   15.0000    0.0000   15.0000  264.9115  264.9115  0.000000       0.00000       0.00000         573211.5853    0.000000    -0.00003     0.00000    0.000000000    0.000000823    0.000000622  259.375819  92873.1269
 558.00   15.0000    0.0000   15.0000  265.0956  265.0956  0.000000       0.00000       0.00000         563405.6605    0.000000    -0.00003     0.00000    0.000000000    0.000000798    0.000000597  259.438944  92726.4685
 570.00   15.0000    0.0000   15.0000  265.2770  265.2770  0.000000       0.00000       0.00000         546092.8010    0.000000    -0.00003     0.00000    0.000000000    0.000000748    0.000000547  259.499357  92580.0766
 582.00   15.0000    0.0000   15.0000  265.4501  265.4501  0.000000       0.00000       0.00000         530603.4745    0.000000    -0.00003     0.00000    0.000000000    0.000000704    0.000000502  259.551571  92433.9474
 594.00   15.0000    0.0000   15.0000  265.6217  265.6217  0.000000       0.00000       0.00000         497708.5031    0.000000    -0.00003     0.00000    0.000000000    0.000000603    0.000000403  259.602214  92288.0778
 606.00   15.0000    0.0000   15.0000  265.7736  265.7736  0.000000       0.00000       0.00000         448190.6592    0.000000    -0.00003     0.00000    0.000000000    0.000000448    0.000000249  259.633599  92142.4614
 618.00   15.0000    0.0000   15.0000  265.9132  265.9132  0.000000       0.00000       0.00000         419714.5677    0.000000    -0.00003     0.00000    0.000000000    0.000000358    0.000000161  259.652814  91997.0889
 630.00   15.0000    0.0000   15.0000  266.0468  266.0468  0.000000       0.00000       0.00000         401423.8425    0.000000    -0.00003     0.00000    0.000000000    0.000000301    0.000000104  259.666123  91851.9549
 642.00   15.0000    0.0000   15.0000  266.1746  266.1746  0.000000       0.00000       0.00000         387300.3240    0.000000    -0.00002     0.00000    0.000000000    0.000000256    0.000000059  259.673728  91707.0556
 654.00   15.0000    0.0000   15.0000  266.2991  266.2991  0.000000       0.00000       0.00000         378024.1671    0.000000    -0.00002     0.00000    0.000000000    0.000000226    0.000000030  259.678068  91562.3883
 666.00   15.0000    0.0000   15.0000  266.4209  266.4209  0.000000       0.00000       0.00000         370999.7205    0.000000    -0.00002     0.00000    0.000000000    0.000000204    0.000000008  259.679782  91417.9508
 678.00   15.0000    0.0000   15.0000  266.5410  266.5410  0.000000       0.00000       0.00000         365469.5862    0.000000    -0.00002     0.00000    0.000000000    0.000000187   -0.000000010  259.679660  91273.7417
 690.00   15.0000    0.0000   15.0000  266.6594  266.6594  0.000000       0.00000       0.00000         360845.0970    0.000000    -0.00003     0.00000    0.000000000    0.000000172   -0.000000024  259.677859  91129.7594
 702.00   15.0000    0.0000   15.0000  266.7765  266.7765  0.000000       0.00000       0.00000         357054.5776    0.000000    -0.00003     0.00000    0.000000000    0.000000160   -0.000000036  259.674796  90986.0030
 714.00   15.0000    0.0000   15.0000  266.8925  266.8925  0.000000       0.00000       0.00000         353793.3504    0.000000    -0.00003     0.00000    0.000000000    0.000000149   -0.000000047  259.670584  90842.4713
 726.00   15.0000    0.0000   15.0000  267.0076  267.0076  0.000000       0.00000       0.00000         351000.8478    0.000000    -0.00003     0.00000    0.000000000    0.000000140   -0.000000056  259.665445  90699.1635
 738.00   15.0000    0.0000   15.0000  267.1218  267.1218  0.000000       0.00000       0.00000         348454.2316    0.000000    -0.00003     0.00000    0.000000000    0.000000132   -0.000000064  259.659453  90556.0787
 750.00   15.0000    0.0000   15.0000  267.2354  267.2354  0.000000       0.00000       0.00000         346022.8194    0.000000    -0.00003     0.00000    0.000000000    0.000000125   -0.000000072  259.652690  90413.2161
 762.00   15.0000    0.0000   15.0000  267.3481  267.3481  0.000000       0.00000       0.00000         343835.2382    0.000000    -0.00003     0.00000    0.000000000    0.000000117   -0.000000079  259.645148  90270.5750
 774.00   15.0000    0.0000   15.0000  267.4603  267.4603  0.000000       0.00000       0.00000         341019.3756    0.000000    -0.00003     0.00000    0.000000000    0.000000108   -0.000000088  259.636989  90128.1546
 786.00   15.0000    0.0000   15.0000  267.5714  267.5714  0.000000       0.00000       0.00000         338972.7425    0.000000    -0.00003     0.00000    0.000000000    0.000000102   -0.000000095  259.627651  89985.9541
 798.00   15.0000    0.0000   15.0000  267.6823  267.6823  0.000000       0.00000       0.00000         335006.3941    0.000000    -0.00003     0.00000    0.000000000    0.000000089   -0.000000108  259.618183  89843.9729
 810.00   15.0000    0.0000   15.0000  267.7908  267.7908  0.000000       0.00000       0.00000         330819.0806    0.000000    -0.00003     0.00000    0.000000000    0.000000075   -0.000000121  259.606317  89702.2098
 822.00   15.0000    0.0000   15.0000  267.8991  267.8991  0.000000       0.00000       0.00000         329019.2336    0.000000    -0.00003     0.00000    0.000000000    0.000000069   -0.000000127  259.594179  89560.6639
 834.00   15.0000    0.0000   15.0000  268.0065  268.0065  0.000000       0.00000       0.00000         327187.7405    0.000000    -0.00003     0.00000    0.000000000    0.000000063   -0.000000133  259.581160  89419.3345
 846.00   15.0000    0.0000   15.0000  268.1137  268.1137  0.000000       0.00000       0.00000         325962.3282    0.000000    -0.00003     0.00000    0.000000000    0.000000059   -0.000000137  259.567848  89278.2209
 858.00   15.0000    0.0000   15.0000  268.2204  268.2204  0.000000       0.00000       0.00000         324884.2367    0.000000    -0.00003     0.00000    0.000000000    0.000000056   -0.000000141  259.554040  89137.3227
 870.00   15.0000    0.0000   15.0000  268.3270  268.3270  0.000000       0.00000       0.00000         324439.5491    0.000000    -0.00003     0.00000    0.000000000    0.000000054   -0.000000143  259.540032  88996.6394
 882.00   15.0000    0.0000   15.0000  268.4335  268.4335  0.000000       0.00000       0.00000         324317.9525    0.000000    -0.00003     0.00000    0.000000000    0.000000054   -0.000000143  259.525930  88856.1704
 894.00   15.0000    0.0000   15.0000  268.5400  268.5400  0.000000       0.00000       0.00000         324574.2827    0.000000    -0.00003     0.00000    0.000000000    0.000000054   -0.000000142  259.511833  88715.9156
 906.00   15.0000    0.0000   15.0000  268.6468  268.6468  0.000000       0.00000       0.00000         325570.2628    0.000000    -0.00003     0.00000    0.000000000    0.000000058   -0.000000139  259.497883  88575.8746
 918.00   15.0000    0.0000   15.0000  268.7541  268.7541  0.000000       0.00000       0.00000         327583.9004    0.000000    -0.00003     0.00000    0.000000000    0.000000064   -0.000000133  259.484408  88436.0473
 930.00   15.0000    0.0000   15.0000  268.8623  268.8623  0.000000       0.00000       0.00000         331220.1456    0.000000    -0.00003     0.00000    0.000000000    0.000000076   -0.000000121  259.471726  88296.4336
 942.00   15.0000    0.0000   15.0000  268.9720  268.9720  0.000000       0.00000       0.00000         338359.6355    0.000000    -0.00003     0.00000    0.000000000    0.000000100   -0.000000098  259.460550  88157.0340
 954.00   15.0000    0.0000   15.0000  269.0850  269.0850  0.000000       0.00000       0.00000         352210.1957    0.000000    -0.00004     0.00000    0.000000000    0.000000145   -0.000000054  259.452392  88017.8493
 966.00   15.0000    0.0000   15.0000  269.2040  269.2040  0.000000       0.00000       0.00000         400368.7218    0.000000    -0.00004     0.00000    0.000000000    0.000000305    0.000000102  259.450002  87878.8815
 978.00   15.0000    0.0000   15.0000  269.3488  269.3488  0.000000       0.00000       0.00000         403931.1510    0.000000    -0.00004     0.00000    0.000000000    0.000000317    0.000000114  259.472417  87740.1384
 990.00   15.0000    0.0000   15.0000  269.4702  269.4702  0.000000       0.00000       0.00000        1007193.6794    0.000000    -0.00017     0.00000    0.000000000    0.000002353    0.000002078  259.472322  87601.6204
1002.00   15.0000    0.0000   15.0000  270.0130  270.0130  0.000000       0.00000       0.00000         939371.1263    0.000000    -0.00002     0.00000    0.000000000    0.000002131    0.000001921  259.877720  87463.4287
1014.00   15.0000    0.0000   15.0000  270.0910  270.0910  0.000000       0.00000       0.00000         236005.2723    0.000000    -0.00002     0.00000    0.000000000   -0.000000245   -0.000000444  259.835682  87325.5516
1026.00   15.0000    0.0000   15.0000  270.1690  270.1690  0.000000       0.00000       0.00000         235937.1356    0.000000    -0.00002     0.00000    0.000000000   -0.000000245   -0.000000444  259.793610  87187.8695
1038.00   15.0000    0.0000   15.0000  270.2470  270.2470  0.000000       0.00000       0.00000         235869.0383    0.000000    -0.00003     0.00000    0.000000000   -0.000000245   -0.000000444  259.751504  87050.3823
1050.00   15.0000    0.0000   15.0000  270.3250  270.3250  0.000000       0.00000       0.00000         235800.9803    0.000000    -0.00003     0.00000    0.000000000   -0.000000245   -0.000000443  259.709364  86913.0897
1062.00   15.0000    0.0000   15.0000  270.4030  270.4030  0.000000       0.00000       0.00000         235732.9615    0.000000    -0.00003     0.00000    0.000000000   -0.000000245   -0.000000443  259.667190  86775.9913
1074.00   15.0000    0.0000   15.0000  270.4810  270.4810  0.000000       0.00000       0.00000         235664.9820    0.000000    -0.00003     0.00000    0.000000000   -0.000000245   -0.000000443  259.624983  86639.0870
1086.00   15.0000    0.0000   15.0000  270.5590  270.5590  0.000000       0.00000       0.00000         235597.0417    0.000000    -0.00003     0.00000    0.000000000   -0.000000245   -0.000000442  259.582741  86502.3764
1098.00   15.0000    0.0000   15.0000  270.6370  270.6370  0.000000       0.00000       0.00000         235529.1405    0.000000    -0.00003     0.00000    0.000000000   -0.000000245   -0.000000442  259.540466  86365.8594
1110.00   15.0000    0.0000   15.0000  270.7150  270.7150  0.000000       0.00000       0.00000         235461.2785    0.000000    -0.00003     0.00000    0.000000000   -0.000000245   -0.000000442  259.498158  86229.5356
1122.00   15.0000    0.0000   15.0000  270.7930  270.7930  0.000000       0.00000       0.00000         235393.4555    0.000000    -0.00003     0.00000    0.000000000   -0.000000245   -0.000000441  259.455815  86093.4049
1134.00   15.0000    0.0000   15.0000  270.8710  270.8710  0.000000       0.00000       0.00000         235325.6716    0.000000    -0.00003     0.00000    0.000000000   -0.000000245   -0.000000441  259.413439  85957.4668
1146.00   15.0000    0.0000   15.0000  270.9490  270.9490  0.000000       0.00000       0.00000         235257.9268    0.000000    -0.00003     0.00000    0.000000000   -0.000000245   -0.000000441  259.371029  85821.7213
1158.00   15.0000    0.0000   15.0000  271.0270  271.0270  0.000000       0.00000       0.00000         235190.2209    0.000000    -0.00003     0.00000    0.000000000   -0.000000245   -0.000000440  259.328585  85686.1679
1170.00   15.0000    0.0000   15.0000  271.1050  271.1050  0.000000       0.00000       0.00000         235122.5540    0.000000    -0.00003     0.00000    0.000000000   -0.000000245   -0.000000440  259.286108  85550.8065
1182.00   15.0000    0.0000   15.0000  271.1830  271.1830  0.000000       0.00000       0.00000         235054.9260    0.000000    -0.00003     0.00000    0.000000000   -0.000000245   -0.000000440  259.243597  85415.6368
1194.00   15.0000    0.0000   15.0000  271.2610  271.2610  0.000000       0.00000       0.00000         234987.3369    0.000000    -0.00003     0.00000    0.000000000   -0.000000245   -0.000000439  259.201052  85280.6586
1206.00   15.0000    0.0000   15.0000  271.3390  271.3390  0.000000       0.00000       0.00000         234919.7867    0.000000    -0.00003     0.00000    0.000000000   -0.000000245   -0.000000439  259.158474  85145.8715
1218.00   15.0000    0.0000   15.0000  271.4170  271.4170  0.000000       0.00000       0.00000         234852.2753    0.000000    -0.00003     0.00000    0.000000000   -0.000000245   -0.000000438  259.115862  85011.2754
1230.00   15.0000    0.0000   15.0000  271.4950  271.4950  0.000000       0.00000       0.00000         234784.8027    0.000000    -0.00003     0.00000    0.000000000   -0.000000245   -0.000000438  259.073216  84876.8699
1242.00   15.0000    0.0000   15.0000  271.5730  271.5730  0.000000       0.00000       0.00000         234717.3688    0.000000    -0.00003     0.00000    0.000000000   -0.000000245   -0.000000438  259.030537  84742.6549
1254.00   15.0000    0.0000   15.0000  271.6510  271.6510  0.000000       0.00000       0.00000         234649.9737    0.000000    -0.00003     0.00000    0.000000000   -0.000000245   -0.000000437  258.987824  84608.6300
1266.00   15.0000    0.0000   15.0000  271.7290  271.7290  0.000000       0.00000       0.00000         234582.6172    0.000000    -0.00003     0.00000    0.000000000   -0.000000245   -0.000000437  258.945078  84474.7951
1278.00   15.0000    0.0000   15.0000  271.8070  271.8070  0.000000       0.00000       0.00000         234515.2995    0.000000    -0.00003     0.00000    0.000000000   -0.000000245   -0.000000437  258.902297  84341.1497
1290.00   15.0000    0.0000   15.0000  271.8850  271.8850  0.000000       0.00000       0.00000         234448.0203    0.000000    -0.00003     0.00000    0.000000000   -0.000000245   -0.000000436  258.859484  84207.6938
1302.00   15.0000    0.0000   15.0000  271.9630  271.9630  0.000000       0.00000       0.00000         234380.7797    0.000000    -0.00003     0.00000    0.000000000   -0.000000245   -0.000000436  258.816636  84074.4270
1314.00   15.0000    0.0000   15.0000  272.0410  272.0410  0.000000       0.00000       0.00000         234313.5777    0.000000    -0.00003     0.00000    0.000000000   -0.000000245   -0.000000436  258.773755  83941.3491
1326.00   15.0000    0.0000   15.0000  272.1190  272.1190  0.000000       0.00000       0.00000         234246.4143    0.000000    -0.00003     0.00000    0.000000000   -0.000000245   -0.000000435  258.730841  83808.4599
1338.00   15.0000    0.0000   15.0000  272.1970  272.1970  0.000000       0.00000       0.00000         234179.2893    0.000000    -0.00003     0.00000    0.000000000   -0.000000245   -0.000000435  258.687893  83675.7590
1350.00   15.0000    0.0000   15.0000  272.2750  272.2750  0.000000       0.00000       0.00000         234112.2027    0.000000    -0.00003     0.00000    0.000000000   -0.000000245   -0.000000434  258.644911  83543.2462
1362.00   15.0000    0.0000   15.0000  272.3530  272.3530  0.000000       0.00000       0.00000         234045.1546    0.000000    -0.00003     0.00000    0.000000000   -0.000000245   -0.000000434  258.601896  83410.9213
1374.00   15.0000    0.0000   15.0000  272.4310  272.4310  0.000000       0.00000       0.00000         233978.1449    0.000000    -0.00003     0.00000    0.000000000   -0.000000245   -0.000000434  258.558847  83278.7841
1386.00   15.0000    0.0000   15.0000  272.5090  272.5090  0.000000       0.00000       0.00000         233911.1736    0.000000    -0.00003     0.00000    0.000000000   -0.000000245   -0.000000433  258.515765  83146.8342
1398.00   15.0000    0.0000   15.0000  272.5870  272.5870  0.000000       0.00000       0.00000         233844.2406    0.000000    -0.00003     0.00000    0.000000000   -0.000000245   -0.000000433  258.472649  83015.0714
1410.00   15.0000    0.0000   15.0000  272.6650  272.6650  0.000000       0.00000       0.00000         233777.3458    0.000000    -0.00003     0.00000    0.000000000   -0.000000245   -0.000000433  258.429500  82883.4955
1422.00   15.0000    0.0000   15.0000  272.7430  272.7430  0.000000       0.00000       0.00000         233710.4894    0.000000    -0.00003     0.00000    0.000000000   -0.000000245   -0.000000432  258.386317  82752.1062
1434.00   15.0000    0.0000   15.0000  272.8210  272.8210  0.000000       0.00000       0.00000         233643.6711    0.000000    -0.00003     0.00000    0.000000000   -0.000000245   -0.000000432  258.343101  82620.9033
1446.00   15.0000    0.0000   15.0000  272.8990  272.8990  0.000000       0.00000       0.00000         233576.8911    0.000000    -0.00004     0.00000    0.000000000   -0.000000245   -0.000000431  258.299851  82489.8865
1458.00   15.0000    0.0000   15.0000  272.9770  272.9770  0.000000       0.00000       0.00000         233510.1492    0.000000    -0.00004     0.00000    0.000000000   -0.000000245   -0.000000431  258.256568  82359.0555
1470.00   15.0000    0.0000   15.0000  273.0550  273.0550  0.000000       0.00000       0.00000         233443.4455    0.000000    -0.00004     0.00000    0.000000000   -0.000000245   -0.000000431  258.213251  82228.4102
1482.00   15.0000    0.0000   15.0000  273.1330  273.1330  0.000000       0.00000       0.00000         233376.7798    0.000000    -0.00004     0.00000    0.000000000   -0.000000245   -0.000000430  258.169901  82097.9502
1494.00   15.0000    0.0000   15.0000  273.2110  273.2110  0.000000       0.00000       0.00000         233310.1522    0.000000    -0.00004     0.00000    0.000000000   -0.000000245   -0.000000430  258.126518  81967.6754
1506.00   15.0000    0.0000   15.0000  273.2890  273.2890  0.000000       0.00000       0.00000         233243.5627    0.000000    -0.00004     0.00000    0.000000000   -0.000000245   -0.000000430  258.083101  81837.5854
1518.00   15.0000    0.0000   15.0000  273.3670  273.3670  0.000000       0.00000       0.00000         233177.0111    0.000000    -0.00004     0.00000    0.000000000   -0.000000245   -0.000000429  258.039650  81707.6801
1530.00   15.0000    0.0000   15.0000  273.4450  273.4450  0.000000       0.00000       0.00000         233110.4975    0.000000    -0.00004     0.00000    0.000000000   -0.000000245   -0.000000429  257.996166  81577.9591
1542.00   15.0000    0.0000   15.0000  273.5230  273.5230  0.000000       0.00000       0.00000         233044.0219    0.000000    -0.00004     0.00000    0.000000000   -0.000000245   -0.000000428  257.952649  81448.4222
1554.00   15.0000    0.0000   15.0000  273.6010  273.6010  0.000000       0.00000       0.00000         232977.5841    0.000000    -0.00004     0.00000    0.000000000   -0.000000245   -0.000000428  257.909099  81319.0693
1566.00   15.0000    0.0000   15.0000  273.6790  273.6790  0.000000       0.00000       0.00000         232911.1843    0.000000    -0.00004     0.00000    0.000000000   -0.000000245   -0.000000428  257.865515  81189.8999
1578.00   15.0000    0.0000   15.0000  273.7570  273.7570  0.000000       0.00000       0.00000         232844.8222    0.000000    -0.00004     0.00000    0.000000000   -0.000000245   -0.000000427  257.821897  81060.9140
1590.00   15.0000    0.0000   15.0000  273.8350  273.8350  0.000000       0.00000       0.00000         232778.4980    0.000000    -0.00004     0.00000    0.000000000   -0.000000245   -0.000000427  257.778247  80932.1111
1602.00   15.0000    0.0000   15.0000  273.9130  273.9130  0.000000       0.00000       0.00000         232712.2115    0.000000    -0.00004     0.00000    0.000000000   -0.000000245   -0.000000426  257.734563  80803.4912
1614.00   15.0000    0.0000   15.0000  273.9910  273.9910  0.000000       0.00000       0.00000         232645.9628    0.000000    -0.00004     0.00000    0.000000000   -0.000000245   -0.000000426  257.690845  80675.0540
1626.00   15.0000    0.0000   15.0000  274.0690  274.0690  0.000000       0.00000       0.00000         232579.7518    0.000000    -0.00004     0.00000    0.000000000   -0.000000245   -0.000000426  257.647094  80546.7991
1638.00   15.0000    0.0000   15.0000  274.1470  274.1470  0.000000       0.00000       0.00000         232513.5785    0.000000    -0.00004     0.00000    0.000000000   -0.000000245   -0.000000425  257.603310  80418.7264
1650.00   15.0000    0.0000   15.0000  274.2250  274.2250  0.000000       0.00000       0.00000         232447.4428    0.000000    -0.00004     0.00000    0.000000000   -0.000000245   -0.000000425  257.559493  80290.8356
1662.00   15.0000    0.0000   15.0000  274.3030  274.3030  0.000000       0.00000       0.00000         232381.3447    0.000000    -0.00004     0.00000    0.000000000   -0.000000245   -0.000000424  257.515642  80163.1264
1674.00   15.0000    0.0000   15.0000  274.3810  274.3810  0.000000       0.00000       0.00000         232315.2842    0.000000    -0.00004     0.00000    0.000000000   -0.000000245   -0.000000424  257.471758  80035.5987
1686.00   15.0000    0.0000   15.0000  274.4590  274.4590  0.000000       0.00000       0.00000         232249.2613    0.000000    -0.00004     0.00000    0.000000000   -0.000000245   -0.000000423  257.427841  79908.2522
1698.00   15.0000    0.0000   15.0000  274.5370  274.5370  0.000000       0.00000       0.00000         232183.2758    0.000000    -0.00004     0.00000    0.000000000   -0.000000245   -0.000000423  257.383890  79781.0867
1710.00   15.0000    0.0000   15.0000  274.6150  274.6150  0.000000       0.00000       0.00000         232117.3279    0.000000    -0.00004     0.00000    0.000000000   -0.000000245   -0.000000423  257.339907  79654.1018
1722.00   15.0000    0.0000   15.0000  274.6930  274.6930  0.000000       0.00000       0.00000         232051.4174    0.000000    -0.00004     0.00000    0.000000000   -0.000000245   -0.000000422  257.295890  79527.2974
1734.00   15.0000    0.0000   15.0000  274.7710  274.7710  0.000000       0.00000       0.00000         231985.5443    0.000000    -0.00004     0.00000    0.000000000   -0.000000245   -0.000000422  257.251839  79400.6731
1746.00   15.0000    0.0000   15.0000  274.8490  274.8490  0.000000       0.00000       0.00000         231919.7086    0.000000    -0.00004     0.00000    0.000000000   -0.000000245   -0.000000421  257.207756  79274.2289
1758.00   15.0000    0.0000   15.0000  274.9270  274.9270  0.000000       0.00000       0.00000         231853.9103    0.000000    -0.00004     0.00000    0.000000000   -0.000000244   -0.000000421  257.163639  79147.9644
1770.00   15.0000    0.0000   15.0000  275.0050  275.0050  0.000000       0.00000       0.00000         231788.1493    0.000000    -0.00004     0.00000    0.000000000   -0.000000244   -0.000000421  257.119489  79021.8794
1782.00   15.0000    0.0000   15.0000  275.0830  275.0830  0.000000       0.00000       0.00000         231722.4256    0.000000    -0.00004     0.00000    0.000000000   -0.000000244   -0.000000420  257.075306  78895.9736
1794.00   15.0000    0.0000   15.0000  275.1610  275.1610  0.000000       0.00000       0.00000         231656.7391    0.000000    -0.00004     0.00000    0.000000000   -0.000000244   -0.000000420  257.031089  78770.2469
1806.00   15.0000    0.0000   15.0000  275.2390  275.2390  0.000000       0.00000       0.00000         231591.0899    0.000000    -0.00004     0.00000    0.000000000   -0.000000244   -0.000000419  256.986840  78644.6989
1818.00   15.0000    0.0000   15.0000  275.3170  275.3170  0.000000       0.00000       0.00000         231525.4779    0.000000    -0.00004     0.00000    0.000000000   -0.000000244   -0.000000419  256.942557  78519.3294
1830.00   15.0000    0.0000   15.0000  275.3950  275.3950  0.000000       0.00000       0.00000         231459.9030    0.000000    -0.00004     0.00000    0.000000000   -0.000000244   -0.000000418  256.898241  78394.1382
1842.00   15.0000    0.0000   15.0000  275.4730  275.4730  0.000000       0.00000       0.00000         231394.3653    0.000000    -0.00004     0.00000    0.000000000   -0.000000244   -0.000000418  256.853892  78269.1251
1854.00   15.0000    0.0000   15.0000  275.5510  275.5510  0.000000       0.00000       0.00000         231328.8647    0.000000    -0.00005     0.00000    0.000000000   -0.000000244   -0.000000418  256.809509  78144.2898
1866.00   15.0000    0.0000   15.0000  275.6290  275.6290  0.000000       0.00000       0.00000         231263.4012    0.000000    -0.00005     0.00000    0.000000000   -0.000000244   -0.000000417  256.765094  78019.6321
1878.00   15.0000    0.0000   15.0000  275.7070  275.7070  0.000000       0.00000       0.00000         231197.9747    0.000000    -0.00005     0.00000    0.000000000   -0.000000244   -0.000000417  256.720645  77895.1517
1890.00   15.0000    0.0000   15.0000  275.7850  275.7850  0.000000       0.00000       0.00000         231132.5852    0.000000    -0.00005     0.00000    0.000000000   -0.000000244   -0.000000416  256.676164  77770.8483
1902.00   15.0000    0.0000   15.0000  275.8630  275.8630  0.000000       0.00000       0.00000         231067.2326    0.000000    -0.00005     0.00000    0.000000000   -0.000000244   -0.000000416  256.631649  77646.7219
1914.00   15.0000    0.0000   15.0000  275.9410  275.9410  0.000000       0.00000       0.00000         231001.9171    0.000000    -0.00005     0.00000    0.000000000   -0.000000244   -0.000000415  256.587101  77522.7721
1926.00   15.0000    0.0000   15.0000  276.0190  276.0190  0.000000       0.00000       0.00000         230936.6384    0.000000    -0.00005     0.00000    0.000000000   -0.000000244   -0.000000415  256.542520  77398.9987
1938.00   15.0000    0.0000   15.0000  276.0970  276.0970  0.000000       0.00000       0.00000         230871.3966    0.000000    -0.00005     0.00000    0.000000000   -0.000000244   -0.000000414  256.497906  77275.4014
1950.00   15.0000    0.0000   15.0000  276.1750  276.1750  0.000000       0.00000       0.00000         230806.1917    0.000000    -0.00005     0.00000    0.000000000   -0.000000243   -0.000000414  256.453258  77151.9800
1962.00   15.0000    0.0000   15.0000  276.2530  276.2530  0.000000       0.00000       0.00000         230741.0236    0.000000    -0.00005     0.00000    0.000000000   -0.000000243   -0.000000414  256.408578  77028.7343
1974.00   15.0000    0.0000   15.0000  276.3310  276.3310  0.000000       0.00000       0.00000         230675.8923    0.000000    -0.00005     0.00000    0.000000000   -0.000000243   -0.000000413  256.363865  76905.6641
1986.00   15.0000    0.0000   15.0000  276.4090  276.4090  0.000000       0.00000       0.00000         230610.7978    0.000000    -0.00005     0.00000    0.000000000   -0.000000243   -0.000000413  256.319119  76782.7690
1998.00   15.0000    0.0000   15.0000  276.4870  276.4870  0.000000       0.00000       0.00000         230545.7399    0.000000    -0.00005     0.00000    0.000000000   -0.000000243   -0.000000412  256.274339  76660.0490
2010.00   15.0000    0.0000   15.0000  276.5650  276.5650  0.000000       0.00000       0.00000         230480.7188    0.000000    -0.00005     0.00000    0.000000000   -0.000000243   -0.000000412  256.229527  76537.5036
2022.00   15.0000    0.0000   15.0000  276.6430  276.6430  0.000000       0.00000       0.00000         230415.7344    0.000000    -0.00005     0.00000    0.000000000   -0.000000243   -0.000000411  256.184681  76415.1328
2034.00   15.0000    0.0000   15.0000  276.7210  276.7210  0.000000       0.00000       0.00000         230350.7865    0.000000    -0.00005     0.00000    0.000000000   -0.000000243   -0.000000411  256.139803  76292.9363
2046.00   15.0000    0.0000   15.0000  276.7990  276.7990  0.000000       0.00000       0.00000         230285.8753    0.000000    -0.00005     0.00000    0.000000000   -0.000000243   -0.000000410  256.094891  76170.9137
2058.00   15.0000    0.0000   15.0000  276.8770  276.8770  0.000000       0.00000       0.00000         230221.0007    0.000000    -0.00005     0.00000    0.000000000   -0.000000243   -0.000000410  256.049947  76049.0650
2070.00   15.0000    0.0000   15.0000  276.9550  276.9550  0.000000       0.00000       0.00000         230156.1626    0.000000    -0.00005     0.00000    0.000000000   -0.000000243   -0.000000409  256.004969  75927.3899
2082.00   15.0000    0.0000   15.0000  277.0330  277.0330  0.000000       0.00000       0.00000         230091.3610    0.000000    -0.00005     0.00000    0.000000000   -0.000000243   -0.000000409  255.959959  75805.8881
2094.00   15.0000    0.0000   15.0000  277.1110  277.1110  0.000000       0.00000       0.00000         230026.5958    0.000000    -0.00005     0.00000    0.000000000   -0.000000243   -0.000000409  255.914915  75684.5594
2106.00   15.0000    0.0000   15.0000  277.1890  277.1890  0.000000       0.00000       0.00000         229961.8672    0.000000    -0.00005     0.00000    0.000000000   -0.000000242   -0.000000408  255.869839  75563.4036
2118.00   15.0000    0.0000   15.0000  277.2670  277.2670  0.000000       0.00000       0.00000         229897.1749    0.000000    -0.00005     0.00000    0.000000000   -0.000000242   -0.000000408  255.824729  75442.4204
2130.00   15.0000    0.0000   15.0000  277.3450  277.3450  0.000000       0.00000       0.00000         229832.5191    0.000000    -0.00005     0.00000    0.000000000   -0.000000242   -0.000000407  255.779587  75321.6097
2142.00   15.0000    0.0000   15.0000  277.4230  277.4230  0.000000       0.00000       0.00000         229767.8996    0.000000    -0.00005     0.00000    0.000000000   -0.000000242   -0.000000407  255.734412  75200.9711
2154.00   15.0000    0.0000   15.0000  277.5010  277.5010  0.000000       0.00000       0.00000         229703.3164    0.000000    -0.00005     0.00000    0.000000000   -0.000000242   -0.000000406  255.689204  75080.5045
2166.00   15.0000    0.0000   15.0000  277.5790  277.5790  0.000000       0.00000       0.00000         229638.7695    0.000000    -0.00005     0.00000    0.000000000   -0.000000242   -0.000000406  255.643963  74960.2096
2178.00   15.0000    0.0000   15.0000  277.6570  277.6570  0.000000       0.00000       0.00000         229574.2589    0.000000    -0.00005     0.00000    0.000000000   -0.000000242   -0.000000405  255.598689  74840.0861
2190.00   15.0000    0.0000   15.0000  277.7350  277.7350  0.000000       0.00000       0.00000         229509.7845    0.000000    -0.00005     0.00000    0.000000000   -0.000000242   -0.000000405  255.553382  74720.1340
2202.00   15.0000    0.0000   15.0000  277.8130  277.8130  0.000000       0.00000       0.00000         229445.3463    0.000000    -0.00005     0.00000    0.000000000   -0.000000242   -0.000000404  255.508042  74600.3529
2214.00   15.0000    0.0000   15.0000  277.8910  277.8910  0.000000       0.00000       0.00000         229380.9443    0.000000    -0.00005     0.00000    0.000000000   -0.000000242   -0.000000404  255.462670  74480.7426
2226.00   15.0000    0.0000   15.0000  277.9690  277.9690  0.000000       0.00000       0.00000         229316.5785    0.000000    -0.00005     0.00000    0.000000000   -0.000000241   -0.000000403  255.417264  74361.3028
2238.00   15.0000    0.0000   15.0000  278.0470  278.0470  0.000000       0.00000       0.00000         229252.2487    0.000000    -0.00005     0.00000    0.000000000   -0.000000241   -0.000000403  255.371826  74242.0334
2250.00   15.0000    0.0000   15.0000  278.1250  278.1250  0.000000       0.00000       0.00000         229187.9551    0.000000    -0.00005     0.00000    0.000000000   -0.000000241   -0.000000402  255.326355  74122.9341
2262.00   15.0000    0.0000   15.0000  278.2030  278.2030  0.000000       0.00000       0.00000         229123.6974    0.000000    -0.00006     0.00000    0.000000000   -0.000000241   -0.000000402  255.280851  74004.0048
2274.00   15.0000    0.0000   15.0000  278.2810  278.2810  0.000000       0.00000       0.00000         229059.4759    0.000000    -0.00006     0.00000    0.000000000   -0.000000241   -0.000000401  255.235314  73885.2450
2286.00   15.0000    0.0000   15.0000  278.3590  278.3590  0.000000       0.00000       0.00000         228995.2903    0.000000    -0.00006     0.00000    0.000000000   -0.000000241   -0.000000401  255.189744  73766.6547
2298.00   15.0000    0.0000   15.0000  278.4370  278.4370  0.000000       0.00000       0.00000         228931.1406    0.000000    -0.00006     0.00000    0.000000000   -0.000000241   -0.000000401  255.144142  73648.2337
2310.00   15.0000    0.0000   15.0000  278.5150  278.5150  0.000000       0.00000       0.00000         228867.0269    0.000000    -0.00006     0.00000    0.000000000   -0.000000241   -0.000000400  255.098506  73529.9816
2322.00   15.0000    0.0000   15.0000  278.5930  278.5930  0.000000       0.00000       0.00000         228802.9491    0.000000    -0.00006     0.00000    0.000000000   -0.000000241   -0.000000400  255.052838  73411.8982
2334.00   15.0000    0.0000   15.0000  278.6710  278.6710  0.000000       0.00000       0.00000         228738.9072    0.000000    -0.00006     0.00000    0.000000000   -0.000000240   -0.000000399  255.007137  73293.9834
2346.00   15.0000    0.0000   15.0000  278.7490  278.7490  0.000000       0.00000       0.00000         228674.9011    0.000000    -0.00006     0.00000    0.000000000   -0.000000240   -0.000000399  254.961404  73176.2369
2358.00   15.0000    0.0000   15.0000  278.8270  278.8270  0.000000       0.00000       0.00000         228610.9308    0.000000    -0.00006     0.00000    0.000000000   -0.000000240   -0.000000398  254.915637  73058.6585
2370.00   15.0000    0.0000   15.0000  278.9050  278.9050  0.000000       0.00000       0.00000         228546.9963    0.000000    -0.00006     0.00000    0.000000000   -0.000000240   -0.000000398  254.869838  72941.2479
2382.00   15.0000    0.0000   15.0000  278.9830  278.9830  0.000000       0.00000       0.00000              0.0000    0.000000    -0.00006     0.00000    0.000000000    0.000000000    0.000000000  254.824006  72824.0050
2394.00   15.0000    0.0000   15.0000  279.0610  279.0610  0.000000       0.00000       0.00000              0.0000    0.000000     0.00000     0.00000    0.000000000    0.000000000    0.000000000  254.778142  72706.9295
