   0.00    0.0000    0.0000    0.0000  242.5758  242.5758  0.000000       0.00000       0.00000              0.0000    0.000000     0.00000     0.00000    0.000000000    0.000000000    0.000000000    0.000000      0.0000
   6.00    7.6491    3.5432    8.4299  244.2652  244.2652  0.000000       0.69819       0.69819              0.0000    0.000000     0.00000     0.00000   -0.000018104    0.000000000    0.000000000  244.177476  99874.2375
  18.00    8.7127    3.9502    9.5663  244.4025  244.4025  0.000000       2.07483       2.07483              0.0637    0.000000    -0.00000     0.00000   -0.000032411    0.000000000    0.000000000  244.168260  99664.8060
  30.00    9.4041    4.1657   10.2855  244.4946  244.4946  0.000000       1.95400       1.95400              0.0909    0.000000    -0.00000     0.00000   -0.000037846   -0.000000025   -0.000000071  244.143213  99497.5997
  42.00   10.0442    4.3218   10.9345  244.5829  244.5829  0.000000       2.12753       2.12753              0.1061    0.000000    -0.00000     0.00000   -0.000040628   -0.000000038   -0.000000084  244.114263  99330.6556
  54.00   10.6230    4.4245   11.5075  244.6659  244.6659  0.000000       2.07499       2.07499              0.1223    0.000000    -0.00000     0.00000   -0.000042779   -0.000000046   -0.000000092  244.079955  99163.9699
  66.00   11.1724    4.4857   12.0392  244.7481  244.7481  0.000000       2.01449       2.01449              0.1364    0.000000    -0.00000     0.00000   -0.000044650   -0.000000047   -0.000000092  244.044889  98997.5403
  78.00   11.6976    4.5092   12.5367  244.8307  244.8307  0.000000       1.90365       1.90365              0.1503    0.000000    -0.00000     0.00000   -0.000046405   -0.000000044   -0.000000089  244.010097  98831.3664
  90.00   12.2053    4.4973   13.0075  244.9150  244.9150  0.000000       1.77535       1.77535              0.1640    0.000000    -0.00000     0.00000   -0.000048124   -0.000000038   -0.000000084  243.976992  98665.4482
 102.00   12.6976    4.4508   13.4550  245.0020  245.0020  0.000000       1.63118       1.63118              0.1780    0.000000    -0.00000     0.00000   -0.000049838   -0.000000030   -0.000000075  243.946510  98499.7871
 114.00   13.1759    4.3697   13.8816  245.0926  245.0926  0.000000       1.47937       1.47937              0.1925    0.000000    -0.00000     0.00000   -0.000051587   -0.000000019   -0.000000065  243.919630  98334.3846
 126.00   13.6402    4.2536   14.2880  245.1879  245.1879  0.000000       1.32338       1.32338              0.2079    0.000000    -0.00000     0.00000   -0.000053381   -0.000000005   -0.000000051  243.897334  98169.2433
 138.00   14.0896    4.1016   14.6744  245.2889  245.2889  0.000000       1.16664       1.16664              0.2245    0.000000    -0.00000     0.00000   -0.000055284    0.000000013   -0.000000034  243.880753  98004.3662
 150.00   14.5224    3.9123   15.0401  245.3972  245.3972  0.000000       1.01137       1.01137              0.2427    0.000000    -0.00001     0.00000   -0.000057315    0.000000035   -0.000000013  243.871248  97839.7572
 162.00   14.9360    3.6842   15.3836  245.5143  245.5143  0.000000       0.85964       0.85964              0.2634    0.000000    -0.00001     0.00000   -0.000059624    0.000000062    0.000000013  243.870572  97675.4213
 174.00   15.3268    3.4150   15.7026  245.6429  245.6429  0.000000       0.71260       0.71260              0.2873    0.000000    -0.00001     0.00000   -0.000062009    0.000000098    0.000000047  243.881106  97511.3646
 186.00   15.6897    3.1022   15.9934  245.7862  245.7862  0.000000       0.57215       0.57215              0.3160    0.000000    -0.00001     0.00000   -0.000064715    0.000000146    0.000000094  243.906325  97347.5956
 198.00   16.0177    2.7414   16.2506  245.9501  245.9501  0.000000       0.43796       0.43796              0.3522    0.000000    -0.00001     0.00000   -0.000067815    0.000000216    0.000000161  243.951845  97184.1252
 210.00   16.2994    2.3276   16.4648  246.1439  246.1439  0.000000       0.31555       0.31555              0.4003    0.000000    -0.00002     0.00000   -0.000071434    0.000000330    0.000000269  244.026934  97020.9697
 222.00   16.5168    1.8481   16.6199  246.3885  246.3885  0.000000       0.19751       0.19751              0.4746    0.000000    -0.00002     0.00000   -0.000076219    0.000000535    0.000000464  244.152207  96858.1548
 234.00   16.6239    1.2958   16.6743  246.7251  246.7251  0.000000       0.10999       0.10999              0.5924    0.000000    -0.00005     0.00000   -0.000085571    0.000001104    0.000001000  244.368594  96695.7267
 246.00   16.4825    0.6023   16.4935  247.3529  247.3529  0.000000       0.01562       0.01562              1.1423    0.000000    -0.00005     0.00000   -0.000066220    0.000006852    0.000005756  244.873121  96533.8095
 258.00   15.3457   -0.0833   15.3459  250.9699  250.9699  0.000000       0.00091       0.00091              2.3169    0.000000     0.00000     0.00000   -0.000199109    0.000011821    0.000011696  248.336072  96373.4542
 270.00   15.0032   -0.0039   15.0032  253.6668  253.6668  0.000000       0.00000       0.00000             29.2470    0.000000    -0.00011     0.00000   -0.000008484    0.000008783    0.000008897  250.886870  96215.2960
 282.00   15.0000   -0.0000   15.0000  254.9553  254.9553  0.000000       0.00000       0.00000          73516.8807    0.000000    -0.00007     0.00000   -0.000000000    0.000004914    0.000004773  252.043834  96058.5641
 294.00   15.0000   -0.0000   15.0000  255.7342  255.7342  0.000000       0.00000       0.00000        2328375.1814    0.000000    -0.00006     0.00000    0.000000000    0.000003541    0.000003355  252.696509  95902.6488
 306.00   15.0000   -0.0000   15.0000  256.4126  256.4126  0.000000       0.00000       0.00000        1962735.4097    0.000000    -0.00005     0.00000    0.000000000    0.000003034    0.000002860  253.249611  95747.3574
 318.00   15.0000   -0.0000   15.0000  256.9658  256.9658  0.000000       0.00000       0.00000        1661616.7382    0.000000    -0.00005     0.00000    0.000000000    0.000002579    0.000002405  253.678826  95592.6177
 330.00   15.0000   -0.0000   15.0000  257.4575  257.4575  0.000000       0.00000       0.00000        1476677.7303    0.000000    -0.00004     0.00000    0.000000000    0.000002297    0.000002127  254.047029  95438.3705
 342.00   15.0000    0.0000   15.0000  257.8963  257.8963  0.000000       0.00000       0.00000        1333907.4354    0.000000    -0.00004     0.00000    0.000000000    0.000002072    0.000001903  254.362756  95284.5793
 354.00   15.0000    0.0000   15.0000  258.2994  258.2994  0.000000       0.00000       0.00000        1223588.9245    0.000000    -0.00004     0.00000    0.000000000    0.000001894    0.000001727  254.643220  95131.2156
 366.00   15.0000    0.0000   15.0000  258.6698  258.6698  0.000000       0.00000       0.00000        1139591.0803    0.000000    -0.00004     0.00000    0.000000000    0.000001758    0.000001591  254.891112  94978.2575
 378.00   15.0000    0.0000   15.0000  259.0209  259.0209  0.000000       0.00000       0.00000        1064241.6094    0.000000    -0.00004     0.00000    0.000000000    0.000001630    0.000001464  255.119918  94825.6879
 390.00   15.0000    0.0000   15.0000  259.3444  259.3444  0.000000       0.00000       0.00000        1005768.1925    0.000000    -0.00004     0.00000    0.000000000    0.000001531    0.000001365  255.321404  94673.4917
 402.00   15.0000    0.0000   15.0000  259.6592  259.6592  0.000000       0.00000       0.00000         947885.8101    0.000000    -0.00004     0.00000    0.000000000    0.000001427    0.000001262  255.514192  94521.6569
 414.00   15.0000    0.0000   15.0000  259.9468  259.9468  0.000000       0.00000       0.00000         898319.8803    0.000000    -0.00004     0.00000    0.000000000    0.000001337    0.000001171  255.679962  94370.1720
 426.00   15.0000    0.0000   15.0000  260.2307  260.2307  0.000000       0.00000       0.00000         859028.0124    0.000000    -0.00003     0.00000    0.000000000    0.000001265    0.000001100  255.842115  94219.0266
 438.00   15.0000    0.0000   15.0000  260.4938  260.4938  0.000000       0.00000       0.00000         818039.8566    0.000000    -0.00004     0.00000    0.000000000    0.000001186    0.000001020  255.983642  94068.2129
 450.00   15.0000    0.0000   15.0000  260.7522  260.7522  0.000000       0.00000       0.00000         789054.8870    0.000000    -0.00003     0.00000    0.000000000    0.000001132    0.000000966  256.120411  93917.7223
 462.00   15.0000    0.0000   15.0000  260.9974  260.9974  0.000000       0.00000       0.00000         757709.0560    0.000000    -0.00003     0.00000    0.000000000    0.000001070    0.000000904  256.244047  93767.5487
 474.00   15.0000    0.0000   15.0000  261.2362  261.2362  0.000000       0.00000       0.00000         733983.8896    0.000000    -0.00003     0.00000    0.000000000    0.000001025    0.000000858  256.361395  93617.6858
 486.00   15.0000    0.0000   15.0000  261.4666  261.4666  0.000000       0.00000       0.00000         710216.0301    0.000000    -0.00003     0.00000    0.000000000    0.000000977    0.000000810  256.470363  93468.1283
 498.00   15.0000    0.0000   15.0000  261.6907  261.6907  0.000000       0.00000       0.00000         687702.7127    0.000000    -0.00003     0.00000    0.000000000    0.000000931    0.000000764  256.572989  93318.8713
 510.00   15.0000    0.0000   15.0000  261.9071  261.9071  0.000000       0.00000       0.00000         665610.0707    0.000000    -0.00003     0.00000    0.000000000    0.000000885    0.000000717  256.667999  93169.9099
 522.00   15.0000    0.0000   15.0000  262.1173  262.1173  0.000000       0.00000       0.00000         645648.0125    0.000000    -0.00003     0.00000    0.000000000    0.000000843    0.000000675  256.756907  93021.2396
 534.00   15.0000    0.0000   15.0000  262.3212  262.3212  0.000000       0.00000       0.00000         627945.0349    0.000000    -0.00003     0.00000    0.000000000    0.000000805    0.000000636  256.839519  92872.8561
 546.00   15.0000    0.0000   15.0000  262.5205  262.5205  0.000000       0.00000       0.00000         610110.6990    0.000000    -0.00003     0.00000    0.000000000    0.000000765    0.000000597  256.917429  92724.7554
 558.00   15.0000    0.0000   15.0000  262.7132  262.7132  0.000000       0.00000       0.00000         594229.2014    0.000000    -0.00003     0.00000    0.000000000    0.000000730    0.000000561  256.988947  92576.9340
 570.00   15.0000    0.0000   15.0000  262.9025  262.9025  0.000000       0.00000       0.00000         577334.3800    0.000000    -0.00003     0.00000    0.000000000    0.000000692    0.000000523  257.056975  92429.3882
 582.00   15.0000    0.0000   15.0000  263.0847  263.0847  0.000000       0.00000       0.00000         561880.9048    0.000000    -0.00003     0.00000    0.000000000    0.000000656    0.000000487  257.117964  92282.1145
 594.00   15.0000    0.0000   15.0000  263.2643  263.2643  0.000000       0.00000       0.00000         547012.7641    0.000000    -0.00003     0.00000    0.000000000    0.000000621    0.000000451  257.176353  92135.1096
 606.00   15.0000    0.0000   15.0000  263.4371  263.4371  0.000000       0.00000       0.00000         531273.8727    0.000000    -0.00003     0.00000    0.000000000    0.000000583    0.000000413  257.228066  91988.3702
 618.00   15.0000    0.0000   15.0000  263.6068  263.6068  0.000000       0.00000       0.00000         518379.7991    0.000000    -0.00003     0.00000    0.000000000    0.000000552    0.000000382  257.276615  91841.8931
 630.00   15.0000    0.0000   15.0000  263.7716  263.7716  0.000000       0.00000       0.00000         504885.3644    0.000000    -0.00003     0.00000    0.000000000    0.000000519    0.000000349  257.320273  91695.6754
 642.00   15.0000    0.0000   15.0000  263.9327  263.9327  0.000000       0.00000       0.00000         493507.0089    0.000000    -0.00003     0.00000    0.000000000    0.000000491    0.000000321  257.360379  91549.7142
 654.00   15.0000    0.0000   15.0000  264.0903  264.0903  0.000000       0.00000       0.00000         482636.1035    0.000000    -0.00003     0.00000    0.000000000    0.000000464    0.000000294  257.396919  91404.0071
 666.00   15.0000    0.0000   15.0000  264.2447  264.2447  0.000000       0.00000       0.00000         473158.1970    0.000000    -0.00003     0.00000    0.000000000    0.000000440    0.000000270  257.430222  91258.5515
 678.00   15.0000    0.0000   15.0000  264.3963  264.3963  0.000000       0.00000       0.00000         464598.4064    0.000000    -0.00003     0.00000    0.000000000    0.000000419    0.000000248  257.460830  91113.3455
 690.00   15.0000    0.0000   15.0000  264.5453  264.5453  0.000000       0.00000       0.00000         456219.3676    0.000000    -0.00003     0.00000    0.000000000    0.000000397    0.000000227  257.488774  90968.3870
 702.00   15.0000    0.0000   15.0000  264.6917  264.6917  0.000000       0.00000       0.00000         448349.9642    0.000000    -0.00003     0.00000    0.000000000    0.000000377    0.000000206  257.514135  90823.6740
 714.00   15.0000    0.0000   15.0000  264.8357  264.8357  0.000000       0.00000       0.00000         441656.5879    0.000000    -0.00003     0.00000    0.000000000    0.000000360    0.000000189  257.537148  90679.2049
 726.00   15.0000    0.0000   15.0000  264.9779  264.9779  0.000000       0.00000       0.00000         436060.7638    0.000000    -0.00003     0.00000    0.000000000    0.000000346    0.000000175  257.558314  90534.9779
 738.00   15.0000    0.0000   15.0000  265.1185  265.1185  0.000000       0.00000       0.00000         431230.5521    0.000000    -0.00003     0.00000    0.000000000    0.000000334    0.000000162  257.577823  90390.9916
 750.00   15.0000    0.0000   15.0000  265.2577  265.2577  0.000000       0.00000       0.00000         426958.5873    0.000000    -0.00003     0.00000    0.000000000    0.000000323    0.000000151  257.595966  90247.2449
 762.00   15.0000    0.0000   15.0000  265.3957  265.3957  0.000000       0.00000       0.00000         423529.3399    0.000000    -0.00003     0.00000    0.000000000    0.000000314    0.000000142  257.612800  90103.7364
 774.00   15.0000    0.0000   15.0000  265.5328  265.5328  0.000000       0.00000       0.00000         420515.6266    0.000000    -0.00003     0.00000    0.000000000    0.000000307    0.000000135  257.628798  89960.4653
 786.00   15.0000    0.0000   15.0000  265.6690  265.6690  0.000000       0.00000       0.00000         418478.1892    0.000000    -0.00003     0.00000    0.000000000    0.000000302    0.000000129  257.643749  89817.4307
 798.00   15.0000    0.0000   15.0000  265.8049  265.8049  0.000000       0.00000       0.00000         417334.1765    0.000000    -0.00003     0.00000    0.000000000    0.000000300    0.000000127  257.658478  89674.6316
 810.00   15.0000    0.0000   15.0000  265.9404  265.9404  0.000000       0.00000       0.00000         417478.3127    0.000000    -0.00003     0.00000    0.000000000    0.000000301    0.000000127  257.672723  89532.0676
 822.00   15.0000    0.0000   15.0000  266.0766  266.0766  0.000000       0.00000       0.00000         418251.4275    0.000000    -0.00003     0.00000    0.000000000    0.000000304    0.000000130  257.687556  89389.7382
 834.00   15.0000    0.0000   15.0000  266.2128  266.2128  0.000000       0.00000       0.00000         419439.8755    0.000000    -0.00004     0.00000    0.000000000    0.000000308    0.000000134  257.702304  89247.6433
 846.00   15.0000    0.0000   15.0000  266.3499  266.3499  0.000000       0.00000       0.00000         422615.8962    0.000000    -0.00004     0.00000    0.000000000    0.000000318    0.000000143  257.717902  89105.7826
 858.00   15.0000    0.0000   15.0000  266.4883  266.4883  0.000000       0.00000       0.00000         427959.2464    0.000000    -0.00004     0.00000    0.000000000    0.000000335    0.000000158  257.734669  88964.1563
 870.00   15.0000    0.0000   15.0000  266.6290  266.6290  0.000000       0.00000       0.00000         436242.7900    0.000000    -0.00004     0.00000    0.000000000    0.000000359    0.000000182  257.753655  88822.7648
 882.00   15.0000    0.0000   15.0000  266.7729  266.7729  0.000000       0.00000       0.00000         446591.9619    0.000000    -0.00004     0.00000    0.000000000    0.000000391    0.000000212  257.775667  88681.6093
 894.00   15.0000    0.0000   15.0000  266.9206  266.9206  0.000000       0.00000       0.00000         462191.3023    0.000000    -0.00004     0.00000    0.000000000    0.000000437    0.000000257  257.801205  88540.6911
 906.00   15.0000    0.0000   15.0000  267.0749  267.0749  0.000000       0.00000       0.00000         479119.6155    0.000000    -0.00004     0.00000    0.000000000    0.000000488    0.000000306  257.833086  88400.0125
 918.00   15.0000    0.0000   15.0000  267.2337  267.2337  0.000000       0.00000       0.00000         514259.5039    0.000000    -0.00005     0.00000    0.000000000    0.000000593    0.000000408  257.869342  88259.5760
 930.00   15.0000    0.0000   15.0000  267.4112  267.4112  0.000000       0.00000       0.00000         533418.0248    0.000000    -0.00005     0.00000    0.000000000    0.000000652    0.000000465  257.923439  88119.3871
 942.00   15.0000    0.0000   15.0000  267.5828  267.5828  0.000000       0.00000       0.00000         634304.5564    0.000000    -0.00007     0.00000    0.000000000    0.000000955    0.000000758  257.971862  87979.4486
 954.00   15.0000    0.0000   15.0000  267.8266  267.8266  0.000000       0.00000       0.00000         631995.6954    0.000000    -0.00005     0.00000    0.000000000    0.000000954    0.000000760  258.089699  87839.7774
 966.00   15.0000    0.0000   15.0000  267.9971  267.9971  0.000000       0.00000       0.00000         946971.2941    0.000000    -0.00014     0.00000    0.000000000    0.000001921    0.000001686  258.136879  87700.3724
 978.00   15.0000    0.0000   15.0000  268.4477  268.4477  0.000000       0.00000       0.00000         871600.2063    0.000000    -0.00004     0.00000    0.000000000    0.000001704    0.000001507  258.453696  87561.2866
 990.00   15.0000    0.0000   15.0000  268.5697  268.5697  0.000000       0.00000       0.00000        2381505.2343    0.000000    -0.00045     0.00000    0.000000000    0.000006670    0.000006054  258.454069  87422.5066
1002.00   15.0000    0.0000   15.0000  270.0130  270.0130  0.000000       0.00000       0.00000        2302136.0420    0.000000    -0.00002     0.00000    0.000000000    0.000006454    0.000006442  259.725577  87284.2853
1014.00   15.0000    0.0000   15.0000  270.0910  270.0910  0.000000       0.00000       0.00000         236005.2723    0.000000    -0.00002     0.00000    0.000000000   -0.000000243   -0.000000441  259.683495  87146.6100
1026.00   15.0000    0.0000   15.0000  270.1690  270.1690  0.000000       0.00000       0.00000         235937.1356    0.000000    -0.00002     0.00000    0.000000000   -0.000000243   -0.000000440  259.641378  87009.1296
1038.00   15.0000    0.0000   15.0000  270.2470  270.2470  0.000000       0.00000       0.00000         235869.0383    0.000000    -0.00003     0.00000    0.000000000   -0.000000243   -0.000000440  259.599228  86871.8438
1050.00   15.0000    0.0000   15.0000  270.3250  270.3250  0.000000       0.00000       0.00000         235800.9803    0.000000    -0.00003     0.00000    0.000000000   -0.000000243   -0.000000440  259.557045  86734.7524
1062.00   15.0000    0.0000   15.0000  270.4030  270.4030  0.000000       0.00000       0.00000         235732.9615    0.000000    -0.00003     0.00000    0.000000000   -0.000000243   -0.000000439  259.514827  86597.8551
1074.00   15.0000    0.0000   15.0000  270.4810  270.4810  0.000000       0.00000       0.00000         235664.9820    0.000000    -0.00003     0.00000    0.000000000   -0.000000243   -0.000000439  259.472575  86461.1517
1086.00   15.0000    0.0000   15.0000  270.5590  270.5590  0.000000       0.00000       0.00000         235597.0417    0.000000    -0.00003     0.00000    0.000000000   -0.000000243   -0.000000439  259.430290  86324.6418
1098.00   15.0000    0.0000   15.0000  270.6370  270.6370  0.000000       0.00000       0.00000         235529.1405    0.000000    -0.00003     0.00000    0.000000000   -0.000000243   -0.000000438  259.387971  86188.3253
1110.00   15.0000    0.0000   15.0000  270.7150  270.7150  0.000000       0.00000       0.00000         235461.2785    0.000000    -0.00003     0.00000    0.000000000   -0.000000243   -0.000000438  259.345619  86052.2018
1122.00   15.0000    0.0000   15.0000  270.7930  270.7930  0.000000       0.00000       0.00000         235393.4555    0.000000    -0.00003     0.00000    0.000000000   -0.000000243   -0.000000438  259.303232  85916.2711
1134.00   15.0000    0.0000   15.0000  270.8710  270.8710  0.000000       0.00000       0.00000         235325.6716    0.000000    -0.00003     0.00000    0.000000000   -0.000000243   -0.000000437  259.260812  85780.5330
1146.00   15.0000    0.0000   15.0000  270.9490  270.9490  0.000000       0.00000       0.00000         235257.9268    0.000000    -0.00003     0.00000    0.000000000   -0.000000243   -0.000000437  259.218358  85644.9871
1158.00   15.0000    0.0000   15.0000  271.0270  271.0270  0.000000       0.00000       0.00000         235190.2209    0.000000    -0.00003     0.00000    0.000000000   -0.000000244   -0.000000437  259.175871  85509.6333
1170.00   15.0000    0.0000   15.0000  271.1050  271.1050  0.000000       0.00000       0.00000         235122.5540    0.000000    -0.00003     0.00000    0.000000000   -0.000000244   -0.000000436  259.133349  85374.4712
1182.00   15.0000    0.0000   15.0000  271.1830  271.1830  0.000000       0.00000       0.00000         235054.9260    0.000000    -0.00003     0.00000    0.000000000   -0.000000244   -0.000000436  259.090794  85239.5007
1194.00   15.0000    0.0000   15.0000  271.2610  271.2610  0.000000       0.00000       0.00000         234987.3369    0.000000    -0.00003     0.00000    0.000000000   -0.000000244   -0.000000436  259.048206  85104.7214
1206.00   15.0000    0.0000   15.0000  271.3390  271.3390  0.000000       0.00000       0.00000         234919.7867    0.000000    -0.00003     0.00000    0.000000000   -0.000000244   -0.000000435  259.005584  84970.1331
1218.00   15.0000    0.0000   15.0000  271.4170  271.4170  0.000000       0.00000       0.00000         234852.2753    0.000000    -0.00003     0.00000    0.000000000   -0.000000244   -0.000000435  258.962928  84835.7355
1230.00   15.0000    0.0000   15.0000  271.4950  271.4950  0.000000       0.00000       0.00000         234784.8027    0.000000    -0.00003     0.00000    0.000000000   -0.000000244   -0.000000434  258.920238  84701.5284
1242.00   15.0000    0.0000   15.0000  271.5730  271.5730  0.000000       0.00000       0.00000         234717.3688    0.000000    -0.00003     0.00000    0.000000000   -0.000000244   -0.000000434  258.877515  84567.5116
1254.00   15.0000    0.0000   15.0000  271.6510  271.6510  0.000000       0.00000       0.00000         234649.9737    0.000000    -0.00003     0.00000    0.000000000   -0.000000244   -0.000000434  258.834758  84433.6847
1266.00   15.0000    0.0000   15.0000  271.7290  271.7290  0.000000       0.00000       0.00000         234582.6172    0.000000    -0.00003     0.00000    0.000000000   -0.000000244   -0.000000433  258.791967  84300.0475
1278.00   15.0000    0.0000   15.0000  271.8070  271.8070  0.000000       0.00000       0.00000         234515.2995    0.000000    -0.00003     0.00000    0.000000000   -0.000000244   -0.000000433  258.749143  84166.5998
1290.00   15.0000    0.0000   15.0000  271.8850  271.8850  0.000000       0.00000       0.00000         234448.0203    0.000000    -0.00003     0.00000    0.000000000   -0.000000244   -0.000000433  258.706285  84033.3413
1302.00   15.0000    0.0000   15.0000  271.9630  271.9630  0.000000       0.00000       0.00000         234380.7797    0.000000    -0.00003     0.00000    0.000000000   -0.000000244   -0.000000432  258.663394  83900.2717
1314.00   15.0000    0.0000   15.0000  272.0410  272.0410  0.000000       0.00000       0.00000         234313.5777    0.000000    -0.00003     0.00000    0.000000000   -0.000000244   -0.000000432  258.620469  83767.3908
1326.00   15.0000    0.0000   15.0000  272.1190  272.1190  0.000000       0.00000       0.00000         234246.4143    0.000000    -0.00003     0.00000    0.000000000   -0.000000244   -0.000000432  258.577511  83634.6984
1338.00   15.0000    0.0000   15.0000  272.1970  272.1970  0.000000       0.00000       0.00000         234179.2893    0.000000    -0.00003     0.00000    0.000000000   -0.000000244   -0.000000431  258.534519  83502.1942
1350.00   15.0000    0.0000   15.0000  272.2750  272.2750  0.000000       0.00000       0.00000         234112.2027    0.000000    -0.00003     0.00000    0.000000000   -0.000000244   -0.000000431  258.491493  83369.8779
1362.00   15.0000    0.0000   15.0000  272.3530  272.3530  0.000000       0.00000       0.00000         234045.1546    0.000000    -0.00003     0.00000    0.000000000   -0.000000244   -0.000000430  258.448434  83237.7493
1374.00   15.0000    0.0000   15.0000  272.4310  272.4310  0.000000       0.00000       0.00000         233978.1449    0.000000    -0.00003     0.00000    0.000000000   -0.000000244   -0.000000430  258.405341  83105.8081
1386.00   15.0000    0.0000   15.0000  272.5090  272.5090  0.000000       0.00000       0.00000         233911.1736    0.000000    -0.00003     0.00000    0.000000000   -0.000000244   -0.000000430  258.362215  82974.0541
1398.00   15.0000    0.0000   15.0000  272.5870  272.5870  0.000000       0.00000       0.00000         233844.2406    0.000000    -0.00003     0.00000    0.000000000   -0.000000244   -0.000000429  258.319055  82842.4870
1410.00   15.0000    0.0000   15.0000  272.6650  272.6650  0.000000       0.00000       0.00000         233777.3458    0.000000    -0.00003     0.00000    0.000000000   -0.000000244   -0.000000429  258.275862  82711.1066
1422.00   15.0000    0.0000   15.0000  272.7430  272.7430  0.000000       0.00000       0.00000         233710.4894    0.000000    -0.00003     0.00000    0.000000000   -0.000000244   -0.000000429  258.232635  82579.9127
1434.00   15.0000    0.0000   15.0000  272.8210  272.8210  0.000000       0.00000       0.00000         233643.6711    0.000000    -0.00003     0.00000    0.000000000   -0.000000244   -0.000000428  258.189375  82448.9049
1446.00   15.0000    0.0000   15.0000  272.8990  272.8990  0.000000       0.00000       0.00000         233576.8911    0.000000    -0.00004     0.00000    0.000000000   -0.000000244   -0.000000428  258.146082  82318.0830
1458.00   15.0000    0.0000   15.0000  272.9770  272.9770  0.000000       0.00000       0.00000         233510.1492    0.000000    -0.00004     0.00000    0.000000000   -0.000000244   -0.000000427  258.102754  82187.4468
1470.00   15.0000    0.0000   15.0000  273.0550  273.0550  0.000000       0.00000       0.00000         233443.4455    0.000000    -0.00004     0.00000    0.000000000   -0.000000244   -0.000000427  258.059394  82056.9961
1482.00   15.0000    0.0000   15.0000  273.1330  273.1330  0.000000       0.00000       0.00000         233376.7798    0.000000    -0.00004     0.00000    0.000000000   -0.000000244   -0.000000427  258.016000  81926.7305
1494.00   15.0000    0.0000   15.0000  273.2110  273.2110  0.000000       0.00000       0.00000         233310.1522    0.000000    -0.00004     0.00000    0.000000000   -0.000000244   -0.000000426  257.972572  81796.6498
1506.00   15.0000    0.0000   15.0000  273.2890  273.2890  0.000000       0.00000       0.00000         233243.5627    0.000000    -0.00004     0.00000    0.000000000   -0.000000244   -0.000000426  257.929111  81666.7539
1518.00   15.0000    0.0000   15.0000  273.3670  273.3670  0.000000       0.00000       0.00000         233177.0111    0.000000    -0.00004     0.00000    0.000000000   -0.000000244   -0.000000425  257.885617  81537.0423
1530.00   15.0000    0.0000   15.0000  273.4450  273.4450  0.000000       0.00000       0.00000         233110.4975    0.000000    -0.00004     0.00000    0.000000000   -0.000000243   -0.000000425  257.842089  81407.5150
1542.00   15.0000    0.0000   15.0000  273.5230  273.5230  0.000000       0.00000       0.00000         233044.0219    0.000000    -0.00004     0.00000    0.000000000   -0.000000243   -0.000000425  257.798528  81278.1716
1554.00   15.0000    0.0000   15.0000  273.6010  273.6010  0.000000       0.00000       0.00000         232977.5841    0.000000    -0.00004     0.00000    0.000000000   -0.000000243   -0.000000424  257.754934  81149.0119
1566.00   15.0000    0.0000   15.0000  273.6790  273.6790  0.000000       0.00000       0.00000         232911.1843    0.000000    -0.00004     0.00000    0.000000000   -0.000000243   -0.000000424  257.711306  81020.0356
1578.00   15.0000    0.0000   15.0000  273.7570  273.7570  0.000000       0.00000       0.00000         232844.8222    0.000000    -0.00004     0.00000    0.000000000   -0.000000243   -0.000000423  257.667644  80891.2425
1590.00   15.0000    0.0000   15.0000  273.8350  273.8350  0.000000       0.00000       0.00000         232778.4980    0.000000    -0.00004     0.00000    0.000000000   -0.000000243   -0.000000423  257.623950  80762.6324
1602.00   15.0000    0.0000   15.0000  273.9130  273.9130  0.000000       0.00000       0.00000         232712.2115    0.000000    -0.00004     0.00000    0.000000000   -0.000000243   -0.000000423  257.580222  80634.2050
1614.00   15.0000    0.0000   15.0000  273.9910  273.9910  0.000000       0.00000       0.00000         232645.9628    0.000000    -0.00004     0.00000    0.000000000   -0.000000243   -0.000000422  257.536460  80505.9600
1626.00   15.0000    0.0000   15.0000  274.0690  274.0690  0.000000       0.00000       0.00000         232579.7518    0.000000    -0.00004     0.00000    0.000000000   -0.000000243   -0.000000422  257.492666  80377.8973
1638.00   15.0000    0.0000   15.0000  274.1470  274.1470  0.000000       0.00000       0.00000         232513.5785    0.000000    -0.00004     0.00000    0.000000000   -0.000000243   -0.000000421  257.448838  80250.0166
1650.00   15.0000    0.0000   15.0000  274.2250  274.2250  0.000000       0.00000       0.00000         232447.4428    0.000000    -0.00004     0.00000    0.000000000   -0.000000243   -0.000000421  257.404976  80122.3175
1662.00   15.0000    0.0000   15.0000  274.3030  274.3030  0.000000       0.00000       0.00000         232381.3447    0.000000    -0.00004     0.00000    0.000000000   -0.000000243   -0.000000421  257.361082  79994.8000
1674.00   15.0000    0.0000   15.0000  274.3810  274.3810  0.000000       0.00000       0.00000         232315.2842    0.000000    -0.00004     0.00000    0.000000000   -0.000000243   -0.000000420  257.317154  79867.4637
1686.00   15.0000    0.0000   15.0000  274.4590  274.4590  0.000000       0.00000       0.00000         232249.2613    0.000000    -0.00004     0.00000    0.000000000   -0.000000243   -0.000000420  257.273192  79740.3084
1698.00   15.0000    0.0000   15.0000  274.5370  274.5370  0.000000       0.00000       0.00000         232183.2758    0.000000    -0.00004     0.00000    0.000000000   -0.000000243   -0.000000419  257.229198  79613.3338
1710.00   15.0000    0.0000   15.0000  274.6150  274.6150  0.000000       0.00000       0.00000         232117.3279    0.000000    -0.00004     0.00000    0.000000000   -0.000000243   -0.000000419  257.185170  79486.5398
1722.00   15.0000    0.0000   15.0000  274.6930  274.6930  0.000000       0.00000       0.00000         232051.4174    0.000000    -0.00004     0.00000    0.000000000   -0.000000243   -0.000000419  257.141109  79359.9260
1734.00   15.0000    0.0000   15.0000  274.7710  274.7710  0.000000       0.00000       0.00000         231985.5443    0.000000    -0.00004     0.00000    0.000000000   -0.000000243   -0.000000418  257.097015  79233.4923
1746.00   15.0000    0.0000   15.0000  274.8490  274.8490  0.000000       0.00000       0.00000         231919.7086    0.000000    -0.00004     0.00000    0.000000000   -0.000000243   -0.000000418  257.052887  79107.2384
1758.00   15.0000    0.0000   15.0000  274.9270  274.9270  0.000000       0.00000       0.00000         231853.9103    0.000000    -0.00004     0.00000    0.000000000   -0.000000243   -0.000000417  257.008727  78981.1640
1770.00   15.0000    0.0000   15.0000  275.0050  275.0050  0.000000       0.00000       0.00000         231788.1493    0.000000    -0.00004     0.00000    0.000000000   -0.000000243   -0.000000417  256.964533  78855.2689
1782.00   15.0000    0.0000   15.0000  275.0830  275.0830  0.000000       0.00000       0.00000         231722.4256    0.000000    -0.00004     0.00000    0.000000000   -0.000000243   -0.000000416  256.920306  78729.5528
1794.00   15.0000    0.0000   15.0000  275.1610  275.1610  0.000000       0.00000       0.00000         231656.7391    0.000000    -0.00004     0.00000    0.000000000   -0.000000243   -0.000000416  256.876045  78604.0156
1806.00   15.0000    0.0000   15.0000  275.2390  275.2390  0.000000       0.00000       0.00000         231591.0899    0.000000    -0.00004     0.00000    0.000000000   -0.000000243   -0.000000416  256.831752  78478.6570
1818.00   15.0000    0.0000   15.0000  275.3170  275.3170  0.000000       0.00000       0.00000         231525.4779    0.000000    -0.00004     0.00000    0.000000000   -0.000000242   -0.000000415  256.787425  78353.4767
1830.00   15.0000    0.0000   15.0000  275.3950  275.3950  0.000000       0.00000       0.00000         231459.9030    0.000000    -0.00004     0.00000    0.000000000   -0.000000242   -0.000000415  256.743065  78228.4746
1842.00   15.0000    0.0000   15.0000  275.4730  275.4730  0.000000       0.00000       0.00000         231394.3653    0.000000    -0.00004     0.00000    0.000000000   -0.000000242   -0.000000414  256.698672  78103.6503
1854.00   15.0000    0.0000   15.0000  275.5510  275.5510  0.000000       0.00000       0.00000         231328.8647    0.000000    -0.00005     0.00000    0.000000000   -0.000000242   -0.000000414  256.654246  77979.0036
1866.00   15.0000    0.0000   15.0000  275.6290  275.6290  0.000000       0.00000       0.00000         231263.4012    0.000000    -0.00005     0.00000    0.000000000   -0.000000242   -0.000000413  256.609786  77854.5343
1878.00   15.0000    0.0000   15.0000  275.7070  275.7070  0.000000       0.00000       0.00000         231197.9747    0.000000    -0.00005     0.00000    0.000000000   -0.000000242   -0.000000413  256.565294  77730.2422
1890.00   15.0000    0.0000   15.0000  275.7850  275.7850  0.000000       0.00000       0.00000         231132.5852    0.000000    -0.00005     0.00000    0.000000000   -0.000000242   -0.000000413  256.520768  77606.1270
1902.00   15.0000    0.0000   15.0000  275.8630  275.8630  0.000000       0.00000       0.00000         231067.2326    0.000000    -0.00005     0.00000    0.000000000   -0.000000242   -0.000000412  256.476209  77482.1885
1914.00   15.0000    0.0000   15.0000  275.9410  275.9410  0.000000       0.00000       0.00000         231001.9171    0.000000    -0.00005     0.00000    0.000000000   -0.000000242   -0.000000412  256.431617  77358.4264
1926.00   15.0000    0.0000   15.0000  276.0190  276.0190  0.000000       0.00000       0.00000         230936.6384    0.000000    -0.00005     0.00000    0.000000000   -0.000000242   -0.000000411  256.386992  77234.8405
1938.00   15.0000    0.0000   15.0000  276.0970  276.0970  0.000000       0.00000       0.00000         230871.3966    0.000000    -0.00005     0.00000    0.000000000   -0.000000242   -0.000000411  256.342334  77111.4306
1950.00   15.0000    0.0000   15.0000  276.1750  276.1750  0.000000       0.00000       0.00000         230806.1917    0.000000    -0.00005     0.00000    0.000000000   -0.000000242   -0.000000410  256.297643  76988.1964
1962.00   15.0000    0.0000   15.0000  276.2530  276.2530  0.000000       0.00000       0.00000         230741.0236    0.000000    -0.00005     0.00000    0.000000000   -0.000000242   -0.000000410  256.252919  76865.1377
1974.00   15.0000    0.0000   15.0000  276.3310  276.3310  0.000000       0.00000       0.00000         230675.8923    0.000000    -0.00005     0.00000    0.000000000   -0.000000242   -0.000000409  256.208162  76742.2543
1986.00   15.0000    0.0000   15.0000  276.4090  276.4090  0.000000       0.00000       0.00000         230610.7978    0.000000    -0.00005     0.00000    0.000000000   -0.000000241   -0.000000409  256.163371  76619.5459
1998.00   15.0000    0.0000   15.0000  276.4870  276.4870  0.000000       0.00000       0.00000         230545.7399    0.000000    -0.00005     0.00000    0.000000000   -0.000000241   -0.000000409  256.118548  76497.0123
2010.00   15.0000    0.0000   15.0000  276.5650  276.5650  0.000000       0.00000       0.00000         230480.7188    0.000000    -0.00005     0.00000    0.000000000   -0.000000241   -0.000000408  256.073691  76374.6532
2022.00   15.0000    0.0000   15.0000  276.6430  276.6430  0.000000       0.00000       0.00000         230415.7344    0.000000    -0.00005     0.00000    0.000000000   -0.000000241   -0.000000408  256.028802  76252.4685
2034.00   15.0000    0.0000   15.0000  276.7210  276.7210  0.000000       0.00000       0.00000         230350.7865    0.000000    -0.00005     0.00000    0.000000000   -0.000000241   -0.000000407  255.983880  76130.4579
2046.00   15.0000    0.0000   15.0000  276.7990  276.7990  0.000000       0.00000       0.00000         230285.8753    0.000000    -0.00005     0.00000    0.000000000   -0.000000241   -0.000000407  255.938924  76008.6211
2058.00   15.0000    0.0000   15.0000  276.8770  276.8770  0.000000       0.00000       0.00000         230221.0007    0.000000    -0.00005     0.00000    0.000000000   -0.000000241   -0.000000406  255.893936  75886.9580
2070.00   15.0000    0.0000   15.0000  276.9550  276.9550  0.000000       0.00000       0.00000         230156.1626    0.000000    -0.00005     0.00000    0.000000000   -0.000000241   -0.000000406  255.848914  75765.4682
2082.00   15.0000    0.0000   15.0000  277.0330  277.0330  0.000000       0.00000       0.00000         230091.3610    0.000000    -0.00005     0.00000    0.000000000   -0.000000241   -0.000000405  255.803860  75644.1516
2094.00   15.0000    0.0000   15.0000  277.1110  277.1110  0.000000       0.00000       0.00000         230026.5958    0.000000    -0.00005     0.00000    0.000000000   -0.000000241   -0.000000405  255.758772  75523.0080
2106.00   15.0000    0.0000   15.0000  277.1890  277.1890  0.000000       0.00000       0.00000         229961.8672    0.000000    -0.00005     0.00000    0.000000000   -0.000000241   -0.000000404  255.713652  75402.0370
2118.00   15.0000    0.0000   15.0000  277.2670  277.2670  0.000000       0.00000       0.00000         229897.1749    0.000000    -0.00005     0.00000    0.000000000   -0.000000241   -0.000000404  255.668499  75281.2385
2130.00   15.0000    0.0000   15.0000  277.3450  277.3450  0.000000       0.00000       0.00000         229832.5191    0.000000    -0.00005     0.00000    0.000000000   -0.000000240   -0.000000404  255.623313  75160.6122
2142.00   15.0000    0.0000   15.0000  277.4230  277.4230  0.000000       0.00000       0.00000         229767.8996    0.000000    -0.00005     0.00000    0.000000000   -0.000000240   -0.000000403  255.578093  75040.1580
2154.00   15.0000    0.0000   15.0000  277.5010  277.5010  0.000000       0.00000       0.00000         229703.3164    0.000000    -0.00005     0.00000    0.000000000   -0.000000240   -0.000000403  255.532841  74919.8755
2166.00   15.0000    0.0000   15.0000  277.5790  277.5790  0.000000       0.00000       0.00000         229638.7695    0.000000    -0.00005     0.00000    0.000000000   -0.000000240   -0.000000402  255.487556  74799.7645
2178.00   15.0000    0.0000   15.0000  277.6570  277.6570  0.000000       0.00000       0.00000         229574.2589    0.000000    -0.00005     0.00000    0.000000000   -0.000000240   -0.000000402  255.442238  74679.8249
2190.00   15.0000    0.0000   15.0000  277.7350  277.7350  0.000000       0.00000       0.00000         229509.7845    0.000000    -0.00005     0.00000    0.000000000   -0.000000240   -0.000000401  255.396888  74560.0563
2202.00   15.0000    0.0000   15.0000  277.8130  277.8130  0.000000       0.00000       0.00000         229445.3463    0.000000    -0.00005     0.00000    0.000000000   -0.000000240   -0.000000401  255.351504  74440.4586
2214.00   15.0000    0.0000   15.0000  277.8910  277.8910  0.000000       0.00000       0.00000         229380.9443    0.000000    -0.00005     0.00000    0.000000000   -0.000000240   -0.000000400  255.306087  74321.0315
2226.00   15.0000    0.0000   15.0000  277.9690  277.9690  0.000000       0.00000       0.00000         229316.5785    0.000000    -0.00005     0.00000    0.000000000   -0.000000240   -0.000000400  255.260638  74201.7749
2238.00   15.0000    0.0000   15.0000  278.0470  278.0470  0.000000       0.00000       0.00000         229252.2487    0.000000    -0.00005     0.00000    0.000000000   -0.000000240   -0.000000399  255.215156  74082.6883
2250.00   15.0000    0.0000   15.0000  278.1250  278.1250  0.000000       0.00000       0.00000         229187.9551    0.000000    -0.00005     0.00000    0.000000000   -0.000000239   -0.000000399  255.169640  73963.7718
2262.00   15.0000    0.0000   15.0000  278.2030  278.2030  0.000000       0.00000       0.00000         229123.6974    0.000000    -0.00006     0.00000    0.000000000   -0.000000239   -0.000000398  255.124093  73845.0249
2274.00   15.0000    0.0000   15.0000  278.2810  278.2810  0.000000       0.00000       0.00000         229059.4759    0.000000    -0.00006     0.00000    0.000000000   -0.000000239   -0.000000398  255.078512  73726.4475
2286.00   15.0000    0.0000   15.0000  278.3590  278.3590  0.000000       0.00000       0.00000         228995.2903    0.000000    -0.00006     0.00000    0.000000000   -0.000000239   -0.000000397  255.032898  73608.0394
2298.00   15.0000    0.0000   15.0000  278.4370  278.4370  0.000000       0.00000       0.00000         228931.1406    0.000000    -0.00006     0.00000    0.000000000   -0.000000239   -0.000000397  254.987252  73489.8004
2310.00   15.0000    0.0000   15.0000  278.5150  278.5150  0.000000       0.00000       0.00000         228867.0269    0.000000    -0.00006     0.00000    0.000000000   -0.000000239   -0.000000396  254.941572  73371.7301
2322.00   15.0000    0.0000   15.0000  278.5930  278.5930  0.000000       0.00000       0.00000         228802.9491    0.000000    -0.00006     0.00000    0.000000000   -0.000000239   -0.000000396  254.895860  73253.8284
2334.00   15.0000    0.0000   15.0000  278.6710  278.6710  0.000000       0.00000       0.00000         228738.9072    0.000000    -0.00006     0.00000    0.000000000   -0.000000239   -0.000000395  254.850116  73136.0951
2346.00   15.0000    0.0000   15.0000  278.7490  278.7490  0.000000       0.00000       0.00000         228674.9011    0.000000    -0.00006     0.00000    0.000000000   -0.000000238   -0.000000395  254.804338  73018.5299
2358.00   15.0000    0.0000   15.0000  278.8270  278.8270  0.000000       0.00000       0.00000         228610.9308    0.000000    -0.00006     0.00000    0.000000000   -0.000000238   -0.000000395  254.758528  72901.1326
2370.00   15.0000    0.0000   15.0000  278.9050  278.9050  0.000000       0.00000       0.00000         228546.9963    0.000000    -0.00006     0.00000    0.000000000   -0.000000238   -0.000000394  254.712685  72783.9029
2382.00   15.0000    0.0000   15.0000  278.9830  278.9830  0.000000       0.00000       0.00000              0.0000    0.000000    -0.00006     0.00000    0.000000000    0.000000000    0.000000000  254.666809  72666.8408
2394.00   15.0000    0.0000   15.0000  279.0610  279.0610  0.000000       0.00000       0.00000              0.0000    0.000000     0.00000     0.00000    0.000000000    0.000000000    0.000000000  254.620900  72549.9458
