   0.00    0.0000    0.0000    0.0000  242.1140  242.1140  0.000000       0.00000       0.00000              0.0000    0.000000     0.00000     0.00000    0.000000000    0.000000000    0.000000000    0.000000      0.0000
   6.00    7.6832    3.5680    8.4712  243.7529  243.7529  0.000000       0.70743       0.70743              0.0000    0.000000     0.00000     0.00000   -0.000016109    0.000000000    0.000000000  243.665147  99873.9734
  18.00    8.7356    3.9739    9.5970  243.8816  243.8816  0.000000       2.12644       2.12644              0.0612    0.000000    -0.00000     0.00000   -0.000029580    0.000000000    0.000000000  243.647414  99664.0995
  30.00    9.4162    4.1893   10.3061  243.9677  243.9677  0.000000       2.01239       2.01239              0.0877    0.000000    -0.00000     0.00000   -0.000034640   -0.000000040   -0.000000083  243.616305  99496.5352
  42.00   10.0445    4.3465   10.9446  244.0501  244.0501  0.000000       2.19239       2.19239              0.1028    0.000000    -0.00000     0.00000   -0.000037145   -0.000000051   -0.000000094  243.581433  99329.2300
  54.00   10.6122    4.4518   11.5081  244.1275  244.1275  0.000000       2.14075       2.14075              0.1187    0.000000    -0.00000     0.00000   -0.000039019   -0.000000059   -0.000000101  243.541623  99162.1805
  66.00   11.1509    4.5170   12.0310  244.2044  244.2044  0.000000       2.07761       2.07761              0.1328    0.000000    -0.00000     0.00000   -0.000040583   -0.000000059   -0.000000101  243.501219  98995.3846
  78.00   11.6663    4.5459   12.5207  244.2818  244.2818  0.000000       1.96166       1.96166              0.1467    0.000000    -0.00000     0.00000   -0.000041976   -0.000000056   -0.000000098  243.461292  98828.8417
  90.00   12.1652    4.5404   12.9849  244.3612  244.3612  0.000000       1.82624       1.82624              0.1605    0.000000    -0.00000     0.00000   -0.000043294   -0.000000049   -0.000000092  243.423267  98662.5524
 102.00   12.6502    4.5014   13.4272  244.4435  244.4435  0.000000       1.67363       1.67363              0.1748    0.000000    -0.00000     0.00000   -0.000044551   -0.000000040   -0.000000083  243.388158  98496.5180
 114.00   13.1228    4.4285   13.8499  244.5299  244.5299  0.000000       1.51249       1.51249              0.1897    0.000000    -0.00000     0.00000   -0.000045748   -0.000000028   -0.000000071  243.357071  98330.7405
 126.00   13.5835    4.3207   14.2541  244.6216  244.6216  0.000000       1.34677       1.34677              0.2056    0.000000    -0.00000     0.00000   -0.000046934   -0.000000013   -0.000000056  243.331185  98165.2227
 138.00   14.0316    4.1766   14.6401  244.7200  244.7200  0.000000       1.18041       1.18041              0.2230    0.000000    -0.00000     0.00000   -0.000048107    0.000000007   -0.000000038  243.311914  97999.9681
 150.00   14.4658    3.9940   15.0070  244.8268  244.8268  0.000000       1.01616       1.01616              0.2423    0.000000    -0.00001     0.00000   -0.000049298    0.000000032   -0.000000014  243.301043  97834.9815
 162.00   14.8835    3.7698   15.3535  244.9446  244.9446  0.000000       0.85657       0.85657              0.2644    0.000000    -0.00001     0.00000   -0.000050651    0.000000064    0.000000017  243.300948  97670.2690
 174.00   15.2807    3.5004   15.6765  245.0766  245.0766  0.000000       0.70380       0.70380              0.2902    0.000000    -0.00001     0.00000   -0.000051968    0.000000108    0.000000059  243.314922  97505.8385
 186.00   15.6517    3.1808   15.9716  245.2277  245.2277  0.000000       0.55963       0.55963              0.3212    0.000000    -0.00001     0.00000   -0.000053575    0.000000168    0.000000117  243.347864  97341.7006
 198.00   15.9872    2.8046   16.2314  245.4057  245.4057  0.000000       0.42675       0.42675              0.3599    0.000000    -0.00001     0.00000   -0.000055573    0.000000256    0.000000201  243.407336  97177.8700
 210.00   16.2728    2.3631   16.4435  245.6234  245.6234  0.000000       0.30596       0.30596              0.4107    0.000000    -0.00002     0.00000   -0.000058624    0.000000394    0.000000333  243.506161  97014.3683
 222.00   16.4819    1.8471   16.5851  245.9035  245.9035  0.000000       0.20344       0.20344              0.4799    0.000000    -0.00003     0.00000   -0.000064313    0.000000635    0.000000561  243.666643  96851.2285
 234.00   16.5664    1.2442   16.6131  246.2945  246.2945  0.000000       0.11405       0.11405              0.5880    0.000000    -0.00004     0.00000   -0.000077126    0.000001075    0.000000978  243.936908  96688.5067
 246.00   16.4309    0.5891   16.4414  246.8789  246.8789  0.000000       0.06037       0.06037              0.7411    0.000000    -0.00004     0.00000   -0.000120181    0.000002176    0.000001999  244.398512  96526.3014
 258.00   15.8602   -0.0482   15.8602  247.9805  247.9805  0.000000       0.00074       0.00074              2.4214    0.000000     0.00000     0.00000   -0.000220871    0.000010844    0.000008782  245.371775  96364.8416
 270.00   15.0064   -0.0091   15.0064  252.9683  252.9683  0.000000       0.00000       0.00000              7.7738    0.000000    -0.00010     0.00000   -0.000012825    0.000012039    0.000013379  250.188683  96205.5183
 282.00   15.0000   -0.0000   15.0000  254.1816  254.1816  0.000000       0.00000       0.00000          15900.7256    0.000000    -0.00008     0.00000   -0.000000018    0.000004856    0.000004675  251.271282  96048.3432
 294.00   15.0000   -0.0000   15.0000  255.1124  255.1124  0.000000       0.00000       0.00000        2677808.4302    0.000000    -0.00007     0.00000    0.000000000    0.000003935    0.000003755  252.074149  95892.0126
 306.00   15.0000   -0.0000   15.0000  255.8534  255.8534  0.000000       0.00000       0.00000        2135503.3638    0.000000    -0.00006     0.00000    0.000000000    0.000003199    0.000003026  252.689102  95736.3748
 318.00   15.0000   -0.0000   15.0000  256.4496  256.4496  0.000000       0.00000       0.00000        1787653.0728    0.000000    -0.00005     0.00000    0.000000000    0.000002702    0.000002530  253.160619  95581.3231
 330.00   15.0000   -0.0000   15.0000  256.9754  256.9754  0.000000       0.00000       0.00000        1575264.8190    0.000000    -0.00005     0.00000    0.000000000    0.000002394    0.000002226  253.562503  95426.7892
 342.00   15.0000    0.0000   15.0000  257.4403  257.4403  0.000000       0.00000       0.00000        1411361.6154    0.000000    -0.00004     0.00000    0.000000000    0.000002147    0.000001980  253.903978  95272.7310
 354.00   15.0000    0.0000   15.0000  257.8646  257.8646  0.000000       0.00000       0.00000        1286240.8301    0.000000    -0.00004     0.00000    0.000000000    0.000001953    0.000001788  254.205327  95119.1160
 366.00   15.0000    0.0000   15.0000  258.2520  258.2520  0.000000       0.00000       0.00000        1190548.3806    0.000000    -0.00004     0.00000    0.000000000    0.000001803    0.000001639  254.470001  94965.9192
 378.00   15.0000    0.0000   15.0000  258.6171  258.6171  0.000000       0.00000       0.00000        1107153.8732    0.000000    -0.00004     0.00000    0.000000000    0.000001666    0.000001503  254.712585  94813.1214
 390.00   15.0000    0.0000   15.0000  258.9527  258.9527  0.000000       0.00000       0.00000        1043231.9272    0.000000    -0.00004     0.00000    0.000000000    0.000001563    0.000001399  254.925983  94660.7059
 402.00   15.0000    0.0000   15.0000  259.2782  259.2782  0.000000       0.00000       0.00000         982151.5596    0.000000    -0.00004     0.00000    0.000000000    0.000001457    0.000001295  255.129260  94508.6596
 414.00   15.0000    0.0000   15.0000  259.5759  259.5759  0.000000       0.00000       0.00000         929005.8641    0.000000    -0.00004     0.00000    0.000000000    0.000001364    0.000001201  255.305043  94356.9701
 426.00   15.0000    0.0000   15.0000  259.8684  259.8684  0.000000       0.00000       0.00000         886114.3288    0.000000    -0.00004     0.00000    0.000000000    0.000001288    0.000001126  255.475531  94205.6268
 438.00   15.0000    0.0000   15.0000  260.1395  260.1395  0.000000       0.00000       0.00000         842957.1689    0.000000    -0.00004     0.00000    0.000000000    0.000001208    0.000001046  255.624889  94054.6206
 450.00   15.0000    0.0000   15.0000  260.4051  260.4051  0.000000       0.00000       0.00000         811500.3859    0.000000    -0.00004     0.00000    0.000000000    0.000001152    0.000000989  255.768698  93903.9429
 462.00   15.0000    0.0000   15.0000  260.6567  260.6567  0.000000       0.00000       0.00000         778121.6049    0.000000    -0.00004     0.00000    0.000000000    0.000001088    0.000000925  255.898663  93753.5870
 474.00   15.0000    0.0000   15.0000  260.9015  260.9015  0.000000       0.00000       0.00000         752246.3306    0.000000    -0.00003     0.00000    0.000000000    0.000001040    0.000000876  256.021825  93603.5460
 486.00   15.0000    0.0000   15.0000  261.1370  261.1370  0.000000       0.00000       0.00000         726879.5391    0.000000    -0.00003     0.00000    0.000000000    0.000000991    0.000000827  256.135813  93453.8144
 498.00   15.0000    0.0000   15.0000  261.3660  261.3660  0.000000       0.00000       0.00000         704406.2234    0.000000    -0.00003     0.00000    0.000000000    0.000000947    0.000000783  256.243283  93304.3869
 510.00   15.0000    0.0000   15.0000  261.5876  261.5876  0.000000       0.00000       0.00000         681797.7176    0.000000    -0.00003     0.00000    0.000000000    0.000000901    0.000000737  256.343369  93155.2588
 522.00   15.0000    0.0000   15.0000  261.8025  261.8025  0.000000       0.00000       0.00000         660136.3704    0.000000    -0.00003     0.00000    0.000000000    0.000000856    0.000000691  256.436828  93006.4251
 534.00   15.0000    0.0000   15.0000  262.0105  262.0105  0.000000       0.00000       0.00000         641145.0466    0.000000    -0.00003     0.00000    0.000000000    0.000000817    0.000000652  256.523475  92857.8813
 546.00   15.0000    0.0000   15.0000  262.2136  262.2136  0.000000       0.00000       0.00000         622570.9423    0.000000    -0.00003     0.00000    0.000000000    0.000000777    0.000000612  256.605151  92709.6234
 558.00   15.0000    0.0000   15.0000  262.4100  262.4100  0.000000       0.00000       0.00000         606084.3004    0.000000    -0.00003     0.00000    0.000000000    0.000000742    0.000000576  256.680263  92561.6474
 570.00   15.0000    0.0000   15.0000  262.6028  262.6028  0.000000       0.00000       0.00000         588976.0925    0.000000    -0.00003     0.00000    0.000000000    0.000000704    0.000000538  256.751695  92413.9497
 582.00   15.0000    0.0000   15.0000  262.7886  262.7886  0.000000       0.00000       0.00000         573317.0024    0.000000    -0.00003     0.00000    0.000000000    0.000000669    0.000000503  256.816164  92266.5267
 594.00   15.0000    0.0000   15.0000  262.9715  262.9715  0.000000       0.00000       0.00000         558449.8575    0.000000    -0.00003     0.00000    0.000000000    0.000000635    0.000000469  256.877846  92119.3750
 606.00   15.0000    0.0000   15.0000  263.1480  263.1480  0.000000       0.00000       0.00000         543126.4860    0.000000    -0.00003     0.00000    0.000000000    0.000000599    0.000000433  256.933056  91972.4913
 618.00   15.0000    0.0000   15.0000  263.3213  263.3213  0.000000       0.00000       0.00000         530503.5425    0.000000    -0.00003     0.00000    0.000000000    0.000000570    0.000000403  256.985178  91825.8725
 630.00   15.0000    0.0000   15.0000  263.4899  263.4899  0.000000       0.00000       0.00000         517095.9858    0.000000    -0.00003     0.00000    0.000000000    0.000000538    0.000000371  257.032518  91679.5157
 642.00   15.0000    0.0000   15.0000  263.6548  263.6548  0.000000       0.00000       0.00000         505552.1757    0.000000    -0.00003     0.00000    0.000000000    0.000000510    0.000000344  257.076267  91533.4181
 654.00   15.0000    0.0000   15.0000  263.8161  263.8161  0.000000       0.00000       0.00000         494606.9931    0.000000    -0.00003     0.00000    0.000000000    0.000000484    0.000000317  257.116400  91387.5770
 666.00   15.0000    0.0000   15.0000  263.9741  263.9741  0.000000       0.00000       0.00000         485032.2389    0.000000    -0.00003     0.00000    0.000000000    0.000000461    0.000000294  257.153311  91241.9901
 678.00   15.0000    0.0000   15.0000  264.1294  264.1294  0.000000       0.00000       0.00000         476478.2592    0.000000    -0.00003     0.00000    0.000000000    0.000000440    0.000000273  257.187463  91096.6552
 690.00   15.0000    0.0000   15.0000  264.2821  264.2821  0.000000       0.00000       0.00000         468766.7669    0.000000    -0.00003     0.00000    0.000000000    0.000000422    0.000000254  257.219031  90951.5703
 702.00   15.0000    0.0000   15.0000  264.4326  264.4326  0.000000       0.00000       0.00000         461324.1161    0.000000    -0.00003     0.00000    0.000000000    0.000000403    0.000000235  257.248364  90806.7337
 714.00   15.0000    0.0000   15.0000  264.5807  264.5807  0.000000       0.00000       0.00000         454303.7302    0.000000    -0.00003     0.00000    0.000000000    0.000000386    0.000000218  257.275280  90662.1434
 726.00   15.0000    0.0000   15.0000  264.7268  264.7268  0.000000       0.00000       0.00000         448449.5961    0.000000    -0.00003     0.00000    0.000000000    0.000000372    0.000000203  257.300224  90517.7980
 738.00   15.0000    0.0000   15.0000  264.8712  264.8712  0.000000       0.00000       0.00000         443562.9931    0.000000    -0.00003     0.00000    0.000000000    0.000000360    0.000000191  257.323482  90373.6958
 750.00   15.0000    0.0000   15.0000  265.0143  265.0143  0.000000       0.00000       0.00000         439307.1555    0.000000    -0.00003     0.00000    0.000000000    0.000000349    0.000000180  257.345373  90229.8357
 762.00   15.0000    0.0000   15.0000  265.1561  265.1561  0.000000       0.00000       0.00000         435964.4429    0.000000    -0.00003     0.00000    0.000000000    0.000000341    0.000000172  257.365974  90086.2164
 774.00   15.0000    0.0000   15.0000  265.2972  265.2972  0.000000       0.00000       0.00000         432949.9023    0.000000    -0.00003     0.00000    0.000000000    0.000000334    0.000000164  257.385782  89942.8370
 786.00   15.0000    0.0000   15.0000  265.4372  265.4372  0.000000       0.00000       0.00000         430916.3894    0.000000    -0.00003     0.00000    0.000000000    0.000000330    0.000000160  257.404506  89799.6964
 798.00   15.0000    0.0000   15.0000  265.5771  265.5771  0.000000       0.00000       0.00000         430050.0701    0.000000    -0.00003     0.00000    0.000000000    0.000000328    0.000000158  257.423053  89656.7940
 810.00   15.0000    0.0000   15.0000  265.7167  265.7167  0.000000       0.00000       0.00000         430714.4740    0.000000    -0.00004     0.00000    0.000000000    0.000000331    0.000000160  257.441250  89514.1292
 822.00   15.0000    0.0000   15.0000  265.8572  265.8572  0.000000       0.00000       0.00000         432165.6451    0.000000    -0.00004     0.00000    0.000000000    0.000000337    0.000000165  257.460234  89371.7017
 834.00   15.0000    0.0000   15.0000  265.9979  265.9979  0.000000       0.00000       0.00000         434183.4388    0.000000    -0.00004     0.00000    0.000000000    0.000000343    0.000000171  257.479366  89229.5113
 846.00   15.0000    0.0000   15.0000  266.1399  266.1399  0.000000       0.00000       0.00000         438278.9135    0.000000    -0.00004     0.00000    0.000000000    0.000000356    0.000000183  257.499641  89087.5580
 858.00   15.0000    0.0000   15.0000  266.2834  266.2834  0.000000       0.00000       0.00000         444669.5459    0.000000    -0.00004     0.00000    0.000000000    0.000000375    0.000000201  257.521375  88945.8421
 870.00   15.0000    0.0000   15.0000  266.4297  266.4297  0.000000       0.00000       0.00000         454436.6491    0.000000    -0.00004     0.00000    0.000000000    0.000000404    0.000000229  257.545702  88804.3643
 882.00   15.0000    0.0000   15.0000  266.5797  266.5797  0.000000       0.00000       0.00000         466218.8199    0.000000    -0.00004     0.00000    0.000000000    0.000000439    0.000000262  257.573618  88663.1258
 894.00   15.0000    0.0000   15.0000  266.7338  266.7338  0.000000       0.00000       0.00000         484432.1950    0.000000    -0.00005     0.00000    0.000000000    0.000000493    0.000000314  257.605403  88522.1282
 906.00   15.0000    0.0000   15.0000  266.8959  266.8959  0.000000       0.00000       0.00000         502564.7235    0.000000    -0.00005     0.00000    0.000000000    0.000000547    0.000000366  257.644837  88381.3744
 918.00   15.0000    0.0000   15.0000  267.0621  267.0621  0.000000       0.00000       0.00000         543361.5222    0.000000    -0.00005     0.00000    0.000000000    0.000000667    0.000000483  257.688103  88240.8668
 930.00   15.0000    0.0000   15.0000  267.2511  267.2511  0.000000       0.00000       0.00000         562019.9044    0.000000    -0.00005     0.00000    0.000000000    0.000000725    0.000000539  257.753315  88100.6121
 942.00   15.0000    0.0000   15.0000  267.4297  267.4297  0.000000       0.00000       0.00000         676226.4945    0.000000    -0.00008     0.00000    0.000000000    0.000001065    0.000000867  257.808444  87960.6131
 954.00   15.0000    0.0000   15.0000  267.6937  267.6937  0.000000       0.00000       0.00000         668935.1632    0.000000    -0.00005     0.00000    0.000000000    0.000001050    0.000000858  257.945769  87820.8886
 966.00   15.0000    0.0000   15.0000  267.8679  267.8679  0.000000       0.00000       0.00000        1011163.9876    0.000000    -0.00015     0.00000    0.000000000    0.000002095    0.000001853  257.996561  87681.4368
 978.00   15.0000    0.0000   15.0000  268.3565  268.3565  0.000000       0.00000       0.00000         927982.3372    0.000000    -0.00004     0.00000    0.000000000    0.000001857    0.000001663  258.349965  87542.3153
 990.00   15.0000    0.0000   15.0000  268.4774  268.4774  0.000000       0.00000       0.00000        2521026.7572    0.000000    -0.00047     0.00000    0.000000000    0.000007087    0.000006422  258.349187  87403.5094
1002.00   15.0000    0.0000   15.0000  270.0130  270.0130  0.000000       0.00000       0.00000        2441846.4184    0.000000    -0.00002     0.00000    0.000000000    0.000006877    0.000006900  259.709428  87265.2858
1014.00   15.0000    0.0000   15.0000  270.0910  270.0910  0.000000       0.00000       0.00000         236005.2723    0.000000    -0.00002     0.00000    0.000000000   -0.000000243   -0.000000440  259.667341  87127.6319
1026.00   15.0000    0.0000   15.0000  270.1690  270.1690  0.000000       0.00000       0.00000         235937.1356    0.000000    -0.00002     0.00000    0.000000000   -0.000000243   -0.000000440  259.625220  86990.1729
1038.00   15.0000    0.0000   15.0000  270.2470  270.2470  0.000000       0.00000       0.00000         235869.0383    0.000000    -0.00003     0.00000    0.000000000   -0.000000243   -0.000000440  259.583065  86852.9085
1050.00   15.0000    0.0000   15.0000  270.3250  270.3250  0.000000       0.00000       0.00000         235800.9803    0.000000    -0.00003     0.00000    0.000000000   -0.000000243   -0.000000439  259.540877  86715.8385
1062.00   15.0000    0.0000   15.0000  270.4030  270.4030  0.000000       0.00000       0.00000         235732.9615    0.000000    -0.00003     0.00000    0.000000000   -0.000000243   -0.000000439  259.498655  86578.9625
1074.00   15.0000    0.0000   15.0000  270.4810  270.4810  0.000000       0.00000       0.00000         235664.9820    0.000000    -0.00003     0.00000    0.000000000   -0.000000243   -0.000000439  259.456399  86442.2804
1086.00   15.0000    0.0000   15.0000  270.5590  270.5590  0.000000       0.00000       0.00000         235597.0417    0.000000    -0.00003     0.00000    0.000000000   -0.000000243   -0.000000438  259.414109  86305.7918
1098.00   15.0000    0.0000   15.0000  270.6370  270.6370  0.000000       0.00000       0.00000         235529.1405    0.000000    -0.00003     0.00000    0.000000000   -0.000000243   -0.000000438  259.371785  86169.4965
1110.00   15.0000    0.0000   15.0000  270.7150  270.7150  0.000000       0.00000       0.00000         235461.2785    0.000000    -0.00003     0.00000    0.000000000   -0.000000243   -0.000000438  259.329428  86033.3943
1122.00   15.0000    0.0000   15.0000  270.7930  270.7930  0.000000       0.00000       0.00000         235393.4555    0.000000    -0.00003     0.00000    0.000000000   -0.000000243   -0.000000437  259.287037  85897.4849
1134.00   15.0000    0.0000   15.0000  270.8710  270.8710  0.000000       0.00000       0.00000         235325.6716    0.000000    -0.00003     0.00000    0.000000000   -0.000000243   -0.000000437  259.244612  85761.7679
1146.00   15.0000    0.0000   15.0000  270.9490  270.9490  0.000000       0.00000       0.00000         235257.9268    0.000000    -0.00003     0.00000    0.000000000   -0.000000243   -0.000000437  259.202153  85626.2433
1158.00   15.0000    0.0000   15.0000  271.0270  271.0270  0.000000       0.00000       0.00000         235190.2209    0.000000    -0.00003     0.00000    0.000000000   -0.000000243   -0.000000436  259.159661  85490.9106
1170.00   15.0000    0.0000   15.0000  271.1050  271.1050  0.000000       0.00000       0.00000         235122.5540    0.000000    -0.00003     0.00000    0.000000000   -0.000000243   -0.000000436  259.117135  85355.7697
1182.00   15.0000    0.0000   15.0000  271.1830  271.1830  0.000000       0.00000       0.00000         235054.9260    0.000000    -0.00003     0.00000    0.000000000   -0.000000243   -0.000000435  259.074576  85220.8203
1194.00   15.0000    0.0000   15.0000  271.2610  271.2610  0.000000       0.00000       0.00000         234987.3369    0.000000    -0.00003     0.00000    0.000000000   -0.000000243   -0.000000435  259.031982  85086.0621
1206.00   15.0000    0.0000   15.0000  271.3390  271.3390  0.000000       0.00000       0.00000         234919.7867    0.000000    -0.00003     0.00000    0.000000000   -0.000000243   -0.000000435  258.989355  84951.4948
1218.00   15.0000    0.0000   15.0000  271.4170  271.4170  0.000000       0.00000       0.00000         234852.2753    0.000000    -0.00003     0.00000    0.000000000   -0.000000243   -0.000000434  258.946695  84817.1183
1230.00   15.0000    0.0000   15.0000  271.4950  271.4950  0.000000       0.00000       0.00000         234784.8027    0.000000    -0.00003     0.00000    0.000000000   -0.000000243   -0.000000434  258.904000  84682.9323
1242.00   15.0000    0.0000   15.0000  271.5730  271.5730  0.000000       0.00000       0.00000         234717.3688    0.000000    -0.00003     0.00000    0.000000000   -0.000000243   -0.000000434  258.861272  84548.9365
1254.00   15.0000    0.0000   15.0000  271.6510  271.6510  0.000000       0.00000       0.00000         234649.9737    0.000000    -0.00003     0.00000    0.000000000   -0.000000243   -0.000000433  258.818511  84415.1306
1266.00   15.0000    0.0000   15.0000  271.7290  271.7290  0.000000       0.00000       0.00000         234582.6172    0.000000    -0.00003     0.00000    0.000000000   -0.000000243   -0.000000433  258.775716  84281.5144
1278.00   15.0000    0.0000   15.0000  271.8070  271.8070  0.000000       0.00000       0.00000         234515.2995    0.000000    -0.00003     0.00000    0.000000000   -0.000000243   -0.000000433  258.732887  84148.0876
1290.00   15.0000    0.0000   15.0000  271.8850  271.8850  0.000000       0.00000       0.00000         234448.0203    0.000000    -0.00003     0.00000    0.000000000   -0.000000243   -0.000000432  258.690024  84014.8501
1302.00   15.0000    0.0000   15.0000  271.9630  271.9630  0.000000       0.00000       0.00000         234380.7797    0.000000    -0.00003     0.00000    0.000000000   -0.000000244   -0.000000432  258.647129  83881.8014
1314.00   15.0000    0.0000   15.0000  272.0410  272.0410  0.000000       0.00000       0.00000         234313.5777    0.000000    -0.00003     0.00000    0.000000000   -0.000000244   -0.000000432  258.604199  83748.9415
1326.00   15.0000    0.0000   15.0000  272.1190  272.1190  0.000000       0.00000       0.00000         234246.4143    0.000000    -0.00003     0.00000    0.000000000   -0.000000244   -0.000000431  258.561236  83616.2699
1338.00   15.0000    0.0000   15.0000  272.1970  272.1970  0.000000       0.00000       0.00000         234179.2893    0.000000    -0.00003     0.00000    0.000000000   -0.000000244   -0.000000431  258.518239  83483.7865
1350.00   15.0000    0.0000   15.0000  272.2750  272.2750  0.000000       0.00000       0.00000         234112.2027    0.000000    -0.00003     0.00000    0.000000000   -0.000000244   -0.000000430  258.475209  83351.4911
1362.00   15.0000    0.0000   15.0000  272.3530  272.3530  0.000000       0.00000       0.00000         234045.1546    0.000000    -0.00003     0.00000    0.000000000   -0.000000244   -0.000000430  258.432145  83219.3833
1374.00   15.0000    0.0000   15.0000  272.4310  272.4310  0.000000       0.00000       0.00000         233978.1449    0.000000    -0.00003     0.00000    0.000000000   -0.000000243   -0.000000430  258.389048  83087.4629
1386.00   15.0000    0.0000   15.0000  272.5090  272.5090  0.000000       0.00000       0.00000         233911.1736    0.000000    -0.00003     0.00000    0.000000000   -0.000000243   -0.000000429  258.345917  82955.7297
1398.00   15.0000    0.0000   15.0000  272.5870  272.5870  0.000000       0.00000       0.00000         233844.2406    0.000000    -0.00003     0.00000    0.000000000   -0.000000243   -0.000000429  258.302752  82824.1834
1410.00   15.0000    0.0000   15.0000  272.6650  272.6650  0.000000       0.00000       0.00000         233777.3458    0.000000    -0.00003     0.00000    0.000000000   -0.000000243   -0.000000429  258.259555  82692.8237
1422.00   15.0000    0.0000   15.0000  272.7430  272.7430  0.000000       0.00000       0.00000         233710.4894    0.000000    -0.00003     0.00000    0.000000000   -0.000000243   -0.000000428  258.216323  82561.6505
1434.00   15.0000    0.0000   15.0000  272.8210  272.8210  0.000000       0.00000       0.00000         233643.6711    0.000000    -0.00003     0.00000    0.000000000   -0.000000243   -0.000000428  258.173058  82430.6634
1446.00   15.0000    0.0000   15.0000  272.8990  272.8990  0.000000       0.00000       0.00000         233576.8911    0.000000    -0.00004     0.00000    0.000000000   -0.000000243   -0.000000427  258.129760  82299.8622
1458.00   15.0000    0.0000   15.0000  272.9770  272.9770  0.000000       0.00000       0.00000         233510.1492    0.000000    -0.00004     0.00000    0.000000000   -0.000000243   -0.000000427  258.086428  82169.2467
1470.00   15.0000    0.0000   15.0000  273.0550  273.0550  0.000000       0.00000       0.00000         233443.4455    0.000000    -0.00004     0.00000    0.000000000   -0.000000243   -0.000000427  258.043063  82038.8166
1482.00   15.0000    0.0000   15.0000  273.1330  273.1330  0.000000       0.00000       0.00000         233376.7798    0.000000    -0.00004     0.00000    0.000000000   -0.000000243   -0.000000426  257.999664  81908.5716
1494.00   15.0000    0.0000   15.0000  273.2110  273.2110  0.000000       0.00000       0.00000         233310.1522    0.000000    -0.00004     0.00000    0.000000000   -0.000000243   -0.000000426  257.956232  81778.5116
1506.00   15.0000    0.0000   15.0000  273.2890  273.2890  0.000000       0.00000       0.00000         233243.5627    0.000000    -0.00004     0.00000    0.000000000   -0.000000243   -0.000000425  257.912766  81648.6362
1518.00   15.0000    0.0000   15.0000  273.3670  273.3670  0.000000       0.00000       0.00000         233177.0111    0.000000    -0.00004     0.00000    0.000000000   -0.000000243   -0.000000425  257.869267  81518.9452
1530.00   15.0000    0.0000   15.0000  273.4450  273.4450  0.000000       0.00000       0.00000         233110.4975    0.000000    -0.00004     0.00000    0.000000000   -0.000000243   -0.000000425  257.825735  81389.4384
1542.00   15.0000    0.0000   15.0000  273.5230  273.5230  0.000000       0.00000       0.00000         233044.0219    0.000000    -0.00004     0.00000    0.000000000   -0.000000243   -0.000000424  257.782169  81260.1155
1554.00   15.0000    0.0000   15.0000  273.6010  273.6010  0.000000       0.00000       0.00000         232977.5841    0.000000    -0.00004     0.00000    0.000000000   -0.000000243   -0.000000424  257.738570  81130.9763
1566.00   15.0000    0.0000   15.0000  273.6790  273.6790  0.000000       0.00000       0.00000         232911.1843    0.000000    -0.00004     0.00000    0.000000000   -0.000000243   -0.000000424  257.694937  81002.0205
1578.00   15.0000    0.0000   15.0000  273.7570  273.7570  0.000000       0.00000       0.00000         232844.8222    0.000000    -0.00004     0.00000    0.000000000   -0.000000243   -0.000000423  257.651271  80873.2479
1590.00   15.0000    0.0000   15.0000  273.8350  273.8350  0.000000       0.00000       0.00000         232778.4980    0.000000    -0.00004     0.00000    0.000000000   -0.000000243   -0.000000423  257.607572  80744.6583
1602.00   15.0000    0.0000   15.0000  273.9130  273.9130  0.000000       0.00000       0.00000         232712.2115    0.000000    -0.00004     0.00000    0.000000000   -0.000000243   -0.000000422  257.563839  80616.2513
1614.00   15.0000    0.0000   15.0000  273.9910  273.9910  0.000000       0.00000       0.00000         232645.9628    0.000000    -0.00004     0.00000    0.000000000   -0.000000243   -0.000000422  257.520073  80488.0267
1626.00   15.0000    0.0000   15.0000  274.0690  274.0690  0.000000       0.00000       0.00000         232579.7518    0.000000    -0.00004     0.00000    0.000000000   -0.000000243   -0.000000421  257.476274  80359.9844
1638.00   15.0000    0.0000   15.0000  274.1470  274.1470  0.000000       0.00000       0.00000         232513.5785    0.000000    -0.00004     0.00000    0.000000000   -0.000000243   -0.000000421  257.432441  80232.1240
1650.00   15.0000    0.0000   15.0000  274.2250  274.2250  0.000000       0.00000       0.00000         232447.4428    0.000000    -0.00004     0.00000    0.000000000   -0.000000243   -0.000000421  257.388575  80104.4453
1662.00   15.0000    0.0000   15.0000  274.3030  274.3030  0.000000       0.00000       0.00000         232381.3447    0.000000    -0.00004     0.00000    0.000000000   -0.000000243   -0.000000420  257.344676  79976.9481
1674.00   15.0000    0.0000   15.0000  274.3810  274.3810  0.000000       0.00000       0.00000         232315.2842    0.000000    -0.00004     0.00000    0.000000000   -0.000000243   -0.000000420  257.300743  79849.6321
1686.00   15.0000    0.0000   15.0000  274.4590  274.4590  0.000000       0.00000       0.00000         232249.2613    0.000000    -0.00004     0.00000    0.000000000   -0.000000243   -0.000000419  257.256778  79722.4971
1698.00   15.0000    0.0000   15.0000  274.5370  274.5370  0.000000       0.00000       0.00000         232183.2758    0.000000    -0.00004     0.00000    0.000000000   -0.000000243   -0.000000419  257.212778  79595.5428
1710.00   15.0000    0.0000   15.0000  274.6150  274.6150  0.000000       0.00000       0.00000         232117.3279    0.000000    -0.00004     0.00000    0.000000000   -0.000000243   -0.000000419  257.168746  79468.7690
1722.00   15.0000    0.0000   15.0000  274.6930  274.6930  0.000000       0.00000       0.00000         232051.4174    0.000000    -0.00004     0.00000    0.000000000   -0.000000243   -0.000000418  257.124680  79342.1755
1734.00   15.0000    0.0000   15.0000  274.7710  274.7710  0.000000       0.00000       0.00000         231985.5443    0.000000    -0.00004     0.00000    0.000000000   -0.000000243   -0.000000418  257.080581  79215.7620
1746.00   15.0000    0.0000   15.0000  274.8490  274.8490  0.000000       0.00000       0.00000         231919.7086    0.000000    -0.00004     0.00000    0.000000000   -0.000000243   -0.000000417  257.036449  79089.5282
1758.00   15.0000    0.0000   15.0000  274.9270  274.9270  0.000000       0.00000       0.00000         231853.9103    0.000000    -0.00004     0.00000    0.000000000   -0.000000243   -0.000000417  256.992284  78963.4740
1770.00   15.0000    0.0000   15.0000  275.0050  275.0050  0.000000       0.00000       0.00000         231788.1493    0.000000    -0.00004     0.00000    0.000000000   -0.000000243   -0.000000417  256.948085  78837.5990
1782.00   15.0000    0.0000   15.0000  275.0830  275.0830  0.000000       0.00000       0.00000         231722.4256    0.000000    -0.00004     0.00000    0.000000000   -0.000000242   -0.000000416  256.903853  78711.9031
1794.00   15.0000    0.0000   15.0000  275.1610  275.1610  0.000000       0.00000       0.00000         231656.7391    0.000000    -0.00004     0.00000    0.000000000   -0.000000242   -0.000000416  256.859588  78586.3860
1806.00   15.0000    0.0000   15.0000  275.2390  275.2390  0.000000       0.00000       0.00000         231591.0899    0.000000    -0.00004     0.00000    0.000000000   -0.000000242   -0.000000415  256.815290  78461.0475
1818.00   15.0000    0.0000   15.0000  275.3170  275.3170  0.000000       0.00000       0.00000         231525.4779    0.000000    -0.00004     0.00000    0.000000000   -0.000000242   -0.000000415  256.770959  78335.8873
1830.00   15.0000    0.0000   15.0000  275.3950  275.3950  0.000000       0.00000       0.00000         231459.9030    0.000000    -0.00004     0.00000    0.000000000   -0.000000242   -0.000000414  256.726594  78210.9052
1842.00   15.0000    0.0000   15.0000  275.4730  275.4730  0.000000       0.00000       0.00000         231394.3653    0.000000    -0.00004     0.00000    0.000000000   -0.000000242   -0.000000414  256.682196  78086.1009
1854.00   15.0000    0.0000   15.0000  275.5510  275.5510  0.000000       0.00000       0.00000         231328.8647    0.000000    -0.00005     0.00000    0.000000000   -0.000000242   -0.000000414  256.637765  77961.4743
1866.00   15.0000    0.0000   15.0000  275.6290  275.6290  0.000000       0.00000       0.00000         231263.4012    0.000000    -0.00005     0.00000    0.000000000   -0.000000242   -0.000000413  256.593301  77837.0250
1878.00   15.0000    0.0000   15.0000  275.7070  275.7070  0.000000       0.00000       0.00000         231197.9747    0.000000    -0.00005     0.00000    0.000000000   -0.000000242   -0.000000413  256.548804  77712.7528
1890.00   15.0000    0.0000   15.0000  275.7850  275.7850  0.000000       0.00000       0.00000         231132.5852    0.000000    -0.00005     0.00000    0.000000000   -0.000000242   -0.000000412  256.504274  77588.6576
1902.00   15.0000    0.0000   15.0000  275.8630  275.8630  0.000000       0.00000       0.00000         231067.2326    0.000000    -0.00005     0.00000    0.000000000   -0.000000242   -0.000000412  256.459710  77464.7390
1914.00   15.0000    0.0000   15.0000  275.9410  275.9410  0.000000       0.00000       0.00000         231001.9171    0.000000    -0.00005     0.00000    0.000000000   -0.000000242   -0.000000411  256.415114  77340.9968
1926.00   15.0000    0.0000   15.0000  276.0190  276.0190  0.000000       0.00000       0.00000         230936.6384    0.000000    -0.00005     0.00000    0.000000000   -0.000000242   -0.000000411  256.370484  77217.4308
1938.00   15.0000    0.0000   15.0000  276.0970  276.0970  0.000000       0.00000       0.00000         230871.3966    0.000000    -0.00005     0.00000    0.000000000   -0.000000242   -0.000000410  256.325821  77094.0408
1950.00   15.0000    0.0000   15.0000  276.1750  276.1750  0.000000       0.00000       0.00000         230806.1917    0.000000    -0.00005     0.00000    0.000000000   -0.000000242   -0.000000410  256.281126  76970.8265
1962.00   15.0000    0.0000   15.0000  276.2530  276.2530  0.000000       0.00000       0.00000         230741.0236    0.000000    -0.00005     0.00000    0.000000000   -0.000000241   -0.000000410  256.236397  76847.7876
1974.00   15.0000    0.0000   15.0000  276.3310  276.3310  0.000000       0.00000       0.00000         230675.8923    0.000000    -0.00005     0.00000    0.000000000   -0.000000241   -0.000000409  256.191635  76724.9240
1986.00   15.0000    0.0000   15.0000  276.4090  276.4090  0.000000       0.00000       0.00000         230610.7978    0.000000    -0.00005     0.00000    0.000000000   -0.000000241   -0.000000409  256.146840  76602.2354
1998.00   15.0000    0.0000   15.0000  276.4870  276.4870  0.000000       0.00000       0.00000         230545.7399    0.000000    -0.00005     0.00000    0.000000000   -0.000000241   -0.000000408  256.102012  76479.7216
2010.00   15.0000    0.0000   15.0000  276.5650  276.5650  0.000000       0.00000       0.00000         230480.7188    0.000000    -0.00005     0.00000    0.000000000   -0.000000241   -0.000000408  256.057151  76357.3823
2022.00   15.0000    0.0000   15.0000  276.6430  276.6430  0.000000       0.00000       0.00000         230415.7344    0.000000    -0.00005     0.00000    0.000000000   -0.000000241   -0.000000407  256.012256  76235.2173
2034.00   15.0000    0.0000   15.0000  276.7210  276.7210  0.000000       0.00000       0.00000         230350.7865    0.000000    -0.00005     0.00000    0.000000000   -0.000000241   -0.000000407  255.967329  76113.2264
2046.00   15.0000    0.0000   15.0000  276.7990  276.7990  0.000000       0.00000       0.00000         230285.8753    0.000000    -0.00005     0.00000    0.000000000   -0.000000241   -0.000000406  255.922369  75991.4094
2058.00   15.0000    0.0000   15.0000  276.8770  276.8770  0.000000       0.00000       0.00000         230221.0007    0.000000    -0.00005     0.00000    0.000000000   -0.000000241   -0.000000406  255.877376  75869.7659
2070.00   15.0000    0.0000   15.0000  276.9550  276.9550  0.000000       0.00000       0.00000         230156.1626    0.000000    -0.00005     0.00000    0.000000000   -0.000000241   -0.000000405  255.832350  75748.2958
2082.00   15.0000    0.0000   15.0000  277.0330  277.0330  0.000000       0.00000       0.00000         230091.3610    0.000000    -0.00005     0.00000    0.000000000   -0.000000241   -0.000000405  255.787291  75626.9989
2094.00   15.0000    0.0000   15.0000  277.1110  277.1110  0.000000       0.00000       0.00000         230026.5958    0.000000    -0.00005     0.00000    0.000000000   -0.000000241   -0.000000405  255.742199  75505.8748
2106.00   15.0000    0.0000   15.0000  277.1890  277.1890  0.000000       0.00000       0.00000         229961.8672    0.000000    -0.00005     0.00000    0.000000000   -0.000000240   -0.000000404  255.697074  75384.9235
2118.00   15.0000    0.0000   15.0000  277.2670  277.2670  0.000000       0.00000       0.00000         229897.1749    0.000000    -0.00005     0.00000    0.000000000   -0.000000240   -0.000000404  255.651916  75264.1446
2130.00   15.0000    0.0000   15.0000  277.3450  277.3450  0.000000       0.00000       0.00000         229832.5191    0.000000    -0.00005     0.00000    0.000000000   -0.000000240   -0.000000403  255.606725  75143.5379
2142.00   15.0000    0.0000   15.0000  277.4230  277.4230  0.000000       0.00000       0.00000         229767.8996    0.000000    -0.00005     0.00000    0.000000000   -0.000000240   -0.000000403  255.561501  75023.1031
2154.00   15.0000    0.0000   15.0000  277.5010  277.5010  0.000000       0.00000       0.00000         229703.3164    0.000000    -0.00005     0.00000    0.000000000   -0.000000240   -0.000000402  255.516244  74902.8402
2166.00   15.0000    0.0000   15.0000  277.5790  277.5790  0.000000       0.00000       0.00000         229638.7695    0.000000    -0.00005     0.00000    0.000000000   -0.000000240   -0.000000402  255.470955  74782.7487
2178.00   15.0000    0.0000   15.0000  277.6570  277.6570  0.000000       0.00000       0.00000         229574.2589    0.000000    -0.00005     0.00000    0.000000000   -0.000000240   -0.000000401  255.425632  74662.8286
2190.00   15.0000    0.0000   15.0000  277.7350  277.7350  0.000000       0.00000       0.00000         229509.7845    0.000000    -0.00005     0.00000    0.000000000   -0.000000240   -0.000000401  255.380277  74543.0795
2202.00   15.0000    0.0000   15.0000  277.8130  277.8130  0.000000       0.00000       0.00000         229445.3463    0.000000    -0.00005     0.00000    0.000000000   -0.000000240   -0.000000400  255.334888  74423.5013
2214.00   15.0000    0.0000   15.0000  277.8910  277.8910  0.000000       0.00000       0.00000         229380.9443    0.000000    -0.00005     0.00000    0.000000000   -0.000000240   -0.000000400  255.289467  74304.0936
2226.00   15.0000    0.0000   15.0000  277.9690  277.9690  0.000000       0.00000       0.00000         229316.5785    0.000000    -0.00005     0.00000    0.000000000   -0.000000239   -0.000000399  255.244013  74184.8564
2238.00   15.0000    0.0000   15.0000  278.0470  278.0470  0.000000       0.00000       0.00000         229252.2487    0.000000    -0.00005     0.00000    0.000000000   -0.000000239   -0.000000399  255.198526  74065.7893
2250.00   15.0000    0.0000   15.0000  278.1250  278.1250  0.000000       0.00000       0.00000         229187.9551    0.000000    -0.00005     0.00000    0.000000000   -0.000000239   -0.000000398  255.153006  73946.8921
2262.00   15.0000    0.0000   15.0000  278.2030  278.2030  0.000000       0.00000       0.00000         229123.6974    0.000000    -0.00006     0.00000    0.000000000   -0.000000239   -0.000000398  255.107454  73828.1646
2274.00   15.0000    0.0000   15.0000  278.2810  278.2810  0.000000       0.00000       0.00000         229059.4759    0.000000    -0.00006     0.00000    0.000000000   -0.000000239   -0.000000398  255.061868  73709.6066
2286.00   15.0000    0.0000   15.0000  278.3590  278.3590  0.000000       0.00000       0.00000         228995.2903    0.000000    -0.00006     0.00000    0.000000000   -0.000000239   -0.000000397  255.016250  73591.2178
2298.00   15.0000    0.0000   15.0000  278.4370  278.4370  0.000000       0.00000       0.00000         228931.1406    0.000000    -0.00006     0.00000    0.000000000   -0.000000239   -0.000000397  254.970599  73472.9980
2310.00   15.0000    0.0000   15.0000  278.5150  278.5150  0.000000       0.00000       0.00000         228867.0269    0.000000    -0.00006     0.00000    0.000000000   -0.000000239   -0.000000396  254.924915  73354.9471
2322.00   15.0000    0.0000   15.0000  278.5930  278.5930  0.000000       0.00000       0.00000         228802.9491    0.000000    -0.00006     0.00000    0.000000000   -0.000000239   -0.000000396  254.879198  73237.0646
2334.00   15.0000    0.0000   15.0000  278.6710  278.6710  0.000000       0.00000       0.00000         228738.9072    0.000000    -0.00006     0.00000    0.000000000   -0.000000238   -0.000000395  254.833449  73119.3505
2346.00   15.0000    0.0000   15.0000  278.7490  278.7490  0.000000       0.00000       0.00000         228674.9011    0.000000    -0.00006     0.00000    0.000000000   -0.000000238   -0.000000395  254.787667  73001.8046
2358.00   15.0000    0.0000   15.0000  278.8270  278.8270  0.000000       0.00000       0.00000         228610.9308    0.000000    -0.00006     0.00000    0.000000000   -0.000000238   -0.000000394  254.741851  72884.4265
2370.00   15.0000    0.0000   15.0000  278.9050  278.9050  0.000000       0.00000       0.00000         228546.9963    0.000000    -0.00006     0.00000    0.000000000   -0.000000238   -0.000000394  254.696004  72767.2161
2382.00   15.0000    0.0000   15.0000  278.9830  278.9830  0.000000       0.00000       0.00000              0.0000    0.000000    -0.00006     0.00000    0.000000000    0.000000000    0.000000000  254.650123  72650.1731
2394.00   15.0000    0.0000   15.0000  279.0610  279.0610  0.000000       0.00000       0.00000              0.0000    0.000000     0.00000     0.00000    0.000000000    0.000000000    0.000000000  254.604210  72533.2973
