   0.00    0.0000    0.0000    0.0000  239.3155  239.3155  0.000000       0.00000       0.00000              0.0000    0.000000     0.00000     0.00000    0.000000000    0.000000000    0.000000000    0.000000      0.0000
   6.00    7.9298    3.5140    8.6735  240.7013  240.7013  0.000000       0.75457       0.75457              0.0000    0.000000     0.00000     0.00000   -0.000003384    0.000000000    0.000000000  240.613541  99872.3771
  18.00    8.9346    3.8868    9.7434  240.7892  240.7892  0.000000       2.42318       2.42318              0.0474    0.000000    -0.00000     0.00000   -0.000013608    0.000000000    0.000000000  240.555010  99659.8327
  30.00    9.5654    4.0808   10.3995  240.8465  240.8465  0.000000       2.38238       2.38238              0.0699    0.000000    -0.00000     0.00000   -0.000017458   -0.000000088   -0.000000118  240.495165  99490.1131
  42.00   10.1363    4.2217   10.9804  240.9005  240.9005  0.000000       2.62953       2.62953              0.0831    0.000000    -0.00000     0.00000   -0.000019366   -0.000000095   -0.000000124  240.431932  99320.6393
  54.00   10.6478    4.3176   11.4899  240.9509  240.9509  0.000000       2.62079       2.62079              0.0968    0.000000    -0.00000     0.00000   -0.000020796   -0.000000099   -0.000000128  240.365167  99151.4084
  66.00   11.1293    4.3795   11.9600  241.0007  241.0007  0.000000       2.58157       2.58157              0.1090    0.000000    -0.00000     0.00000   -0.000021991   -0.000000099   -0.000000128  240.297693  98982.4188
  78.00   11.5881    4.4111   12.3993  241.0506  241.0506  0.000000       2.47845       2.47845              0.1210    0.000000    -0.00000     0.00000   -0.000023067   -0.000000097   -0.000000126  240.230342  98813.6698
  90.00   12.0308    4.4147   12.8152  241.1015  241.1015  0.000000       2.34614       2.34614              0.1328    0.000000    -0.00000     0.00000   -0.000024109   -0.000000094   -0.000000123  240.164020  98645.1618
 102.00   12.4607    4.3911   13.2118  241.1542  241.1542  0.000000       2.19026       2.19026              0.1447    0.000000    -0.00000     0.00000   -0.000025145   -0.000000090   -0.000000119  240.099373  98476.8952
 114.00   12.8798    4.3405   13.5915  241.2092  241.2092  0.000000       2.02091       2.02091              0.1569    0.000000    -0.00000     0.00000   -0.000026226   -0.000000085   -0.000000113  240.037038  98308.8713
 126.00   13.2890    4.2623   13.9558  241.2672  241.2672  0.000000       1.84361       1.84361              0.1697    0.000000    -0.00000     0.00000   -0.000027389   -0.000000078   -0.000000107  239.977640  98141.0916
 138.00   13.6883    4.1557   14.3052  241.3289  241.3289  0.000000       1.66320       1.66320              0.1832    0.000000    -0.00000     0.00000   -0.000028672   -0.000000070   -0.000000099  239.921861  97973.5580
 150.00   14.0771    4.0195   14.6397  241.3950  241.3950  0.000000       1.48325       1.48325              0.1977    0.000000    -0.00000     0.00000   -0.000030139   -0.000000061   -0.000000090  239.870461  97806.2731
 162.00   14.4540    3.8523   14.9586  241.4664  241.4664  0.000000       1.30662       1.30662              0.2133    0.000000    -0.00000     0.00000   -0.000031849   -0.000000049   -0.000000079  239.824331  97639.2400
 174.00   14.8168    3.6524   15.2604  241.5442  241.5442  0.000000       1.13561       1.13561              0.2305    0.000000    -0.00000     0.00000   -0.000033883   -0.000000036   -0.000000066  239.784534  97472.4622
 186.00   15.1626    3.4179   15.5430  241.6298  241.6298  0.000000       0.97190       0.97190              0.2496    0.000000    -0.00001     0.00000   -0.000036387   -0.000000020   -0.000000051  239.752374  97305.9443
 198.00   15.4870    3.1471   15.8035  241.7248  241.7248  0.000000       0.81725       0.81725              0.2711    0.000000    -0.00001     0.00000   -0.000039533    0.000000000   -0.000000032  239.729469  97139.6918
 210.00   15.7847    2.8381   16.0379  241.8312  241.8312  0.000000       0.67187       0.67187              0.2958    0.000000    -0.00001     0.00000   -0.000043653    0.000000024   -0.000000008  239.717906  96973.7115
 222.00   16.0482    2.4900   16.2402  241.9517  241.9517  0.000000       0.53893       0.53893              0.3245    0.000000    -0.00001     0.00000   -0.000048920    0.000000055    0.000000021  239.720248  96808.0116
 234.00   16.2684    2.1015   16.4036  242.0902  242.0902  0.000000       0.41272       0.41272              0.3600    0.000000    -0.00001     0.00000   -0.000056228    0.000000093    0.000000057  239.740375  96642.6025
 246.00   16.4309    1.6773   16.5163  242.2505  242.2505  0.000000       0.30895       0.30895              0.4017    0.000000    -0.00001     0.00000   -0.000066420    0.000000146    0.000000107  239.781929  96477.4973
 258.00   16.5201    1.2123   16.5645  242.4434  242.4434  0.000000       0.19119       0.19119              0.4683    0.000000    -0.00002     0.00000   -0.000081940    0.000000200    0.000000159  239.855793  96312.7138
 270.00   16.5056    0.7603   16.5231  242.6588  242.6588  0.000000       0.14742       0.14742              0.5149    0.000000    -0.00002     0.00000   -0.000115436    0.000000275    0.000000230  239.951705  96148.2698
 282.00   16.3104    0.2822   16.3129  242.9260  242.9260  0.000000       0.00097       0.00097              2.3338    0.000000     0.00000     0.00000   -0.000113678    0.000008614    0.000006197  240.098793  95984.1897
 294.00   15.0152   -0.0078   15.0152  249.4301  249.4301  0.000000       0.00010       0.00010              3.9972    0.000000    -0.00010     0.00000   -0.000023642    0.000010238    0.000012131  246.408548  95822.5328
 306.00   15.0000   -0.0000   15.0000  250.5374  250.5374  0.000000       0.00000       0.00000           7490.4687    0.000000    -0.00012     0.00000   -0.000000369    0.000003973    0.000003752  247.385044  95663.5550
 318.00   15.0000   -0.0000   15.0000  251.7660  251.7660  0.000000       0.00000       0.00000        3408516.7345    0.000000    -0.00009     0.00000    0.000000000    0.000003797    0.000003653  248.480819  95505.5036
 330.00   15.0000   -0.0000   15.0000  252.6381  252.6381  0.000000       0.00000       0.00000        2583288.6762    0.000000    -0.00007     0.00000    0.000000000    0.000002992    0.000002837  249.224250  95348.2964
 342.00   15.0000   -0.0000   15.0000  253.3633  253.3633  0.000000       0.00000       0.00000        2190611.0055    0.000000    -0.00007     0.00000    0.000000000    0.000002611    0.000002459  249.822302  95191.7698
 354.00   15.0000   -0.0000   15.0000  253.9965  253.9965  0.000000       0.00000       0.00000        1911703.0407    0.000000    -0.00006     0.00000    0.000000000    0.000002324    0.000002176  250.329419  95035.8451
 366.00   15.0000    0.0000   15.0000  254.5516  254.5516  0.000000       0.00000       0.00000        1703825.7464    0.000000    -0.00006     0.00000    0.000000000    0.000002101    0.000001954  250.759316  94880.4668
 378.00   15.0000    0.0000   15.0000  255.0579  255.0579  0.000000       0.00000       0.00000        1546254.2135    0.000000    -0.00005     0.00000    0.000000000    0.000001926    0.000001782  251.140866  94725.5932
 390.00   15.0000    0.0000   15.0000  255.5168  255.5168  0.000000       0.00000       0.00000        1419503.8742    0.000000    -0.00005     0.00000    0.000000000    0.000001780    0.000001637  251.475506  94571.1926
 402.00   15.0000    0.0000   15.0000  255.9456  255.9456  0.000000       0.00000       0.00000        1311948.8409    0.000000    -0.00005     0.00000    0.000000000    0.000001650    0.000001509  251.780310  94417.2393
 414.00   15.0000    0.0000   15.0000  256.3386  256.3386  0.000000       0.00000       0.00000        1222502.7126    0.000000    -0.00005     0.00000    0.000000000    0.000001539    0.000001398  252.049736  94263.7117
 426.00   15.0000    0.0000   15.0000  256.7125  256.7125  0.000000       0.00000       0.00000        1149203.0278    0.000000    -0.00005     0.00000    0.000000000    0.000001446    0.000001306  252.300227  94110.5917
 438.00   15.0000    0.0000   15.0000  257.0606  257.0606  0.000000       0.00000       0.00000        1085186.6670    0.000000    -0.00005     0.00000    0.000000000    0.000001363    0.000001223  252.525144  93957.8642
 450.00   15.0000    0.0000   15.0000  257.3952  257.3952  0.000000       0.00000       0.00000        1033101.5215    0.000000    -0.00004     0.00000    0.000000000    0.000001295    0.000001155  252.736701  93805.5162
 462.00   15.0000    0.0000   15.0000  257.7114  257.7114  0.000000       0.00000       0.00000         983112.3898    0.000000    -0.00004     0.00000    0.000000000    0.000001227    0.000001087  252.929965  93653.5369
 474.00   15.0000    0.0000   15.0000  258.0153  258.0153  0.000000       0.00000       0.00000         939182.1249    0.000000    -0.00004     0.00000    0.000000000    0.000001165    0.000001025  253.111066  93501.9161
 486.00   15.0000    0.0000   15.0000  258.3044  258.3044  0.000000       0.00000       0.00000         898296.3551    0.000000    -0.00004     0.00000    0.000000000    0.000001106    0.000000966  253.277554  93350.6445
 498.00   15.0000    0.0000   15.0000  258.5831  258.5831  0.000000       0.00000       0.00000         863471.9704    0.000000    -0.00004     0.00000    0.000000000    0.000001055    0.000000915  253.433694  93199.7137
 510.00   15.0000    0.0000   15.0000  258.8508  258.8508  0.000000       0.00000       0.00000         831561.4090    0.000000    -0.00004     0.00000    0.000000000    0.000001007    0.000000867  253.578926  93049.1165
 522.00   15.0000    0.0000   15.0000  259.1099  259.1099  0.000000       0.00000       0.00000         802529.3747    0.000000    -0.00004     0.00000    0.000000000    0.000000963    0.000000822  253.715568  92898.8460
 534.00   15.0000    0.0000   15.0000  259.3598  259.3598  0.000000       0.00000       0.00000         776196.5001    0.000000    -0.00004     0.00000    0.000000000    0.000000922    0.000000781  253.843052  92748.8963
 546.00   15.0000    0.0000   15.0000  259.6026  259.6026  0.000000       0.00000       0.00000         752169.9362    0.000000    -0.00004     0.00000    0.000000000    0.000000884    0.000000743  253.963585  92599.2617
 558.00   15.0000    0.0000   15.0000  259.8376  259.8376  0.000000       0.00000       0.00000         731232.4825    0.000000    -0.00004     0.00000    0.000000000    0.000000851    0.000000710  254.076365  92449.9370
 570.00   15.0000    0.0000   15.0000  260.0676  260.0676  0.000000       0.00000       0.00000         711911.0323    0.000000    -0.00004     0.00000    0.000000000    0.000000820    0.000000678  254.184086  92300.9178
 582.00   15.0000    0.0000   15.0000  260.2907  260.2907  0.000000       0.00000       0.00000         694306.9963    0.000000    -0.00004     0.00000    0.000000000    0.000000792    0.000000649  254.285039  92152.1998
 594.00   15.0000    0.0000   15.0000  260.5099  260.5099  0.000000       0.00000       0.00000         676799.4605    0.000000    -0.00004     0.00000    0.000000000    0.000000763    0.000000620  254.381980  92003.7791
 606.00   15.0000    0.0000   15.0000  260.7222  260.7222  0.000000       0.00000       0.00000         659272.0989    0.000000    -0.00004     0.00000    0.000000000    0.000000733    0.000000589  254.472199  91855.6519
 618.00   15.0000    0.0000   15.0000  260.9305  260.9305  0.000000       0.00000       0.00000         644271.7919    0.000000    -0.00004     0.00000    0.000000000    0.000000707    0.000000563  254.558374  91707.8144
 630.00   15.0000    0.0000   15.0000  261.1337  261.1337  0.000000       0.00000       0.00000         629990.1880    0.000000    -0.00004     0.00000    0.000000000    0.000000682    0.000000538  254.639387  91560.2633
 642.00   15.0000    0.0000   15.0000  261.3332  261.3332  0.000000       0.00000       0.00000         617631.6056    0.000000    -0.00004     0.00000    0.000000000    0.000000661    0.000000516  254.716789  91412.9954
 654.00   15.0000    0.0000   15.0000  261.5287  261.5287  0.000000       0.00000       0.00000         605940.7849    0.000000    -0.00004     0.00000    0.000000000    0.000000640    0.000000495  254.790218  91266.0078
 666.00   15.0000    0.0000   15.0000  261.7210  261.7210  0.000000       0.00000       0.00000         595756.9425    0.000000    -0.00004     0.00000    0.000000000    0.000000623    0.000000477  254.860440  91119.2979
 678.00   15.0000    0.0000   15.0000  261.9103  261.9103  0.000000       0.00000       0.00000         586430.4258    0.000000    -0.00004     0.00000    0.000000000    0.000000606    0.000000460  254.927621  90972.8633
 690.00   15.0000    0.0000   15.0000  262.0969  262.0969  0.000000       0.00000       0.00000         578354.7175    0.000000    -0.00004     0.00000    0.000000000    0.000000592    0.000000446  254.992123  90826.7017
 702.00   15.0000    0.0000   15.0000  262.2813  262.2813  0.000000       0.00000       0.00000         571196.2325    0.000000    -0.00004     0.00000    0.000000000    0.000000580    0.000000433  255.054356  90680.8112
 714.00   15.0000    0.0000   15.0000  262.4635  262.4635  0.000000       0.00000       0.00000         565233.4973    0.000000    -0.00004     0.00000    0.000000000    0.000000571    0.000000423  255.114478  90535.1900
 726.00   15.0000    0.0000   15.0000  262.6443  262.6443  0.000000       0.00000       0.00000         560691.3953    0.000000    -0.00004     0.00000    0.000000000    0.000000564    0.000000416  255.173073  90389.8364
 738.00   15.0000    0.0000   15.0000  262.8239  262.8239  0.000000       0.00000       0.00000         557283.1275    0.000000    -0.00004     0.00000    0.000000000    0.000000560    0.000000411  255.230438  90244.7491
 750.00   15.0000    0.0000   15.0000  263.0028  263.0028  0.000000       0.00000       0.00000         554741.8457    0.000000    -0.00004     0.00000    0.000000000    0.000000558    0.000000408  255.286983  90099.9269
 762.00   15.0000    0.0000   15.0000  263.1810  263.1810  0.000000       0.00000       0.00000         553443.6754    0.000000    -0.00004     0.00000    0.000000000    0.000000558    0.000000408  255.342838  89955.3690
 774.00   15.0000    0.0000   15.0000  263.3592  263.3592  0.000000       0.00000       0.00000         553541.0502    0.000000    -0.00004     0.00000    0.000000000    0.000000562    0.000000410  255.398647  89811.0746
 786.00   15.0000    0.0000   15.0000  263.5378  263.5378  0.000000       0.00000       0.00000         555895.2997    0.000000    -0.00004     0.00000    0.000000000    0.000000571    0.000000419  255.454639  89667.0431
 798.00   15.0000    0.0000   15.0000  263.7178  263.7178  0.000000       0.00000       0.00000         559061.6554    0.000000    -0.00004     0.00000    0.000000000    0.000000583    0.000000429  255.511995  89523.2745
 810.00   15.0000    0.0000   15.0000  263.8986  263.8986  0.000000       0.00000       0.00000         563154.2159    0.000000    -0.00005     0.00000    0.000000000    0.000000596    0.000000441  255.570045  89379.7687
 822.00   15.0000    0.0000   15.0000  264.0815  264.0815  0.000000       0.00000       0.00000         569429.4625    0.000000    -0.00005     0.00000    0.000000000    0.000000616    0.000000459  255.630040  89236.5261
 834.00   15.0000    0.0000   15.0000  264.2666  264.2666  0.000000       0.00000       0.00000         577606.5625    0.000000    -0.00005     0.00000    0.000000000    0.000000640    0.000000482  255.692098  89093.5471
 846.00   15.0000    0.0000   15.0000  264.4551  264.4551  0.000000       0.00000       0.00000         589820.4071    0.000000    -0.00005     0.00000    0.000000000    0.000000674    0.000000514  255.757297  88950.8327
 858.00   15.0000    0.0000   15.0000  264.6483  264.6483  0.000000       0.00000       0.00000         604062.2625    0.000000    -0.00005     0.00000    0.000000000    0.000000714    0.000000553  255.827092  88808.3845
 870.00   15.0000    0.0000   15.0000  264.8463  264.8463  0.000000       0.00000       0.00000         627664.4080    0.000000    -0.00006     0.00000    0.000000000    0.000000779    0.000000614  255.901308  88666.2044
 882.00   15.0000    0.0000   15.0000  265.0552  265.0552  0.000000       0.00000       0.00000         646949.2025    0.000000    -0.00006     0.00000    0.000000000    0.000000833    0.000000667  255.985993  88524.2960
 894.00   15.0000    0.0000   15.0000  265.2660  265.2660  0.000000       0.00000       0.00000         690760.8896    0.000000    -0.00007     0.00000    0.000000000    0.000000952    0.000000781  256.072422  88382.6620
 906.00   15.0000    0.0000   15.0000  265.5036  265.5036  0.000000       0.00000       0.00000         708502.9673    0.000000    -0.00006     0.00000    0.000000000    0.000001006    0.000000834  256.184695  88241.3093
 918.00   15.0000    0.0000   15.0000  265.7263  265.7263  0.000000       0.00000       0.00000         801570.5716    0.000000    -0.00009     0.00000    0.000000000    0.000001259    0.000001076  256.282448  88100.2406
 930.00   15.0000    0.0000   15.0000  266.0249  266.0249  0.000000       0.00000       0.00000         802820.9070    0.000000    -0.00006     0.00000    0.000000000    0.000001276    0.000001096  256.453242  87959.4711
 942.00   15.0000    0.0000   15.0000  266.2490  266.2490  0.000000       0.00000       0.00000        1023263.5624    0.000000    -0.00013     0.00000    0.000000000    0.000001887    0.000001675  256.552148  87819.0003
 954.00   15.0000    0.0000   15.0000  266.6917  266.6917  0.000000       0.00000       0.00000         974115.3514    0.000000    -0.00006     0.00000    0.000000000    0.000001774    0.000001591  256.861481  87678.8652
 966.00   15.0000    0.0000   15.0000  266.8848  266.8848  0.000000       0.00000       0.00000        1499216.2459    0.000000    -0.00024     0.00000    0.000000000    0.000003302    0.000003001  256.930368  87539.0567
 978.00   15.0000    0.0000   15.0000  267.6709  267.6709  0.000000       0.00000       0.00000        1383585.5083    0.000000    -0.00004     0.00000    0.000000000    0.000003004    0.000002841  257.569862  87399.6629
 990.00   15.0000    0.0000   15.0000  267.7912  267.7912  0.000000       0.00000       0.00000        3573705.8758    0.000000    -0.00069     0.00000    0.000000000    0.000010106    0.000009003  257.568482  87260.6636
1002.00   15.0000    0.0000   15.0000  270.0130  270.0130  0.000000       0.00000       0.00000        3480318.4958    0.000000    -0.00002     0.00000    0.000000000    0.000009905    0.000010274  259.587919  87122.4240
1014.00   15.0000    0.0000   15.0000  270.0910  270.0910  0.000000       0.00000       0.00000         236005.2723    0.000000    -0.00002     0.00000    0.000000000   -0.000000242   -0.000000437  259.545797  86984.9312
1026.00   15.0000    0.0000   15.0000  270.1690  270.1690  0.000000       0.00000       0.00000         235937.1356    0.000000    -0.00002     0.00000    0.000000000   -0.000000242   -0.000000437  259.503641  86847.6331
1038.00   15.0000    0.0000   15.0000  270.2470  270.2470  0.000000       0.00000       0.00000         235869.0383    0.000000    -0.00003     0.00000    0.000000000   -0.000000242   -0.000000437  259.461451  86710.5295
1050.00   15.0000    0.0000   15.0000  270.3250  270.3250  0.000000       0.00000       0.00000         235800.9803    0.000000    -0.00003     0.00000    0.000000000   -0.000000242   -0.000000436  259.419228  86573.6201
1062.00   15.0000    0.0000   15.0000  270.4030  270.4030  0.000000       0.00000       0.00000         235732.9615    0.000000    -0.00003     0.00000    0.000000000   -0.000000242   -0.000000436  259.376970  86436.9045
1074.00   15.0000    0.0000   15.0000  270.4810  270.4810  0.000000       0.00000       0.00000         235664.9820    0.000000    -0.00003     0.00000    0.000000000   -0.000000242   -0.000000436  259.334679  86300.3827
1086.00   15.0000    0.0000   15.0000  270.5590  270.5590  0.000000       0.00000       0.00000         235597.0417    0.000000    -0.00003     0.00000    0.000000000   -0.000000242   -0.000000435  259.292354  86164.0542
1098.00   15.0000    0.0000   15.0000  270.6370  270.6370  0.000000       0.00000       0.00000         235529.1405    0.000000    -0.00003     0.00000    0.000000000   -0.000000242   -0.000000435  259.249995  86027.9189
1110.00   15.0000    0.0000   15.0000  270.7150  270.7150  0.000000       0.00000       0.00000         235461.2785    0.000000    -0.00003     0.00000    0.000000000   -0.000000242   -0.000000435  259.207603  85891.9765
1122.00   15.0000    0.0000   15.0000  270.7930  270.7930  0.000000       0.00000       0.00000         235393.4555    0.000000    -0.00003     0.00000    0.000000000   -0.000000242   -0.000000434  259.165177  85756.2267
1134.00   15.0000    0.0000   15.0000  270.8710  270.8710  0.000000       0.00000       0.00000         235325.6716    0.000000    -0.00003     0.00000    0.000000000   -0.000000242   -0.000000434  259.122717  85620.6693
1146.00   15.0000    0.0000   15.0000  270.9490  270.9490  0.000000       0.00000       0.00000         235257.9268    0.000000    -0.00003     0.00000    0.000000000   -0.000000242   -0.000000434  259.080223  85485.3040
1158.00   15.0000    0.0000   15.0000  271.0270  271.0270  0.000000       0.00000       0.00000         235190.2209    0.000000    -0.00003     0.00000    0.000000000   -0.000000242   -0.000000433  259.037696  85350.1306
1170.00   15.0000    0.0000   15.0000  271.1050  271.1050  0.000000       0.00000       0.00000         235122.5540    0.000000    -0.00003     0.00000    0.000000000   -0.000000242   -0.000000433  258.995135  85215.1487
1182.00   15.0000    0.0000   15.0000  271.1830  271.1830  0.000000       0.00000       0.00000         235054.9260    0.000000    -0.00003     0.00000    0.000000000   -0.000000242   -0.000000433  258.952540  85080.3582
1194.00   15.0000    0.0000   15.0000  271.2610  271.2610  0.000000       0.00000       0.00000         234987.3369    0.000000    -0.00003     0.00000    0.000000000   -0.000000242   -0.000000432  258.909912  84945.7587
1206.00   15.0000    0.0000   15.0000  271.3390  271.3390  0.000000       0.00000       0.00000         234919.7867    0.000000    -0.00003     0.00000    0.000000000   -0.000000242   -0.000000432  258.867250  84811.3501
1218.00   15.0000    0.0000   15.0000  271.4170  271.4170  0.000000       0.00000       0.00000         234852.2753    0.000000    -0.00003     0.00000    0.000000000   -0.000000242   -0.000000432  258.824554  84677.1320
1230.00   15.0000    0.0000   15.0000  271.4950  271.4950  0.000000       0.00000       0.00000         234784.8027    0.000000    -0.00003     0.00000    0.000000000   -0.000000242   -0.000000431  258.781825  84543.1043
1242.00   15.0000    0.0000   15.0000  271.5730  271.5730  0.000000       0.00000       0.00000         234717.3688    0.000000    -0.00003     0.00000    0.000000000   -0.000000242   -0.000000431  258.739062  84409.2666
1254.00   15.0000    0.0000   15.0000  271.6510  271.6510  0.000000       0.00000       0.00000         234649.9737    0.000000    -0.00003     0.00000    0.000000000   -0.000000242   -0.000000430  258.696265  84275.6186
1266.00   15.0000    0.0000   15.0000  271.7290  271.7290  0.000000       0.00000       0.00000         234582.6172    0.000000    -0.00003     0.00000    0.000000000   -0.000000242   -0.000000430  258.653435  84142.1603
1278.00   15.0000    0.0000   15.0000  271.8070  271.8070  0.000000       0.00000       0.00000         234515.2995    0.000000    -0.00003     0.00000    0.000000000   -0.000000242   -0.000000430  258.610571  84008.8912
1290.00   15.0000    0.0000   15.0000  271.8850  271.8850  0.000000       0.00000       0.00000         234448.0203    0.000000    -0.00003     0.00000    0.000000000   -0.000000242   -0.000000429  258.567673  83875.8112
1302.00   15.0000    0.0000   15.0000  271.9630  271.9630  0.000000       0.00000       0.00000         234380.7797    0.000000    -0.00003     0.00000    0.000000000   -0.000000242   -0.000000429  258.524742  83742.9199
1314.00   15.0000    0.0000   15.0000  272.0410  272.0410  0.000000       0.00000       0.00000         234313.5777    0.000000    -0.00003     0.00000    0.000000000   -0.000000242   -0.000000429  258.481778  83610.2171
1326.00   15.0000    0.0000   15.0000  272.1190  272.1190  0.000000       0.00000       0.00000         234246.4143    0.000000    -0.00003     0.00000    0.000000000   -0.000000242   -0.000000428  258.438779  83477.7027
1338.00   15.0000    0.0000   15.0000  272.1970  272.1970  0.000000       0.00000       0.00000         234179.2893    0.000000    -0.00003     0.00000    0.000000000   -0.000000242   -0.000000428  258.395747  83345.3762
1350.00   15.0000    0.0000   15.0000  272.2750  272.2750  0.000000       0.00000       0.00000         234112.2027    0.000000    -0.00003     0.00000    0.000000000   -0.000000242   -0.000000428  258.352682  83213.2375
1362.00   15.0000    0.0000   15.0000  272.3530  272.3530  0.000000       0.00000       0.00000         234045.1546    0.000000    -0.00003     0.00000    0.000000000   -0.000000242   -0.000000427  258.309583  83081.2863
1374.00   15.0000    0.0000   15.0000  272.4310  272.4310  0.000000       0.00000       0.00000         233978.1449    0.000000    -0.00003     0.00000    0.000000000   -0.000000242   -0.000000427  258.266451  82949.5224
1386.00   15.0000    0.0000   15.0000  272.5090  272.5090  0.000000       0.00000       0.00000         233911.1736    0.000000    -0.00003     0.00000    0.000000000   -0.000000242   -0.000000426  258.223285  82817.9455
1398.00   15.0000    0.0000   15.0000  272.5870  272.5870  0.000000       0.00000       0.00000         233844.2406    0.000000    -0.00003     0.00000    0.000000000   -0.000000242   -0.000000426  258.180085  82686.5553
1410.00   15.0000    0.0000   15.0000  272.6650  272.6650  0.000000       0.00000       0.00000         233777.3458    0.000000    -0.00003     0.00000    0.000000000   -0.000000242   -0.000000426  258.136852  82555.3517
1422.00   15.0000    0.0000   15.0000  272.7430  272.7430  0.000000       0.00000       0.00000         233710.4894    0.000000    -0.00003     0.00000    0.000000000   -0.000000242   -0.000000425  258.093586  82424.3343
1434.00   15.0000    0.0000   15.0000  272.8210  272.8210  0.000000       0.00000       0.00000         233643.6711    0.000000    -0.00003     0.00000    0.000000000   -0.000000242   -0.000000425  258.050286  82293.5029
1446.00   15.0000    0.0000   15.0000  272.8990  272.8990  0.000000       0.00000       0.00000         233576.8911    0.000000    -0.00004     0.00000    0.000000000   -0.000000242   -0.000000425  258.006952  82162.8573
1458.00   15.0000    0.0000   15.0000  272.9770  272.9770  0.000000       0.00000       0.00000         233510.1492    0.000000    -0.00004     0.00000    0.000000000   -0.000000242   -0.000000424  257.963586  82032.3972
1470.00   15.0000    0.0000   15.0000  273.0550  273.0550  0.000000       0.00000       0.00000         233443.4455    0.000000    -0.00004     0.00000    0.000000000   -0.000000242   -0.000000424  257.920185  81902.1223
1482.00   15.0000    0.0000   15.0000  273.1330  273.1330  0.000000       0.00000       0.00000         233376.7798    0.000000    -0.00004     0.00000    0.000000000   -0.000000242   -0.000000423  257.876751  81772.0325
1494.00   15.0000    0.0000   15.0000  273.2110  273.2110  0.000000       0.00000       0.00000         233310.1522    0.000000    -0.00004     0.00000    0.000000000   -0.000000242   -0.000000423  257.833284  81642.1274
1506.00   15.0000    0.0000   15.0000  273.2890  273.2890  0.000000       0.00000       0.00000         233243.5627    0.000000    -0.00004     0.00000    0.000000000   -0.000000242   -0.000000423  257.789783  81512.4068
1518.00   15.0000    0.0000   15.0000  273.3670  273.3670  0.000000       0.00000       0.00000         233177.0111    0.000000    -0.00004     0.00000    0.000000000   -0.000000242   -0.000000422  257.746249  81382.8705
1530.00   15.0000    0.0000   15.0000  273.4450  273.4450  0.000000       0.00000       0.00000         233110.4975    0.000000    -0.00004     0.00000    0.000000000   -0.000000242   -0.000000422  257.702682  81253.5182
1542.00   15.0000    0.0000   15.0000  273.5230  273.5230  0.000000       0.00000       0.00000         233044.0219    0.000000    -0.00004     0.00000    0.000000000   -0.000000242   -0.000000421  257.659081  81124.3496
1554.00   15.0000    0.0000   15.0000  273.6010  273.6010  0.000000       0.00000       0.00000         232977.5841    0.000000    -0.00004     0.00000    0.000000000   -0.000000242   -0.000000421  257.615447  80995.3646
1566.00   15.0000    0.0000   15.0000  273.6790  273.6790  0.000000       0.00000       0.00000         232911.1843    0.000000    -0.00004     0.00000    0.000000000   -0.000000242   -0.000000421  257.571779  80866.5629
1578.00   15.0000    0.0000   15.0000  273.7570  273.7570  0.000000       0.00000       0.00000         232844.8222    0.000000    -0.00004     0.00000    0.000000000   -0.000000242   -0.000000420  257.528078  80737.9442
1590.00   15.0000    0.0000   15.0000  273.8350  273.8350  0.000000       0.00000       0.00000         232778.4980    0.000000    -0.00004     0.00000    0.000000000   -0.000000242   -0.000000420  257.484343  80609.5083
1602.00   15.0000    0.0000   15.0000  273.9130  273.9130  0.000000       0.00000       0.00000         232712.2115    0.000000    -0.00004     0.00000    0.000000000   -0.000000242   -0.000000419  257.440576  80481.2549
1614.00   15.0000    0.0000   15.0000  273.9910  273.9910  0.000000       0.00000       0.00000         232645.9628    0.000000    -0.00004     0.00000    0.000000000   -0.000000242   -0.000000419  257.396774  80353.1838
1626.00   15.0000    0.0000   15.0000  274.0690  274.0690  0.000000       0.00000       0.00000         232579.7518    0.000000    -0.00004     0.00000    0.000000000   -0.000000242   -0.000000419  257.352940  80225.2948
1638.00   15.0000    0.0000   15.0000  274.1470  274.1470  0.000000       0.00000       0.00000         232513.5785    0.000000    -0.00004     0.00000    0.000000000   -0.000000242   -0.000000418  257.309072  80097.5876
1650.00   15.0000    0.0000   15.0000  274.2250  274.2250  0.000000       0.00000       0.00000         232447.4428    0.000000    -0.00004     0.00000    0.000000000   -0.000000242   -0.000000418  257.265171  79970.0619
1662.00   15.0000    0.0000   15.0000  274.3030  274.3030  0.000000       0.00000       0.00000         232381.3447    0.000000    -0.00004     0.00000    0.000000000   -0.000000242   -0.000000417  257.221237  79842.7176
1674.00   15.0000    0.0000   15.0000  274.3810  274.3810  0.000000       0.00000       0.00000         232315.2842    0.000000    -0.00004     0.00000    0.000000000   -0.000000242   -0.000000417  257.177269  79715.5543
1686.00   15.0000    0.0000   15.0000  274.4590  274.4590  0.000000       0.00000       0.00000         232249.2613    0.000000    -0.00004     0.00000    0.000000000   -0.000000241   -0.000000417  257.133268  79588.5719
1698.00   15.0000    0.0000   15.0000  274.5370  274.5370  0.000000       0.00000       0.00000         232183.2758    0.000000    -0.00004     0.00000    0.000000000   -0.000000241   -0.000000416  257.089234  79461.7700
1710.00   15.0000    0.0000   15.0000  274.6150  274.6150  0.000000       0.00000       0.00000         232117.3279    0.000000    -0.00004     0.00000    0.000000000   -0.000000241   -0.000000416  257.045166  79335.1485
1722.00   15.0000    0.0000   15.0000  274.6930  274.6930  0.000000       0.00000       0.00000         232051.4174    0.000000    -0.00004     0.00000    0.000000000   -0.000000241   -0.000000415  257.001065  79208.7071
1734.00   15.0000    0.0000   15.0000  274.7710  274.7710  0.000000       0.00000       0.00000         231985.5443    0.000000    -0.00004     0.00000    0.000000000   -0.000000241   -0.000000415  256.956931  79082.4455
1746.00   15.0000    0.0000   15.0000  274.8490  274.8490  0.000000       0.00000       0.00000         231919.7086    0.000000    -0.00004     0.00000    0.000000000   -0.000000241   -0.000000414  256.912764  78956.3636
1758.00   15.0000    0.0000   15.0000  274.9270  274.9270  0.000000       0.00000       0.00000         231853.9103    0.000000    -0.00004     0.00000    0.000000000   -0.000000241   -0.000000414  256.868564  78830.4611
1770.00   15.0000    0.0000   15.0000  275.0050  275.0050  0.000000       0.00000       0.00000         231788.1493    0.000000    -0.00004     0.00000    0.000000000   -0.000000241   -0.000000414  256.824330  78704.7377
1782.00   15.0000    0.0000   15.0000  275.0830  275.0830  0.000000       0.00000       0.00000         231722.4256    0.000000    -0.00004     0.00000    0.000000000   -0.000000241   -0.000000413  256.780063  78579.1932
1794.00   15.0000    0.0000   15.0000  275.1610  275.1610  0.000000       0.00000       0.00000         231656.7391    0.000000    -0.00004     0.00000    0.000000000   -0.000000241   -0.000000413  256.735763  78453.8273
1806.00   15.0000    0.0000   15.0000  275.2390  275.2390  0.000000       0.00000       0.00000         231591.0899    0.000000    -0.00004     0.00000    0.000000000   -0.000000241   -0.000000412  256.691429  78328.6399
1818.00   15.0000    0.0000   15.0000  275.3170  275.3170  0.000000       0.00000       0.00000         231525.4779    0.000000    -0.00004     0.00000    0.000000000   -0.000000241   -0.000000412  256.647063  78203.6307
1830.00   15.0000    0.0000   15.0000  275.3950  275.3950  0.000000       0.00000       0.00000         231459.9030    0.000000    -0.00004     0.00000    0.000000000   -0.000000241   -0.000000411  256.602663  78078.7994
1842.00   15.0000    0.0000   15.0000  275.4730  275.4730  0.000000       0.00000       0.00000         231394.3653    0.000000    -0.00004     0.00000    0.000000000   -0.000000241   -0.000000411  256.558230  77954.1458
1854.00   15.0000    0.0000   15.0000  275.5510  275.5510  0.000000       0.00000       0.00000         231328.8647    0.000000    -0.00005     0.00000    0.000000000   -0.000000241   -0.000000411  256.513764  77829.6696
1866.00   15.0000    0.0000   15.0000  275.6290  275.6290  0.000000       0.00000       0.00000         231263.4012    0.000000    -0.00005     0.00000    0.000000000   -0.000000241   -0.000000410  256.469265  77705.3707
1878.00   15.0000    0.0000   15.0000  275.7070  275.7070  0.000000       0.00000       0.00000         231197.9747    0.000000    -0.00005     0.00000    0.000000000   -0.000000241   -0.000000410  256.424733  77581.2488
1890.00   15.0000    0.0000   15.0000  275.7850  275.7850  0.000000       0.00000       0.00000         231132.5852    0.000000    -0.00005     0.00000    0.000000000   -0.000000241   -0.000000409  256.380167  77457.3036
1902.00   15.0000    0.0000   15.0000  275.8630  275.8630  0.000000       0.00000       0.00000         231067.2326    0.000000    -0.00005     0.00000    0.000000000   -0.000000240   -0.000000409  256.335569  77333.5350
1914.00   15.0000    0.0000   15.0000  275.9410  275.9410  0.000000       0.00000       0.00000         231001.9171    0.000000    -0.00005     0.00000    0.000000000   -0.000000240   -0.000000408  256.290937  77209.9426
1926.00   15.0000    0.0000   15.0000  276.0190  276.0190  0.000000       0.00000       0.00000         230936.6384    0.000000    -0.00005     0.00000    0.000000000   -0.000000240   -0.000000408  256.246273  77086.5263
1938.00   15.0000    0.0000   15.0000  276.0970  276.0970  0.000000       0.00000       0.00000         230871.3966    0.000000    -0.00005     0.00000    0.000000000   -0.000000240   -0.000000408  256.201575  76963.2857
1950.00   15.0000    0.0000   15.0000  276.1750  276.1750  0.000000       0.00000       0.00000         230806.1917    0.000000    -0.00005     0.00000    0.000000000   -0.000000240   -0.000000407  256.156844  76840.2208
1962.00   15.0000    0.0000   15.0000  276.2530  276.2530  0.000000       0.00000       0.00000         230741.0236    0.000000    -0.00005     0.00000    0.000000000   -0.000000240   -0.000000407  256.112080  76717.3311
1974.00   15.0000    0.0000   15.0000  276.3310  276.3310  0.000000       0.00000       0.00000         230675.8923    0.000000    -0.00005     0.00000    0.000000000   -0.000000240   -0.000000406  256.067283  76594.6166
1986.00   15.0000    0.0000   15.0000  276.4090  276.4090  0.000000       0.00000       0.00000         230610.7978    0.000000    -0.00005     0.00000    0.000000000   -0.000000240   -0.000000406  256.022453  76472.0769
1998.00   15.0000    0.0000   15.0000  276.4870  276.4870  0.000000       0.00000       0.00000         230545.7399    0.000000    -0.00005     0.00000    0.000000000   -0.000000240   -0.000000405  255.977589  76349.7119
2010.00   15.0000    0.0000   15.0000  276.5650  276.5650  0.000000       0.00000       0.00000         230480.7188    0.000000    -0.00005     0.00000    0.000000000   -0.000000240   -0.000000405  255.932693  76227.5212
2022.00   15.0000    0.0000   15.0000  276.6430  276.6430  0.000000       0.00000       0.00000         230415.7344    0.000000    -0.00005     0.00000    0.000000000   -0.000000240   -0.000000404  255.887764  76105.5048
2034.00   15.0000    0.0000   15.0000  276.7210  276.7210  0.000000       0.00000       0.00000         230350.7865    0.000000    -0.00005     0.00000    0.000000000   -0.000000240   -0.000000404  255.842802  75983.6622
2046.00   15.0000    0.0000   15.0000  276.7990  276.7990  0.000000       0.00000       0.00000         230285.8753    0.000000    -0.00005     0.00000    0.000000000   -0.000000239   -0.000000404  255.797807  75861.9933
2058.00   15.0000    0.0000   15.0000  276.8770  276.8770  0.000000       0.00000       0.00000         230221.0007    0.000000    -0.00005     0.00000    0.000000000   -0.000000239   -0.000000403  255.752778  75740.4979
2070.00   15.0000    0.0000   15.0000  276.9550  276.9550  0.000000       0.00000       0.00000         230156.1626    0.000000    -0.00005     0.00000    0.000000000   -0.000000239   -0.000000403  255.707717  75619.1758
2082.00   15.0000    0.0000   15.0000  277.0330  277.0330  0.000000       0.00000       0.00000         230091.3610    0.000000    -0.00005     0.00000    0.000000000   -0.000000239   -0.000000402  255.662623  75498.0266
2094.00   15.0000    0.0000   15.0000  277.1110  277.1110  0.000000       0.00000       0.00000         230026.5958    0.000000    -0.00005     0.00000    0.000000000   -0.000000239   -0.000000402  255.617496  75377.0502
2106.00   15.0000    0.0000   15.0000  277.1890  277.1890  0.000000       0.00000       0.00000         229961.8672    0.000000    -0.00005     0.00000    0.000000000   -0.000000239   -0.000000401  255.572336  75256.2463
2118.00   15.0000    0.0000   15.0000  277.2670  277.2670  0.000000       0.00000       0.00000         229897.1749    0.000000    -0.00005     0.00000    0.000000000   -0.000000239   -0.000000401  255.527143  75135.6148
2130.00   15.0000    0.0000   15.0000  277.3450  277.3450  0.000000       0.00000       0.00000         229832.5191    0.000000    -0.00005     0.00000    0.000000000   -0.000000239   -0.000000400  255.481917  75015.1553
2142.00   15.0000    0.0000   15.0000  277.4230  277.4230  0.000000       0.00000       0.00000         229767.8996    0.000000    -0.00005     0.00000    0.000000000   -0.000000239   -0.000000400  255.436658  74894.8676
2154.00   15.0000    0.0000   15.0000  277.5010  277.5010  0.000000       0.00000       0.00000         229703.3164    0.000000    -0.00005     0.00000    0.000000000   -0.000000239   -0.000000399  255.391366  74774.7516
2166.00   15.0000    0.0000   15.0000  277.5790  277.5790  0.000000       0.00000       0.00000         229638.7695    0.000000    -0.00005     0.00000    0.000000000   -0.000000239   -0.000000399  255.346041  74654.8069
2178.00   15.0000    0.0000   15.0000  277.6570  277.6570  0.000000       0.00000       0.00000         229574.2589    0.000000    -0.00005     0.00000    0.000000000   -0.000000238   -0.000000398  255.300683  74535.0334
2190.00   15.0000    0.0000   15.0000  277.7350  277.7350  0.000000       0.00000       0.00000         229509.7845    0.000000    -0.00005     0.00000    0.000000000   -0.000000238   -0.000000398  255.255293  74415.4308
2202.00   15.0000    0.0000   15.0000  277.8130  277.8130  0.000000       0.00000       0.00000         229445.3463    0.000000    -0.00005     0.00000    0.000000000   -0.000000238   -0.000000398  255.209869  74295.9989
2214.00   15.0000    0.0000   15.0000  277.8910  277.8910  0.000000       0.00000       0.00000         229380.9443    0.000000    -0.00005     0.00000    0.000000000   -0.000000238   -0.000000397  255.164413  74176.7375
2226.00   15.0000    0.0000   15.0000  277.9690  277.9690  0.000000       0.00000       0.00000         229316.5785    0.000000    -0.00005     0.00000    0.000000000   -0.000000238   -0.000000397  255.118924  74057.6463
2238.00   15.0000    0.0000   15.0000  278.0470  278.0470  0.000000       0.00000       0.00000         229252.2487    0.000000    -0.00005     0.00000    0.000000000   -0.000000238   -0.000000396  255.073402  73938.7251
2250.00   15.0000    0.0000   15.0000  278.1250  278.1250  0.000000       0.00000       0.00000         229187.9551    0.000000    -0.00005     0.00000    0.000000000   -0.000000238   -0.000000396  255.027847  73819.9737
2262.00   15.0000    0.0000   15.0000  278.2030  278.2030  0.000000       0.00000       0.00000         229123.6974    0.000000    -0.00006     0.00000    0.000000000   -0.000000238   -0.000000395  254.982259  73701.3919
2274.00   15.0000    0.0000   15.0000  278.2810  278.2810  0.000000       0.00000       0.00000         229059.4759    0.000000    -0.00006     0.00000    0.000000000   -0.000000238   -0.000000395  254.936639  73582.9794
2286.00   15.0000    0.0000   15.0000  278.3590  278.3590  0.000000       0.00000       0.00000         228995.2903    0.000000    -0.00006     0.00000    0.000000000   -0.000000237   -0.000000394  254.890985  73464.7359
2298.00   15.0000    0.0000   15.0000  278.4370  278.4370  0.000000       0.00000       0.00000         228931.1406    0.000000    -0.00006     0.00000    0.000000000   -0.000000237   -0.000000394  254.845299  73346.6614
2310.00   15.0000    0.0000   15.0000  278.5150  278.5150  0.000000       0.00000       0.00000         228867.0269    0.000000    -0.00006     0.00000    0.000000000   -0.000000237   -0.000000393  254.799580  73228.7555
2322.00   15.0000    0.0000   15.0000  278.5930  278.5930  0.000000       0.00000       0.00000         228802.9491    0.000000    -0.00006     0.00000    0.000000000   -0.000000237   -0.000000393  254.753828  73111.0180
2334.00   15.0000    0.0000   15.0000  278.6710  278.6710  0.000000       0.00000       0.00000         228738.9072    0.000000    -0.00006     0.00000    0.000000000   -0.000000237   -0.000000392  254.708044  72993.4487
2346.00   15.0000    0.0000   15.0000  278.7490  278.7490  0.000000       0.00000       0.00000         228674.9011    0.000000    -0.00006     0.00000    0.000000000   -0.000000237   -0.000000392  254.662226  72876.0474
2358.00   15.0000    0.0000   15.0000  278.8270  278.8270  0.000000       0.00000       0.00000         228610.9308    0.000000    -0.00006     0.00000    0.000000000   -0.000000237   -0.000000391  254.616376  72758.8138
2370.00   15.0000    0.0000   15.0000  278.9050  278.9050  0.000000       0.00000       0.00000         228546.9963    0.000000    -0.00006     0.00000    0.000000000   -0.000000237   -0.000000391  254.570493  72641.7478
2382.00   15.0000    0.0000   15.0000  278.9830  278.9830  0.000000       0.00000       0.00000              0.0000    0.000000    -0.00006     0.00000    0.000000000    0.000000000    0.000000000  254.524578  72524.8490
2394.00   15.0000    0.0000   15.0000  279.0610  279.0610  0.000000       0.00000       0.00000              0.0000    0.000000     0.00000     0.00000    0.000000000    0.000000000    0.000000000  254.478629  72408.1174
