   0.00    0.0000    0.0000    0.0000  243.8699  243.8699  0.000000       0.00000       0.00000              0.0000    0.000000     0.00000     0.00000    0.000000000    0.000000000    0.000000000    0.000000      0.0000
   6.00    7.5144    3.5931    8.3293  245.6990  245.6990  0.000000       0.67431       0.67431              0.0000    0.000000     0.00000     0.00000   -0.000033710    0.000000000    0.000000000  245.611308  99874.9708
  18.00    8.6006    4.0210    9.4941  245.8601  245.8601  0.000000       1.94024       1.94024              0.0705    0.000000    -0.00000     0.00000   -0.000037287    0.000000000    0.000000000  245.625867  99666.7674
  30.00    9.3167    4.2498   10.2402  245.9701  245.9701  0.000000       1.79236       1.79236              0.0998    0.000000    -0.00000     0.00000   -0.000045541    0.000000028   -0.000000027  245.618595  99500.5553
  42.00    9.9860    4.4158   10.9188  246.0766  246.0766  0.000000       1.93582       1.93582              0.1162    0.000000    -0.00000     0.00000   -0.000048763    0.000000013   -0.000000041  245.607879  99334.6144
  54.00   10.5940    4.5240   11.5196  246.1775  246.1775  0.000000       1.86401       1.86401              0.1338    0.000000    -0.00000     0.00000   -0.000051106    0.000000004   -0.000000050  245.591418  99168.9410
  66.00   11.1741    4.5868   12.0789  246.2783  246.2783  0.000000       1.79059       1.79059              0.1493    0.000000    -0.00000     0.00000   -0.000053046    0.000000006   -0.000000048  245.574888  99003.5329
  78.00   11.7306    4.6074   12.6030  246.3803  246.3803  0.000000       1.67120       1.67120              0.1648    0.000000    -0.00000     0.00000   -0.000054778    0.000000013   -0.000000042  245.559508  98838.3900
  90.00   12.2700    4.5877   13.0996  246.4855  246.4855  0.000000       1.53827       1.53827              0.1802    0.000000    -0.00000     0.00000   -0.000056401    0.000000024   -0.000000030  245.547174  98673.5132
 102.00   12.7943    4.5279   13.5718  246.5950  246.5950  0.000000       1.39248       1.39248              0.1962    0.000000    -0.00000     0.00000   -0.000057948    0.000000040   -0.000000015  245.539228  98508.9046
 114.00   13.3042    4.4273   14.0215  246.7106  246.7106  0.000000       1.24191       1.24191              0.2131    0.000000    -0.00000     0.00000   -0.000059518    0.000000061    0.000000005  245.537196  98344.5674
 126.00   13.7992    4.2845   14.4490  246.8339  246.8339  0.000000       1.08977       1.08977              0.2313    0.000000    -0.00001     0.00000   -0.000060984    0.000000089    0.000000031  245.542724  98180.5054
 138.00   14.2773    4.0972   14.8536  246.9668  246.9668  0.000000       0.93950       0.93950              0.2514    0.000000    -0.00001     0.00000   -0.000062545    0.000000123    0.000000064  245.557851  98016.7240
 150.00   14.7355    3.8627   15.2334  247.1121  247.1121  0.000000       0.79352       0.79352              0.2740    0.000000    -0.00001     0.00000   -0.000064194    0.000000168    0.000000107  245.585174  97853.2300
 162.00   15.1689    3.5774   15.5850  247.2732  247.2732  0.000000       0.65409       0.65409              0.3001    0.000000    -0.00001     0.00000   -0.000066001    0.000000226    0.000000163  245.628198  97690.0320
 174.00   15.5702    3.2368   15.9031  247.4553  247.4553  0.000000       0.52276       0.52276              0.3311    0.000000    -0.00001     0.00000   -0.000068113    0.000000306    0.000000240  245.691926  97527.1415
 186.00   15.9288    2.8358   16.1793  247.6658  247.6658  0.000000       0.40210       0.40210              0.3691    0.000000    -0.00001     0.00000   -0.000070842    0.000000419    0.000000348  245.783757  97364.5741
 198.00   16.2286    2.3680   16.4005  247.9168  247.9168  0.000000       0.29203       0.29203              0.4180    0.000000    -0.00002     0.00000   -0.000074882    0.000000588    0.000000509  245.915738  97202.3515
 210.00   16.4422    1.8294   16.5436  248.2277  248.2277  0.000000       0.19916       0.19916              0.4824    0.000000    -0.00003     0.00000   -0.000081933    0.000000864    0.000000772  246.106921  97040.5054
 222.00   16.5252    1.2142   16.5698  248.6389  248.6389  0.000000       0.11478       0.11478              0.5815    0.000000    -0.00004     0.00000   -0.000096230    0.000001310    0.000001198  246.397429  96879.0866
 234.00   16.3996    0.5731   16.4096  249.1984  249.1984  0.000000       0.06643       0.06643              0.7067    0.000000    -0.00004     0.00000   -0.000137764    0.000002273    0.000002101  246.834684  96718.1738
 246.00   15.8952   -0.0415   15.8953  250.1156  250.1156  0.000000       0.00085       0.00085              2.3063    0.000000     0.00000     0.00000   -0.000200353    0.000011802    0.000009683  247.625930  96557.9266
 258.00   15.0075   -0.0093   15.0075  254.7793  254.7793  0.000000       0.00001       0.00001              6.4508    0.000000    -0.00008     0.00000   -0.000013850    0.000012670    0.000014061  252.124905  96399.6238
 270.00   15.0000   -0.0000   15.0000  255.7239  255.7239  0.000000       0.00000       0.00000          11553.3059    0.000000    -0.00007     0.00000   -0.000000030    0.000004601    0.000004386  252.942389  96243.2559
 282.00   15.0000   -0.0000   15.0000  256.5846  256.5846  0.000000       0.00000       0.00000        2366693.6195    0.000000    -0.00005     0.00000    0.000000000    0.000003885    0.000003706  253.676433  96087.6195
 294.00   15.0000   -0.0000   15.0000  257.2101  257.2101  0.000000       0.00000       0.00000        1831799.6767    0.000000    -0.00005     0.00000    0.000000000    0.000003012    0.000002830  254.177572  95932.6126
 306.00   15.0000   -0.0000   15.0000  257.7377  257.7377  0.000000       0.00000       0.00000        1566023.3430    0.000000    -0.00004     0.00000    0.000000000    0.000002574    0.000002396  254.581751  95778.1310
 318.00   15.0000   -0.0000   15.0000  258.1979  258.1979  0.000000       0.00000       0.00000        1385977.5722    0.000000    -0.00004     0.00000    0.000000000    0.000002271    0.000002095  254.919104  95624.1225
 330.00   15.0000    0.0000   15.0000  258.6135  258.6135  0.000000       0.00000       0.00000        1258513.0580    0.000000    -0.00004     0.00000    0.000000000    0.000002053    0.000001878  255.212245  95470.5516
 342.00   15.0000    0.0000   15.0000  258.9944  258.9944  0.000000       0.00000       0.00000        1164302.2418    0.000000    -0.00004     0.00000    0.000000000    0.000001891    0.000001717  255.470978  95317.3929
 354.00   15.0000    0.0000   15.0000  259.3515  259.3515  0.000000       0.00000       0.00000        1088698.2223    0.000000    -0.00004     0.00000    0.000000000    0.000001760    0.000001586  255.706010  95164.6275
 366.00   15.0000    0.0000   15.0000  259.6854  259.6854  0.000000       0.00000       0.00000        1029425.9951    0.000000    -0.00004     0.00000    0.000000000    0.000001657    0.000001483  255.918100  95012.2401
 378.00   15.0000    0.0000   15.0000  260.0057  260.0057  0.000000       0.00000       0.00000         967476.4206    0.000000    -0.00003     0.00000    0.000000000    0.000001540    0.000001367  256.116572  94860.2186
 390.00   15.0000    0.0000   15.0000  260.3011  260.3011  0.000000       0.00000       0.00000         921773.1116    0.000000    -0.00004     0.00000    0.000000000    0.000001456    0.000001282  256.290334  94708.5506
 402.00   15.0000    0.0000   15.0000  260.5929  260.5929  0.000000       0.00000       0.00000         871703.5399    0.000000    -0.00003     0.00000    0.000000000    0.000001356    0.000001184  256.460547  94557.2266
 414.00   15.0000    0.0000   15.0000  260.8570  260.8570  0.000000       0.00000       0.00000         828570.5521    0.000000    -0.00003     0.00000    0.000000000    0.000001270    0.000001096  256.603272  94406.2364
 426.00   15.0000    0.0000   15.0000  261.1219  261.1219  0.000000       0.00000       0.00000         797563.8507    0.000000    -0.00003     0.00000    0.000000000    0.000001209    0.000001036  256.746696  94255.5713
 438.00   15.0000    0.0000   15.0000  261.3667  261.3667  0.000000       0.00000       0.00000         760965.1677    0.000000    -0.00003     0.00000    0.000000000    0.000001131    0.000000958  256.870234  94105.2247
 450.00   15.0000    0.0000   15.0000  261.6087  261.6087  0.000000       0.00000       0.00000         738371.6052    0.000000    -0.00003     0.00000    0.000000000    0.000001087    0.000000913  256.990887  93955.1893
 462.00   15.0000    0.0000   15.0000  261.8394  261.8394  0.000000       0.00000       0.00000         711958.1199    0.000000    -0.00003     0.00000    0.000000000    0.000001030    0.000000856  257.100442  93805.4601
 474.00   15.0000    0.0000   15.0000  262.0649  262.0649  0.000000       0.00000       0.00000         690899.7983    0.000000    -0.00003     0.00000    0.000000000    0.000000986    0.000000811  257.204672  93656.0316
 486.00   15.0000    0.0000   15.0000  262.2825  262.2825  0.000000       0.00000       0.00000         668935.7758    0.000000    -0.00003     0.00000    0.000000000    0.000000938    0.000000763  257.301153  93506.8993
 498.00   15.0000    0.0000   15.0000  262.4943  262.4943  0.000000       0.00000       0.00000         649617.9546    0.000000    -0.00003     0.00000    0.000000000    0.000000896    0.000000720  257.391716  93358.0586
 510.00   15.0000    0.0000   15.0000  262.6999  262.6999  0.000000       0.00000       0.00000         631911.8500    0.000000    -0.00003     0.00000    0.000000000    0.000000856    0.000000680  257.476176  93209.5052
 522.00   15.0000    0.0000   15.0000  262.9005  262.9005  0.000000       0.00000       0.00000         615545.7585    0.000000    -0.00003     0.00000    0.000000000    0.000000819    0.000000643  257.555715  93061.2354
 534.00   15.0000    0.0000   15.0000  263.0959  263.0959  0.000000       0.00000       0.00000         600390.1311    0.000000    -0.00003     0.00000    0.000000000    0.000000784    0.000000608  257.629983  92913.2456
 546.00   15.0000    0.0000   15.0000  263.2871  263.2871  0.000000       0.00000       0.00000         584320.3475    0.000000    -0.00003     0.00000    0.000000000    0.000000746    0.000000569  257.700078  92765.5325
 558.00   15.0000    0.0000   15.0000  263.4724  263.4724  0.000000       0.00000       0.00000         569955.0807    0.000000    -0.00003     0.00000    0.000000000    0.000000712    0.000000535  257.764315  92618.0927
 570.00   15.0000    0.0000   15.0000  263.6546  263.6546  0.000000       0.00000       0.00000         552997.5347    0.000000    -0.00003     0.00000    0.000000000    0.000000670    0.000000492  257.825439  92470.9230
 582.00   15.0000    0.0000   15.0000  263.8292  263.8292  0.000000       0.00000       0.00000         537430.5329    0.000000    -0.00003     0.00000    0.000000000    0.000000631    0.000000453  257.879062  92324.0198
 594.00   15.0000    0.0000   15.0000  264.0016  264.0016  0.000000       0.00000       0.00000         521520.4459    0.000000    -0.00003     0.00000    0.000000000    0.000000590    0.000000412  257.930433  92177.3797
 606.00   15.0000    0.0000   15.0000  264.1662  264.1662  0.000000       0.00000       0.00000         503593.5334    0.000000    -0.00003     0.00000    0.000000000    0.000000543    0.000000365  257.974081  92030.9996
 618.00   15.0000    0.0000   15.0000  264.3272  264.3272  0.000000       0.00000       0.00000         490011.7138    0.000000    -0.00003     0.00000    0.000000000    0.000000507    0.000000330  258.014189  91884.8756
 630.00   15.0000    0.0000   15.0000  264.4832  264.4832  0.000000       0.00000       0.00000         475716.1497    0.000000    -0.00003     0.00000    0.000000000    0.000000469    0.000000291  258.049311  91739.0049
 642.00   15.0000    0.0000   15.0000  264.6351  264.6351  0.000000       0.00000       0.00000         463899.8801    0.000000    -0.00003     0.00000    0.000000000    0.000000438    0.000000260  258.080432  91593.3844
 654.00   15.0000    0.0000   15.0000  264.7836  264.7836  0.000000       0.00000       0.00000         452690.4566    0.000000    -0.00003     0.00000    0.000000000    0.000000407    0.000000229  258.108127  91448.0116
 666.00   15.0000    0.0000   15.0000  264.9285  264.9285  0.000000       0.00000       0.00000         442118.8358    0.000000    -0.00003     0.00000    0.000000000    0.000000379    0.000000201  258.132200  91302.8841
 678.00   15.0000    0.0000   15.0000  265.0703  265.0703  0.000000       0.00000       0.00000         432978.7821    0.000000    -0.00003     0.00000    0.000000000    0.000000354    0.000000176  258.153242  91157.9996
 690.00   15.0000    0.0000   15.0000  265.2094  265.2094  0.000000       0.00000       0.00000         425011.0622    0.000000    -0.00003     0.00000    0.000000000    0.000000332    0.000000154  258.171563  91013.3560
 702.00   15.0000    0.0000   15.0000  265.3461  265.3461  0.000000       0.00000       0.00000         418028.5765    0.000000    -0.00003     0.00000    0.000000000    0.000000313    0.000000134  258.187591  90868.9515
 714.00   15.0000    0.0000   15.0000  265.4808  265.4808  0.000000       0.00000       0.00000         411930.4265    0.000000    -0.00003     0.00000    0.000000000    0.000000296    0.000000118  258.201516  90724.7845
 726.00   15.0000    0.0000   15.0000  265.6138  265.6138  0.000000       0.00000       0.00000         406674.1981    0.000000    -0.00003     0.00000    0.000000000    0.000000281    0.000000103  258.213704  90580.8535
 738.00   15.0000    0.0000   15.0000  265.7452  265.7452  0.000000       0.00000       0.00000         402034.0877    0.000000    -0.00003     0.00000    0.000000000    0.000000269    0.000000090  258.224320  90437.1572
 750.00   15.0000    0.0000   15.0000  265.8752  265.8752  0.000000       0.00000       0.00000         397801.5118    0.000000    -0.00003     0.00000    0.000000000    0.000000257    0.000000078  258.233587  90293.6943
 762.00   15.0000    0.0000   15.0000  266.0040  266.0040  0.000000       0.00000       0.00000         394248.1707    0.000000    -0.00003     0.00000    0.000000000    0.000000247    0.000000068  258.241537  90150.4638
 774.00   15.0000    0.0000   15.0000  266.1319  266.1319  0.000000       0.00000       0.00000         390876.7332    0.000000    -0.00003     0.00000    0.000000000    0.000000238    0.000000059  258.248565  90007.4647
 786.00   15.0000    0.0000   15.0000  266.2586  266.2586  0.000000       0.00000       0.00000         388431.8623    0.000000    -0.00003     0.00000    0.000000000    0.000000231    0.000000052  258.254391  89864.6959
 798.00   15.0000    0.0000   15.0000  266.3850  266.3850  0.000000       0.00000       0.00000         386529.8861    0.000000    -0.00003     0.00000    0.000000000    0.000000226    0.000000046  258.259880  89722.1567
 810.00   15.0000    0.0000   15.0000  266.5106  266.5106  0.000000       0.00000       0.00000         385406.1222    0.000000    -0.00003     0.00000    0.000000000    0.000000223    0.000000043  258.264509  89579.8464
 822.00   15.0000    0.0000   15.0000  266.6364  266.6364  0.000000       0.00000       0.00000         385349.4656    0.000000    -0.00003     0.00000    0.000000000    0.000000223    0.000000043  258.269292  89437.7643
 834.00   15.0000    0.0000   15.0000  266.7621  266.7621  0.000000       0.00000       0.00000         385389.9225    0.000000    -0.00003     0.00000    0.000000000    0.000000224    0.000000043  258.273890  89295.9102
 846.00   15.0000    0.0000   15.0000  266.8880  266.8880  0.000000       0.00000       0.00000         386347.4385    0.000000    -0.00003     0.00000    0.000000000    0.000000227    0.000000046  258.278702  89154.2837
 858.00   15.0000    0.0000   15.0000  267.0144  267.0144  0.000000       0.00000       0.00000         388989.8871    0.000000    -0.00003     0.00000    0.000000000    0.000000236    0.000000054  258.283910  89012.8846
 870.00   15.0000    0.0000   15.0000  267.1422  267.1422  0.000000       0.00000       0.00000         393779.8560    0.000000    -0.00004     0.00000    0.000000000    0.000000250    0.000000068  258.290398  88871.7129
 882.00   15.0000    0.0000   15.0000  267.2719  267.2719  0.000000       0.00000       0.00000         400293.7766    0.000000    -0.00004     0.00000    0.000000000    0.000000270    0.000000087  258.298639  88730.7691
 894.00   15.0000    0.0000   15.0000  267.4040  267.4040  0.000000       0.00000       0.00000         409866.1300    0.000000    -0.00004     0.00000    0.000000000    0.000000300    0.000000116  258.309252  88590.0539
 906.00   15.0000    0.0000   15.0000  267.5401  267.5401  0.000000       0.00000       0.00000         422570.0307    0.000000    -0.00004     0.00000    0.000000000    0.000000339    0.000000154  258.323555  88449.5687
 918.00   15.0000    0.0000   15.0000  267.6807  267.6807  0.000000       0.00000       0.00000         444679.8491    0.000000    -0.00004     0.00000    0.000000000    0.000000407    0.000000219  258.342214  88309.3152
 930.00   15.0000    0.0000   15.0000  267.8314  267.8314  0.000000       0.00000       0.00000         463020.3206    0.000000    -0.00004     0.00000    0.000000000    0.000000464    0.000000275  258.370514  88169.2969
 942.00   15.0000    0.0000   15.0000  267.9842  267.9842  0.000000       0.00000       0.00000         530394.8986    0.000000    -0.00006     0.00000    0.000000000    0.000000671    0.000000477  258.400802  88029.5163
 954.00   15.0000    0.0000   15.0000  268.1793  268.1793  0.000000       0.00000       0.00000         539201.9952    0.000000    -0.00005     0.00000    0.000000000    0.000000702    0.000000507  258.471735  87889.9847
 966.00   15.0000    0.0000   15.0000  268.3381  268.3381  0.000000       0.00000       0.00000         779844.7159    0.000000    -0.00011     0.00000    0.000000000    0.000001455    0.000001234  258.507704  87750.7030
 978.00   15.0000    0.0000   15.0000  268.6914  268.6914  0.000000       0.00000       0.00000         725795.7991    0.000000    -0.00004     0.00000    0.000000000    0.000001294    0.000001093  258.730877  87611.7116
 990.00   15.0000    0.0000   15.0000  268.8154  268.8154  0.000000       0.00000       0.00000        2008878.6756    0.000000    -0.00037     0.00000    0.000000000    0.000005539    0.000005041  258.733140  87473.0009
1002.00   15.0000    0.0000   15.0000  270.0130  270.0130  0.000000       0.00000       0.00000        1930387.4835    0.000000    -0.00002     0.00000    0.000000000    0.000005311    0.000005218  259.768489  87334.7859
1014.00   15.0000    0.0000   15.0000  270.0910  270.0910  0.000000       0.00000       0.00000         236005.2723    0.000000    -0.00002     0.00000    0.000000000   -0.000000244   -0.000000442  259.726419  87197.0537
1026.00   15.0000    0.0000   15.0000  270.1690  270.1690  0.000000       0.00000       0.00000         235937.1356    0.000000    -0.00002     0.00000    0.000000000   -0.000000244   -0.000000441  259.684315  87059.5164
1038.00   15.0000    0.0000   15.0000  270.2470  270.2470  0.000000       0.00000       0.00000         235869.0383    0.000000    -0.00003     0.00000    0.000000000   -0.000000244   -0.000000441  259.642177  86922.1739
1050.00   15.0000    0.0000   15.0000  270.3250  270.3250  0.000000       0.00000       0.00000         235800.9803    0.000000    -0.00003     0.00000    0.000000000   -0.000000244   -0.000000441  259.600006  86785.0257
1062.00   15.0000    0.0000   15.0000  270.4030  270.4030  0.000000       0.00000       0.00000         235732.9615    0.000000    -0.00003     0.00000    0.000000000   -0.000000244   -0.000000440  259.557801  86648.0717
1074.00   15.0000    0.0000   15.0000  270.4810  270.4810  0.000000       0.00000       0.00000         235664.9820    0.000000    -0.00003     0.00000    0.000000000   -0.000000244   -0.000000440  259.515562  86511.3117
1086.00   15.0000    0.0000   15.0000  270.5590  270.5590  0.000000       0.00000       0.00000         235597.0417    0.000000    -0.00003     0.00000    0.000000000   -0.000000244   -0.000000440  259.473289  86374.7452
1098.00   15.0000    0.0000   15.0000  270.6370  270.6370  0.000000       0.00000       0.00000         235529.1405    0.000000    -0.00003     0.00000    0.000000000   -0.000000244   -0.000000439  259.430982  86238.3721
1110.00   15.0000    0.0000   15.0000  270.7150  270.7150  0.000000       0.00000       0.00000         235461.2785    0.000000    -0.00003     0.00000    0.000000000   -0.000000244   -0.000000439  259.388642  86102.1922
1122.00   15.0000    0.0000   15.0000  270.7930  270.7930  0.000000       0.00000       0.00000         235393.4555    0.000000    -0.00003     0.00000    0.000000000   -0.000000244   -0.000000439  259.346268  85966.2051
1134.00   15.0000    0.0000   15.0000  270.8710  270.8710  0.000000       0.00000       0.00000         235325.6716    0.000000    -0.00003     0.00000    0.000000000   -0.000000244   -0.000000438  259.303860  85830.4106
1146.00   15.0000    0.0000   15.0000  270.9490  270.9490  0.000000       0.00000       0.00000         235257.9268    0.000000    -0.00003     0.00000    0.000000000   -0.000000244   -0.000000438  259.261419  85694.8084
1158.00   15.0000    0.0000   15.0000  271.0270  271.0270  0.000000       0.00000       0.00000         235190.2209    0.000000    -0.00003     0.00000    0.000000000   -0.000000244   -0.000000438  259.218944  85559.3983
1170.00   15.0000    0.0000   15.0000  271.1050  271.1050  0.000000       0.00000       0.00000         235122.5540    0.000000    -0.00003     0.00000    0.000000000   -0.000000244   -0.000000437  259.176435  85424.1801
1182.00   15.0000    0.0000   15.0000  271.1830  271.1830  0.000000       0.00000       0.00000         235054.9260    0.000000    -0.00003     0.00000    0.000000000   -0.000000244   -0.000000437  259.133892  85289.1534
1194.00   15.0000    0.0000   15.0000  271.2610  271.2610  0.000000       0.00000       0.00000         234987.3369    0.000000    -0.00003     0.00000    0.000000000   -0.000000244   -0.000000437  259.091316  85154.3180
1206.00   15.0000    0.0000   15.0000  271.3390  271.3390  0.000000       0.00000       0.00000         234919.7867    0.000000    -0.00003     0.00000    0.000000000   -0.000000244   -0.000000436  259.048706  85019.6736
1218.00   15.0000    0.0000   15.0000  271.4170  271.4170  0.000000       0.00000       0.00000         234852.2753    0.000000    -0.00003     0.00000    0.000000000   -0.000000244   -0.000000436  259.006063  84885.2201
1230.00   15.0000    0.0000   15.0000  271.4950  271.4950  0.000000       0.00000       0.00000         234784.8027    0.000000    -0.00003     0.00000    0.000000000   -0.000000244   -0.000000435  258.963385  84750.9570
1242.00   15.0000    0.0000   15.0000  271.5730  271.5730  0.000000       0.00000       0.00000         234717.3688    0.000000    -0.00003     0.00000    0.000000000   -0.000000244   -0.000000435  258.920674  84616.8843
1254.00   15.0000    0.0000   15.0000  271.6510  271.6510  0.000000       0.00000       0.00000         234649.9737    0.000000    -0.00003     0.00000    0.000000000   -0.000000244   -0.000000435  258.877930  84483.0016
1266.00   15.0000    0.0000   15.0000  271.7290  271.7290  0.000000       0.00000       0.00000         234582.6172    0.000000    -0.00003     0.00000    0.000000000   -0.000000244   -0.000000434  258.835152  84349.3086
1278.00   15.0000    0.0000   15.0000  271.8070  271.8070  0.000000       0.00000       0.00000         234515.2995    0.000000    -0.00003     0.00000    0.000000000   -0.000000244   -0.000000434  258.792340  84215.8052
1290.00   15.0000    0.0000   15.0000  271.8850  271.8850  0.000000       0.00000       0.00000         234448.0203    0.000000    -0.00003     0.00000    0.000000000   -0.000000244   -0.000000434  258.749495  84082.4910
1302.00   15.0000    0.0000   15.0000  271.9630  271.9630  0.000000       0.00000       0.00000         234380.7797    0.000000    -0.00003     0.00000    0.000000000   -0.000000244   -0.000000433  258.706616  83949.3659
1314.00   15.0000    0.0000   15.0000  272.0410  272.0410  0.000000       0.00000       0.00000         234313.5777    0.000000    -0.00003     0.00000    0.000000000   -0.000000244   -0.000000433  258.663703  83816.4294
1326.00   15.0000    0.0000   15.0000  272.1190  272.1190  0.000000       0.00000       0.00000         234246.4143    0.000000    -0.00003     0.00000    0.000000000   -0.000000244   -0.000000433  258.620757  83683.6815
1338.00   15.0000    0.0000   15.0000  272.1970  272.1970  0.000000       0.00000       0.00000         234179.2893    0.000000    -0.00003     0.00000    0.000000000   -0.000000244   -0.000000432  258.577778  83551.1218
1350.00   15.0000    0.0000   15.0000  272.2750  272.2750  0.000000       0.00000       0.00000         234112.2027    0.000000    -0.00003     0.00000    0.000000000   -0.000000244   -0.000000432  258.534764  83418.7501
1362.00   15.0000    0.0000   15.0000  272.3530  272.3530  0.000000       0.00000       0.00000         234045.1546    0.000000    -0.00003     0.00000    0.000000000   -0.000000244   -0.000000431  258.491718  83286.5662
1374.00   15.0000    0.0000   15.0000  272.4310  272.4310  0.000000       0.00000       0.00000         233978.1449    0.000000    -0.00003     0.00000    0.000000000   -0.000000244   -0.000000431  258.448637  83154.5697
1386.00   15.0000    0.0000   15.0000  272.5090  272.5090  0.000000       0.00000       0.00000         233911.1736    0.000000    -0.00003     0.00000    0.000000000   -0.000000244   -0.000000431  258.405524  83022.7605
1398.00   15.0000    0.0000   15.0000  272.5870  272.5870  0.000000       0.00000       0.00000         233844.2406    0.000000    -0.00003     0.00000    0.000000000   -0.000000244   -0.000000430  258.362376  82891.1382
1410.00   15.0000    0.0000   15.0000  272.6650  272.6650  0.000000       0.00000       0.00000         233777.3458    0.000000    -0.00003     0.00000    0.000000000   -0.000000244   -0.000000430  258.319195  82759.7027
1422.00   15.0000    0.0000   15.0000  272.7430  272.7430  0.000000       0.00000       0.00000         233710.4894    0.000000    -0.00003     0.00000    0.000000000   -0.000000244   -0.000000430  258.275981  82628.4537
1434.00   15.0000    0.0000   15.0000  272.8210  272.8210  0.000000       0.00000       0.00000         233643.6711    0.000000    -0.00003     0.00000    0.000000000   -0.000000244   -0.000000429  258.232733  82497.3909
1446.00   15.0000    0.0000   15.0000  272.8990  272.8990  0.000000       0.00000       0.00000         233576.8911    0.000000    -0.00004     0.00000    0.000000000   -0.000000244   -0.000000429  258.189452  82366.5140
1458.00   15.0000    0.0000   15.0000  272.9770  272.9770  0.000000       0.00000       0.00000         233510.1492    0.000000    -0.00004     0.00000    0.000000000   -0.000000244   -0.000000428  258.146137  82235.8229
1470.00   15.0000    0.0000   15.0000  273.0550  273.0550  0.000000       0.00000       0.00000         233443.4455    0.000000    -0.00004     0.00000    0.000000000   -0.000000244   -0.000000428  258.102789  82105.3173
1482.00   15.0000    0.0000   15.0000  273.1330  273.1330  0.000000       0.00000       0.00000         233376.7798    0.000000    -0.00004     0.00000    0.000000000   -0.000000244   -0.000000428  258.059407  81974.9969
1494.00   15.0000    0.0000   15.0000  273.2110  273.2110  0.000000       0.00000       0.00000         233310.1522    0.000000    -0.00004     0.00000    0.000000000   -0.000000244   -0.000000427  258.015992  81844.8615
1506.00   15.0000    0.0000   15.0000  273.2890  273.2890  0.000000       0.00000       0.00000         233243.5627    0.000000    -0.00004     0.00000    0.000000000   -0.000000244   -0.000000427  257.972544  81714.9109
1518.00   15.0000    0.0000   15.0000  273.3670  273.3670  0.000000       0.00000       0.00000         233177.0111    0.000000    -0.00004     0.00000    0.000000000   -0.000000244   -0.000000427  257.929062  81585.1447
1530.00   15.0000    0.0000   15.0000  273.4450  273.4450  0.000000       0.00000       0.00000         233110.4975    0.000000    -0.00004     0.00000    0.000000000   -0.000000244   -0.000000426  257.885547  81455.5627
1542.00   15.0000    0.0000   15.0000  273.5230  273.5230  0.000000       0.00000       0.00000         233044.0219    0.000000    -0.00004     0.00000    0.000000000   -0.000000244   -0.000000426  257.841998  81326.1648
1554.00   15.0000    0.0000   15.0000  273.6010  273.6010  0.000000       0.00000       0.00000         232977.5841    0.000000    -0.00004     0.00000    0.000000000   -0.000000244   -0.000000425  257.798416  81196.9506
1566.00   15.0000    0.0000   15.0000  273.6790  273.6790  0.000000       0.00000       0.00000         232911.1843    0.000000    -0.00004     0.00000    0.000000000   -0.000000244   -0.000000425  257.754800  81067.9199
1578.00   15.0000    0.0000   15.0000  273.7570  273.7570  0.000000       0.00000       0.00000         232844.8222    0.000000    -0.00004     0.00000    0.000000000   -0.000000244   -0.000000425  257.711151  80939.0724
1590.00   15.0000    0.0000   15.0000  273.8350  273.8350  0.000000       0.00000       0.00000         232778.4980    0.000000    -0.00004     0.00000    0.000000000   -0.000000244   -0.000000424  257.667469  80810.4080
1602.00   15.0000    0.0000   15.0000  273.9130  273.9130  0.000000       0.00000       0.00000         232712.2115    0.000000    -0.00004     0.00000    0.000000000   -0.000000244   -0.000000424  257.623753  80681.9263
1614.00   15.0000    0.0000   15.0000  273.9910  273.9910  0.000000       0.00000       0.00000         232645.9628    0.000000    -0.00004     0.00000    0.000000000   -0.000000244   -0.000000423  257.580004  80553.6271
1626.00   15.0000    0.0000   15.0000  274.0690  274.0690  0.000000       0.00000       0.00000         232579.7518    0.000000    -0.00004     0.00000    0.000000000   -0.000000244   -0.000000423  257.536222  80425.5102
1638.00   15.0000    0.0000   15.0000  274.1470  274.1470  0.000000       0.00000       0.00000         232513.5785    0.000000    -0.00004     0.00000    0.000000000   -0.000000244   -0.000000422  257.492406  80297.5753
1650.00   15.0000    0.0000   15.0000  274.2250  274.2250  0.000000       0.00000       0.00000         232447.4428    0.000000    -0.00004     0.00000    0.000000000   -0.000000244   -0.000000422  257.448558  80169.8222
1662.00   15.0000    0.0000   15.0000  274.3030  274.3030  0.000000       0.00000       0.00000         232381.3447    0.000000    -0.00004     0.00000    0.000000000   -0.000000244   -0.000000422  257.404675  80042.2507
1674.00   15.0000    0.0000   15.0000  274.3810  274.3810  0.000000       0.00000       0.00000         232315.2842    0.000000    -0.00004     0.00000    0.000000000   -0.000000244   -0.000000421  257.360760  79914.8604
1686.00   15.0000    0.0000   15.0000  274.4590  274.4590  0.000000       0.00000       0.00000         232249.2613    0.000000    -0.00004     0.00000    0.000000000   -0.000000244   -0.000000421  257.316811  79787.6512
1698.00   15.0000    0.0000   15.0000  274.5370  274.5370  0.000000       0.00000       0.00000         232183.2758    0.000000    -0.00004     0.00000    0.000000000   -0.000000243   -0.000000420  257.272829  79660.6228
1710.00   15.0000    0.0000   15.0000  274.6150  274.6150  0.000000       0.00000       0.00000         232117.3279    0.000000    -0.00004     0.00000    0.000000000   -0.000000243   -0.000000420  257.228813  79533.7749
1722.00   15.0000    0.0000   15.0000  274.6930  274.6930  0.000000       0.00000       0.00000         232051.4174    0.000000    -0.00004     0.00000    0.000000000   -0.000000243   -0.000000420  257.184765  79407.1074
1734.00   15.0000    0.0000   15.0000  274.7710  274.7710  0.000000       0.00000       0.00000         231985.5443    0.000000    -0.00004     0.00000    0.000000000   -0.000000243   -0.000000419  257.140683  79280.6200
1746.00   15.0000    0.0000   15.0000  274.8490  274.8490  0.000000       0.00000       0.00000         231919.7086    0.000000    -0.00004     0.00000    0.000000000   -0.000000243   -0.000000419  257.096568  79154.3124
1758.00   15.0000    0.0000   15.0000  274.9270  274.9270  0.000000       0.00000       0.00000         231853.9103    0.000000    -0.00004     0.00000    0.000000000   -0.000000243   -0.000000418  257.052419  79028.1844
1770.00   15.0000    0.0000   15.0000  275.0050  275.0050  0.000000       0.00000       0.00000         231788.1493    0.000000    -0.00004     0.00000    0.000000000   -0.000000243   -0.000000418  257.008238  78902.2357
1782.00   15.0000    0.0000   15.0000  275.0830  275.0830  0.000000       0.00000       0.00000         231722.4256    0.000000    -0.00004     0.00000    0.000000000   -0.000000243   -0.000000417  256.964023  78776.4662
1794.00   15.0000    0.0000   15.0000  275.1610  275.1610  0.000000       0.00000       0.00000         231656.7391    0.000000    -0.00004     0.00000    0.000000000   -0.000000243   -0.000000417  256.919775  78650.8755
1806.00   15.0000    0.0000   15.0000  275.2390  275.2390  0.000000       0.00000       0.00000         231591.0899    0.000000    -0.00004     0.00000    0.000000000   -0.000000243   -0.000000417  256.875494  78525.4635
1818.00   15.0000    0.0000   15.0000  275.3170  275.3170  0.000000       0.00000       0.00000         231525.4779    0.000000    -0.00004     0.00000    0.000000000   -0.000000243   -0.000000416  256.831180  78400.2299
1830.00   15.0000    0.0000   15.0000  275.3950  275.3950  0.000000       0.00000       0.00000         231459.9030    0.000000    -0.00004     0.00000    0.000000000   -0.000000243   -0.000000416  256.786832  78275.1744
1842.00   15.0000    0.0000   15.0000  275.4730  275.4730  0.000000       0.00000       0.00000         231394.3653    0.000000    -0.00004     0.00000    0.000000000   -0.000000243   -0.000000415  256.742451  78150.2969
1854.00   15.0000    0.0000   15.0000  275.5510  275.5510  0.000000       0.00000       0.00000         231328.8647    0.000000    -0.00005     0.00000    0.000000000   -0.000000243   -0.000000415  256.698037  78025.5970
1866.00   15.0000    0.0000   15.0000  275.6290  275.6290  0.000000       0.00000       0.00000         231263.4012    0.000000    -0.00005     0.00000    0.000000000   -0.000000243   -0.000000414  256.653590  77901.0746
1878.00   15.0000    0.0000   15.0000  275.7070  275.7070  0.000000       0.00000       0.00000         231197.9747    0.000000    -0.00005     0.00000    0.000000000   -0.000000243   -0.000000414  256.609110  77776.7294
1890.00   15.0000    0.0000   15.0000  275.7850  275.7850  0.000000       0.00000       0.00000         231132.5852    0.000000    -0.00005     0.00000    0.000000000   -0.000000243   -0.000000414  256.564597  77652.5612
1902.00   15.0000    0.0000   15.0000  275.8630  275.8630  0.000000       0.00000       0.00000         231067.2326    0.000000    -0.00005     0.00000    0.000000000   -0.000000243   -0.000000413  256.520051  77528.5697
1914.00   15.0000    0.0000   15.0000  275.9410  275.9410  0.000000       0.00000       0.00000         231001.9171    0.000000    -0.00005     0.00000    0.000000000   -0.000000242   -0.000000413  256.475471  77404.7546
1926.00   15.0000    0.0000   15.0000  276.0190  276.0190  0.000000       0.00000       0.00000         230936.6384    0.000000    -0.00005     0.00000    0.000000000   -0.000000242   -0.000000412  256.430859  77281.1159
1938.00   15.0000    0.0000   15.0000  276.0970  276.0970  0.000000       0.00000       0.00000         230871.3966    0.000000    -0.00005     0.00000    0.000000000   -0.000000242   -0.000000412  256.386213  77157.6531
1950.00   15.0000    0.0000   15.0000  276.1750  276.1750  0.000000       0.00000       0.00000         230806.1917    0.000000    -0.00005     0.00000    0.000000000   -0.000000242   -0.000000411  256.341534  77034.3662
1962.00   15.0000    0.0000   15.0000  276.2530  276.2530  0.000000       0.00000       0.00000         230741.0236    0.000000    -0.00005     0.00000    0.000000000   -0.000000242   -0.000000411  256.296822  76911.2548
1974.00   15.0000    0.0000   15.0000  276.3310  276.3310  0.000000       0.00000       0.00000         230675.8923    0.000000    -0.00005     0.00000    0.000000000   -0.000000242   -0.000000411  256.252077  76788.3187
1986.00   15.0000    0.0000   15.0000  276.4090  276.4090  0.000000       0.00000       0.00000         230610.7978    0.000000    -0.00005     0.00000    0.000000000   -0.000000242   -0.000000410  256.207300  76665.5576
1998.00   15.0000    0.0000   15.0000  276.4870  276.4870  0.000000       0.00000       0.00000         230545.7399    0.000000    -0.00005     0.00000    0.000000000   -0.000000242   -0.000000410  256.162489  76542.9715
2010.00   15.0000    0.0000   15.0000  276.5650  276.5650  0.000000       0.00000       0.00000         230480.7188    0.000000    -0.00005     0.00000    0.000000000   -0.000000242   -0.000000409  256.117645  76420.5599
2022.00   15.0000    0.0000   15.0000  276.6430  276.6430  0.000000       0.00000       0.00000         230415.7344    0.000000    -0.00005     0.00000    0.000000000   -0.000000242   -0.000000409  256.072767  76298.3227
2034.00   15.0000    0.0000   15.0000  276.7210  276.7210  0.000000       0.00000       0.00000         230350.7865    0.000000    -0.00005     0.00000    0.000000000   -0.000000242   -0.000000408  256.027857  76176.2596
2046.00   15.0000    0.0000   15.0000  276.7990  276.7990  0.000000       0.00000       0.00000         230285.8753    0.000000    -0.00005     0.00000    0.000000000   -0.000000242   -0.000000408  255.982914  76054.3705
2058.00   15.0000    0.0000   15.0000  276.8770  276.8770  0.000000       0.00000       0.00000         230221.0007    0.000000    -0.00005     0.00000    0.000000000   -0.000000241   -0.000000407  255.937938  75932.6550
2070.00   15.0000    0.0000   15.0000  276.9550  276.9550  0.000000       0.00000       0.00000         230156.1626    0.000000    -0.00005     0.00000    0.000000000   -0.000000241   -0.000000407  255.892929  75811.1130
2082.00   15.0000    0.0000   15.0000  277.0330  277.0330  0.000000       0.00000       0.00000         230091.3610    0.000000    -0.00005     0.00000    0.000000000   -0.000000241   -0.000000406  255.847887  75689.7442
2094.00   15.0000    0.0000   15.0000  277.1110  277.1110  0.000000       0.00000       0.00000         230026.5958    0.000000    -0.00005     0.00000    0.000000000   -0.000000241   -0.000000406  255.802812  75568.5484
2106.00   15.0000    0.0000   15.0000  277.1890  277.1890  0.000000       0.00000       0.00000         229961.8672    0.000000    -0.00005     0.00000    0.000000000   -0.000000241   -0.000000406  255.757704  75447.5253
2118.00   15.0000    0.0000   15.0000  277.2670  277.2670  0.000000       0.00000       0.00000         229897.1749    0.000000    -0.00005     0.00000    0.000000000   -0.000000241   -0.000000405  255.712563  75326.6747
2130.00   15.0000    0.0000   15.0000  277.3450  277.3450  0.000000       0.00000       0.00000         229832.5191    0.000000    -0.00005     0.00000    0.000000000   -0.000000241   -0.000000405  255.667390  75205.9964
2142.00   15.0000    0.0000   15.0000  277.4230  277.4230  0.000000       0.00000       0.00000         229767.8996    0.000000    -0.00005     0.00000    0.000000000   -0.000000241   -0.000000404  255.622183  75085.4902
2154.00   15.0000    0.0000   15.0000  277.5010  277.5010  0.000000       0.00000       0.00000         229703.3164    0.000000    -0.00005     0.00000    0.000000000   -0.000000241   -0.000000404  255.576943  74965.1558
2166.00   15.0000    0.0000   15.0000  277.5790  277.5790  0.000000       0.00000       0.00000         229638.7695    0.000000    -0.00005     0.00000    0.000000000   -0.000000241   -0.000000403  255.531671  74844.9930
2178.00   15.0000    0.0000   15.0000  277.6570  277.6570  0.000000       0.00000       0.00000         229574.2589    0.000000    -0.00005     0.00000    0.000000000   -0.000000241   -0.000000403  255.486365  74725.0015
2190.00   15.0000    0.0000   15.0000  277.7350  277.7350  0.000000       0.00000       0.00000         229509.7845    0.000000    -0.00005     0.00000    0.000000000   -0.000000240   -0.000000402  255.441027  74605.1812
2202.00   15.0000    0.0000   15.0000  277.8130  277.8130  0.000000       0.00000       0.00000         229445.3463    0.000000    -0.00005     0.00000    0.000000000   -0.000000240   -0.000000402  255.395655  74485.5318
2214.00   15.0000    0.0000   15.0000  277.8910  277.8910  0.000000       0.00000       0.00000         229380.9443    0.000000    -0.00005     0.00000    0.000000000   -0.000000240   -0.000000401  255.350251  74366.0530
2226.00   15.0000    0.0000   15.0000  277.9690  277.9690  0.000000       0.00000       0.00000         229316.5785    0.000000    -0.00005     0.00000    0.000000000   -0.000000240   -0.000000401  255.304814  74246.7447
2238.00   15.0000    0.0000   15.0000  278.0470  278.0470  0.000000       0.00000       0.00000         229252.2487    0.000000    -0.00005     0.00000    0.000000000   -0.000000240   -0.000000400  255.259344  74127.6066
2250.00   15.0000    0.0000   15.0000  278.1250  278.1250  0.000000       0.00000       0.00000         229187.9551    0.000000    -0.00005     0.00000    0.000000000   -0.000000240   -0.000000400  255.213842  74008.6386
2262.00   15.0000    0.0000   15.0000  278.2030  278.2030  0.000000       0.00000       0.00000         229123.6974    0.000000    -0.00006     0.00000    0.000000000   -0.000000240   -0.000000399  255.168306  73889.8402
2274.00   15.0000    0.0000   15.0000  278.2810  278.2810  0.000000       0.00000       0.00000         229059.4759    0.000000    -0.00006     0.00000    0.000000000   -0.000000240   -0.000000399  255.122738  73771.2115
2286.00   15.0000    0.0000   15.0000  278.3590  278.3590  0.000000       0.00000       0.00000         228995.2903    0.000000    -0.00006     0.00000    0.000000000   -0.000000240   -0.000000398  255.077136  73652.7520
2298.00   15.0000    0.0000   15.0000  278.4370  278.4370  0.000000       0.00000       0.00000         228931.1406    0.000000    -0.00006     0.00000    0.000000000   -0.000000239   -0.000000398  255.031502  73534.4616
2310.00   15.0000    0.0000   15.0000  278.5150  278.5150  0.000000       0.00000       0.00000         228867.0269    0.000000    -0.00006     0.00000    0.000000000   -0.000000239   -0.000000397  254.985835  73416.3401
2322.00   15.0000    0.0000   15.0000  278.5930  278.5930  0.000000       0.00000       0.00000         228802.9491    0.000000    -0.00006     0.00000    0.000000000   -0.000000239   -0.000000397  254.940136  73298.3871
2334.00   15.0000    0.0000   15.0000  278.6710  278.6710  0.000000       0.00000       0.00000         228738.9072    0.000000    -0.00006     0.00000    0.000000000   -0.000000239   -0.000000396  254.894403  73180.6026
2346.00   15.0000    0.0000   15.0000  278.7490  278.7490  0.000000       0.00000       0.00000         228674.9011    0.000000    -0.00006     0.00000    0.000000000   -0.000000239   -0.000000396  254.848638  73062.9863
2358.00   15.0000    0.0000   15.0000  278.8270  278.8270  0.000000       0.00000       0.00000         228610.9308    0.000000    -0.00006     0.00000    0.000000000   -0.000000239   -0.000000396  254.802840  72945.5379
2370.00   15.0000    0.0000   15.0000  278.9050  278.9050  0.000000       0.00000       0.00000         228546.9963    0.000000    -0.00006     0.00000    0.000000000   -0.000000239   -0.000000395  254.757010  72828.2573
2382.00   15.0000    0.0000   15.0000  278.9830  278.9830  0.000000       0.00000       0.00000              0.0000    0.000000    -0.00006     0.00000    0.000000000    0.000000000    0.000000000  254.711146  72711.1442
2394.00   15.0000    0.0000   15.0000  279.0610  279.0610  0.000000       0.00000       0.00000              0.0000    0.000000     0.00000     0.00000    0.000000000    0.000000000    0.000000000  254.665250  72594.1983
