   0.00    0.0000    0.0000    0.0000  248.6347  248.6347  0.000000       0.00000       0.00000              0.0000    0.000000     0.00000     0.00000    0.000000000    0.000000000    0.000000000    0.000000      0.0000
   6.00    7.2570    3.5700    8.0876  251.0073  251.0073  0.000000       0.60185       0.60185              0.0000    0.000000     0.00000     0.00000   -0.000065888    0.000000000    0.000000000  250.919576  99877.6125
  18.00    8.4547    4.0435    9.3718  251.2759  251.2759  0.000000       1.56584       1.56584              0.0933    0.000000    -0.00000     0.00000   -0.000072422    0.000000000    0.000000000  251.041657  99673.8395
  30.00    9.2755    4.2977   10.2228  251.4660  251.4660  0.000000       1.38820       1.38820              0.1282    0.000000    -0.00000     0.00000   -0.000084310    0.000000437    0.000000338  251.114436  99511.2247
  42.00   10.0580    4.4754   11.0088  251.6536  251.6536  0.000000       1.47643       1.47643              0.1473    0.000000    -0.00000     0.00000   -0.000088503    0.000000412    0.000000313  251.184572  99348.9213
  54.00   10.7741    4.5799   11.7071  251.8323  251.8323  0.000000       1.38705       1.38705              0.1683    0.000000    -0.00000     0.00000   -0.000091466    0.000000396    0.000000296  251.245811  99186.9249
  66.00   11.4614    4.6239   12.3590  252.0122  252.0122  0.000000       1.30977       1.30977              0.1867    0.000000    -0.00000     0.00000   -0.000093951    0.000000408    0.000000308  251.308238  99025.2325
  78.00   12.1208    4.6105   12.9681  252.1949  252.1949  0.000000       1.19871       1.19871              0.2053    0.000000    -0.00000     0.00000   -0.000096194    0.000000433    0.000000330  251.373300  98863.8446
  90.00   12.7582    4.5408   13.5421  252.3837  252.3837  0.000000       1.08296       1.08296              0.2239    0.000000    -0.00001     0.00000   -0.000098361    0.000000471    0.000000367  251.444275  98702.7633
 102.00   13.3728    4.4148   14.0827  252.5805  252.5805  0.000000       0.96087       0.96087              0.2434    0.000000    -0.00001     0.00000   -0.000100544    0.000000521    0.000000415  251.523232  98541.9923
 114.00   13.9630    4.2311   14.5900  252.7879  252.7879  0.000000       0.83897       0.83897              0.2641    0.000000    -0.00001     0.00000   -0.000102796    0.000000586    0.000000477  251.612645  98381.5368
 126.00   14.5247    3.9881   15.0622  253.0085  253.0085  0.000000       0.71920       0.71920              0.2866    0.000000    -0.00001     0.00000   -0.000105189    0.000000667    0.000000555  251.715069  98221.4036
 138.00   15.0516    3.6836   15.4958  253.2454  253.2454  0.000000       0.60402       0.60402              0.3116    0.000000    -0.00001     0.00000   -0.000107820    0.000000769    0.000000653  251.833577  98061.6011
 150.00   15.5349    3.3156   15.8848  253.5023  253.5023  0.000000       0.49497       0.49497              0.3401    0.000000    -0.00001     0.00000   -0.000110755    0.000000897    0.000000776  251.971932  97902.1399
 162.00   15.9625    2.8826   16.2207  253.7843  253.7843  0.000000       0.39343       0.39343              0.3733    0.000000    -0.00002     0.00000   -0.000114095    0.000001061    0.000000933  252.135015  97743.0332
 174.00   16.3177    2.3847   16.4910  254.0979  254.0979  0.000000       0.30050       0.30050              0.4135    0.000000    -0.00002     0.00000   -0.000117870    0.000001276    0.000001141  252.329411  97584.2974
 186.00   16.5774    1.8249   16.6775  254.4526  254.4526  0.000000       0.21728       0.21728              0.4641    0.000000    -0.00002     0.00000   -0.000122117    0.000001569    0.000001423  252.564486  97425.9541
 198.00   16.7085    1.2135   16.7525  254.8627  254.8627  0.000000       0.14480       0.14480              0.5316    0.000000    -0.00003     0.00000   -0.000126600    0.000001988    0.000001826  252.854374  97268.0318
 210.00   16.6630    0.5785   16.6730  255.3511  255.3511  0.000000       0.08460       0.08460              0.6297    0.000000    -0.00003     0.00000   -0.000130324    0.000002629    0.000002441  253.221699  97110.5700
 222.00   16.3732   -0.0076   16.3732  255.9582  255.9582  0.000000       0.03811       0.03811              0.7946    0.000000     0.00000     0.00000   -0.000128186    0.000003644    0.000003414  253.706546  96953.6270
 234.00   15.7931   -0.3457   15.7969  256.7430  256.7430  0.000000       0.00978       0.00978              1.1422    0.000000    -0.00008     0.00000   -0.000093599    0.000005245    0.000004946  254.367155  96797.2905
 246.00   15.1758   -0.1818   15.1768  257.7826  257.7826  0.000000       0.00044       0.00044              2.3611    0.000000    -0.00007     0.00000   -0.000035533    0.000005893    0.000005656  255.279691  96641.6873
 258.00   15.0014   -0.0021   15.0014  258.6693  258.6693  0.000000       0.00000       0.00000             18.0926    0.000000    -0.00003     0.00000   -0.000001363    0.000003830    0.000003677  256.040517  96486.8423
 270.00   15.0000   -0.0000   15.0000  259.0539  259.0539  0.000000       0.00000       0.00000          98548.1403    0.000000    -0.00003     0.00000   -0.000000000    0.000002046    0.000001862  256.303970  96332.5547
 282.00   15.0000   -0.0000   15.0000  259.4190  259.4190  0.000000       0.00000       0.00000        1110117.8994    0.000000    -0.00003     0.00000    0.000000000    0.000001916    0.000001733  256.548097  96178.6662
 294.00   15.0000   -0.0000   15.0000  259.7587  259.7587  0.000000       0.00000       0.00000        1054295.5342    0.000000    -0.00003     0.00000    0.000000000    0.000001818    0.000001633  256.766785  96025.1619
 306.00   15.0000   -0.0000   15.0000  260.0893  260.0893  0.000000       0.00000       0.00000        1029298.7152    0.000000    -0.00003     0.00000    0.000000000    0.000001789    0.000001603  256.976424  95872.0303
 318.00   15.0000   -0.0000   15.0000  260.4138  260.4138  0.000000       0.00000       0.00000        1011427.3019    0.000000    -0.00003     0.00000    0.000000000    0.000001777    0.000001589  257.179932  95719.2656
 330.00   15.0000    0.0000   15.0000  260.7339  260.7339  0.000000       0.00000       0.00000         996688.9019    0.000000    -0.00003     0.00000    0.000000000    0.000001770    0.000001580  257.378834  95566.8636
 342.00   15.0000    0.0000   15.0000  261.0498  261.0498  0.000000       0.00000       0.00000         982182.7439    0.000000    -0.00003     0.00000    0.000000000    0.000001763    0.000001571  257.573551  95414.8204
 354.00   15.0000    0.0000   15.0000  261.3614  261.3614  0.000000       0.00000       0.00000         965116.8730    0.000000    -0.00003     0.00000    0.000000000    0.000001748    0.000001553  257.763784  95263.1324
 366.00   15.0000    0.0000   15.0000  261.6671  261.6671  0.000000       0.00000       0.00000         945412.0552    0.000000    -0.00003     0.00000    0.000000000    0.000001723    0.000001527  257.948192  95111.7955
 378.00   15.0000    0.0000   15.0000  261.9668  261.9668  0.000000       0.00000       0.00000         910692.9633    0.000000    -0.00003     0.00000    0.000000000    0.000001654    0.000001458  258.126422  94960.8051
 390.00   15.0000    0.0000   15.0000  262.2510  262.2510  0.000000       0.00000       0.00000         881550.0272    0.000000    -0.00003     0.00000    0.000000000    0.000001598    0.000001400  258.289312  94810.1540
 402.00   15.0000    0.0000   15.0000  262.5326  262.5326  0.000000       0.00000       0.00000         788050.7292    0.000000    -0.00003     0.00000    0.000000000    0.000001354    0.000001161  258.449480  94659.8357
 414.00   15.0000    0.0000   15.0000  262.7573  262.7573  0.000000       0.00000       0.00000         708421.5389    0.000000    -0.00003     0.00000    0.000000000    0.000001142    0.000000949  258.553588  94509.8325
 426.00   15.0000    0.0000   15.0000  262.9881  262.9881  0.000000       0.00000       0.00000         690177.1102    0.000000    -0.00003     0.00000    0.000000000    0.000001101    0.000000908  258.663556  94360.1289
 438.00   15.0000    0.0000   15.0000  263.2015  263.2015  0.000000       0.00000       0.00000         657711.4503    0.000000    -0.00003     0.00000    0.000000000    0.000001017    0.000000824  258.756311  94210.7210
 450.00   15.0000    0.0000   15.0000  263.4118  263.4118  0.000000       0.00000       0.00000         644288.9783    0.000000    -0.00003     0.00000    0.000000000    0.000000986    0.000000792  258.845874  94061.6022
 462.00   15.0000    0.0000   15.0000  263.6169  263.6169  0.000000       0.00000       0.00000         630881.8963    0.000000    -0.00003     0.00000    0.000000000    0.000000955    0.000000760  258.930270  93912.7693
 474.00   15.0000    0.0000   15.0000  263.8188  263.8188  0.000000       0.00000       0.00000         621150.9372    0.000000    -0.00003     0.00000    0.000000000    0.000000934    0.000000738  259.011469  93764.2195
 486.00   15.0000    0.0000   15.0000  264.0179  264.0179  0.000000       0.00000       0.00000         612724.1085    0.000000    -0.00003     0.00000    0.000000000    0.000000916    0.000000719  259.089823  93615.9502
 498.00   15.0000    0.0000   15.0000  264.2147  264.2147  0.000000       0.00000       0.00000         605196.8418    0.000000    -0.00003     0.00000    0.000000000    0.000000900    0.000000703  259.165798  93467.9594
 510.00   15.0000    0.0000   15.0000  264.4093  264.4093  0.000000       0.00000       0.00000         598091.2776    0.000000    -0.00003     0.00000    0.000000000    0.000000886    0.000000687  259.239491  93320.2453
 522.00   15.0000    0.0000   15.0000  264.6017  264.6017  0.000000       0.00000       0.00000         591133.1226    0.000000    -0.00003     0.00000    0.000000000    0.000000871    0.000000671  259.311066  93172.8058
 534.00   15.0000    0.0000   15.0000  264.7921  264.7921  0.000000       0.00000       0.00000         583889.2612    0.000000    -0.00003     0.00000    0.000000000    0.000000855    0.000000654  259.380449  93025.6393
 546.00   15.0000    0.0000   15.0000  264.9801  264.9801  0.000000       0.00000       0.00000         575063.9584    0.000000    -0.00003     0.00000    0.000000000    0.000000833    0.000000632  259.447526  92878.7438
 558.00   15.0000    0.0000   15.0000  265.1650  265.1650  0.000000       0.00000       0.00000         565704.3207    0.000000    -0.00003     0.00000    0.000000000    0.000000810    0.000000607  259.511401  92732.1173
 570.00   15.0000    0.0000   15.0000  265.3472  265.3472  0.000000       0.00000       0.00000         548749.9696    0.000000    -0.00003     0.00000    0.000000000    0.000000761    0.000000559  259.572624  92585.7575
 582.00   15.0000    0.0000   15.0000  265.5213  265.5213  0.000000       0.00000       0.00000         533605.1809    0.000000    -0.00003     0.00000    0.000000000    0.000000718    0.000000515  259.625814  92439.6609
 594.00   15.0000    0.0000   15.0000  265.6940  265.6940  0.000000       0.00000       0.00000         498619.8252    0.000000    -0.00003     0.00000    0.000000000    0.000000610    0.000000408  259.677485  92293.8242
 606.00   15.0000    0.0000   15.0000  265.8456  265.8456  0.000000       0.00000       0.00000         445176.9200    0.000000    -0.00003     0.00000    0.000000000    0.000000441    0.000000242  259.708513  92148.2408
 618.00   15.0000    0.0000   15.0000  265.9836  265.9836  0.000000       0.00000       0.00000         414977.5745    0.000000    -0.00003     0.00000    0.000000000    0.000000345    0.000000147  259.726251  92002.9007
 630.00   15.0000    0.0000   15.0000  266.1157  266.1157  0.000000       0.00000       0.00000         396840.8111    0.000000    -0.00002     0.00000    0.000000000    0.000000288    0.000000090  259.738101  91857.7981
 642.00   15.0000    0.0000   15.0000  266.2421  266.2421  0.000000       0.00000       0.00000         382965.3001    0.000000    -0.00002     0.00000    0.000000000    0.000000244    0.000000046  259.744323  91712.9293
 654.00   15.0000    0.0000   15.0000  266.3652  266.3652  0.000000       0.00000       0.00000         374205.5500    0.000000    -0.00002     0.00000    0.000000000    0.000000216    0.000000018  259.747358  91568.2917
 666.00   15.0000    0.0000   15.0000  266.4860  266.4860  0.000000       0.00000       0.00000         367492.7289    0.000000    -0.00002     0.00000    0.000000000    0.000000194   -0.000000003  259.748014  91423.8831
 678.00   15.0000    0.0000   15.0000  266.6049  266.6049  0.000000       0.00000       0.00000         362183.3595    0.000000    -0.00002     0.00000    0.000000000    0.000000177   -0.000000020  259.746782  91279.7021
 690.00   15.0000    0.0000   15.0000  266.7223  266.7223  0.000000       0.00000       0.00000         357993.1858    0.000000    -0.00002     0.00000    0.000000000    0.000000164   -0.000000033  259.744062  91135.7474
 702.00   15.0000    0.0000   15.0000  266.8386  266.8386  0.000000       0.00000       0.00000         354465.1105    0.000000    -0.00003     0.00000    0.000000000    0.000000153   -0.000000045  259.740164  90992.0179
 714.00   15.0000    0.0000   15.0000  266.9538  266.9538  0.000000       0.00000       0.00000         351438.1969    0.000000    -0.00003     0.00000    0.000000000    0.000000143   -0.000000054  259.735198  90848.5127
 726.00   15.0000    0.0000   15.0000  267.0682  267.0682  0.000000       0.00000       0.00000         348849.2831    0.000000    -0.00003     0.00000    0.000000000    0.000000134   -0.000000063  259.729371  90705.2308
 738.00   15.0000    0.0000   15.0000  267.1818  267.1818  0.000000       0.00000       0.00000         346482.1538    0.000000    -0.00003     0.00000    0.000000000    0.000000127   -0.000000070  259.722754  90562.1714
 750.00   15.0000    0.0000   15.0000  267.2948  267.2948  0.000000       0.00000       0.00000         344222.3432    0.000000    -0.00003     0.00000    0.000000000    0.000000120   -0.000000078  259.715418  90419.3338
 762.00   15.0000    0.0000   15.0000  267.4070  267.4070  0.000000       0.00000       0.00000         342153.8327    0.000000    -0.00003     0.00000    0.000000000    0.000000113   -0.000000085  259.707358  90276.7173
 774.00   15.0000    0.0000   15.0000  267.5187  267.5187  0.000000       0.00000       0.00000         339421.6228    0.000000    -0.00003     0.00000    0.000000000    0.000000104   -0.000000094  259.698700  90134.3212
 786.00   15.0000    0.0000   15.0000  267.6292  267.6292  0.000000       0.00000       0.00000         337470.2434    0.000000    -0.00003     0.00000    0.000000000    0.000000098   -0.000000100  259.688897  89992.1446
 798.00   15.0000    0.0000   15.0000  267.7397  267.7397  0.000000       0.00000       0.00000         333358.6791    0.000000    -0.00003     0.00000    0.000000000    0.000000084   -0.000000113  259.678990  89850.1869
 810.00   15.0000    0.0000   15.0000  267.8476  267.8476  0.000000       0.00000       0.00000         328937.7996    0.000000    -0.00003     0.00000    0.000000000    0.000000070   -0.000000128  259.666566  89708.4471
 822.00   15.0000    0.0000   15.0000  267.9553  267.9553  0.000000       0.00000       0.00000         327121.4783    0.000000    -0.00003     0.00000    0.000000000    0.000000064   -0.000000134  259.653839  89566.9240
 834.00   15.0000    0.0000   15.0000  268.0622  268.0622  0.000000       0.00000       0.00000         325299.2782    0.000000    -0.00003     0.00000    0.000000000    0.000000058   -0.000000140  259.640251  89425.6170
 846.00   15.0000    0.0000   15.0000  268.1687  268.1687  0.000000       0.00000       0.00000         324083.6196    0.000000    -0.00003     0.00000    0.000000000    0.000000053   -0.000000144  259.626355  89284.5255
 858.00   15.0000    0.0000   15.0000  268.2749  268.2749  0.000000       0.00000       0.00000         323001.5613    0.000000    -0.00003     0.00000    0.000000000    0.000000050   -0.000000147  259.611984  89143.6489
 870.00   15.0000    0.0000   15.0000  268.3808  268.3808  0.000000       0.00000       0.00000         322473.7386    0.000000    -0.00003     0.00000    0.000000000    0.000000048   -0.000000149  259.597389  89002.9868
 882.00   15.0000    0.0000   15.0000  268.4867  268.4867  0.000000       0.00000       0.00000         322222.7593    0.000000    -0.00003     0.00000    0.000000000    0.000000047   -0.000000150  259.582670  88862.5387
 894.00   15.0000    0.0000   15.0000  268.5925  268.5925  0.000000       0.00000       0.00000         322268.3401    0.000000    -0.00003     0.00000    0.000000000    0.000000047   -0.000000150  259.567905  88722.3042
 906.00   15.0000    0.0000   15.0000  268.6985  268.6985  0.000000       0.00000       0.00000         322941.5226    0.000000    -0.00003     0.00000    0.000000000    0.000000049   -0.000000148  259.553203  88582.2832
 918.00   15.0000    0.0000   15.0000  268.8049  268.8049  0.000000       0.00000       0.00000         324477.0865    0.000000    -0.00003     0.00000    0.000000000    0.000000054   -0.000000143  259.538854  88442.4753
 930.00   15.0000    0.0000   15.0000  268.9120  268.9120  0.000000       0.00000       0.00000         327334.0183    0.000000    -0.00003     0.00000    0.000000000    0.000000064   -0.000000134  259.525116  88302.8805
 942.00   15.0000    0.0000   15.0000  269.0203  269.0203  0.000000       0.00000       0.00000         333191.1824    0.000000    -0.00003     0.00000    0.000000000    0.000000083   -0.000000115  259.512570  88163.4990
 954.00   15.0000    0.0000   15.0000  269.1313  269.1313  0.000000       0.00000       0.00000         344615.0531    0.000000    -0.00003     0.00000    0.000000000    0.000000121   -0.000000078  259.502543  88024.3314
 966.00   15.0000    0.0000   15.0000  269.2473  269.2473  0.000000       0.00000       0.00000         384996.6013    0.000000    -0.00004     0.00000    0.000000000    0.000000255    0.000000053  259.497243  87885.3794
 978.00   15.0000    0.0000   15.0000  269.3850  269.3850  0.000000       0.00000       0.00000         395118.4691    0.000000    -0.00004     0.00000    0.000000000    0.000000289    0.000000086  259.512852  87746.6496
 990.00   15.0000    0.0000   15.0000  269.5078  269.5078  0.000000       0.00000       0.00000         952070.7692    0.000000    -0.00016     0.00000    0.000000000    0.000002172    0.000001904  259.514004  87608.1431
1002.00   15.0000    0.0000   15.0000  270.0130  270.0130  0.000000       0.00000       0.00000         882537.4688    0.000000    -0.00002     0.00000    0.000000000    0.000001942    0.000001731  259.883258  87469.9537
1014.00   15.0000    0.0000   15.0000  270.0910  270.0910  0.000000       0.00000       0.00000         236005.2723    0.000000    -0.00002     0.00000    0.000000000   -0.000000245   -0.000000444  259.841221  87332.0693
1026.00   15.0000    0.0000   15.0000  270.1690  270.1690  0.000000       0.00000       0.00000         235937.1356    0.000000    -0.00002     0.00000    0.000000000   -0.000000245   -0.000000444  259.799150  87194.3799
1038.00   15.0000    0.0000   15.0000  270.2470  270.2470  0.000000       0.00000       0.00000         235869.0383    0.000000    -0.00003     0.00000    0.000000000   -0.000000245   -0.000000444  259.757046  87056.8853
1050.00   15.0000    0.0000   15.0000  270.3250  270.3250  0.000000       0.00000       0.00000         235800.9803    0.000000    -0.00003     0.00000    0.000000000   -0.000000245   -0.000000443  259.714907  86919.5854
1062.00   15.0000    0.0000   15.0000  270.4030  270.4030  0.000000       0.00000       0.00000         235732.9615    0.000000    -0.00003     0.00000    0.000000000   -0.000000245   -0.000000443  259.672735  86782.4797
1074.00   15.0000    0.0000   15.0000  270.4810  270.4810  0.000000       0.00000       0.00000         235664.9820    0.000000    -0.00003     0.00000    0.000000000   -0.000000245   -0.000000443  259.630530  86645.5680
1086.00   15.0000    0.0000   15.0000  270.5590  270.5590  0.000000       0.00000       0.00000         235597.0417    0.000000    -0.00003     0.00000    0.000000000   -0.000000245   -0.000000442  259.588290  86508.8502
1098.00   15.0000    0.0000   15.0000  270.6370  270.6370  0.000000       0.00000       0.00000         235529.1405    0.000000    -0.00003     0.00000    0.000000000   -0.000000245   -0.000000442  259.546017  86372.3259
1110.00   15.0000    0.0000   15.0000  270.7150  270.7150  0.000000       0.00000       0.00000         235461.2785    0.000000    -0.00003     0.00000    0.000000000   -0.000000245   -0.000000442  259.503709  86235.9948
1122.00   15.0000    0.0000   15.0000  270.7930  270.7930  0.000000       0.00000       0.00000         235393.4555    0.000000    -0.00003     0.00000    0.000000000   -0.000000245   -0.000000441  259.461369  86099.8567
1134.00   15.0000    0.0000   15.0000  270.8710  270.8710  0.000000       0.00000       0.00000         235325.6716    0.000000    -0.00003     0.00000    0.000000000   -0.000000245   -0.000000441  259.418994  85963.9114
1146.00   15.0000    0.0000   15.0000  270.9490  270.9490  0.000000       0.00000       0.00000         235257.9268    0.000000    -0.00003     0.00000    0.000000000   -0.000000245   -0.000000441  259.376586  85828.1586
1158.00   15.0000    0.0000   15.0000  271.0270  271.0270  0.000000       0.00000       0.00000         235190.2209    0.000000    -0.00003     0.00000    0.000000000   -0.000000245   -0.000000440  259.334144  85692.5979
1170.00   15.0000    0.0000   15.0000  271.1050  271.1050  0.000000       0.00000       0.00000         235122.5540    0.000000    -0.00003     0.00000    0.000000000   -0.000000245   -0.000000440  259.291668  85557.2293
1182.00   15.0000    0.0000   15.0000  271.1830  271.1830  0.000000       0.00000       0.00000         235054.9260    0.000000    -0.00003     0.00000    0.000000000   -0.000000245   -0.000000440  259.249158  85422.0524
1194.00   15.0000    0.0000   15.0000  271.2610  271.2610  0.000000       0.00000       0.00000         234987.3369    0.000000    -0.00003     0.00000    0.000000000   -0.000000245   -0.000000439  259.206615  85287.0669
1206.00   15.0000    0.0000   15.0000  271.3390  271.3390  0.000000       0.00000       0.00000         234919.7867    0.000000    -0.00003     0.00000    0.000000000   -0.000000245   -0.000000439  259.164039  85152.2726
1218.00   15.0000    0.0000   15.0000  271.4170  271.4170  0.000000       0.00000       0.00000         234852.2753    0.000000    -0.00003     0.00000    0.000000000   -0.000000245   -0.000000439  259.121428  85017.6692
1230.00   15.0000    0.0000   15.0000  271.4950  271.4950  0.000000       0.00000       0.00000         234784.8027    0.000000    -0.00003     0.00000    0.000000000   -0.000000245   -0.000000438  259.078784  84883.2565
1242.00   15.0000    0.0000   15.0000  271.5730  271.5730  0.000000       0.00000       0.00000         234717.3688    0.000000    -0.00003     0.00000    0.000000000   -0.000000245   -0.000000438  259.036106  84749.0343
1254.00   15.0000    0.0000   15.0000  271.6510  271.6510  0.000000       0.00000       0.00000         234649.9737    0.000000    -0.00003     0.00000    0.000000000   -0.000000245   -0.000000438  258.993395  84615.0022
1266.00   15.0000    0.0000   15.0000  271.7290  271.7290  0.000000       0.00000       0.00000         234582.6172    0.000000    -0.00003     0.00000    0.000000000   -0.000000245   -0.000000437  258.950650  84481.1600
1278.00   15.0000    0.0000   15.0000  271.8070  271.8070  0.000000       0.00000       0.00000         234515.2995    0.000000    -0.00003     0.00000    0.000000000   -0.000000245   -0.000000437  258.907872  84347.5075
1290.00   15.0000    0.0000   15.0000  271.8850  271.8850  0.000000       0.00000       0.00000         234448.0203    0.000000    -0.00003     0.00000    0.000000000   -0.000000245   -0.000000436  258.865059  84214.0444
1302.00   15.0000    0.0000   15.0000  271.9630  271.9630  0.000000       0.00000       0.00000         234380.7797    0.000000    -0.00003     0.00000    0.000000000   -0.000000245   -0.000000436  258.822214  84080.7704
1314.00   15.0000    0.0000   15.0000  272.0410  272.0410  0.000000       0.00000       0.00000         234313.5777    0.000000    -0.00003     0.00000    0.000000000   -0.000000245   -0.000000436  258.779334  83947.6854
1326.00   15.0000    0.0000   15.0000  272.1190  272.1190  0.000000       0.00000       0.00000         234246.4143    0.000000    -0.00003     0.00000    0.000000000   -0.000000245   -0.000000435  258.736421  83814.7889
1338.00   15.0000    0.0000   15.0000  272.1970  272.1970  0.000000       0.00000       0.00000         234179.2893    0.000000    -0.00003     0.00000    0.000000000   -0.000000245   -0.000000435  258.693475  83682.0809
1350.00   15.0000    0.0000   15.0000  272.2750  272.2750  0.000000       0.00000       0.00000         234112.2027    0.000000    -0.00003     0.00000    0.000000000   -0.000000245   -0.000000435  258.650495  83549.5610
1362.00   15.0000    0.0000   15.0000  272.3530  272.3530  0.000000       0.00000       0.00000         234045.1546    0.000000    -0.00003     0.00000    0.000000000   -0.000000245   -0.000000434  258.607481  83417.2289
1374.00   15.0000    0.0000   15.0000  272.4310  272.4310  0.000000       0.00000       0.00000         233978.1449    0.000000    -0.00003     0.00000    0.000000000   -0.000000245   -0.000000434  258.564434  83285.0845
1386.00   15.0000    0.0000   15.0000  272.5090  272.5090  0.000000       0.00000       0.00000         233911.1736    0.000000    -0.00003     0.00000    0.000000000   -0.000000245   -0.000000433  258.521353  83153.1275
1398.00   15.0000    0.0000   15.0000  272.5870  272.5870  0.000000       0.00000       0.00000         233844.2406    0.000000    -0.00003     0.00000    0.000000000   -0.000000245   -0.000000433  258.478239  83021.3576
1410.00   15.0000    0.0000   15.0000  272.6650  272.6650  0.000000       0.00000       0.00000         233777.3458    0.000000    -0.00003     0.00000    0.000000000   -0.000000245   -0.000000433  258.435092  82889.7746
1422.00   15.0000    0.0000   15.0000  272.7430  272.7430  0.000000       0.00000       0.00000         233710.4894    0.000000    -0.00003     0.00000    0.000000000   -0.000000245   -0.000000432  258.391910  82758.3782
1434.00   15.0000    0.0000   15.0000  272.8210  272.8210  0.000000       0.00000       0.00000         233643.6711    0.000000    -0.00003     0.00000    0.000000000   -0.000000245   -0.000000432  258.348696  82627.1682
1446.00   15.0000    0.0000   15.0000  272.8990  272.8990  0.000000       0.00000       0.00000         233576.8911    0.000000    -0.00004     0.00000    0.000000000   -0.000000245   -0.000000432  258.305448  82496.1442
1458.00   15.0000    0.0000   15.0000  272.9770  272.9770  0.000000       0.00000       0.00000         233510.1492    0.000000    -0.00004     0.00000    0.000000000   -0.000000245   -0.000000431  258.262166  82365.3062
1470.00   15.0000    0.0000   15.0000  273.0550  273.0550  0.000000       0.00000       0.00000         233443.4455    0.000000    -0.00004     0.00000    0.000000000   -0.000000245   -0.000000431  258.218851  82234.6538
1482.00   15.0000    0.0000   15.0000  273.1330  273.1330  0.000000       0.00000       0.00000         233376.7798    0.000000    -0.00004     0.00000    0.000000000   -0.000000245   -0.000000430  258.175503  82104.1868
1494.00   15.0000    0.0000   15.0000  273.2110  273.2110  0.000000       0.00000       0.00000         233310.1522    0.000000    -0.00004     0.00000    0.000000000   -0.000000245   -0.000000430  258.132121  81973.9048
1506.00   15.0000    0.0000   15.0000  273.2890  273.2890  0.000000       0.00000       0.00000         233243.5627    0.000000    -0.00004     0.00000    0.000000000   -0.000000245   -0.000000430  258.088705  81843.8078
1518.00   15.0000    0.0000   15.0000  273.3670  273.3670  0.000000       0.00000       0.00000         233177.0111    0.000000    -0.00004     0.00000    0.000000000   -0.000000245   -0.000000429  258.045256  81713.8954
1530.00   15.0000    0.0000   15.0000  273.4450  273.4450  0.000000       0.00000       0.00000         233110.4975    0.000000    -0.00004     0.00000    0.000000000   -0.000000245   -0.000000429  258.001774  81584.1674
1542.00   15.0000    0.0000   15.0000  273.5230  273.5230  0.000000       0.00000       0.00000         233044.0219    0.000000    -0.00004     0.00000    0.000000000   -0.000000245   -0.000000428  257.958259  81454.6235
1554.00   15.0000    0.0000   15.0000  273.6010  273.6010  0.000000       0.00000       0.00000         232977.5841    0.000000    -0.00004     0.00000    0.000000000   -0.000000245   -0.000000428  257.914710  81325.2635
1566.00   15.0000    0.0000   15.0000  273.6790  273.6790  0.000000       0.00000       0.00000         232911.1843    0.000000    -0.00004     0.00000    0.000000000   -0.000000245   -0.000000428  257.871127  81196.0871
1578.00   15.0000    0.0000   15.0000  273.7570  273.7570  0.000000       0.00000       0.00000         232844.8222    0.000000    -0.00004     0.00000    0.000000000   -0.000000245   -0.000000427  257.827512  81067.0941
1590.00   15.0000    0.0000   15.0000  273.8350  273.8350  0.000000       0.00000       0.00000         232778.4980    0.000000    -0.00004     0.00000    0.000000000   -0.000000245   -0.000000427  257.783862  80938.2843
1602.00   15.0000    0.0000   15.0000  273.9130  273.9130  0.000000       0.00000       0.00000         232712.2115    0.000000    -0.00004     0.00000    0.000000000   -0.000000245   -0.000000426  257.740180  80809.6573
1614.00   15.0000    0.0000   15.0000  273.9910  273.9910  0.000000       0.00000       0.00000         232645.9628    0.000000    -0.00004     0.00000    0.000000000   -0.000000245   -0.000000426  257.696464  80681.2131
1626.00   15.0000    0.0000   15.0000  274.0690  274.0690  0.000000       0.00000       0.00000         232579.7518    0.000000    -0.00004     0.00000    0.000000000   -0.000000245   -0.000000426  257.652715  80552.9512
1638.00   15.0000    0.0000   15.0000  274.1470  274.1470  0.000000       0.00000       0.00000         232513.5785    0.000000    -0.00004     0.00000    0.000000000   -0.000000245   -0.000000425  257.608933  80424.8715
1650.00   15.0000    0.0000   15.0000  274.2250  274.2250  0.000000       0.00000       0.00000         232447.4428    0.000000    -0.00004     0.00000    0.000000000   -0.000000245   -0.000000425  257.565117  80296.9737
1662.00   15.0000    0.0000   15.0000  274.3030  274.3030  0.000000       0.00000       0.00000         232381.3447    0.000000    -0.00004     0.00000    0.000000000   -0.000000245   -0.000000424  257.521268  80169.2576
1674.00   15.0000    0.0000   15.0000  274.3810  274.3810  0.000000       0.00000       0.00000         232315.2842    0.000000    -0.00004     0.00000    0.000000000   -0.000000245   -0.000000424  257.477385  80041.7229
1686.00   15.0000    0.0000   15.0000  274.4590  274.4590  0.000000       0.00000       0.00000         232249.2613    0.000000    -0.00004     0.00000    0.000000000   -0.000000245   -0.000000424  257.433470  79914.3695
1698.00   15.0000    0.0000   15.0000  274.5370  274.5370  0.000000       0.00000       0.00000         232183.2758    0.000000    -0.00004     0.00000    0.000000000   -0.000000245   -0.000000423  257.389521  79787.1969
1710.00   15.0000    0.0000   15.0000  274.6150  274.6150  0.000000       0.00000       0.00000         232117.3279    0.000000    -0.00004     0.00000    0.000000000   -0.000000245   -0.000000423  257.345538  79660.2051
1722.00   15.0000    0.0000   15.0000  274.6930  274.6930  0.000000       0.00000       0.00000         232051.4174    0.000000    -0.00004     0.00000    0.000000000   -0.000000245   -0.000000422  257.301523  79533.3937
1734.00   15.0000    0.0000   15.0000  274.7710  274.7710  0.000000       0.00000       0.00000         231985.5443    0.000000    -0.00004     0.00000    0.000000000   -0.000000245   -0.000000422  257.257474  79406.7626
1746.00   15.0000    0.0000   15.0000  274.8490  274.8490  0.000000       0.00000       0.00000         231919.7086    0.000000    -0.00004     0.00000    0.000000000   -0.000000245   -0.000000422  257.213392  79280.3114
1758.00   15.0000    0.0000   15.0000  274.9270  274.9270  0.000000       0.00000       0.00000         231853.9103    0.000000    -0.00004     0.00000    0.000000000   -0.000000245   -0.000000421  257.169277  79154.0400
1770.00   15.0000    0.0000   15.0000  275.0050  275.0050  0.000000       0.00000       0.00000         231788.1493    0.000000    -0.00004     0.00000    0.000000000   -0.000000245   -0.000000421  257.125129  79027.9481
1782.00   15.0000    0.0000   15.0000  275.0830  275.0830  0.000000       0.00000       0.00000         231722.4256    0.000000    -0.00004     0.00000    0.000000000   -0.000000244   -0.000000420  257.080947  78902.0354
1794.00   15.0000    0.0000   15.0000  275.1610  275.1610  0.000000       0.00000       0.00000         231656.7391    0.000000    -0.00004     0.00000    0.000000000   -0.000000244   -0.000000420  257.036732  78776.3017
1806.00   15.0000    0.0000   15.0000  275.2390  275.2390  0.000000       0.00000       0.00000         231591.0899    0.000000    -0.00004     0.00000    0.000000000   -0.000000244   -0.000000419  256.992484  78650.7468
1818.00   15.0000    0.0000   15.0000  275.3170  275.3170  0.000000       0.00000       0.00000         231525.4779    0.000000    -0.00004     0.00000    0.000000000   -0.000000244   -0.000000419  256.948203  78525.3705
1830.00   15.0000    0.0000   15.0000  275.3950  275.3950  0.000000       0.00000       0.00000         231459.9030    0.000000    -0.00004     0.00000    0.000000000   -0.000000244   -0.000000419  256.903889  78400.1724
1842.00   15.0000    0.0000   15.0000  275.4730  275.4730  0.000000       0.00000       0.00000         231394.3653    0.000000    -0.00004     0.00000    0.000000000   -0.000000244   -0.000000418  256.859541  78275.1524
1854.00   15.0000    0.0000   15.0000  275.5510  275.5510  0.000000       0.00000       0.00000         231328.8647    0.000000    -0.00005     0.00000    0.000000000   -0.000000244   -0.000000418  256.815160  78150.3102
1866.00   15.0000    0.0000   15.0000  275.6290  275.6290  0.000000       0.00000       0.00000         231263.4012    0.000000    -0.00005     0.00000    0.000000000   -0.000000244   -0.000000417  256.770746  78025.6456
1878.00   15.0000    0.0000   15.0000  275.7070  275.7070  0.000000       0.00000       0.00000         231197.9747    0.000000    -0.00005     0.00000    0.000000000   -0.000000244   -0.000000417  256.726299  77901.1584
1890.00   15.0000    0.0000   15.0000  275.7850  275.7850  0.000000       0.00000       0.00000         231132.5852    0.000000    -0.00005     0.00000    0.000000000   -0.000000244   -0.000000416  256.681819  77776.8482
1902.00   15.0000    0.0000   15.0000  275.8630  275.8630  0.000000       0.00000       0.00000         231067.2326    0.000000    -0.00005     0.00000    0.000000000   -0.000000244   -0.000000416  256.637306  77652.7150
1914.00   15.0000    0.0000   15.0000  275.9410  275.9410  0.000000       0.00000       0.00000         231001.9171    0.000000    -0.00005     0.00000    0.000000000   -0.000000244   -0.000000415  256.592760  77528.7583
1926.00   15.0000    0.0000   15.0000  276.0190  276.0190  0.000000       0.00000       0.00000         230936.6384    0.000000    -0.00005     0.00000    0.000000000   -0.000000244   -0.000000415  256.548180  77404.9780
1938.00   15.0000    0.0000   15.0000  276.0970  276.0970  0.000000       0.00000       0.00000         230871.3966    0.000000    -0.00005     0.00000    0.000000000   -0.000000244   -0.000000415  256.503568  77281.3739
1950.00   15.0000    0.0000   15.0000  276.1750  276.1750  0.000000       0.00000       0.00000         230806.1917    0.000000    -0.00005     0.00000    0.000000000   -0.000000244   -0.000000414  256.458922  77157.9457
1962.00   15.0000    0.0000   15.0000  276.2530  276.2530  0.000000       0.00000       0.00000         230741.0236    0.000000    -0.00005     0.00000    0.000000000   -0.000000243   -0.000000414  256.414244  77034.6932
1974.00   15.0000    0.0000   15.0000  276.3310  276.3310  0.000000       0.00000       0.00000         230675.8923    0.000000    -0.00005     0.00000    0.000000000   -0.000000243   -0.000000413  256.369532  76911.6162
1986.00   15.0000    0.0000   15.0000  276.4090  276.4090  0.000000       0.00000       0.00000         230610.7978    0.000000    -0.00005     0.00000    0.000000000   -0.000000243   -0.000000413  256.324787  76788.7144
1998.00   15.0000    0.0000   15.0000  276.4870  276.4870  0.000000       0.00000       0.00000         230545.7399    0.000000    -0.00005     0.00000    0.000000000   -0.000000243   -0.000000412  256.280009  76665.9875
2010.00   15.0000    0.0000   15.0000  276.5650  276.5650  0.000000       0.00000       0.00000         230480.7188    0.000000    -0.00005     0.00000    0.000000000   -0.000000243   -0.000000412  256.235198  76543.4354
2022.00   15.0000    0.0000   15.0000  276.6430  276.6430  0.000000       0.00000       0.00000         230415.7344    0.000000    -0.00005     0.00000    0.000000000   -0.000000243   -0.000000411  256.190354  76421.0578
2034.00   15.0000    0.0000   15.0000  276.7210  276.7210  0.000000       0.00000       0.00000         230350.7865    0.000000    -0.00005     0.00000    0.000000000   -0.000000243   -0.000000411  256.145478  76298.8545
2046.00   15.0000    0.0000   15.0000  276.7990  276.7990  0.000000       0.00000       0.00000         230285.8753    0.000000    -0.00005     0.00000    0.000000000   -0.000000243   -0.000000411  256.100568  76176.8252
2058.00   15.0000    0.0000   15.0000  276.8770  276.8770  0.000000       0.00000       0.00000         230221.0007    0.000000    -0.00005     0.00000    0.000000000   -0.000000243   -0.000000410  256.055625  76054.9697
2070.00   15.0000    0.0000   15.0000  276.9550  276.9550  0.000000       0.00000       0.00000         230156.1626    0.000000    -0.00005     0.00000    0.000000000   -0.000000243   -0.000000410  256.010649  75933.2878
2082.00   15.0000    0.0000   15.0000  277.0330  277.0330  0.000000       0.00000       0.00000         230091.3610    0.000000    -0.00005     0.00000    0.000000000   -0.000000243   -0.000000409  255.965640  75811.7793
2094.00   15.0000    0.0000   15.0000  277.1110  277.1110  0.000000       0.00000       0.00000         230026.5958    0.000000    -0.00005     0.00000    0.000000000   -0.000000243   -0.000000409  255.920598  75690.4439
2106.00   15.0000    0.0000   15.0000  277.1890  277.1890  0.000000       0.00000       0.00000         229961.8672    0.000000    -0.00005     0.00000    0.000000000   -0.000000242   -0.000000408  255.875523  75569.2813
2118.00   15.0000    0.0000   15.0000  277.2670  277.2670  0.000000       0.00000       0.00000         229897.1749    0.000000    -0.00005     0.00000    0.000000000   -0.000000242   -0.000000408  255.830416  75448.2914
2130.00   15.0000    0.0000   15.0000  277.3450  277.3450  0.000000       0.00000       0.00000         229832.5191    0.000000    -0.00005     0.00000    0.000000000   -0.000000242   -0.000000407  255.785275  75327.4740
2142.00   15.0000    0.0000   15.0000  277.4230  277.4230  0.000000       0.00000       0.00000         229767.8996    0.000000    -0.00005     0.00000    0.000000000   -0.000000242   -0.000000407  255.740101  75206.8287
2154.00   15.0000    0.0000   15.0000  277.5010  277.5010  0.000000       0.00000       0.00000         229703.3164    0.000000    -0.00005     0.00000    0.000000000   -0.000000242   -0.000000406  255.694895  75086.3553
2166.00   15.0000    0.0000   15.0000  277.5790  277.5790  0.000000       0.00000       0.00000         229638.7695    0.000000    -0.00005     0.00000    0.000000000   -0.000000242   -0.000000406  255.649655  74966.0537
2178.00   15.0000    0.0000   15.0000  277.6570  277.6570  0.000000       0.00000       0.00000         229574.2589    0.000000    -0.00005     0.00000    0.000000000   -0.000000242   -0.000000405  255.604383  74845.9236
2190.00   15.0000    0.0000   15.0000  277.7350  277.7350  0.000000       0.00000       0.00000         229509.7845    0.000000    -0.00005     0.00000    0.000000000   -0.000000242   -0.000000405  255.559078  74725.9648
2202.00   15.0000    0.0000   15.0000  277.8130  277.8130  0.000000       0.00000       0.00000         229445.3463    0.000000    -0.00005     0.00000    0.000000000   -0.000000242   -0.000000404  255.513740  74606.1770
2214.00   15.0000    0.0000   15.0000  277.8910  277.8910  0.000000       0.00000       0.00000         229380.9443    0.000000    -0.00005     0.00000    0.000000000   -0.000000242   -0.000000404  255.468369  74486.5600
2226.00   15.0000    0.0000   15.0000  277.9690  277.9690  0.000000       0.00000       0.00000         229316.5785    0.000000    -0.00005     0.00000    0.000000000   -0.000000241   -0.000000404  255.422965  74367.1136
2238.00   15.0000    0.0000   15.0000  278.0470  278.0470  0.000000       0.00000       0.00000         229252.2487    0.000000    -0.00005     0.00000    0.000000000   -0.000000241   -0.000000403  255.377528  74247.8375
2250.00   15.0000    0.0000   15.0000  278.1250  278.1250  0.000000       0.00000       0.00000         229187.9551    0.000000    -0.00005     0.00000    0.000000000   -0.000000241   -0.000000403  255.332058  74128.7316
2262.00   15.0000    0.0000   15.0000  278.2030  278.2030  0.000000       0.00000       0.00000         229123.6974    0.000000    -0.00006     0.00000    0.000000000   -0.000000241   -0.000000402  255.286556  74009.7956
2274.00   15.0000    0.0000   15.0000  278.2810  278.2810  0.000000       0.00000       0.00000         229059.4759    0.000000    -0.00006     0.00000    0.000000000   -0.000000241   -0.000000402  255.241021  73891.0292
2286.00   15.0000    0.0000   15.0000  278.3590  278.3590  0.000000       0.00000       0.00000         228995.2903    0.000000    -0.00006     0.00000    0.000000000   -0.000000241   -0.000000401  255.195453  73772.4323
2298.00   15.0000    0.0000   15.0000  278.4370  278.4370  0.000000       0.00000       0.00000         228931.1406    0.000000    -0.00006     0.00000    0.000000000   -0.000000241   -0.000000401  255.149852  73654.0046
2310.00   15.0000    0.0000   15.0000  278.5150  278.5150  0.000000       0.00000       0.00000         228867.0269    0.000000    -0.00006     0.00000    0.000000000   -0.000000241   -0.000000400  255.104218  73535.7459
2322.00   15.0000    0.0000   15.0000  278.5930  278.5930  0.000000       0.00000       0.00000         228802.9491    0.000000    -0.00006     0.00000    0.000000000   -0.000000241   -0.000000400  255.058552  73417.6559
2334.00   15.0000    0.0000   15.0000  278.6710  278.6710  0.000000       0.00000       0.00000         228738.9072    0.000000    -0.00006     0.00000    0.000000000   -0.000000240   -0.000000399  255.012852  73299.7345
2346.00   15.0000    0.0000   15.0000  278.7490  278.7490  0.000000       0.00000       0.00000         228674.9011    0.000000    -0.00006     0.00000    0.000000000   -0.000000240   -0.000000399  254.967120  73181.9814
2358.00   15.0000    0.0000   15.0000  278.8270  278.8270  0.000000       0.00000       0.00000         228610.9308    0.000000    -0.00006     0.00000    0.000000000   -0.000000240   -0.000000398  254.921356  73064.3964
2370.00   15.0000    0.0000   15.0000  278.9050  278.9050  0.000000       0.00000       0.00000         228546.9963    0.000000    -0.00006     0.00000    0.000000000   -0.000000240   -0.000000398  254.875558  72946.9792
2382.00   15.0000    0.0000   15.0000  278.9830  278.9830  0.000000       0.00000       0.00000              0.0000    0.000000    -0.00006     0.00000    0.000000000    0.000000000    0.000000000  254.829728  72829.7297
2394.00   15.0000    0.0000   15.0000  279.0610  279.0610  0.000000       0.00000       0.00000              0.0000    0.000000     0.00000     0.00000    0.000000000    0.000000000    0.000000000  254.783865  72712.6476
