       1.0      0.000    1.996    0.000    1.996 0.0225    37.89  -0.00172   0.00000000     -2.35      0.00       0.00       256.82    0.000       0.0      0.00  0.000000  0.000000      0.00  0.000000  0.000000    252.49          0.431   0.05349    255.76   -69.587
       2.0      0.000    1.994    0.000    1.994 0.0208    37.89  -0.00164   0.00000000     -2.23      0.00       0.00       256.82    0.000       0.0      0.00  0.000000  0.000000      0.00  0.000000  0.000000    252.17          0.354   0.05345    255.70   -69.587
       3.0      0.000    1.991    0.000    1.991 0.0193    37.89  -0.00157   0.00000000     -2.14      0.00       0.00       256.81    0.000       0.0      0.00  0.000000  0.000000      0.00  0.000000  0.000000    251.87          0.298   0.05341    255.64   -69.587
       4.0      0.000    1.989    0.000    1.989 0.0181    37.89  -0.00151   0.00000000     -2.06      0.00       0.00       256.81    0.000       0.0      0.00  0.000000  0.000000      0.00  0.000000  0.000000    251.59          0.254   0.05338    255.58   -69.587
       5.0      0.000    1.988    0.000    1.988 0.0171    37.89  -0.00146   0.00000000     -1.99      0.00       0.00       256.81    0.000       0.0      0.00  0.000000  0.000000      0.00  0.000000  0.000000    251.31          0.221   0.05335    255.54   -69.587
       6.0      0.000    1.987    0.000    1.987 0.0162    37.89  -0.00142   0.00000000     -1.93      0.00       0.00       256.81    0.000       0.0      0.00  0.000000  0.000000      0.00  0.000000  0.000000    251.05          0.194   0.05333    255.49   -69.587
       7.0      0.000    1.985    0.000    1.985 0.0185    37.89  -0.00152   0.00000000     -2.07      0.00       0.00       256.81    0.000       0.0      0.00  0.000000  0.000000      0.00  0.000000  0.000000    251.72          0.270   0.05333    255.61   -51.028
       8.0      0.000    1.984    0.001    1.984 0.0179    37.89  -0.00149   0.00000000     -2.03      0.00       0.00       256.80    0.000       0.0      0.00  0.000000  0.000000      0.00  0.000000  0.000000    251.56          0.249   0.05334    255.57   -51.028
       9.0      0.000    1.982    0.001    1.982 0.0173    37.89  -0.00146   0.00000000     -1.99      0.00       0.00       256.79    0.000       0.0      0.00  0.000000  0.000000      0.00  0.000000  0.000000    251.41          0.231   0.05335    255.54   -51.028
      10.0      0.000    1.981    0.001    1.981 0.0168    37.89  -0.00144   0.00000000     -1.96      0.00       0.00       256.78    0.000       0.0      0.00  0.000000  0.000000      0.00  0.000000  0.000000    251.26          0.214   0.05336    255.50   -51.028
      11.0      0.000    1.980    0.001    1.980 0.0164    37.89  -0.00141   0.00000000     -1.93      0.00       0.00       256.77    0.000       0.0      0.00  0.000000  0.000000      0.00  0.000000  0.000000    251.12          0.200   0.05337    255.47   -51.028
      12.0      0.000    1.979    0.001    1.979 0.0159    37.89  -0.00139   0.00000000     -1.90      0.00       0.00       256.77    0.000       0.0      0.00  0.000000  0.000000      0.00  0.000000  0.000000    250.98          0.188   0.05339    255.44   -51.028
      13.0      0.000    1.978    0.001    1.978 0.0155    37.89  -0.00137   0.00000000     -1.87      0.00       0.00       256.76    0.000       0.0      0.00  0.000000  0.000000      0.00  0.000000  0.000000    250.84          0.176   0.05341    255.42   -51.028
      14.0      0.000    1.978    0.001    1.978 0.0152    37.89  -0.00136   0.00000000     -1.85      0.00       0.00       256.75    0.000       0.0      0.00  0.000000  0.000000      0.00  0.000000  0.000000    250.72          0.167   0.05342    255.39   -50.815
      15.0      0.000    1.977    0.001    1.977 0.0148    37.89  -0.00134   0.00000000     -1.83      0.00       0.00       256.75    0.000       0.0      0.00  0.000000  0.000000      0.00  0.000000  0.000000    250.59          0.158   0.05344    255.36   -50.815
      16.0      0.000    1.976    0.002    1.976 0.0145    37.89  -0.00132   0.00000000     -1.80      0.00       0.00       256.74    0.000       0.0      0.00  0.000000  0.000000      0.00  0.000000  0.000000    250.46          0.149   0.05345    255.34   -50.815
      17.0      0.000    1.976    0.002    1.976 0.0142    37.89  -0.00131   0.00000000     -1.78      0.00       0.00       256.73    0.000       0.0      0.00  0.000000  0.000000      0.00  0.000000  0.000000    250.33          0.142   0.05347    255.31   -50.815
      18.0      0.000    1.975    0.002    1.975 0.0139    37.89  -0.00130   0.00000000     -1.77      0.00       0.00       256.73    0.000       0.0      0.00  0.000000  0.000000      0.00  0.000000  0.000000    250.21          0.135   0.05349    255.29   -50.815
      19.0      0.000    1.975    0.002    1.975 0.0137    37.89  -0.00128   0.00000000     -1.75      0.00       0.00       256.72    0.000       0.0      0.00  0.000000  0.000000      0.00  0.000000  0.000000    250.09          0.129   0.05350    255.26   -50.815
      20.0      0.000    1.974    0.002    1.974 0.0134    37.89  -0.00127   0.00000000     -1.73      0.00       0.00       256.71    0.000       0.0      0.00  0.000000  0.000000      0.00  0.000000  0.000000    249.97          0.123   0.05352    255.24   -48.068
      21.0      0.000    1.973    0.002    1.973 0.0135    37.89  -0.00127   0.00000000     -1.73      0.00       0.00       256.71    0.000       0.0      0.00  0.000000  0.000000      0.00  0.000000  0.000000    250.00          0.124   0.05354    255.24   -48.068
      22.0      0.000    1.973    0.003    1.973 0.0133    37.89  -0.00126   0.00000000     -1.72      0.00       0.00       256.70    0.000       0.0      0.00  0.000000  0.000000      0.00  0.000000  0.000000    249.89          0.120   0.05356    255.22   -48.068
      23.0      0.000    1.972    0.003    1.972 0.0131    37.89  -0.00125   0.00000000     -1.71      0.00       0.00       256.69    0.000       0.0      0.00  0.000000  0.000000      0.00  0.000000  0.000000    249.79          0.115   0.05358    255.20   -48.068
      24.0      0.000    1.971    0.003    1.971 0.0129    37.89  -0.00124   0.00000000     -1.69      0.00       0.00       256.68    0.000       0.0      0.00  0.000000  0.000000      0.00  0.000000  0.000000    249.69          0.111   0.05360    255.17   -48.068
      25.0      0.000    1.971    0.003    1.971 0.0127    37.89  -0.00123   0.00000000     -1.68      0.00       0.00       256.68    0.000       0.0      0.00  0.000000  0.000000      0.00  0.000000  0.000000    249.60          0.107   0.05362    255.15   -48.068
      26.0      0.000    1.970    0.003    1.970 0.0125    37.89  -0.00122   0.00000000     -1.67      0.00       0.00       256.67    0.000       0.0      0.00  0.000000  0.000000      0.00  0.000000  0.000000    249.50          0.103   0.05364    255.13   -48.068
      27.0      0.000    1.970    0.004    1.970 0.0125    37.89  -0.00122   0.00000000     -1.67      0.00       0.00       256.66    0.000       0.0      0.00  0.000000  0.000000      0.00  0.000000  0.000000    249.49          0.103   0.05366    255.13   -46.338
      28.0      0.000    1.969    0.004    1.969 0.0123    37.89  -0.00121   0.00000000     -1.66      0.00       0.00       256.65    0.000       0.0      0.00  0.000000  0.000000      0.00  0.000000  0.000000    249.40          0.100   0.05369    255.11   -46.338
      29.0      0.000    1.968    0.004    1.968 0.0122    37.89  -0.00121   0.00000000     -1.65      0.00       0.00       256.64    0.000       0.0      0.00  0.000000  0.000000      0.00  0.000000  0.000000    249.31          0.097   0.05371    255.09   -46.338
      30.0      0.000    1.968    0.004    1.968 0.0121    37.89  -0.00120   0.00000000     -1.64      0.00       0.00       256.64    0.000       0.0      0.00  0.000000  0.000000      0.00  0.000000  0.000000    249.23          0.094   0.05373    255.07   -46.338
      31.0      0.000    1.967    0.005    1.967 0.0119    37.89  -0.00119   0.00000000     -1.63      0.00       0.00       256.63    0.000       0.0      0.00  0.000000  0.000000      0.00  0.000000  0.000000    249.15          0.091   0.05375    255.05   -46.338
      32.0      0.000    1.966    0.005    1.966 0.0118    37.89  -0.00119   0.00000000     -1.62      0.00       0.00       256.62    0.000       0.0      0.00  0.000000  0.000000      0.00  0.000000  0.000000    249.06          0.089   0.05377    255.03   -46.338
      33.0      0.000    1.966    0.005    1.966 0.0116    37.89  -0.00118   0.00000000     -1.61      0.00       0.00       256.61    0.000       0.0      0.00  0.000000  0.000000      0.00  0.000000  0.000000    248.98          0.086   0.05380    255.01   -46.338
      34.0      0.000    1.965    0.006    1.965 0.0116    37.89  -0.00118   0.00000000     -1.61      0.00       0.00       256.61    0.000       0.0      0.00  0.000000  0.000000      0.00  0.000000  0.000000    248.98          0.086   0.05382    255.01   -44.797
      35.0      0.000    1.965    0.006    1.965 0.0115    37.89  -0.00117   0.00000000     -1.60      0.00       0.00       256.60    0.000       0.0      0.00  0.000000  0.000000      0.00  0.000000  0.000000    248.90          0.084   0.05384    254.99   -44.797
      36.0      0.000    1.964    0.006    1.964 0.0114    37.89  -0.00117   0.00000000     -1.59      0.00       0.00       256.59    0.000       0.0      0.00  0.000000  0.000000      0.00  0.000000  0.000000    248.83          0.082   0.05387    254.97   -44.797
      37.0      0.000    1.963    0.006    1.963 0.0113    37.89  -0.00116   0.00000000     -1.58      0.00       0.00       256.58    0.000       0.0      0.00  0.000000  0.000000      0.00  0.000000  0.000000    248.75          0.080   0.05389    254.96   -44.797
      38.0      0.000    1.963    0.007    1.963 0.0112    37.89  -0.00115   0.00000000     -1.57      0.00       0.00       256.57    0.000       0.0      0.00  0.000000  0.000000      0.00  0.000000  0.000000    248.68          0.079   0.05391    254.94   -44.797
      39.0      0.000    1.962    0.007    1.962 0.0111    37.89  -0.00115   0.00000000     -1.57      0.00       0.00       256.56    0.000       0.0      0.00  0.000000  0.000000      0.00  0.000000  0.000000    248.61          0.077   0.05394    254.92   -44.797
      40.0      0.000    1.962    0.007    1.962 0.0110    37.89  -0.00114   0.00000000     -1.56      0.00       0.00       256.56    0.000       0.0      0.00  0.000000  0.000000      0.00  0.000000  0.000000    248.54          0.075   0.05396    254.90   -43.491
      41.0      0.000    1.961    0.008    1.961 0.0110    37.89  -0.00114   0.00000000     -1.56      0.00       0.00       256.55    0.000       0.0      0.00  0.000000  0.000000      0.00  0.000000  0.000000    248.53          0.075   0.05399    254.90   -43.491
      42.0      0.000    1.960    0.008    1.960 0.0109    37.89  -0.00114   0.00000000     -1.55      0.00       0.00       256.54    0.000       0.0      0.00  0.000000  0.000000      0.00  0.000000  0.000000    248.47          0.074   0.05401    254.88   -43.491
      43.0      0.000    1.960    0.008    1.960 0.0108    37.89  -0.00113   0.00000000     -1.54      0.00       0.00       256.53    0.000       0.0      0.00  0.000000  0.000000      0.00  0.000000  0.000000    248.40          0.072   0.05404    254.87   -43.491
      44.0      0.000    1.959    0.009    1.959 0.0107    37.89  -0.00113   0.00000000     -1.54      0.00       0.00       256.52    0.000       0.0      0.00  0.000000  0.000000      0.00  0.000000  0.000000    248.34          0.071   0.05406    254.85   -43.491
      45.0      0.000    1.959    0.009    1.959 0.0107    37.89  -0.00112   0.00000000     -1.53      0.00       0.00       256.51    0.000       0.0      0.00  0.000000  0.000000      0.00  0.000000  0.000000    248.27          0.069   0.05409    254.83   -43.491
      46.0      0.000    1.958    0.009    1.958 0.0106    37.89  -0.00112   0.00000000     -1.53      0.00       0.00       256.50    0.000       0.0      0.00  0.000000  0.000000      0.00  0.000000  0.000000    248.21          0.068   0.05411    254.82   -43.491
      47.0      0.000    1.958    0.010    1.958 0.0106    37.89  -0.00112   0.00000000     -1.52      0.00       0.00       256.50    0.000       0.0      0.00  0.000000  0.000000      0.00  0.000000  0.000000    248.20          0.068   0.05414    254.81   -42.347
      48.0      0.000    1.957    0.010    1.957 0.0105    37.89  -0.00111   0.00000000     -1.52      0.00       0.00       256.49    0.000       0.0      0.00  0.000000  0.000000      0.00  0.000000  0.000000    248.14          0.067   0.05417    254.79   -42.347
      49.0      0.000    1.957    0.010    1.957 0.0104    37.89  -0.00111   0.00000000     -1.51      0.00       0.00       256.48    0.000       0.0      0.00  0.000000  0.000000      0.00  0.000000  0.000000    248.08          0.066   0.05419    254.78   -42.347
      50.0      0.000    1.956    0.011    1.956 0.0104    24.00  -0.00111   0.00000000     -1.51      0.00       0.00       256.47    0.000       0.0      0.00  0.000000  0.000000      0.00  0.000000  0.000000    248.03          0.064   0.05422    254.76   -42.347
      51.0      0.000    1.955    0.011    1.956 0.0103    24.00  -0.00110   0.00000000     -1.50      0.00       0.00       256.46    0.000       0.0      0.00  0.000000  0.000000      0.00  0.000000  0.000000    247.97          0.063   0.05425    254.75   -42.347
      52.0      0.000    1.955    0.011    1.955 0.0102    24.00  -0.00110   0.00000000     -1.50      0.00       0.00       256.45    0.000       0.0      0.00  0.000000  0.000000      0.00  0.000000  0.000000    247.91          0.062   0.05427    254.73   -42.347
      53.0      0.000    1.954    0.012    1.954 0.0101    24.00  -0.00109   0.00000000     -1.49      0.00       0.00       256.44    0.000       0.0      0.00  0.000000  0.000000      0.00  0.000000  0.000000    247.85          0.061   0.05430    254.72   -42.347
      54.0      0.000    1.954    0.012    1.954 0.0101    24.00  -0.00109   0.00000000     -1.49      0.00       0.00       256.44    0.000       0.0      0.00  0.000000  0.000000      0.00  0.000000  0.000000    247.85          0.061   0.05433    254.71   -41.333
      55.0      0.000    1.953    0.013    1.953 0.0101    24.00  -0.00109   0.00000000     -1.49      0.00       0.00       256.43    0.000       0.0      0.00  0.000000  0.000000      0.00  0.000000  0.000000    247.79          0.060   0.05435    254.70   -41.333
      56.0      0.000    1.953    0.013    1.953 0.0100    24.00  -0.00109   0.00000000     -1.48      0.00       0.00       256.42    0.000       0.0      0.00  0.000000  0.000000      0.00  0.000000  0.000000    247.74          0.060   0.05438    254.68   -41.333
      57.0      0.000    1.952    0.013    1.952 0.0100    24.00  -0.00108   0.00000000     -1.48      0.00       0.00       256.41    0.000       0.0      0.00  0.000000  0.000000      0.00  0.000000  0.000000    247.69          0.059   0.05441    254.67   -41.333
